   1.1291300e+02   2.0000381e-02
   1.2278900e+02   0.0000000e+00
   1.3352900e+02   0.0000000e+00
   1.4520700e+02   1.0000488e-02
   1.5790800e+02   0.0000000e+00
   1.7171900e+02   0.0000000e+00
   1.8673800e+02   1.0000108e-02
   2.0307100e+02   2.9999395e-02
   2.2083200e+02   1.0000090e-02
   2.4014700e+02   0.0000000e+00
   2.6115100e+02   3.0000911e-02
   2.8399300e+02   3.9999980e-02
   3.0883200e+02   9.9997963e-03
   3.3584300e+02   2.9999960e-02
   3.6521700e+02   1.0000229e-02
   3.9716100e+02   4.0000003e-02
   4.3189800e+02   3.9999570e-02
   4.6967300e+02   0.0000000e+00
   5.1075200e+02   4.0000651e-02
   5.5542500e+02   2.9999670e-02
   6.0400400e+02   2.0000214e-02
   6.5683300e+02   2.0000008e-02
   7.1428200e+02   3.9999525e-02
   7.7675500e+02   9.9999980e-03
   8.4469300e+02   4.0000036e-02
   9.1857300e+02   1.0000008e-02
   9.9891500e+02   1.9999159e-02
   1.0862800e+03   9.9999925e-03
   1.1812900e+03   3.9999821e-02
   1.2846100e+03   1.0000253e-02
   1.3969700e+03   1.0000469e-02
   1.5191600e+03   2.9999787e-02
   1.6520300e+03   3.9999311e-02
   1.7965200e+03   2.9999888e-02
   1.9536500e+03   9.9997908e-03
   2.1245200e+03   1.0000071e-02
   2.3103400e+03   1.9999898e-02
   2.5124100e+03   1.0000229e-02
   2.7321600e+03   2.9999516e-02
   2.9711200e+03   3.0000432e-02
   3.2309900e+03   0.0000000e+00
   3.5135800e+03   3.9999777e-02
   3.8208900e+03   1.0000001e-02
   4.1550800e+03   0.0000000e+00
   4.5185000e+03   0.0000000e+00
   4.9137100e+03   1.9999949e-02
   5.3434800e+03   0.0000000e+00
   5.8108400e+03   9.9998318e-03
   6.3190700e+03   3.0000013e-02
   6.8717600e+03   0.0000000e+00
   7.4727900e+03   0.0000000e+00
   8.1263900e+03   0.0000000e+00
   8.8371600e+03   0.0000000e+00
   9.6100900e+03   9.9997156e-03
   1.0450600e+04   0.0000000e+00
   1.1364700e+04   0.0000000e+00
   1.2358700e+04   9.9996761e-03
   1.3439600e+04   0.0000000e+00
   1.4615100e+04   1.0000090e-02
   1.5893400e+04   0.0000000e+00
   1.7283500e+04   0.0000000e+00
   1.8795100e+04   0.0000000e+00
   2.0439000e+04   1.0000144e-02
   2.2226700e+04   0.0000000e+00
   2.4170700e+04   0.0000000e+00
   2.6284800e+04   0.0000000e+00
   2.8583800e+04   9.9998250e-03
   3.1083800e+04   9.9999767e-03
   3.3802500e+04   0.0000000e+00
   3.6759000e+04   0.0000000e+00
   3.9974100e+04   0.0000000e+00
   4.3470400e+04   0.0000000e+00
   4.7272400e+04   0.0000000e+00
   5.1407000e+04   0.0000000e+00
   5.5903300e+04   0.0000000e+00
   6.0792800e+04   0.0000000e+00
   6.6110000e+04   9.9999680e-03
   7.1892200e+04   1.0000058e-02
   7.8180200e+04   0.0000000e+00
   8.5018100e+04   0.0000000e+00
   9.2454100e+04   0.0000000e+00
   1.0054000e+05   0.0000000e+00
   1.0933400e+05   0.0000000e+00
   1.1889700e+05   0.0000000e+00
   1.2929600e+05   0.0000000e+00
   1.4060500e+05   0.0000000e+00
   1.5290300e+05   0.0000000e+00
   1.6627600e+05   0.0000000e+00
   1.8081900e+05   0.0000000e+00
   1.9663400e+05   0.0000000e+00
   2.1383300e+05   0.0000000e+00
   2.3253500e+05   0.0000000e+00
   2.5287300e+05   0.0000000e+00
   2.7499100e+05   9.9997083e-03
   2.9904200e+05   0.0000000e+00
   3.2519800e+05   0.0000000e+00
   3.5364100e+05   0.0000000e+00
   3.8457200e+05   0.0000000e+00
   4.1820800e+05   0.0000000e+00
