   9.9223200e+01   9.9996661e-03
   1.0671600e+02   0.0000000e+00
   1.1477500e+02   1.0000618e-02
   1.2344300e+02   9.9999891e-03
   1.3276500e+02   0.0000000e+00
   1.4279100e+02   9.9998954e-03
   1.5357400e+02   2.9998888e-02
   1.6517100e+02   1.9999582e-02
   1.7764400e+02   0.0000000e+00
   1.9105900e+02   0.0000000e+00
   2.0548800e+02   1.0000125e-02
   2.2100600e+02   2.9998811e-02
   2.3769500e+02   1.9999890e-02
   2.5564500e+02   6.0001310e-02
   2.7495100e+02   1.9999565e-02
   2.9571400e+02   3.0000809e-02
   3.1804600e+02   2.0000125e-02
   3.4206400e+02   2.9999348e-02
   3.6789500e+02   2.9999559e-02
   3.9567700e+02   2.0000429e-02
   4.2555800e+02   3.0000147e-02
   4.5769500e+02   9.9998017e-03
   4.9225800e+02   2.0000058e-02
   5.2943200e+02   1.9999936e-02
   5.6941300e+02   0.0000000e+00
   6.1241400e+02   2.0000133e-02
   6.5866200e+02   0.0000000e+00
   7.0840200e+02   3.9999708e-02
   7.6189800e+02   2.9999846e-02
   8.1943400e+02   4.0000525e-02
   8.8131600e+02   1.9999876e-02
   9.4787000e+02   9.9999407e-03
   1.0194500e+03   0.0000000e+00
   1.0964400e+03   2.0000092e-02
   1.1792400e+03   9.9997807e-03
   1.2682900e+03   0.0000000e+00
   1.3640700e+03   0.0000000e+00
   1.4670800e+03   9.9991800e-03
   1.5778600e+03   1.0000372e-02
   1.6970200e+03   1.9999345e-02
   1.8251700e+03   2.0001273e-02
   1.9630100e+03   9.9999739e-03
   2.1112500e+03   9.9996887e-03
   2.2706800e+03   4.0001140e-02
   2.4421600e+03   3.9999038e-02
   2.6265800e+03   1.9999829e-02
   2.8249300e+03   9.9999931e-03
   3.0382600e+03   9.9999818e-03
   3.2677000e+03   2.0000240e-02
   3.5144700e+03   0.0000000e+00
   3.7798700e+03   1.0000198e-02
   4.0653200e+03   9.9999724e-03
   4.3723200e+03   0.0000000e+00
   4.7025000e+03   0.0000000e+00
   5.0576200e+03   1.0000106e-02
   5.4395600e+03   0.0000000e+00
   5.8503300e+03   0.0000000e+00
   6.2921300e+03   0.0000000e+00
   6.7673000e+03   0.0000000e+00
   7.2783400e+03   0.0000000e+00
   7.8279800e+03   0.0000000e+00
   8.4191300e+03   0.0000000e+00
   9.0549100e+03   1.0000028e-02
   9.7387100e+03   0.0000000e+00
   1.0474200e+04   0.0000000e+00
   1.1265100e+04   9.9998934e-03
   1.2115800e+04   0.0000000e+00
   1.3030800e+04   9.9995064e-03
   1.4014800e+04   0.0000000e+00
   1.5073200e+04   1.0000159e-02
   1.6211500e+04   0.0000000e+00
   1.7435700e+04   0.0000000e+00
   1.8752400e+04   0.0000000e+00
   2.0168500e+04   3.0000653e-02
   2.1691600e+04   1.0000093e-02
   2.3329700e+04   1.0000065e-02
   2.5091500e+04   9.9998259e-03
   2.6986300e+04   0.0000000e+00
   2.9024200e+04   0.0000000e+00
   3.1216100e+04   0.0000000e+00
   3.3573400e+04   0.0000000e+00
   3.6108800e+04   0.0000000e+00
   3.8835600e+04   0.0000000e+00
   4.1768300e+04   0.0000000e+00
   4.4922600e+04   9.9999471e-03
   4.8315000e+04   0.0000000e+00
   5.1963600e+04   0.0000000e+00
   5.5887700e+04   0.0000000e+00
   6.0108200e+04   0.0000000e+00
   6.4647400e+04   0.0000000e+00
   6.9529400e+04   0.0000000e+00
   7.4780000e+04   0.0000000e+00
   8.0427200e+04   0.0000000e+00
   8.6500800e+04   0.0000000e+00
   9.3033100e+04   0.0000000e+00
   1.0005900e+05   0.0000000e+00
   1.0761500e+05   0.0000000e+00
   1.1574200e+05   0.0000000e+00
   1.2448200e+05   0.0000000e+00
