   1.6997100e+02   1.9999660e-02
   1.8300400e+02   0.0000000e+00
   1.9703700e+02   3.9998430e-02
   2.1214500e+02   1.0000542e-02
   2.2841300e+02   1.9999412e-02
   2.4592700e+02   0.0000000e+00
   2.6478500e+02   1.9999572e-02
   2.8508800e+02   2.9999571e-02
   3.0694800e+02   3.0000731e-02
   3.3048500e+02   6.9999191e-02
   3.5582600e+02   1.9999690e-02
   3.8311000e+02   5.0000829e-02
   4.1248700e+02   3.9999931e-02
   4.4411600e+02   2.0000331e-02
   4.7817100e+02   3.9999315e-02
   5.1483600e+02   0.0000000e+00
   5.5431300e+02   2.0000345e-02
   5.9681800e+02   1.9999804e-02
   6.4258100e+02   3.0000310e-02
   6.9185400e+02   2.9999616e-02
   7.4490400e+02   7.0000477e-02
   8.0202300e+02   1.9999888e-02
   8.6352100e+02   2.9999974e-02
   9.2973500e+02   0.0000000e+00
   1.0010300e+03   1.9997980e-02
   1.0777800e+03   0.0000000e+00
   1.1604300e+03   9.9999283e-03
   1.2494100e+03   1.9999304e-02
   1.3452100e+03   0.0000000e+00
   1.4483600e+03   2.0000129e-02
   1.5594200e+03   1.0000428e-02
   1.6790000e+03   0.0000000e+00
   1.8077400e+03   1.0000310e-02
   1.9463600e+03   9.9996770e-03
   2.0956000e+03   0.0000000e+00
   2.2562900e+03   1.9999956e-02
   2.4293000e+03   1.9999251e-02
   2.6155700e+03   0.0000000e+00
   2.8161300e+03   2.0000125e-02
   3.0320700e+03   1.0000150e-02
   3.2645700e+03   1.9999667e-02
   3.5148900e+03   1.0000054e-02
   3.7844100e+03   1.0000151e-02
   4.0746000e+03   1.0000111e-02
   4.3870400e+03   9.9998992e-03
   4.7234300e+03   2.0000096e-02
   5.0856200e+03   0.0000000e+00
   5.4755800e+03   9.9999316e-03
   5.8954400e+03   0.0000000e+00
   6.3475000e+03   0.0000000e+00
   6.8342200e+03   9.9999933e-03
   7.3582600e+03   9.9998967e-03
   7.9224800e+03   1.0000014e-02
   8.5299700e+03   0.0000000e+00
   9.1840400e+03   0.0000000e+00
   9.8882700e+03   0.0000000e+00
   1.0646500e+04   0.0000000e+00
   1.1462900e+04   0.0000000e+00
   1.2341800e+04   0.0000000e+00
   1.3288200e+04   0.0000000e+00
   1.4307100e+04   1.0000407e-02
   1.5404200e+04   9.9993580e-03
   1.6585300e+04   0.0000000e+00
   1.7857100e+04   0.0000000e+00
   1.9226300e+04   1.0000280e-02
   2.0700600e+04   0.0000000e+00
   2.2287900e+04   0.0000000e+00
   2.3996900e+04   0.0000000e+00
   2.5837000e+04   0.0000000e+00
   2.7818100e+04   1.0000143e-02
   2.9951200e+04   0.0000000e+00
   3.2247800e+04   1.0000275e-02
   3.4720600e+04   0.0000000e+00
   3.7382900e+04   0.0000000e+00
   4.0249400e+04   0.0000000e+00
   4.3335700e+04   0.0000000e+00
   4.6658600e+04   0.0000000e+00
   5.0236400e+04   0.0000000e+00
   5.4088400e+04   0.0000000e+00
   5.8235900e+04   0.0000000e+00
   6.2701400e+04   0.0000000e+00
   6.7509300e+04   0.0000000e+00
   7.2685800e+04   0.0000000e+00
   7.8259300e+04   0.0000000e+00
   8.4260100e+04   0.0000000e+00
   9.0721100e+04   9.9999641e-03
   9.7677500e+04   9.9995310e-03
   1.0516700e+05   0.0000000e+00
   1.1323100e+05   0.0000000e+00
   1.2191400e+05   0.0000000e+00
   1.3126200e+05   0.0000000e+00
   1.4132700e+05   0.0000000e+00
   1.5216400e+05   0.0000000e+00
   1.6383200e+05   0.0000000e+00
   1.7639400e+05   0.0000000e+00
   1.8992000e+05   0.0000000e+00
   2.0448300e+05   0.0000000e+00
   2.2016300e+05   0.0000000e+00
   2.3704500e+05   9.9997990e-03
