   1.1442000e+02   9.9998598e-03
   1.2383500e+02   0.0000000e+00
   1.3402500e+02   0.0000000e+00
   1.4505400e+02   1.9998763e-02
   1.5698900e+02   0.0000000e+00
   1.6990700e+02   1.0000120e-02
   1.8388800e+02   1.9999702e-02
   1.9901900e+02   1.0000419e-02
   2.1539600e+02   1.9998988e-02
   2.3311900e+02   4.0001543e-02
   2.5230200e+02   1.9999354e-02
   2.7306200e+02   1.0000008e-02
   2.9553100e+02   4.0000192e-02
   3.1984900e+02   1.0000062e-02
   3.4616800e+02   3.9999227e-02
   3.7465200e+02   2.0000437e-02
   4.0548100e+02   1.9999982e-02
   4.3884600e+02   4.9999350e-02
   4.7495600e+02   5.0000338e-02
   5.1403800e+02   3.0000237e-02
   5.5633600e+02   1.9999950e-02
   6.0211400e+02   4.0000007e-02
   6.5165900e+02   2.0000094e-02
   7.0528100e+02   0.0000000e+00
   7.6331500e+02   1.9999893e-02
   8.2612400e+02   1.0000040e-02
   8.9410200e+02   9.9999910e-03
   9.6767300e+02   3.0000746e-02
   1.0473000e+03   1.0000327e-02
   1.1334800e+03   2.9997359e-02
   1.2267400e+03   0.0000000e+00
   1.3276900e+03   9.9991960e-03
   1.4369300e+03   1.0000148e-02
   1.5551700e+03   1.0000190e-02
   1.6831400e+03   1.0000185e-02
   1.8216400e+03   0.0000000e+00
   1.9715300e+03   2.0000363e-02
   2.1337600e+03   3.0000652e-02
   2.3093400e+03   1.9999605e-02
   2.4993600e+03   9.9999913e-03
   2.7050200e+03   0.0000000e+00
   2.9276000e+03   1.0000072e-02
   3.1685000e+03   3.0000008e-02
   3.4292200e+03   0.0000000e+00
   3.7113900e+03   1.0000262e-02
   4.0167900e+03   0.0000000e+00
   4.3473100e+03   0.0000000e+00
   4.7050300e+03   9.9998909e-03
   5.0921800e+03   0.0000000e+00
   5.5111900e+03   3.0000087e-02
   5.9646800e+03   9.9999028e-03
   6.4554800e+03   1.0000024e-02
   6.9866700e+03   0.0000000e+00
   7.5615700e+03   0.0000000e+00
   8.1837800e+03   0.0000000e+00
   8.8571800e+03   2.0000133e-02
   9.5860000e+03   2.0000418e-02
   1.0374800e+04   0.0000000e+00
   1.1228500e+04   9.9996469e-03
   1.2152400e+04   1.0000400e-02
   1.3152400e+04   0.0000000e+00
   1.4234600e+04   0.0000000e+00
   1.5405900e+04   0.0000000e+00
   1.6673600e+04   0.0000000e+00
   1.8045600e+04   0.0000000e+00
   1.9530500e+04   0.0000000e+00
   2.1137500e+04   0.0000000e+00
   2.2876800e+04   9.9998923e-03
   2.4759200e+04   0.0000000e+00
   2.6796600e+04   0.0000000e+00
   2.9001500e+04   1.0000042e-02
   3.1387900e+04   0.0000000e+00
   3.3970700e+04   9.9997162e-03
   3.6765900e+04   0.0000000e+00
   3.9791200e+04   0.0000000e+00
   4.3065500e+04   0.0000000e+00
   4.6609100e+04   0.0000000e+00
   5.0444300e+04   0.0000000e+00
   5.4595100e+04   1.0000082e-02
   5.9087500e+04   0.0000000e+00
   6.3949500e+04   0.0000000e+00
   6.9211600e+04   0.0000000e+00
   7.4906700e+04   0.0000000e+00
   8.1070400e+04   0.0000000e+00
   8.7741300e+04   1.0000001e-02
   9.4961100e+04   0.0000000e+00
   1.0277500e+05   1.0000149e-02
   1.1123200e+05   1.0000293e-02
   1.2038500e+05   9.9990975e-03
   1.3029000e+05   0.0000000e+00
   1.4101100e+05   0.0000000e+00
   1.5261500e+05   0.0000000e+00
   1.6517200e+05   0.0000000e+00
   1.7876400e+05   0.0000000e+00
   1.9347300e+05   0.0000000e+00
   2.0939300e+05   1.0000034e-02
   2.2662300e+05   0.0000000e+00
   2.4527100e+05   0.0000000e+00
   2.6545300e+05   1.0000075e-02
