   1.2928600e+02   1.0000159e-02
   1.4281300e+02   0.0000000e+00
   1.5775500e+02   1.9999604e-02
   1.7426000e+02   4.0001561e-02
   1.9249300e+02   9.9995774e-03
   2.1263200e+02   1.9999964e-02
   2.3487900e+02   3.0000423e-02
   2.5945400e+02   1.0000071e-02
   2.8660000e+02   4.9999856e-02
   3.1658600e+02   2.9999667e-02
   3.4970900e+02   4.0000192e-02
   3.8629800e+02   1.9999948e-02
   4.2671500e+02   2.0000069e-02
   4.7136100e+02   3.0000024e-02
   5.2067800e+02   4.0000119e-02
   5.7515500e+02   2.0000127e-02
   6.3533200e+02   1.9999763e-02
   7.0180400e+02   0.0000000e+00
   7.7523200e+02   9.9999708e-03
   8.5634200e+02   1.9999978e-02
   9.4593800e+02   2.0000361e-02
   1.0449100e+03   1.9999001e-02
   1.1542300e+03   1.0000517e-02
   1.2750000e+03   3.0000193e-02
   1.4084000e+03   0.0000000e+00
   1.5557500e+03   0.0000000e+00
   1.7185300e+03   2.9999450e-02
   1.8983300e+03   1.0000199e-02
   2.0969500e+03   1.9999395e-02
   2.3163400e+03   0.0000000e+00
   2.5586900e+03   0.0000000e+00
   2.8264000e+03   3.0000203e-02
   3.1221200e+03   0.0000000e+00
   3.4487800e+03   1.9999760e-02
   3.8096100e+03   0.0000000e+00
   4.2082000e+03   0.0000000e+00
   4.6484900e+03   9.9998910e-03
   5.1348400e+03   1.9999941e-02
   5.6720800e+03   3.0000412e-02
   6.2655400e+03   9.9999349e-03
   6.9210800e+03   0.0000000e+00
   7.6452100e+03   3.9999859e-02
   8.4451000e+03   2.0000148e-02
   9.3286900e+03   0.0000000e+00
   1.0304700e+04   1.0000478e-02
   1.1382900e+04   2.9998652e-02
   1.2573800e+04   1.0000323e-02
   1.3889400e+04   1.9999956e-02
   1.5342600e+04   0.0000000e+00
   1.6947800e+04   0.0000000e+00
   1.8721000e+04   0.0000000e+00
   2.0679700e+04   1.0000210e-02
   2.2843400e+04   9.9998795e-03
   2.5233400e+04   0.0000000e+00
   2.7873500e+04   9.9999635e-03
   3.0789800e+04   1.0000180e-02
   3.4011300e+04   0.0000000e+00
   3.7569700e+04   9.9999945e-03
   4.1500500e+04   1.0000073e-02
   4.5842600e+04   0.0000000e+00
   5.0639000e+04   1.0000035e-02
   5.5937200e+04   0.0000000e+00
   6.1789700e+04   0.0000000e+00
   6.8254500e+04   2.0000139e-02
   7.5395800e+04   0.0000000e+00
   8.3284200e+04   2.0000088e-02
   9.1998000e+04   0.0000000e+00
   1.0162300e+05   1.0000443e-02
   1.1225600e+05   0.0000000e+00
   1.2400100e+05   0.0000000e+00
   1.3697500e+05   9.9998422e-03
   1.5130600e+05   1.0000221e-02
   1.6713700e+05   0.0000000e+00
   1.8462400e+05   0.0000000e+00
   2.0394000e+05   1.0000182e-02
   2.2527800e+05   0.0000000e+00
   2.4884800e+05   0.0000000e+00
   2.7488400e+05   0.0000000e+00
   3.0364400e+05   0.0000000e+00
   3.3541300e+05   0.0000000e+00
   3.7050700e+05   0.0000000e+00
   4.0927200e+05   0.0000000e+00
   4.5209200e+05   9.9999990e-03
   4.9939300e+05   0.0000000e+00
   5.5164300e+05   0.0000000e+00
   6.0936000e+05   0.0000000e+00
   6.7311500e+05   0.0000000e+00
   7.4354100e+05   0.0000000e+00
   8.2133500e+05   0.0000000e+00
   9.0726900e+05   0.0000000e+00
   1.0021900e+06   0.0000000e+00
   1.1070500e+06   0.0000000e+00
   1.2228800e+06   0.0000000e+00
   1.3508200e+06   0.0000000e+00
   1.4921500e+06   0.0000000e+00
   1.6482700e+06   0.0000000e+00
   1.8207300e+06   0.0000000e+00
   2.0112200e+06   0.0000000e+00
   2.2216500e+06   0.0000000e+00
