   2.6923000e+02   2.0000003e-02
   2.9825400e+02   1.0000033e-02
   3.3040700e+02   1.9999962e-02
   3.6602600e+02   1.0000015e-02
   4.0548500e+02   0.0000000e+00
   4.4919700e+02   1.0000163e-02
   4.9762300e+02   1.9999768e-02
   5.5126800e+02   2.0000057e-02
   6.1069700e+02   3.9999766e-02
   6.7653200e+02   3.0000114e-02
   7.4946500e+02   0.0000000e+00
   8.3026000e+02   9.9999461e-03
   9.1976500e+02   5.0000396e-02
   1.0189200e+03   3.9998785e-02
   1.1287600e+03   2.0000847e-02
   1.2504500e+03   0.0000000e+00
   1.3852500e+03   3.0000913e-02
   1.5345900e+03   2.9999242e-02
   1.7000200e+03   4.0000327e-02
   1.8832900e+03   1.9999460e-02
   2.0863100e+03   5.0001740e-02
   2.3112300e+03   0.0000000e+00
   2.5603800e+03   2.0000078e-02
   2.8364000e+03   1.0000168e-02
   3.1421800e+03   5.0000056e-02
   3.4809200e+03   3.9999398e-02
   3.8561700e+03   4.9999936e-02
   4.2718800e+03   2.0000219e-02
   4.7324100e+03   2.9999935e-02
   5.2425800e+03   2.0000010e-02
   5.8077500e+03   0.0000000e+00
   6.4338500e+03   4.9999793e-02
   7.1274400e+03   9.9999749e-03
   7.8958000e+03   1.0000068e-02
   8.7470000e+03   3.9999986e-02
   9.6899600e+03   1.0000245e-02
   1.0734600e+04   0.0000000e+00
   1.1891800e+04   3.0000467e-02
   1.3173800e+04   4.0000501e-02
   1.4594000e+04   0.0000000e+00
   1.6167300e+04   0.0000000e+00
   1.7910100e+04   0.0000000e+00
   1.9840900e+04   0.0000000e+00
   2.1979800e+04   0.0000000e+00
   2.4349400e+04   0.0000000e+00
   2.6974300e+04   0.0000000e+00
   2.9882200e+04   1.0000245e-02
   3.3103700e+04   0.0000000e+00
   3.6672400e+04   1.9999895e-02
   4.0625800e+04   0.0000000e+00
   4.5005400e+04   1.9999823e-02
   4.9857100e+04   0.0000000e+00
   5.5231900e+04   9.9999598e-03
   6.1186100e+04   0.0000000e+00
   6.7782200e+04   1.0000049e-02
   7.5089400e+04   0.0000000e+00
   8.3184300e+04   0.0000000e+00
   9.2151900e+04   9.9997644e-03
   1.0208600e+05   9.9997483e-03
   1.1309100e+05   0.0000000e+00
   1.2528300e+05   0.0000000e+00
   1.3878900e+05   0.0000000e+00
   1.5375100e+05   0.0000000e+00
   1.7032600e+05   0.0000000e+00
   1.8868800e+05   0.0000000e+00
   2.0902900e+05   0.0000000e+00
   2.3156300e+05   0.0000000e+00
   2.5652700e+05   0.0000000e+00
   2.8418100e+05   0.0000000e+00
   3.1481700e+05   0.0000000e+00
   3.4875500e+05   0.0000000e+00
   3.8635300e+05   0.0000000e+00
   4.2800300e+05   0.0000000e+00
   4.7414300e+05   0.0000000e+00
   5.2525800e+05   0.0000000e+00
   5.8188200e+05   0.0000000e+00
   6.4461100e+05   0.0000000e+00
   7.1410300e+05   0.0000000e+00
   7.9108600e+05   0.0000000e+00
   8.7636800e+05   0.0000000e+00
   9.7084400e+05   0.0000000e+00
   1.0755000e+06   0.0000000e+00
   1.1914500e+06   0.0000000e+00
   1.3198900e+06   0.0000000e+00
   1.4621800e+06   0.0000000e+00
   1.6198100e+06   0.0000000e+00
   1.7944300e+06   0.0000000e+00
   1.9878700e+06   0.0000000e+00
   2.2021800e+06   0.0000000e+00
   2.4395800e+06   0.0000000e+00
   2.7025700e+06   0.0000000e+00
   2.9939200e+06   0.0000000e+00
   3.3166800e+06   0.0000000e+00
   3.6742300e+06   0.0000000e+00
   4.0703200e+06   0.0000000e+00
   4.5091200e+06   0.0000000e+00
   4.9952200e+06   0.0000000e+00
   5.5337200e+06   0.0000000e+00
   6.1302800e+06   9.9998692e-03
