   1.5721400e+02   1.9999871e-02
   1.7021300e+02   1.0000098e-02
   1.8428700e+02   0.0000000e+00
   1.9952400e+02   1.0000329e-02
   2.1602200e+02   1.9999498e-02
   2.3388300e+02   3.0000977e-02
   2.5322200e+02   3.9999301e-02
   2.7415900e+02   9.9997615e-03
   2.9682700e+02   3.0000136e-02
   3.2137000e+02   1.0000323e-02
   3.4794300e+02   6.9999292e-02
   3.7671200e+02   3.9999950e-02
   4.0786000e+02   2.9999610e-02
   4.4158300e+02   1.0000053e-02
   4.7809500e+02   3.0000155e-02
   5.1762600e+02   9.9999008e-03
   5.6042500e+02   9.9999721e-03
   6.0676300e+02   3.0000255e-02
   6.5693300e+02   3.0000103e-02
   7.1125100e+02   2.0000000e-02
   7.7006000e+02   9.9999126e-03
   8.3373100e+02   1.0000139e-02
   9.0266800e+02   3.9999970e-02
   9.7730400e+02   2.9999470e-02
   1.0581100e+03   1.0000107e-02
   1.1456000e+03   1.9999465e-02
   1.2403200e+03   6.0003036e-02
   1.3428800e+03   2.9998863e-02
   1.4539100e+03   2.0000761e-02
   1.5741300e+03   9.9996197e-03
   1.7042800e+03   1.0000233e-02
   1.8452000e+03   0.0000000e+00
   1.9977700e+03   1.9999664e-02
   2.1629500e+03   9.9999280e-03
   2.3417900e+03   1.0000079e-02
   2.5354200e+03   2.0000138e-02
   2.7450600e+03   9.9998897e-03
   2.9720300e+03   0.0000000e+00
   3.2177700e+03   1.0000078e-02
   3.4838300e+03   0.0000000e+00
   3.7718800e+03   1.0000183e-02
   4.0837600e+03   1.9999939e-02
   4.4214200e+03   1.9999968e-02
   4.7870000e+03   0.0000000e+00
   5.1828100e+03   0.0000000e+00
   5.6113400e+03   1.0000038e-02
   6.0753100e+03   9.9999838e-03
   6.5776400e+03   1.0000083e-02
   7.1215100e+03   0.0000000e+00
   7.7103400e+03   1.9999959e-02
   8.3478600e+03   0.0000000e+00
   9.0381000e+03   9.9999202e-03
   9.7854000e+03   0.0000000e+00
   1.0594500e+04   2.0000131e-02
   1.1470500e+04   0.0000000e+00
   1.2418900e+04   1.0000538e-02
   1.3445800e+04   0.0000000e+00
   1.4557500e+04   0.0000000e+00
   1.5761200e+04   1.0000027e-02
   1.7064400e+04   9.9996409e-03
   1.8475300e+04   0.0000000e+00
   2.0002900e+04   0.0000000e+00
   2.1656900e+04   0.0000000e+00
   2.3447500e+04   0.0000000e+00
   2.5386300e+04   0.0000000e+00
   2.7485300e+04   0.0000000e+00
   2.9757900e+04   0.0000000e+00
   3.2218400e+04   0.0000000e+00
   3.4882400e+04   0.0000000e+00
   3.7766600e+04   0.0000000e+00
   4.0889300e+04   0.0000000e+00
   4.4270100e+04   0.0000000e+00
   4.7930600e+04   0.0000000e+00
   5.1893700e+04   0.0000000e+00
   5.6184400e+04   0.0000000e+00
   6.0830000e+04   0.0000000e+00
   6.5859700e+04   9.9999528e-03
   7.1305200e+04   0.0000000e+00
   7.7201000e+04   2.0000028e-02
   8.3584300e+04   0.0000000e+00
   9.0495300e+04   0.0000000e+00
   9.7977900e+04   0.0000000e+00
   1.0607900e+05   0.0000000e+00
   1.1485000e+05   0.0000000e+00
   1.2434600e+05   0.0000000e+00
   1.3462800e+05   0.0000000e+00
   1.4575900e+05   0.0000000e+00
   1.5781100e+05   0.0000000e+00
   1.7086000e+05   0.0000000e+00
   1.8498700e+05   0.0000000e+00
   2.0028300e+05   0.0000000e+00
   2.1684300e+05   9.9997742e-03
   2.3477200e+05   0.0000000e+00
   2.5418400e+05   0.0000000e+00
   2.7520100e+05   0.0000000e+00
   2.9795600e+05   0.0000000e+00
   3.2259200e+05   0.0000000e+00
   3.4926500e+05   0.0000000e+00
   3.7814400e+05   9.9998673e-03
