   1.5828000e+02   9.9992946e-03
   1.6930700e+02   0.0000000e+00
   1.8110400e+02   1.0000005e-02
   1.9372200e+02   0.0000000e+00
   2.0721900e+02   1.9999287e-02
   2.2165600e+02   2.0000752e-02
   2.3710000e+02   0.0000000e+00
   2.5361900e+02   0.0000000e+00
   2.7128900e+02   1.0000273e-02
   2.9019100e+02   0.0000000e+00
   3.1040900e+02   2.9999893e-02
   3.3203600e+02   0.0000000e+00
   3.5517000e+02   1.0000131e-02
   3.7991600e+02   3.0000304e-02
   4.0638600e+02   3.0000099e-02
   4.3470000e+02   1.9999512e-02
   4.6498600e+02   2.0000061e-02
   4.9738300e+02   1.9999967e-02
   5.3203700e+02   3.0000387e-02
   5.6910600e+02   4.9999911e-02
   6.0875700e+02   1.0000034e-02
   6.5117100e+02   2.0000062e-02
   6.9654000e+02   2.9999463e-02
   7.4506900e+02   1.0000172e-02
   7.9698100e+02   1.9999715e-02
   8.5250800e+02   4.0000256e-02
   9.1190500e+02   4.0000048e-02
   9.7544000e+02   2.9999311e-02
   1.0434000e+03   2.0000933e-02
   1.1161000e+03   0.0000000e+00
   1.1938600e+03   2.0000132e-02
   1.2770400e+03   1.9998944e-02
   1.3660100e+03   1.0000658e-02
   1.4611900e+03   1.9999017e-02
   1.5629900e+03   1.0000178e-02
   1.6718900e+03   3.0001184e-02
   1.7883800e+03   4.9999488e-02
   1.9129800e+03   9.9998118e-03
   2.0462600e+03   1.0000088e-02
   2.1888300e+03   1.9999765e-02
   2.3413300e+03   2.0000391e-02
   2.5044600e+03   9.9998474e-03
   2.6789500e+03   0.0000000e+00
   2.8656000e+03   0.0000000e+00
   3.0652500e+03   2.0000489e-02
   3.2788200e+03   9.9998011e-03
   3.5072600e+03   0.0000000e+00
   3.7516300e+03   9.9997715e-03
   4.0130100e+03   0.0000000e+00
   4.2926100e+03   0.0000000e+00
   4.5916900e+03   0.0000000e+00
   4.9116000e+03   0.0000000e+00
   5.2538100e+03   4.9998868e-02
   5.6198500e+03   1.0000247e-02
   6.0114100e+03   9.9999851e-03
   6.4302400e+03   0.0000000e+00
   6.8782500e+03   2.0000137e-02
   7.3574800e+03   1.9999787e-02
   7.8700900e+03   0.0000000e+00
   8.4184200e+03   0.0000000e+00
   9.0049600e+03   0.0000000e+00
   9.6323600e+03   1.0000389e-02
   1.0303500e+04   9.9990258e-03
   1.1021300e+04   0.0000000e+00
   1.1789200e+04   0.0000000e+00
   1.2610600e+04   0.0000000e+00
   1.3489200e+04   0.0000000e+00
   1.4429100e+04   0.0000000e+00
   1.5434400e+04   0.0000000e+00
   1.6509700e+04   1.0000179e-02
   1.7660000e+04   0.0000000e+00
   1.8890400e+04   0.0000000e+00
   2.0206600e+04   0.0000000e+00
   2.1614400e+04   0.0000000e+00
   2.3120400e+04   1.9999210e-02
   2.4731200e+04   0.0000000e+00
   2.6454300e+04   0.0000000e+00
   2.8297500e+04   0.0000000e+00
   3.0269000e+04   0.0000000e+00
   3.2378000e+04   9.9997133e-03
   3.4633800e+04   0.0000000e+00
   3.7046900e+04   0.0000000e+00
   3.9628000e+04   0.0000000e+00
   4.2389000e+04   0.0000000e+00
   4.5342400e+04   0.0000000e+00
   4.8501500e+04   0.0000000e+00
   5.1880800e+04   0.0000000e+00
   5.5495400e+04   0.0000000e+00
   5.9362000e+04   0.0000000e+00
   6.3497900e+04   9.9998326e-03
   6.7921900e+04   0.0000000e+00
   7.2654200e+04   0.0000000e+00
   7.7716300e+04   9.9999763e-03
   8.3131000e+04   0.0000000e+00
   8.8922900e+04   0.0000000e+00
   9.5118500e+04   0.0000000e+00
   1.0174600e+05   0.0000000e+00
   1.0883500e+05   0.0000000e+00
   1.1641700e+05   9.9998897e-03
