   1.2045500e+02   2.0000132e-02
   1.2936700e+02   1.9999370e-02
   1.3893800e+02   2.0001076e-02
   1.4921800e+02   2.0000064e-02
   1.6025800e+02   2.0000388e-02
   1.7211500e+02   2.0000020e-02
   1.8484900e+02   9.9999186e-03
   1.9852500e+02   0.0000000e+00
   2.1321300e+02   1.9999224e-02
   2.2898700e+02   0.0000000e+00
   2.4592900e+02   3.9999524e-02
   2.6412400e+02   1.0000325e-02
   2.8366600e+02   4.9999639e-02
   3.0465300e+02   0.0000000e+00
   3.2719300e+02   9.9997907e-03
   3.5140000e+02   4.0000761e-02
   3.7739900e+02   4.9999925e-02
   4.0532100e+02   0.0000000e+00
   4.3530900e+02   2.9999503e-02
   4.6751500e+02   0.0000000e+00
   5.0210500e+02   2.9999610e-02
   5.3925300e+02   3.9999934e-02
   5.7915000e+02   2.0000156e-02
   6.2199900e+02   1.0000021e-02
   6.6801800e+02   0.0000000e+00
   7.1744100e+02   0.0000000e+00
   7.7052100e+02   2.0000231e-02
   8.2752900e+02   1.0000002e-02
   8.8875400e+02   2.0000041e-02
   9.5450900e+02   1.0000145e-02
   1.0251300e+03   9.9993523e-03
   1.1009700e+03   3.0001474e-02
   1.1824300e+03   2.9999079e-02
   1.2699100e+03   1.0000539e-02
   1.3638700e+03   1.9998683e-02
   1.4647700e+03   0.0000000e+00
   1.5731500e+03   0.0000000e+00
   1.6895400e+03   0.0000000e+00
   1.8145400e+03   1.0000041e-02
   1.9487900e+03   9.9998634e-03
   2.0929700e+03   2.0000116e-02
   2.2478200e+03   0.0000000e+00
   2.4141200e+03   9.9999988e-03
   2.5927300e+03   1.0000271e-02
   2.7845600e+03   2.0000298e-02
   2.9905800e+03   1.9999164e-02
   3.2118300e+03   0.0000000e+00
   3.4494600e+03   2.9999936e-02
   3.7046700e+03   1.0000292e-02
   3.9787700e+03   9.9999550e-03
   4.2731400e+03   0.0000000e+00
   4.5892900e+03   1.9999959e-02
   4.9288300e+03   0.0000000e+00
   5.2934900e+03   0.0000000e+00
   5.6851300e+03   0.0000000e+00
   6.1057500e+03   3.0000189e-02
   6.5574900e+03   1.0000021e-02
   7.0426500e+03   0.0000000e+00
   7.5637000e+03   9.9999401e-03
   8.1233000e+03   0.0000000e+00
   8.7243100e+03   0.0000000e+00
   9.3697800e+03   2.9999650e-02
   1.0063000e+04   0.0000000e+00
   1.0807500e+04   0.0000000e+00
   1.1607100e+04   3.0001405e-02
   1.2465900e+04   0.0000000e+00
   1.3388200e+04   1.9999384e-02
   1.4378700e+04   0.0000000e+00
   1.5442500e+04   0.0000000e+00
   1.6585100e+04   9.9995592e-03
   1.7812100e+04   0.0000000e+00
   1.9129900e+04   0.0000000e+00
   2.0545300e+04   0.0000000e+00
   2.2065300e+04   1.0000524e-02
   2.3697900e+04   0.0000000e+00
   2.5451200e+04   0.0000000e+00
   2.7334200e+04   9.9998286e-03
   2.9356500e+04   0.0000000e+00
   3.1528500e+04   9.9997862e-03
   3.3861100e+04   0.0000000e+00
   3.6366300e+04   0.0000000e+00
   3.9056900e+04   0.0000000e+00
   4.1946600e+04   0.0000000e+00
   4.5050000e+04   0.0000000e+00
   4.8383100e+04   0.0000000e+00
   5.1962700e+04   0.0000000e+00
   5.5807200e+04   0.0000000e+00
   5.9936100e+04   0.0000000e+00
   6.4370500e+04   0.0000000e+00
   6.9133000e+04   0.0000000e+00
   7.4247800e+04   1.0000058e-02
   7.9741100e+04   0.0000000e+00
   8.5640800e+04   0.0000000e+00
   9.1977000e+04   0.0000000e+00
   9.8781900e+04   0.0000000e+00
   1.0609000e+05   0.0000000e+00
   1.1394000e+05   0.0000000e+00
   1.2236900e+05   0.0000000e+00
   1.3142300e+05   0.0000000e+00
