   2.0145200e+02   2.0001081e-02
   2.1691500e+02   2.0000111e-02
   2.3356400e+02   1.9999142e-02
   2.5149000e+02   2.0000224e-02
   2.7079300e+02   9.9998683e-03
   2.9157700e+02   2.0000402e-02
   3.1395700e+02   1.9999787e-02
   3.3805400e+02   1.0000078e-02
   3.6400100e+02   9.9998763e-03
   3.9193900e+02   2.0000201e-02
   4.2202200e+02   2.0000246e-02
   4.5441400e+02   3.9999036e-02
   4.8929100e+02   3.0000173e-02
   5.2684600e+02   2.9999806e-02
   5.6728300e+02   4.0000072e-02
   6.1082400e+02   2.0000053e-02
   6.5770700e+02   1.9999916e-02
   7.0818800e+02   1.0000036e-02
   7.6254400e+02   0.0000000e+00
   8.2107200e+02   3.9999928e-02
   8.8409200e+02   1.9999969e-02
   9.5194900e+02   9.9994207e-03
   1.0250100e+03   0.0000000e+00
   1.1036900e+03   4.9998892e-02
   1.1884000e+03   3.9998321e-02
   1.2796100e+03   3.0001594e-02
   1.3778300e+03   1.9999440e-02
   1.4835800e+03   4.0000026e-02
   1.5974500e+03   1.0000010e-02
   1.7200600e+03   0.0000000e+00
   1.8520800e+03   1.0000458e-02
   1.9942400e+03   1.9999432e-02
   2.1473000e+03   0.0000000e+00
   2.3121100e+03   0.0000000e+00
   2.4895700e+03   0.0000000e+00
   2.6806600e+03   2.9999996e-02
   2.8864100e+03   9.9999390e-03
   3.1079500e+03   9.9997638e-03
   3.3464900e+03   1.0000202e-02
   3.6033500e+03   1.0000024e-02
   3.8799200e+03   2.0000218e-02
   4.1777200e+03   2.9999629e-02
   4.4983700e+03   0.0000000e+00
   4.8436300e+03   2.0000259e-02
   5.2154000e+03   0.0000000e+00
   5.6157000e+03   9.9999226e-03
   6.0467200e+03   2.0000171e-02
   6.5108300e+03   0.0000000e+00
   7.0105600e+03   1.9999842e-02
   7.5486400e+03   2.0000195e-02
   8.1280300e+03   0.0000000e+00
   8.7518800e+03   0.0000000e+00
   9.4236200e+03   0.0000000e+00
   1.0146900e+04   0.0000000e+00
   1.0925700e+04   1.0000137e-02
   1.1764300e+04   0.0000000e+00
   1.2667300e+04   0.0000000e+00
   1.3639500e+04   4.0000793e-02
   1.4686400e+04   0.0000000e+00
   1.5813600e+04   0.0000000e+00
   1.7027400e+04   9.9999283e-03
   1.8334300e+04   9.9998728e-03
   1.9741500e+04   0.0000000e+00
   2.1256700e+04   0.0000000e+00
   2.2888300e+04   0.0000000e+00
   2.4645000e+04   0.0000000e+00
   2.6536600e+04   0.0000000e+00
   2.8573400e+04   0.0000000e+00
   3.0766500e+04   9.9998678e-03
   3.3127900e+04   0.0000000e+00
   3.5670600e+04   0.0000000e+00
   3.8408400e+04   1.0000088e-02
   4.1356400e+04   0.0000000e+00
   4.4530600e+04   0.0000000e+00
   4.7948500e+04   0.0000000e+00
   5.1628700e+04   0.0000000e+00
   5.5591400e+04   9.9999285e-03
   5.9858200e+04   0.0000000e+00
   6.4452600e+04   0.0000000e+00
   6.9399500e+04   0.0000000e+00
   7.4726200e+04   9.9998420e-03
   8.0461600e+04   0.0000000e+00
   8.6637300e+04   0.0000000e+00
   9.3287100e+04   0.0000000e+00
   1.0044700e+05   0.0000000e+00
   1.0815700e+05   0.0000000e+00
   1.1645800e+05   0.0000000e+00
   1.2539700e+05   0.0000000e+00
   1.3502100e+05   0.0000000e+00
   1.4538500e+05   0.0000000e+00
   1.5654400e+05   0.0000000e+00
   1.6855900e+05   0.0000000e+00
   1.8149600e+05   0.0000000e+00
   1.9542700e+05   0.0000000e+00
   2.1042600e+05   0.0000000e+00
   2.2657700e+05   0.0000000e+00
   2.4396800e+05   0.0000000e+00
   2.6269300e+05   0.0000000e+00
   2.8285600e+05   9.9999299e-03
