   1.0530900e+02   9.9990660e-03
   1.1457400e+02   1.0000890e-02
   1.2465600e+02   9.9998985e-03
   1.3562400e+02   2.9999562e-02
   1.4755700e+02   1.9999792e-02
   1.6054000e+02   1.9999305e-02
   1.7466500e+02   3.0001364e-02
   1.9003400e+02   9.9996635e-03
   2.0675400e+02   3.0000427e-02
   2.2494600e+02   4.9998946e-02
   2.4473800e+02   4.0000266e-02
   2.6627200e+02   5.0000766e-02
   2.8970100e+02   1.0000007e-02
   3.1519100e+02   1.0000076e-02
   3.4292400e+02   2.0000052e-02
   3.7309700e+02   9.9997607e-03
   4.0592400e+02   1.0000224e-02
   4.4164100e+02   3.9999259e-02
   4.8049900e+02   2.0000073e-02
   5.2277700e+02   3.0000172e-02
   5.6877500e+02   3.0000026e-02
   6.1882000e+02   2.9999813e-02
   6.7326800e+02   1.0000017e-02
   7.3250700e+02   3.0000279e-02
   7.9695900e+02   1.9999916e-02
   8.6708100e+02   9.9999739e-03
   9.4337300e+02   2.0000537e-02
   1.0263800e+03   1.0000207e-02
   1.1166900e+03   0.0000000e+00
   1.2149400e+03   0.0000000e+00
   1.3218400e+03   0.0000000e+00
   1.4381400e+03   1.0000115e-02
   1.5646800e+03   1.0000566e-02
   1.7023600e+03   1.9999225e-02
   1.8521400e+03   1.0000312e-02
   2.0151100e+03   0.0000000e+00
   2.1924100e+03   9.9997817e-03
   2.3853100e+03   2.0000242e-02
   2.5951900e+03   1.0000269e-02
   2.8235400e+03   0.0000000e+00
   3.0719700e+03   0.0000000e+00
   3.3422700e+03   0.0000000e+00
   3.6363400e+03   9.9999413e-03
   3.9562900e+03   0.0000000e+00
   4.3044000e+03   9.9999490e-03
   4.6831300e+03   1.0000078e-02
   5.0951900e+03   9.9999580e-03
   5.5435000e+03   0.0000000e+00
   6.0312600e+03   9.9999455e-03
   6.5619300e+03   2.0000097e-02
   7.1393000e+03   1.9999735e-02
   7.7674600e+03   1.0000026e-02
   8.4509000e+03   0.0000000e+00
   9.1944700e+03   0.0000000e+00
   1.0003500e+04   9.9990801e-03
   1.0883600e+04   0.0000000e+00
   1.1841300e+04   0.0000000e+00
   1.2883200e+04   1.9999021e-02
   1.4016700e+04   1.0000065e-02
   1.5250000e+04   9.9999524e-03
   1.6591800e+04   1.0000213e-02
   1.8051700e+04   0.0000000e+00
   1.9640000e+04   0.0000000e+00
   2.1368100e+04   9.9998947e-03
   2.3248200e+04   9.9997745e-03
   2.5293700e+04   0.0000000e+00
   2.7519300e+04   0.0000000e+00
   2.9940600e+04   1.0000024e-02
   3.2575000e+04   1.0000057e-02
   3.5441200e+04   9.9997644e-03
   3.8559500e+04   1.0000142e-02
   4.1952300e+04   0.0000000e+00
   4.5643600e+04   0.0000000e+00
   4.9659600e+04   9.9999836e-03
   5.4029000e+04   1.0000066e-02
   5.8782900e+04   0.0000000e+00
   6.3955100e+04   0.0000000e+00
   6.9582300e+04   0.0000000e+00
   7.5704600e+04   0.0000000e+00
   8.2365700e+04   0.0000000e+00
   8.9612800e+04   9.9999764e-03
   9.7497600e+04   0.0000000e+00
   1.0607600e+05   0.0000000e+00
   1.1541000e+05   0.0000000e+00
   1.2556400e+05   9.9999536e-03
   1.3661200e+05   0.0000000e+00
   1.4863200e+05   0.0000000e+00
   1.6171000e+05   0.0000000e+00
   1.7593800e+05   1.0000416e-02
   1.9141900e+05   0.0000000e+00
   2.0826100e+05   0.0000000e+00
   2.2658600e+05   9.9996783e-03
   2.4652200e+05   0.0000000e+00
   2.6821300e+05   0.0000000e+00
   2.9181200e+05   0.0000000e+00
   3.1748800e+05   0.0000000e+00
   3.4542300e+05   0.0000000e+00
   3.7581600e+05   0.0000000e+00
   4.0888300e+05   1.0000131e-02
