   1.6634700e+02   2.0000220e-02
   1.7854300e+02   1.0000014e-02
   1.9163300e+02   1.0000214e-02
   2.0568300e+02   5.0000756e-02
   2.2076300e+02   0.0000000e+00
   2.3694800e+02   2.0000036e-02
   2.5432000e+02   3.9998746e-02
   2.7296500e+02   3.0000488e-02
   2.9297800e+02   1.0000057e-02
   3.1445800e+02   4.0000656e-02
   3.3751300e+02   1.0000024e-02
   3.6225800e+02   4.9999708e-02
   3.8881700e+02   1.9999781e-02
   4.1732300e+02   6.9999365e-02
   4.4791900e+02   6.0000979e-02
   4.8075900e+02   4.0000058e-02
   5.1600600e+02   0.0000000e+00
   5.5383700e+02   2.0000074e-02
   5.9444200e+02   1.0000021e-02
   6.3802400e+02   2.9999961e-02
   6.8480100e+02   2.9999641e-02
   7.3500700e+02   2.0000208e-02
   7.8889500e+02   0.0000000e+00
   8.4673300e+02   2.0000116e-02
   9.0881200e+02   0.0000000e+00
   9.7544200e+02   0.0000000e+00
   1.0469600e+03   2.0000432e-02
   1.1237200e+03   9.9992844e-03
   1.2061000e+03   1.0000460e-02
   1.2945300e+03   2.0000194e-02
   1.3894400e+03   0.0000000e+00
   1.4913000e+03   1.0000389e-02
   1.6006400e+03   9.9998512e-03
   1.7179900e+03   2.0000685e-02
   1.8439500e+03   1.0000004e-02
   1.9791400e+03   9.9999002e-03
   2.1242400e+03   3.0000040e-02
   2.2799800e+03   0.0000000e+00
   2.4471400e+03   9.9998290e-03
   2.6265500e+03   1.0000160e-02
   2.8191200e+03   0.0000000e+00
   3.0258000e+03   0.0000000e+00
   3.2476400e+03   1.9999781e-02
   3.4857400e+03   0.0000000e+00
   3.7413000e+03   0.0000000e+00
   4.0156000e+03   0.0000000e+00
   4.3100000e+03   9.9999775e-03
   4.6259900e+03   0.0000000e+00
   4.9651500e+03   0.0000000e+00
   5.3291700e+03   9.9999490e-03
   5.7198800e+03   0.0000000e+00
   6.1392400e+03   9.9999617e-03
   6.5893400e+03   0.0000000e+00
   7.0724400e+03   1.0000021e-02
   7.5909600e+03   0.0000000e+00
   8.1475000e+03   2.0000018e-02
   8.7448400e+03   0.0000000e+00
   9.3859700e+03   9.9999052e-03
   1.0074100e+04   0.0000000e+00
   1.0812700e+04   1.9999028e-02
   1.1605400e+04   0.0000000e+00
   1.2456300e+04   9.9995400e-03
   1.3369500e+04   2.0000099e-02
   1.4349700e+04   0.0000000e+00
   1.5401800e+04   0.0000000e+00
   1.6531000e+04   1.0000176e-02
   1.7743000e+04   0.0000000e+00
   1.9043800e+04   0.0000000e+00
   2.0440000e+04   0.0000000e+00
   2.1938600e+04   0.0000000e+00
   2.3547000e+04   0.0000000e+00
   2.5273400e+04   0.0000000e+00
   2.7126300e+04   0.0000000e+00
   2.9115100e+04   2.0000092e-02
   3.1249700e+04   0.0000000e+00
   3.3540800e+04   0.0000000e+00
   3.5999800e+04   0.0000000e+00
   3.8639200e+04   9.9998123e-03
   4.1472000e+04   1.0000169e-02
   4.4512600e+04   9.9998082e-03
   4.7776000e+04   0.0000000e+00
   5.1278800e+04   0.0000000e+00
   5.5038300e+04   0.0000000e+00
   5.9073500e+04   0.0000000e+00
   6.3404500e+04   0.0000000e+00
   6.8053000e+04   0.0000000e+00
   7.3042300e+04   0.0000000e+00
   7.8397500e+04   0.0000000e+00
   8.4145200e+04   0.0000000e+00
   9.0314400e+04   0.0000000e+00
   9.6935800e+04   0.0000000e+00
   1.0404300e+05   1.0000079e-02
   1.1167100e+05   0.0000000e+00
   1.1985800e+05   0.0000000e+00
   1.2864500e+05   0.0000000e+00
   1.3807700e+05   0.0000000e+00
   1.4820000e+05   0.0000000e+00
   1.5906600e+05   0.0000000e+00
   1.7072800e+05   0.0000000e+00
