   1.7364400e+02   9.9997980e-03
   1.8845200e+02   3.9999594e-02
   2.0452300e+02   1.0000179e-02
   2.2196500e+02   1.9999814e-02
   2.4089400e+02   0.0000000e+00
   2.6143700e+02   6.0001880e-02
   2.8373300e+02   9.9997229e-03
   3.0792900e+02   2.9999949e-02
   3.3418900e+02   3.0000525e-02
   3.6268900e+02   9.9999783e-03
   3.9361900e+02   2.0000150e-02
   4.2718700e+02   3.9999411e-02
   4.6361700e+02   2.9999885e-02
   5.0315400e+02   1.0000028e-02
   5.4606300e+02   3.9999910e-02
   5.9263100e+02   4.0000439e-02
   6.4317100e+02   4.9999581e-02
   6.9802000e+02   4.0000001e-02
   7.5754700e+02   0.0000000e+00
   8.2215100e+02   0.0000000e+00
   8.9226300e+02   2.0000021e-02
   9.6835500e+02   0.0000000e+00
   1.0509400e+03   2.9998771e-02
   1.1405600e+03   3.0000986e-02
   1.2378300e+03   9.9998571e-03
   1.3433900e+03   9.9996675e-03
   1.4579500e+03   1.0000505e-02
   1.5822900e+03   2.9998447e-02
   1.7172200e+03   1.0000382e-02
   1.8636700e+03   1.9999592e-02
   2.0226000e+03   3.0000496e-02
   2.1950900e+03   1.9999380e-02
   2.3822800e+03   1.9999944e-02
   2.5854400e+03   1.0000170e-02
   2.8059300e+03   2.0000074e-02
   3.0452200e+03   9.9997790e-03
   3.3049100e+03   0.0000000e+00
   3.5867600e+03   0.0000000e+00
   3.8926300e+03   0.0000000e+00
   4.2246000e+03   9.9999423e-03
   4.5848700e+03   1.0000099e-02
   4.9758700e+03   1.9999950e-02
   5.4002100e+03   0.0000000e+00
   5.8607400e+03   1.9999897e-02
   6.3605400e+03   9.9998924e-03
   6.9029600e+03   0.0000000e+00
   7.4916500e+03   0.0000000e+00
   8.1305300e+03   0.0000000e+00
   8.8239000e+03   9.9999725e-03
   9.5764000e+03   2.0000656e-02
   1.0393100e+04   0.0000000e+00
   1.1279400e+04   0.0000000e+00
   1.2241300e+04   9.9996642e-03
   1.3285200e+04   0.0000000e+00
   1.4418200e+04   0.0000000e+00
   1.5647800e+04   0.0000000e+00
   1.6982200e+04   1.0000425e-02
   1.8430500e+04   0.0000000e+00
   2.0002200e+04   1.0000099e-02
   2.1708000e+04   9.9997196e-03
   2.3559200e+04   0.0000000e+00
   2.5568400e+04   9.9997069e-03
   2.7748800e+04   1.9999890e-02
   3.0115200e+04   0.0000000e+00
   3.2683400e+04   1.0000219e-02
   3.5470700e+04   0.0000000e+00
   3.8495600e+04   0.0000000e+00
   4.1778500e+04   1.0000098e-02
   4.5341400e+04   0.0000000e+00
   4.9208100e+04   0.0000000e+00
   5.3404500e+04   0.0000000e+00
   5.7958900e+04   0.0000000e+00
   6.2901600e+04   9.9999416e-03
   6.8265800e+04   0.0000000e+00
   7.4087500e+04   0.0000000e+00
   8.0405700e+04   9.9998973e-03
   8.7262600e+04   0.0000000e+00
   9.4704400e+04   0.0000000e+00
   1.0278100e+05   0.0000000e+00
   1.1154600e+05   0.0000000e+00
   1.2105800e+05   0.0000000e+00
   1.3138200e+05   0.0000000e+00
   1.4258700e+05   0.0000000e+00
   1.5474600e+05   0.0000000e+00
   1.6794300e+05   0.0000000e+00
   1.8226500e+05   0.0000000e+00
   1.9780900e+05   9.9999601e-03
   2.1467800e+05   0.0000000e+00
   2.3298500e+05   0.0000000e+00
   2.5285400e+05   0.0000000e+00
   2.7441800e+05   0.0000000e+00
   2.9782000e+05   0.0000000e+00
   3.2321800e+05   0.0000000e+00
   3.5078200e+05   0.0000000e+00
   3.8069700e+05   0.0000000e+00
   4.1316200e+05   0.0000000e+00
   4.4839700e+05   0.0000000e+00
   4.8663600e+05   0.0000000e+00
   5.2813600e+05   9.9999191e-03
