   1.9482300e+02   2.0000940e-02
   2.0852800e+02   9.9997477e-03
   2.2319600e+02   9.9998795e-03
   2.3889600e+02   0.0000000e+00
   2.5570100e+02   1.0000196e-02
   2.7368800e+02   0.0000000e+00
   2.9293900e+02   0.0000000e+00
   3.1354600e+02   2.9999211e-02
   3.3560100e+02   9.9999724e-03
   3.5920800e+02   2.0000304e-02
   3.8447600e+02   9.9999969e-03
   4.1152100e+02   2.9999513e-02
   4.4046800e+02   1.0000117e-02
   4.7145200e+02   1.9999909e-02
   5.0461500e+02   4.0000087e-02
   5.4011100e+02   1.0000062e-02
   5.7810400e+02   9.9999301e-03
   6.1876900e+02   4.0000176e-02
   6.6229500e+02   1.0000114e-02
   7.0888300e+02   9.9998762e-03
   7.5874700e+02   2.9999867e-02
   8.1211900e+02   1.0000081e-02
   8.6924600e+02   5.9999999e-02
   9.3039100e+02   2.9999988e-02
   9.9583700e+02   6.0002776e-02
   1.0658900e+03   9.9990488e-03
   1.1408600e+03   1.0001118e-02
   1.2211200e+03   9.9992279e-03
   1.3070100e+03   1.0000130e-02
   1.3989500e+03   0.0000000e+00
   1.4973600e+03   1.9998478e-02
   1.6026800e+03   3.0000790e-02
   1.7154200e+03   0.0000000e+00
   1.8360900e+03   9.9996066e-03
   1.9652400e+03   9.9999775e-03
   2.1034800e+03   3.0001065e-02
   2.2514500e+03   2.9999554e-02
   2.4098200e+03   3.9999275e-02
   2.5793300e+03   1.0000174e-02
   2.7607700e+03   0.0000000e+00
   2.9549700e+03   0.0000000e+00
   3.1628300e+03   0.0000000e+00
   3.3853100e+03   0.0000000e+00
   3.6234400e+03   0.0000000e+00
   3.8783300e+03   1.9999892e-02
   4.1511400e+03   9.9999488e-03
   4.4431400e+03   9.9999361e-03
   4.7556800e+03   1.0000105e-02
   5.0902100e+03   0.0000000e+00
   5.4482700e+03   0.0000000e+00
   5.8315100e+03   1.9999834e-02
   6.2417100e+03   0.0000000e+00
   6.6807700e+03   0.0000000e+00
   7.1507100e+03   9.9999921e-03
   7.6537100e+03   2.0000327e-02
   8.1921000e+03   1.9999909e-02
   8.7683500e+03   0.0000000e+00
   9.3851400e+03   0.0000000e+00
   1.0045300e+04   9.9998032e-03
   1.0751900e+04   0.0000000e+00
   1.1508200e+04   0.0000000e+00
   1.2317800e+04   1.9998505e-02
   1.3184200e+04   9.9998760e-03
   1.4111600e+04   0.0000000e+00
   1.5104300e+04   0.0000000e+00
   1.6166800e+04   0.0000000e+00
   1.7304000e+04   0.0000000e+00
   1.8521200e+04   9.9997847e-03
   1.9824000e+04   0.0000000e+00
   2.1218500e+04   9.9995858e-03
   2.2711000e+04   0.0000000e+00
   2.4308600e+04   0.0000000e+00
   2.6018500e+04   1.9999877e-02
   2.7848700e+04   2.0000410e-02
   2.9807700e+04   9.9997703e-03
   3.1904400e+04   2.0000528e-02
   3.4148700e+04   0.0000000e+00
   3.6550800e+04   0.0000000e+00
   3.9121900e+04   0.0000000e+00
   4.1873800e+04   0.0000000e+00
   4.4819300e+04   0.0000000e+00
   4.7972000e+04   0.0000000e+00
   5.1346500e+04   0.0000000e+00
   5.4958300e+04   0.0000000e+00
   5.8824200e+04   0.0000000e+00
   6.2962100e+04   9.9999690e-03
   6.7391000e+04   0.0000000e+00
   7.2131400e+04   0.0000000e+00
   7.7205300e+04   0.0000000e+00
   8.2636200e+04   0.0000000e+00
   8.8449000e+04   9.9999518e-03
   9.4670700e+04   0.0000000e+00
   1.0133000e+05   0.0000000e+00
   1.0845800e+05   9.9997117e-03
   1.1608700e+05   0.0000000e+00
   1.2425300e+05   0.0000000e+00
   1.3299300e+05   0.0000000e+00
   1.4234800e+05   0.0000000e+00
   1.5236200e+05   9.9995290e-03
