   1.4101500e+02   1.0000569e-02
   1.5166900e+02   0.0000000e+00
   1.6312700e+02   1.0000088e-02
   1.7545100e+02   1.0000049e-02
   1.8870600e+02   1.9999600e-02
   2.0296200e+02   9.9997839e-03
   2.1829500e+02   3.0000432e-02
   2.3478700e+02   1.0000188e-02
   2.5252500e+02   1.9999182e-02
   2.7160200e+02   3.0000009e-02
   2.9212100e+02   0.0000000e+00
   3.1419100e+02   2.9999456e-02
   3.3792700e+02   2.0000279e-02
   3.6345700e+02   0.0000000e+00
   3.9091500e+02   2.0000132e-02
   4.2044800e+02   4.0000088e-02
   4.5221200e+02   5.9998769e-02
   4.8637500e+02   2.0000230e-02
   5.2312000e+02   4.0000390e-02
   5.6264100e+02   4.9999808e-02
   6.0514700e+02   9.9998623e-03
   6.5086400e+02   1.0000110e-02
   7.0003600e+02   0.0000000e+00
   7.5292200e+02   1.0000083e-02
   8.0980400e+02   3.0000040e-02
   8.7098300e+02   9.9998892e-03
   9.3678300e+02   0.0000000e+00
   1.0075600e+03   0.0000000e+00
   1.0836700e+03   3.0000279e-02
   1.1655400e+03   3.0001954e-02
   1.2536000e+03   0.0000000e+00
   1.3483000e+03   2.0001665e-02
   1.4501700e+03   9.9993734e-03
   1.5597200e+03   3.0001593e-02
   1.6775600e+03   3.9998142e-02
   1.8042900e+03   1.9999948e-02
   1.9406000e+03   0.0000000e+00
   2.0872100e+03   2.9999251e-02
   2.2448900e+03   1.0000176e-02
   2.4144900e+03   1.0000026e-02
   2.5969000e+03   3.0000001e-02
   2.7930900e+03   1.9999802e-02
   3.0041000e+03   2.0000578e-02
   3.2310600e+03   0.0000000e+00
   3.4751600e+03   0.0000000e+00
   3.7377000e+03   0.0000000e+00
   4.0200700e+03   1.0000077e-02
   4.3237800e+03   9.9999324e-03
   4.6504300e+03   1.0000011e-02
   5.0017600e+03   9.9999517e-03
   5.3796300e+03   1.0000005e-02
   5.7860500e+03   2.0000271e-02
   6.2231800e+03   1.0000043e-02
   6.6933300e+03   9.9998816e-03
   7.1989900e+03   1.0000029e-02
   7.7428600e+03   1.0000067e-02
   8.3278200e+03   0.0000000e+00
   8.9569600e+03   9.9999770e-03
   9.6336400e+03   9.9994224e-03
   1.0361400e+04   0.0000000e+00
   1.1144200e+04   0.0000000e+00
   1.1986200e+04   9.9997081e-03
   1.2891700e+04   0.0000000e+00
   1.3865600e+04   9.9998330e-03
   1.4913100e+04   0.0000000e+00
   1.6039800e+04   1.0000234e-02
   1.7251600e+04   0.0000000e+00
   1.8554900e+04   1.0000133e-02
   1.9956700e+04   9.9994585e-03
   2.1464300e+04   0.0000000e+00
   2.3085900e+04   0.0000000e+00
   2.4830000e+04   0.0000000e+00
   2.6705900e+04   0.0000000e+00
   2.8723400e+04   0.0000000e+00
   3.0893400e+04   0.0000000e+00
   3.3227400e+04   0.0000000e+00
   3.5737600e+04   0.0000000e+00
   3.8437500e+04   0.0000000e+00
   4.1341400e+04   0.0000000e+00
   4.4464700e+04   0.0000000e+00
   4.7823900e+04   0.0000000e+00
   5.1436900e+04   0.0000000e+00
   5.5322800e+04   0.0000000e+00
   5.9502300e+04   0.0000000e+00
   6.3997600e+04   0.0000000e+00
   6.8832500e+04   0.0000000e+00
   7.4032600e+04   0.0000000e+00
   7.9625600e+04   1.0000093e-02
   8.5641200e+04   0.0000000e+00
   9.2111200e+04   0.0000000e+00
   9.9070000e+04   0.0000000e+00
   1.0655400e+05   0.0000000e+00
   1.1460400e+05   0.0000000e+00
   1.2326300e+05   0.0000000e+00
   1.3257500e+05   0.0000000e+00
   1.4259100e+05   0.0000000e+00
   1.5336300e+05   0.0000000e+00
   1.6494900e+05   0.0000000e+00
   1.7741100e+05   0.0000000e+00
