   2.9732400e+02   3.0000236e-02
   3.1799500e+02   0.0000000e+00
   3.4010300e+02   0.0000000e+00
   3.6374800e+02   1.0000055e-02
   3.8903700e+02   0.0000000e+00
   4.1608400e+02   9.9998325e-03
   4.4501100e+02   1.0000135e-02
   4.7595000e+02   3.9999307e-02
   5.0903900e+02   0.0000000e+00
   5.4442900e+02   1.0000158e-02
   5.8228000e+02   3.0000077e-02
   6.2276200e+02   4.9999520e-02
   6.6605800e+02   9.9999196e-03
   7.1236400e+02   1.0000042e-02
   7.6189000e+02   1.9999982e-02
   8.1485900e+02   0.0000000e+00
   8.7151100e+02   0.0000000e+00
   9.3210100e+02   1.0000075e-02
   9.9690400e+02   5.9998343e-02
   1.0662100e+03   4.0001956e-02
   1.1403400e+03   9.9999828e-03
   1.2196200e+03   3.9999174e-02
   1.3044100e+03   2.0000773e-02
   1.3951000e+03   2.9999589e-02
   1.4920900e+03   4.9997756e-02
   1.5958200e+03   5.0001504e-02
   1.7067700e+03   2.0000024e-02
   1.8254300e+03   1.0000038e-02
   1.9523400e+03   3.9999224e-02
   2.0880700e+03   1.0000050e-02
   2.2332400e+03   2.9999648e-02
   2.3885000e+03   0.0000000e+00
   2.5545600e+03   1.9999891e-02
   2.7321600e+03   2.0000215e-02
   2.9221100e+03   0.0000000e+00
   3.1252600e+03   1.0000095e-02
   3.3425400e+03   2.9999561e-02
   3.5749200e+03   0.0000000e+00
   3.8234600e+03   2.0000058e-02
   4.0892800e+03   9.9999966e-03
   4.3735800e+03   1.0000163e-02
   4.6776500e+03   0.0000000e+00
   5.0028500e+03   0.0000000e+00
   5.3506700e+03   0.0000000e+00
   5.7226600e+03   0.0000000e+00
   6.1205200e+03   0.0000000e+00
   6.5460400e+03   1.9999961e-02
   7.0011400e+03   1.9999952e-02
   7.4878800e+03   1.9999955e-02
   8.0084600e+03   9.9999233e-03
   8.5652300e+03   1.0000123e-02
   9.1607200e+03   9.9999713e-03
   9.7976000e+03   1.0000561e-02
   1.0478800e+04   9.9997553e-03
   1.1207300e+04   0.0000000e+00
   1.1986400e+04   2.0001600e-02
   1.2819800e+04   0.0000000e+00
   1.3711000e+04   0.0000000e+00
   1.4664300e+04   0.0000000e+00
   1.5683800e+04   1.0000124e-02
   1.6774200e+04   0.0000000e+00
   1.7940400e+04   9.9994260e-03
   1.9187600e+04   2.0000262e-02
   2.0521600e+04   0.0000000e+00
   2.1948400e+04   0.0000000e+00
   2.3474300e+04   0.0000000e+00
   2.5106300e+04   9.9996060e-03
   2.6851700e+04   0.0000000e+00
   2.8718600e+04   9.9999711e-03
   3.0715200e+04   0.0000000e+00
   3.2850600e+04   0.0000000e+00
   3.5134500e+04   0.0000000e+00
   3.7577100e+04   0.0000000e+00
   4.0189600e+04   0.0000000e+00
   4.2983700e+04   0.0000000e+00
   4.5972100e+04   0.0000000e+00
   4.9168200e+04   0.0000000e+00
   5.2586500e+04   0.0000000e+00
   5.6242500e+04   0.0000000e+00
   6.0152600e+04   0.0000000e+00
   6.4334600e+04   0.0000000e+00
   6.8807400e+04   9.9999900e-03
   7.3591100e+04   0.0000000e+00
   7.8707400e+04   2.0000051e-02
   8.4179400e+04   0.0000000e+00
   9.0031800e+04   0.0000000e+00
   9.6291100e+04   0.0000000e+00
   1.0298600e+05   0.0000000e+00
   1.1014500e+05   0.0000000e+00
   1.1780300e+05   0.0000000e+00
   1.2599300e+05   0.0000000e+00
   1.3475300e+05   0.0000000e+00
   1.4412100e+05   0.0000000e+00
   1.5414100e+05   0.0000000e+00
   1.6485700e+05   0.0000000e+00
   1.7631800e+05   0.0000000e+00
   1.8857700e+05   0.0000000e+00
   2.0168700e+05   0.0000000e+00
   2.1570900e+05   1.0000150e-02
