   1.8673300e+02   1.9999783e-02
   1.9864600e+02   0.0000000e+00
   2.1131900e+02   1.0000220e-02
   2.2480100e+02   3.0000452e-02
   2.3914300e+02   1.0000155e-02
   2.5440000e+02   3.9999646e-02
   2.7063000e+02   4.9998404e-02
   2.8789500e+02   1.0000513e-02
   3.0626300e+02   2.9998645e-02
   3.2580100e+02   3.0000850e-02
   3.4658700e+02   1.9999598e-02
   3.6869800e+02   2.9999959e-02
   3.9222000e+02   3.0000325e-02
   4.1724300e+02   1.9999893e-02
   4.4386200e+02   1.0000219e-02
   4.7218000e+02   1.9999353e-02
   5.0230300e+02   0.0000000e+00
   5.3434900e+02   1.0000220e-02
   5.6844000e+02   9.9999650e-03
   6.0470500e+02   9.9998034e-03
   6.4328300e+02   1.0000012e-02
   6.8432300e+02   1.0000181e-02
   7.2798200e+02   9.9998745e-03
   7.7442500e+02   0.0000000e+00
   8.2383200e+02   9.9998953e-03
   8.7639000e+02   1.0000029e-02
   9.3230200e+02   2.0000111e-02
   9.9178100e+02   0.0000000e+00
   1.0550500e+03   2.0000022e-02
   1.1223600e+03   1.0000838e-02
   1.1939700e+03   3.9998695e-02
   1.2701400e+03   9.9997502e-03
   1.3511700e+03   0.0000000e+00
   1.4373700e+03   1.0000976e-02
   1.5290800e+03   1.9999701e-02
   1.6266300e+03   2.9998558e-02
   1.7304000e+03   0.0000000e+00
   1.8408000e+03   2.0000267e-02
   1.9582400e+03   1.9999794e-02
   2.0831700e+03   1.9999855e-02
   2.2160700e+03   9.9999912e-03
   2.3574500e+03   1.0000006e-02
   2.5078500e+03   9.9996790e-03
   2.6678400e+03   2.0000866e-02
   2.8380500e+03   0.0000000e+00
   3.0191100e+03   9.9998875e-03
   3.2117200e+03   9.9999806e-03
   3.4166200e+03   9.9998751e-03
   3.6345900e+03   2.0000114e-02
   3.8664700e+03   1.9999831e-02
   4.1131400e+03   1.0000025e-02
   4.3755500e+03   0.0000000e+00
   4.6547000e+03   0.0000000e+00
   4.9516600e+03   0.0000000e+00
   5.2675700e+03   0.0000000e+00
   5.6036200e+03   1.0000061e-02
   5.9611200e+03   1.0000099e-02
   6.3414300e+03   3.0000120e-02
   6.7460000e+03   0.0000000e+00
   7.1763800e+03   1.9999708e-02
   7.6342100e+03   1.0000111e-02
   8.1212600e+03   1.0000027e-02
   8.6393800e+03   0.0000000e+00
   9.1905500e+03   2.9999692e-02
   9.7768800e+03   0.0000000e+00
   1.0400600e+04   1.0000983e-02
   1.1064200e+04   0.0000000e+00
   1.1770000e+04   9.9999606e-03
   1.2520900e+04   0.0000000e+00
   1.3319700e+04   1.0000361e-02
   1.4169500e+04   0.0000000e+00
   1.5073500e+04   9.9994861e-03
   1.6035100e+04   9.9999478e-03
   1.7058100e+04   0.0000000e+00
   1.8146400e+04   1.0000004e-02
   1.9304100e+04   0.0000000e+00
   2.0535700e+04   0.0000000e+00
   2.1845800e+04   0.0000000e+00
   2.3239500e+04   0.0000000e+00
   2.4722100e+04   0.0000000e+00
   2.6299400e+04   0.0000000e+00
   2.7977200e+04   0.0000000e+00
   2.9762100e+04   0.0000000e+00
   3.1660800e+04   1.0000060e-02
   3.3680700e+04   0.0000000e+00
   3.5829500e+04   0.0000000e+00
   3.8115300e+04   1.0000123e-02
   4.0547000e+04   0.0000000e+00
   4.3133800e+04   0.0000000e+00
   4.5885600e+04   0.0000000e+00
   4.8813000e+04   0.0000000e+00
   5.1927200e+04   0.0000000e+00
   5.5240000e+04   0.0000000e+00
   5.8764200e+04   0.0000000e+00
   6.2513200e+04   0.0000000e+00
   6.6501400e+04   0.0000000e+00
   7.0744100e+04   0.0000000e+00
   7.5257400e+04   0.0000000e+00
   8.0058600e+04   1.0000068e-02
