   1.6859600e+02   1.0000525e-02
   1.8524800e+02   9.9996445e-03
   2.0354300e+02   1.0000197e-02
   2.2364600e+02   0.0000000e+00
   2.4573400e+02   0.0000000e+00
   2.7000300e+02   2.0000463e-02
   2.9667000e+02   9.9999728e-03
   3.2597000e+02   1.9999483e-02
   3.5816300e+02   1.0000159e-02
   3.9353700e+02   2.9999999e-02
   4.3240400e+02   2.9999579e-02
   4.7510900e+02   3.0000390e-02
   5.2203300e+02   9.9998926e-03
   5.7359000e+02   1.0000085e-02
   6.3024000e+02   1.0000095e-02
   6.9248500e+02   3.0000014e-02
   7.6087700e+02   2.9999711e-02
   8.3602300e+02   4.0000304e-02
   9.1859200e+02   0.0000000e+00
   1.0093100e+03   3.0002005e-02
   1.1090000e+03   0.0000000e+00
   1.2185300e+03   0.0000000e+00
   1.3388700e+03   1.9999788e-02
   1.4711000e+03   0.0000000e+00
   1.6163900e+03   2.0000018e-02
   1.7760300e+03   1.0000177e-02
   1.9514400e+03   1.9999978e-02
   2.1441700e+03   3.0000609e-02
   2.3559400e+03   1.9999986e-02
   2.5886200e+03   9.9999875e-03
   2.8442800e+03   0.0000000e+00
   3.1251900e+03   2.9999638e-02
   3.4338400e+03   1.0000086e-02
   3.7729800e+03   3.9999967e-02
   4.1456100e+03   1.0000163e-02
   4.5550500e+03   1.9999961e-02
   5.0049200e+03   2.9999907e-02
   5.4992200e+03   1.9999960e-02
   6.0423400e+03   2.9999961e-02
   6.6391000e+03   2.0000030e-02
   7.2948000e+03   1.0000057e-02
   8.0152600e+03   1.9999947e-02
   8.8068700e+03   0.0000000e+00
   9.6766700e+03   1.0000281e-02
   1.0632400e+04   3.0000412e-02
   1.1682500e+04   1.9998351e-02
   1.2836200e+04   2.0000813e-02
   1.4104000e+04   2.0000555e-02
   1.5497000e+04   2.9999484e-02
   1.7027500e+04   3.0000183e-02
   1.8709200e+04   0.0000000e+00
   2.0557000e+04   2.9998844e-02
   2.2587200e+04   0.0000000e+00
   2.4818000e+04   9.9999733e-03
   2.7269100e+04   0.0000000e+00
   2.9962300e+04   0.0000000e+00
   3.2921500e+04   9.9999083e-03
   3.6172900e+04   0.0000000e+00
   3.9745500e+04   1.0000035e-02
   4.3670900e+04   0.0000000e+00
   4.7983900e+04   1.0000117e-02
   5.2723000e+04   0.0000000e+00
   5.7930100e+04   0.0000000e+00
   6.3651500e+04   0.0000000e+00
   6.9937900e+04   0.0000000e+00
   7.6845200e+04   0.0000000e+00
   8.4434600e+04   0.0000000e+00
   9.2773700e+04   0.0000000e+00
   1.0193600e+05   1.0000434e-02
   1.1200400e+05   1.0000114e-02
   1.2306600e+05   0.0000000e+00
   1.3522000e+05   0.0000000e+00
   1.4857500e+05   0.0000000e+00
   1.6324900e+05   0.0000000e+00
   1.7937200e+05   9.9998163e-03
   1.9708700e+05   0.0000000e+00
   2.1655200e+05   0.0000000e+00
   2.3793900e+05   0.0000000e+00
   2.6143900e+05   0.0000000e+00
   2.8725900e+05   0.0000000e+00
   3.1563000e+05   0.0000000e+00
   3.4680300e+05   0.0000000e+00
   3.8105400e+05   0.0000000e+00
   4.1868800e+05   0.0000000e+00
   4.6003900e+05   1.0000016e-02
   5.0547400e+05   0.0000000e+00
   5.5539700e+05   0.0000000e+00
   6.1024900e+05   0.0000000e+00
   6.7052000e+05   0.0000000e+00
   7.3674200e+05   0.0000000e+00
   8.0950500e+05   0.0000000e+00
   8.8945500e+05   0.0000000e+00
   9.7730000e+05   0.0000000e+00
   1.0738200e+06   1.0000556e-02
   1.1798800e+06   0.0000000e+00
   1.2964000e+06   0.0000000e+00
   1.4244400e+06   0.0000000e+00
   1.5651200e+06   0.0000000e+00
   1.7197000e+06   0.0000000e+00
