   2.1853600e+02   2.0001471e-02
   2.3104200e+02   9.9995022e-03
   2.4426200e+02   2.9999674e-02
   2.5823900e+02   1.0000024e-02
   2.7301600e+02   3.0000847e-02
   2.8863900e+02   1.9999390e-02
   3.0515500e+02   2.0000451e-02
   3.2261700e+02   4.0000556e-02
   3.4107800e+02   9.9999253e-03
   3.6059500e+02   1.0000020e-02
   3.8122900e+02   1.9999381e-02
   4.0304300e+02   3.0000120e-02
   4.2610600e+02   1.0000151e-02
   4.5048900e+02   2.0000093e-02
   4.7626700e+02   2.0000050e-02
   5.0352000e+02   0.0000000e+00
   5.3233200e+02   9.9999503e-03
   5.6279300e+02   1.0000264e-02
   5.9499800e+02   2.0000025e-02
   6.2904500e+02   1.9999902e-02
   6.6504000e+02   7.0000270e-02
   7.0309500e+02   9.9998648e-03
   7.4332700e+02   2.0000170e-02
   7.8586200e+02   2.9999637e-02
   8.3083000e+02   1.0000032e-02
   8.7837200e+02   1.9999903e-02
   9.2863400e+02   2.0000244e-02
   9.8177300e+02   9.9996745e-03
   1.0379500e+03   0.0000000e+00
   1.0973500e+03   9.9996215e-03
   1.1601400e+03   0.0000000e+00
   1.2265200e+03   1.0000812e-02
   1.2967100e+03   1.0000008e-02
   1.3709100e+03   2.9997731e-02
   1.4493500e+03   2.0001230e-02
   1.5322900e+03   9.9999040e-03
   1.6199700e+03   2.0000489e-02
   1.7126700e+03   1.9999546e-02
   1.8106700e+03   1.9999942e-02
   1.9142800e+03   3.0000267e-02
   2.0238200e+03   0.0000000e+00
   2.1396200e+03   0.0000000e+00
   2.2620600e+03   0.0000000e+00
   2.3915000e+03   0.0000000e+00
   2.5283400e+03   0.0000000e+00
   2.6730200e+03   1.0000295e-02
   2.8259800e+03   9.9995118e-03
   2.9876800e+03   2.0001096e-02
   3.1586500e+03   1.9999604e-02
   3.3393900e+03   0.0000000e+00
   3.5304800e+03   0.0000000e+00
   3.7325000e+03   0.0000000e+00
   3.9460800e+03   0.0000000e+00
   4.1718800e+03   0.0000000e+00
   4.4106000e+03   0.0000000e+00
   4.6629900e+03   0.0000000e+00
   4.9298100e+03   0.0000000e+00
   5.2119100e+03   0.0000000e+00
   5.5101400e+03   9.9999602e-03
   5.8254400e+03   1.0000200e-02
   6.1587900e+03   9.9997747e-03
   6.5112000e+03   1.0000167e-02
   6.8837900e+03   0.0000000e+00
   7.2776900e+03   1.0000131e-02
   7.6941400e+03   9.9998965e-03
   8.1344100e+03   0.0000000e+00
   8.5998800e+03   0.0000000e+00
   9.0919800e+03   9.9999695e-03
   9.6122400e+03   0.0000000e+00
   1.0162300e+04   0.0000000e+00
   1.0743800e+04   1.0000337e-02
   1.1358600e+04   0.0000000e+00
   1.2008500e+04   1.0000684e-02
   1.2695700e+04   1.9998010e-02
   1.3422100e+04   0.0000000e+00
   1.4190200e+04   1.0000105e-02
   1.5002200e+04   0.0000000e+00
   1.5860600e+04   1.0000300e-02
   1.6768200e+04   9.9999090e-03
   1.7727700e+04   9.9998538e-03
   1.8742100e+04   0.0000000e+00
   1.9814600e+04   0.0000000e+00
   2.0948400e+04   9.9999150e-03
   2.2147100e+04   0.0000000e+00
   2.3414400e+04   0.0000000e+00
   2.4754300e+04   0.0000000e+00
   2.6170700e+04   1.0000389e-02
   2.7668300e+04   9.9997920e-03
   2.9251500e+04   0.0000000e+00
   3.0925300e+04   0.0000000e+00
   3.2695000e+04   9.9996318e-03
   3.4565800e+04   0.0000000e+00
   3.6543700e+04   0.0000000e+00
   3.8634900e+04   9.9997035e-03
   4.0845600e+04   0.0000000e+00
   4.3182900e+04   0.0000000e+00
   4.5653900e+04   0.0000000e+00
   4.8266300e+04   0.0000000e+00
   5.1028200e+04   0.0000000e+00
