   1.3135600e+02   1.9998975e-02
   1.4368400e+02   0.0000000e+00
   1.5717000e+02   1.0000351e-02
   1.7192200e+02   4.0000014e-02
   1.8805800e+02   1.9999392e-02
   2.0570800e+02   9.9999448e-03
   2.2501500e+02   5.9999501e-02
   2.4613400e+02   4.0001113e-02
   2.6923600e+02   1.9999504e-02
   2.9450500e+02   3.0000692e-02
   3.2214700e+02   2.9999348e-02
   3.5238200e+02   1.0000155e-02
   3.8545600e+02   3.0000281e-02
   4.2163400e+02   1.9999917e-02
   4.6120700e+02   9.9999030e-03
   5.0449400e+02   1.9999930e-02
   5.5184400e+02   3.0000389e-02
   6.0363900e+02   1.9999782e-02
   6.6029400e+02   9.9999633e-03
   7.2226700e+02   2.0000084e-02
   7.9005700e+02   9.9999904e-03
   8.6420900e+02   2.0000029e-02
   9.4532100e+02   2.0000936e-02
   1.0340500e+03   0.0000000e+00
   1.1311000e+03   4.9999343e-02
   1.2372600e+03   5.0002094e-02
   1.3533900e+03   9.9996495e-03
   1.4804100e+03   1.0000245e-02
   1.6193600e+03   1.9999048e-02
   1.7713400e+03   1.0000439e-02
   1.9376000e+03   1.9999317e-02
   2.1194500e+03   0.0000000e+00
   2.3183800e+03   1.9999502e-02
   2.5359700e+03   4.0000213e-02
   2.7739900e+03   2.0000152e-02
   3.0343500e+03   0.0000000e+00
   3.3191400e+03   0.0000000e+00
   3.6306700e+03   0.0000000e+00
   3.9714300e+03   2.0000237e-02
   4.3441800e+03   1.9999972e-02
   4.7519100e+03   1.0000034e-02
   5.1979100e+03   0.0000000e+00
   5.6857700e+03   0.0000000e+00
   6.2194100e+03   2.0000217e-02
   6.8031500e+03   9.9999894e-03
   7.4416700e+03   0.0000000e+00
   8.1401200e+03   0.0000000e+00
   8.9041300e+03   9.9999387e-03
   9.7398400e+03   1.0000088e-02
   1.0654000e+04   1.9999000e-02
   1.1653900e+04   0.0000000e+00
   1.2747700e+04   2.0000574e-02
   1.3944200e+04   0.0000000e+00
   1.5253000e+04   0.0000000e+00
   1.6684600e+04   1.9999205e-02
   1.8250500e+04   0.0000000e+00
   1.9963400e+04   0.0000000e+00
   2.1837200e+04   1.9999369e-02
   2.3886700e+04   0.0000000e+00
   2.6128700e+04   0.0000000e+00
   2.8581000e+04   0.0000000e+00
   3.1263500e+04   0.0000000e+00
   3.4197800e+04   0.0000000e+00
   3.7407500e+04   0.0000000e+00
   4.0918500e+04   9.9997871e-03
   4.4758900e+04   0.0000000e+00
   4.8959900e+04   0.0000000e+00
   5.3555100e+04   0.0000000e+00
   5.8581600e+04   0.0000000e+00
   6.4079900e+04   0.0000000e+00
   7.0094200e+04   0.0000000e+00
   7.6673000e+04   0.0000000e+00
   8.3869300e+04   0.0000000e+00
   9.1741000e+04   1.0000557e-02
   1.0035200e+05   2.9997837e-02
   1.0977000e+05   0.0000000e+00
   1.2007300e+05   0.0000000e+00
   1.3134300e+05   0.0000000e+00
   1.4367000e+05   0.0000000e+00
   1.5715400e+05   0.0000000e+00
   1.7190400e+05   0.0000000e+00
   1.8803900e+05   0.0000000e+00
   2.0568700e+05   0.0000000e+00
   2.2499300e+05   0.0000000e+00
   2.4611000e+05   0.0000000e+00
   2.6920900e+05   0.0000000e+00
   2.9447600e+05   0.0000000e+00
   3.2211400e+05   0.0000000e+00
   3.5234700e+05   0.0000000e+00
   3.8541700e+05   0.0000000e+00
   4.2159100e+05   0.0000000e+00
   4.6116100e+05   9.9999745e-03
   5.0444400e+05   0.0000000e+00
   5.5178900e+05   0.0000000e+00
   6.0357800e+05   0.0000000e+00
   6.6022800e+05   0.0000000e+00
   7.2219500e+05   0.0000000e+00
   7.8997800e+05   0.0000000e+00
   8.6412300e+05   0.0000000e+00
