   1.4444700e+02   1.9999994e-02
   1.5885300e+02   1.0000197e-02
   1.7469600e+02   1.0000175e-02
   1.9211900e+02   2.9999578e-02
   2.1127900e+02   5.9999462e-02
   2.3235000e+02   4.0000537e-02
   2.5552300e+02   3.0000274e-02
   2.8100700e+02   2.9999641e-02
   3.0903200e+02   4.9999594e-02
   3.3985200e+02   1.0000018e-02
   3.7374600e+02   1.9999849e-02
   4.1102000e+02   5.0000402e-02
   4.5201200e+02   1.0000006e-02
   4.9709200e+02   3.0000123e-02
   5.4666800e+02   2.0000008e-02
   6.0118800e+02   3.9999713e-02
   6.6114500e+02   3.9999956e-02
   7.2708200e+02   9.9999778e-03
   7.9959500e+02   0.0000000e+00
   8.7934000e+02   1.0000028e-02
   9.6703800e+02   1.9999563e-02
   1.0634800e+03   3.0002006e-02
   1.1695500e+03   1.9999911e-02
   1.2861900e+03   9.9997368e-03
   1.4144600e+03   8.0002067e-02
   1.5555300e+03   9.9996798e-03
   1.7106600e+03   2.0000440e-02
   1.8812700e+03   2.9999688e-02
   2.0688900e+03   1.9999649e-02
   2.2752200e+03   9.9999237e-03
   2.5021300e+03   2.0000659e-02
   2.7516800e+03   1.0000037e-02
   3.0261100e+03   0.0000000e+00
   3.3279000e+03   2.0000161e-02
   3.6598000e+03   2.0000139e-02
   4.0248000e+03   9.9999979e-03
   4.4262000e+03   9.9999786e-03
   4.8676300e+03   0.0000000e+00
   5.3530900e+03   0.0000000e+00
   5.8869600e+03   0.0000000e+00
   6.4740700e+03   1.0000008e-02
   7.1197400e+03   0.0000000e+00
   7.8298100e+03   1.0000027e-02
   8.6106900e+03   9.9998861e-03
   9.4694400e+03   0.0000000e+00
   1.0413800e+04   1.0000098e-02
   1.1452400e+04   1.0000269e-02
   1.2594600e+04   0.0000000e+00
   1.3850700e+04   0.0000000e+00
   1.5232000e+04   0.0000000e+00
   1.6751200e+04   0.0000000e+00
   1.8421800e+04   0.0000000e+00
   2.0259000e+04   0.0000000e+00
   2.2279500e+04   1.9999389e-02
   2.4501400e+04   0.0000000e+00
   2.6945000e+04   2.0000230e-02
   2.9632300e+04   0.0000000e+00
   3.2587500e+04   1.0000298e-02
   3.5837600e+04   0.0000000e+00
   3.9411700e+04   0.0000000e+00
   4.3342300e+04   1.0000033e-02
   4.7664900e+04   0.0000000e+00
   5.2418600e+04   0.0000000e+00
   5.7646400e+04   9.9998696e-03
   6.3395500e+04   0.0000000e+00
   6.9718100e+04   0.0000000e+00
   7.6671100e+04   0.0000000e+00
   8.4317700e+04   9.9999335e-03
   9.2726800e+04   0.0000000e+00
   1.0197500e+05   0.0000000e+00
   1.1214500e+05   0.0000000e+00
   1.2332900e+05   0.0000000e+00
   1.3562900e+05   0.0000000e+00
   1.4915500e+05   0.0000000e+00
   1.6403100e+05   0.0000000e+00
   1.8039000e+05   0.0000000e+00
   1.9838000e+05   0.0000000e+00
   2.1816500e+05   0.0000000e+00
   2.3992300e+05   0.0000000e+00
   2.6385100e+05   0.0000000e+00
   2.9016600e+05   0.0000000e+00
   3.1910400e+05   0.0000000e+00
   3.5092900e+05   0.0000000e+00
   3.8592800e+05   0.0000000e+00
   4.2441700e+05   0.0000000e+00
   4.6674500e+05   0.0000000e+00
   5.1329400e+05   0.0000000e+00
   5.6448500e+05   0.0000000e+00
   6.2078200e+05   0.0000000e+00
   6.8269400e+05   0.0000000e+00
   7.5078000e+05   0.0000000e+00
   8.2565700e+05   0.0000000e+00
   9.0800100e+05   0.0000000e+00
   9.9855700e+05   0.0000000e+00
   1.0981400e+06   0.0000000e+00
   1.2076600e+06   0.0000000e+00
   1.3281100e+06   0.0000000e+00
   1.4605600e+06   0.0000000e+00
   1.6062300e+06   0.0000000e+00
