   1.1447600e+02   9.9998027e-03
   1.2513100e+02   0.0000000e+00
   1.3677800e+02   9.9999459e-03
   1.4950900e+02   0.0000000e+00
   1.6342500e+02   0.0000000e+00
   1.7863600e+02   3.0001402e-02
   1.9526400e+02   2.9998731e-02
   2.1343800e+02   5.0001266e-02
   2.3330500e+02   2.0000349e-02
   2.5502100e+02   4.9998222e-02
   2.7875700e+02   4.0001193e-02
   3.0470400e+02   1.9999780e-02
   3.3306500e+02   3.9999970e-02
   3.6406600e+02   4.0000554e-02
   3.9795300e+02   4.0000205e-02
   4.3499400e+02   3.9999512e-02
   4.7548200e+02   2.9999962e-02
   5.1973900e+02   1.0000106e-02
   5.6811600e+02   4.9999738e-02
   6.2099500e+02   0.0000000e+00
   6.7879600e+02   5.9999837e-02
   7.4197700e+02   9.9999704e-03
   8.1103900e+02   1.9999943e-02
   8.8652900e+02   1.0000070e-02
   9.6904600e+02   9.9996284e-03
   1.0592400e+03   3.0002205e-02
   1.1578400e+03   1.0000054e-02
   1.2656100e+03   2.9999890e-02
   1.3834100e+03   9.9996046e-03
   1.5121700e+03   9.9999778e-03
   1.6529200e+03   1.9999885e-02
   1.8067700e+03   1.9999785e-02
   1.9749400e+03   1.0000297e-02
   2.1587700e+03   0.0000000e+00
   2.3597000e+03   2.0000265e-02
   2.5793400e+03   0.0000000e+00
   2.8194200e+03   0.0000000e+00
   3.0818500e+03   0.0000000e+00
   3.3687000e+03   9.9998934e-03
   3.6822500e+03   1.0000056e-02
   4.0249900e+03   1.0000003e-02
   4.3996300e+03   1.9999977e-02
   4.8091400e+03   0.0000000e+00
   5.2567700e+03   0.0000000e+00
   5.7460600e+03   9.9999304e-03
   6.2808900e+03   1.0000100e-02
   6.8655100e+03   0.0000000e+00
   7.5045400e+03   0.0000000e+00
   8.2030500e+03   1.0000029e-02
   8.9665800e+03   1.9999864e-02
   9.8011700e+03   0.0000000e+00
   1.0713400e+04   0.0000000e+00
   1.1710600e+04   9.9999434e-03
   1.2800600e+04   0.0000000e+00
   1.3992100e+04   0.0000000e+00
   1.5294500e+04   0.0000000e+00
   1.6718100e+04   0.0000000e+00
   1.8274100e+04   1.0000434e-02
   1.9975100e+04   0.0000000e+00
   2.1834300e+04   0.0000000e+00
   2.3866600e+04   0.0000000e+00
   2.6088100e+04   0.0000000e+00
   2.8516300e+04   0.0000000e+00
   3.1170600e+04   0.0000000e+00
   3.4071900e+04   0.0000000e+00
   3.7243200e+04   0.0000000e+00
   4.0709800e+04   1.0000002e-02
   4.4499000e+04   0.0000000e+00
   4.8640800e+04   1.0000206e-02
   5.3168300e+04   0.0000000e+00
   5.8117100e+04   0.0000000e+00
   6.3526500e+04   9.9999556e-03
   6.9439400e+04   0.0000000e+00
   7.5902800e+04   2.0000025e-02
   8.2967700e+04   0.0000000e+00
   9.0690100e+04   0.0000000e+00
   9.9131400e+04   0.0000000e+00
   1.0835800e+05   0.0000000e+00
   1.1844400e+05   0.0000000e+00
   1.2946900e+05   1.0000209e-02
   1.4152000e+05   9.9996950e-03
   1.5469200e+05   0.0000000e+00
   1.6909000e+05   0.0000000e+00
   1.8482900e+05   0.0000000e+00
   2.0203300e+05   0.0000000e+00
   2.2083800e+05   0.0000000e+00
   2.4139300e+05   0.0000000e+00
   2.6386100e+05   0.0000000e+00
   2.8842100e+05   0.0000000e+00
   3.1526700e+05   0.0000000e+00
   3.4461100e+05   1.0000046e-02
   3.7668700e+05   9.9998881e-03
   4.1174800e+05   0.0000000e+00
   4.5007300e+05   0.0000000e+00
   4.9196500e+05   0.0000000e+00
   5.3775700e+05   0.0000000e+00
   5.8781000e+05   0.0000000e+00
   6.4252300e+05   0.0000000e+00
   7.0232800e+05   9.9999326e-03
