   1.4072700e+02   2.0000361e-02
   1.5289800e+02   0.0000000e+00
   1.6612100e+02   3.0000020e-02
   1.8048800e+02   0.0000000e+00
   1.9609800e+02   0.0000000e+00
   2.1305700e+02   1.0000370e-02
   2.3148400e+02   0.0000000e+00
   2.5150400e+02   3.9999436e-02
   2.7325500e+02   1.9999573e-02
   2.9688700e+02   1.0000241e-02
   3.2256400e+02   0.0000000e+00
   3.5046100e+02   9.9997878e-03
   3.8077000e+02   1.9999984e-02
   4.1370100e+02   5.0000079e-02
   4.4948000e+02   3.0000465e-02
   4.8835400e+02   1.9999835e-02
   5.3058900e+02   9.9999588e-03
   5.7647700e+02   2.0000086e-02
   6.2633400e+02   3.0000201e-02
   6.8050300e+02   3.9999736e-02
   7.3935600e+02   6.0000574e-02
   8.0330000e+02   2.9999761e-02
   8.7277300e+02   0.0000000e+00
   9.4825500e+02   0.0000000e+00
   1.0302700e+03   1.9999386e-02
   1.1193700e+03   3.0000354e-02
   1.2161800e+03   1.9999767e-02
   1.3213600e+03   2.0000371e-02
   1.4356400e+03   1.9999817e-02
   1.5598000e+03   5.0000280e-02
   1.6947000e+03   9.9995836e-03
   1.8412600e+03   3.9999496e-02
   2.0005000e+03   3.0000976e-02
   2.1735200e+03   3.0000480e-02
   2.3615000e+03   9.9997748e-03
   2.5657300e+03   0.0000000e+00
   2.7876300e+03   0.0000000e+00
   3.0287200e+03   2.0000062e-02
   3.2906600e+03   0.0000000e+00
   3.5752500e+03   2.9999419e-02
   3.8844500e+03   2.0000145e-02
   4.2204000e+03   0.0000000e+00
   4.5854000e+03   0.0000000e+00
   4.9819700e+03   2.0000124e-02
   5.4128400e+03   0.0000000e+00
   5.8809700e+03   0.0000000e+00
   6.3895900e+03   9.9999049e-03
   6.9421900e+03   1.0000022e-02
   7.5425900e+03   9.9999351e-03
   8.1949100e+03   0.0000000e+00
   8.9036500e+03   1.0000047e-02
   9.6736900e+03   0.0000000e+00
   1.0510300e+04   2.0000273e-02
   1.1419300e+04   0.0000000e+00
   1.2406900e+04   0.0000000e+00
   1.3479900e+04   9.9998827e-03
   1.4645700e+04   0.0000000e+00
   1.5912400e+04   2.0000177e-02
   1.7288600e+04   1.9999945e-02
   1.8783800e+04   9.9998859e-03
   2.0408300e+04   0.0000000e+00
   2.2173300e+04   1.0000192e-02
   2.4091000e+04   0.0000000e+00
   2.6174500e+04   9.9999853e-03
   2.8438200e+04   9.9996745e-03
   3.0897600e+04   0.0000000e+00
   3.3569800e+04   0.0000000e+00
   3.6473100e+04   0.0000000e+00
   3.9627500e+04   0.0000000e+00
   4.3054700e+04   0.0000000e+00
   4.6778300e+04   0.0000000e+00
   5.0823900e+04   0.0000000e+00
   5.5219500e+04   9.9998676e-03
   5.9995100e+04   0.0000000e+00
   6.5183800e+04   0.0000000e+00
   7.0821300e+04   0.0000000e+00
   7.6946200e+04   0.0000000e+00
   8.3601000e+04   0.0000000e+00
   9.0831200e+04   0.0000000e+00
   9.8686800e+04   0.0000000e+00
   1.0722200e+05   0.0000000e+00
   1.1649500e+05   0.0000000e+00
   1.2657000e+05   0.0000000e+00
   1.3751600e+05   9.9998960e-03
   1.4940900e+05   0.0000000e+00
   1.6233100e+05   0.0000000e+00
   1.7637000e+05   0.0000000e+00
   1.9162400e+05   0.0000000e+00
   2.0819600e+05   0.0000000e+00
   2.2620200e+05   0.0000000e+00
   2.4576500e+05   0.0000000e+00
   2.6702100e+05   0.0000000e+00
   2.9011400e+05   0.0000000e+00
   3.1520400e+05   0.0000000e+00
   3.4246500e+05   0.0000000e+00
   3.7208300e+05   0.0000000e+00
   4.0426300e+05   0.0000000e+00
   4.3922600e+05   0.0000000e+00
   4.7721200e+05   1.0000041e-02
