   1.5065300e+02   9.9994970e-03
   1.6448100e+02   1.0000626e-02
   1.7958000e+02   0.0000000e+00
   1.9606300e+02   9.9999791e-03
   2.1406000e+02   1.9999931e-02
   2.3370900e+02   1.0000166e-02
   2.5516200e+02   0.0000000e+00
   2.7858400e+02   4.0000490e-02
   3.0415600e+02   4.0000110e-02
   3.3207500e+02   9.9997493e-03
   3.6255600e+02   3.0000256e-02
   3.9583600e+02   0.0000000e+00
   4.3217100e+02   2.9999443e-02
   4.7184000e+02   4.9999951e-02
   5.1515100e+02   0.0000000e+00
   5.6243800e+02   4.9999769e-02
   6.1406500e+02   5.0000686e-02
   6.7043200e+02   2.9999950e-02
   7.3197200e+02   2.0000015e-02
   7.9916100e+02   9.9999633e-03
   8.7251700e+02   3.0000032e-02
   9.5260700e+02   4.0000625e-02
   1.0400500e+03   0.0000000e+00
   1.1355200e+03   9.9998887e-03
   1.2397500e+03   2.0000236e-02
   1.3535500e+03   3.9998571e-02
   1.4777900e+03   1.0000064e-02
   1.6134400e+03   1.9999868e-02
   1.7615400e+03   4.0001184e-02
   1.9232400e+03   9.9995772e-03
   2.0997700e+03   2.0000897e-02
   2.2925200e+03   9.9998019e-03
   2.5029500e+03   2.9999836e-02
   2.7327000e+03   2.9999962e-02
   2.9835400e+03   9.9998336e-03
   3.2574000e+03   1.0000240e-02
   3.5564100e+03   0.0000000e+00
   3.8828600e+03   1.9999733e-02
   4.2392700e+03   9.9999795e-03
   4.6284000e+03   2.0000026e-02
   5.0532500e+03   0.0000000e+00
   5.5171000e+03   9.9999212e-03
   6.0235200e+03   0.0000000e+00
   6.5764300e+03   0.0000000e+00
   7.1801000e+03   1.9999875e-02
   7.8391700e+03   2.9999953e-02
   8.5587400e+03   1.0000127e-02
   9.3443700e+03   9.9999310e-03
   1.0202100e+04   3.0000965e-02
   1.1138600e+04   9.9997059e-03
   1.2161000e+04   0.0000000e+00
   1.3277300e+04   0.0000000e+00
   1.4496000e+04   0.0000000e+00
   1.5826600e+04   0.0000000e+00
   1.7279400e+04   9.9999481e-03
   1.8865500e+04   0.0000000e+00
   2.0597200e+04   0.0000000e+00
   2.2487900e+04   0.0000000e+00
   2.4552100e+04   1.0000095e-02
   2.6805800e+04   0.0000000e+00
   2.9266300e+04   9.9999628e-03
   3.1952700e+04   0.0000000e+00
   3.4885700e+04   0.0000000e+00
   3.8087900e+04   0.0000000e+00
   4.1584100e+04   0.0000000e+00
   4.5401200e+04   0.0000000e+00
   4.9568600e+04   0.0000000e+00
   5.4118600e+04   0.0000000e+00
   5.9086300e+04   0.0000000e+00
   6.4509900e+04   0.0000000e+00
   7.0431400e+04   0.0000000e+00
   7.6896400e+04   0.0000000e+00
   8.3954900e+04   0.0000000e+00
   9.1661300e+04   0.0000000e+00
   1.0007500e+05   0.0000000e+00
   1.0926100e+05   0.0000000e+00
   1.1929000e+05   2.0000175e-02
   1.3024000e+05   0.0000000e+00
   1.4219500e+05   0.0000000e+00
   1.5524800e+05   0.0000000e+00
   1.6949800e+05   0.0000000e+00
   1.8505700e+05   9.9995903e-03
   2.0204300e+05   0.0000000e+00
   2.2058900e+05   0.0000000e+00
   2.4083700e+05   0.0000000e+00
   2.6294400e+05   0.0000000e+00
   2.8708100e+05   0.0000000e+00
   3.1343200e+05   0.0000000e+00
   3.4220300e+05   0.0000000e+00
   3.7361400e+05   0.0000000e+00
   4.0790900e+05   0.0000000e+00
   4.4535200e+05   0.0000000e+00
   4.8623100e+05   9.9999781e-03
   5.3086300e+05   0.0000000e+00
   5.7959200e+05   0.0000000e+00
   6.3279400e+05   0.0000000e+00
   6.9087900e+05   0.0000000e+00
   7.5429600e+05   0.0000000e+00
   8.2353500e+05   9.9998956e-03
