   1.1117600e+02   1.0000015e-02
   1.1942500e+02   0.0000000e+00
   1.2828600e+02   9.9994204e-03
   1.3780400e+02   2.0000407e-02
   1.4802900e+02   0.0000000e+00
   1.5901200e+02   0.0000000e+00
   1.7081100e+02   0.0000000e+00
   1.8348500e+02   9.9998642e-03
   1.9709900e+02   2.9999381e-02
   2.1172300e+02   3.0001073e-02
   2.2743300e+02   1.9999913e-02
   2.4430800e+02   0.0000000e+00
   2.6243500e+02   0.0000000e+00
   2.8190700e+02   2.0000082e-02
   3.0282400e+02   0.0000000e+00
   3.2529300e+02   3.9999869e-02
   3.4942900e+02   3.0000132e-02
   3.7535600e+02   9.9997653e-03
   4.0320600e+02   5.9999740e-02
   4.3312300e+02   2.0000076e-02
   4.6526000e+02   2.0000355e-02
   4.9978200e+02   3.9999241e-02
   5.3686400e+02   1.0000178e-02
   5.7669900e+02   1.0000023e-02
   6.1948900e+02   9.9998359e-03
   6.6545300e+02   0.0000000e+00
   7.1482900e+02   1.0000026e-02
   7.6786800e+02   9.9999625e-03
   8.2484200e+02   2.9999690e-02
   8.8604300e+02   2.0000138e-02
   9.5178600e+02   3.0001428e-02
   1.0224100e+03   1.9999882e-02
   1.0982700e+03   1.0000127e-02
   1.1797600e+03   0.0000000e+00
   1.2672900e+03   1.9999899e-02
   1.3613200e+03   0.0000000e+00
   1.4623300e+03   9.9998157e-03
   1.5708300e+03   2.9999387e-02
   1.6873800e+03   3.0002319e-02
   1.8125900e+03   3.0000012e-02
   1.9470800e+03   2.9998130e-02
   2.0915400e+03   2.0000266e-02
   2.2467300e+03   1.0000416e-02
   2.4134400e+03   9.9998776e-03
   2.5925100e+03   2.0000054e-02
   2.7848700e+03   0.0000000e+00
   2.9915000e+03   0.0000000e+00
   3.2134600e+03   9.9998973e-03
   3.4518900e+03   0.0000000e+00
   3.7080200e+03   1.0000095e-02
   3.9831500e+03   1.9999901e-02
   4.2786900e+03   0.0000000e+00
   4.5961600e+03   9.9998318e-03
   4.9371800e+03   0.0000000e+00
   5.3035100e+03   3.0000022e-02
   5.6970200e+03   1.0000050e-02
   6.1197300e+03   0.0000000e+00
   6.5738000e+03   9.9999580e-03
   7.0615600e+03   3.0000325e-02
   7.5855200e+03   1.9999995e-02
   8.1483500e+03   0.0000000e+00
   8.7529400e+03   9.9999713e-03
   9.4023900e+03   0.0000000e+00
   1.0100000e+04   0.0000000e+00
   1.0849400e+04   0.0000000e+00
   1.1654400e+04   0.0000000e+00
   1.2519200e+04   1.0000073e-02
   1.3448100e+04   0.0000000e+00
   1.4445900e+04   9.9994760e-03
   1.5517700e+04   0.0000000e+00
   1.6669100e+04   0.0000000e+00
   1.7905900e+04   0.0000000e+00
   1.9234500e+04   0.0000000e+00
   2.0661700e+04   0.0000000e+00
   2.2194800e+04   0.0000000e+00
   2.3841600e+04   0.0000000e+00
   2.5610600e+04   0.0000000e+00
   2.7510800e+04   1.0000267e-02
   2.9552100e+04   0.0000000e+00
   3.1744800e+04   1.0000016e-02
   3.4100200e+04   9.9997395e-03
   3.6630300e+04   0.0000000e+00
   3.9348200e+04   0.0000000e+00
   4.2267800e+04   0.0000000e+00
   4.5404000e+04   0.0000000e+00
   4.8772800e+04   0.0000000e+00
   5.2391700e+04   9.9998460e-03
   5.6279000e+04   0.0000000e+00
   6.0454800e+04   1.0000150e-02
   6.4940500e+04   0.0000000e+00
   6.9758900e+04   0.0000000e+00
   7.4934900e+04   0.0000000e+00
   8.0494900e+04   1.0000044e-02
   8.6467500e+04   0.0000000e+00
   9.2883200e+04   9.9999256e-03
   9.9774900e+04   0.0000000e+00
   1.0717800e+05   0.0000000e+00
   1.1513000e+05   0.0000000e+00
   1.2367300e+05   9.9997295e-03
