   1.4837500e+02   9.9997147e-03
   1.5854100e+02   1.0000130e-02
   1.6940400e+02   1.9999790e-02
   1.8101100e+02   0.0000000e+00
   1.9341400e+02   0.0000000e+00
   2.0666600e+02   9.9998345e-03
   2.2082600e+02   2.0000761e-02
   2.3595700e+02   9.9999038e-03
   2.5212400e+02   2.0000131e-02
   2.6939900e+02   9.9997138e-03
   2.8785700e+02   5.0001918e-02
   3.0758100e+02   2.9999050e-02
   3.2865500e+02   0.0000000e+00
   3.5117400e+02   5.0000836e-02
   3.7523600e+02   1.9999860e-02
   4.0094600e+02   1.0000083e-02
   4.2841800e+02   9.9999685e-03
   4.5777200e+02   2.9999682e-02
   4.8913700e+02   9.9998738e-03
   5.2265100e+02   1.0000079e-02
   5.5846200e+02   0.0000000e+00
   5.9672700e+02   1.9999918e-02
   6.3761300e+02   0.0000000e+00
   6.8130000e+02   1.0000004e-02
   7.2798100e+02   2.0000234e-02
   7.7786100e+02   1.9999966e-02
   8.3115800e+02   1.0000017e-02
   8.8810700e+02   0.0000000e+00
   9.4895700e+02   2.0000880e-02
   1.0139800e+03   9.9992339e-03
   1.0834500e+03   2.0001221e-02
   1.1576900e+03   1.9999507e-02
   1.2370100e+03   1.0000409e-02
   1.3217700e+03   1.9999089e-02
   1.4123300e+03   4.0000267e-02
   1.5091000e+03   2.0000042e-02
   1.6125000e+03   1.9999200e-02
   1.7229800e+03   2.0000899e-02
   1.8410400e+03   0.0000000e+00
   1.9671800e+03   0.0000000e+00
   2.1019700e+03   1.9999769e-02
   2.2459900e+03   1.0000034e-02
   2.3998800e+03   1.9999621e-02
   2.5643100e+03   9.9999831e-03
   2.7400100e+03   1.0000065e-02
   2.9277500e+03   2.9999730e-02
   3.1283500e+03   1.0000156e-02
   3.3427000e+03   9.9998621e-03
   3.5717300e+03   0.0000000e+00
   3.8164600e+03   0.0000000e+00
   4.0779500e+03   1.0000330e-02
   4.3573700e+03   0.0000000e+00
   4.6559200e+03   2.9999828e-02
   4.9749300e+03   2.0000002e-02
   5.3158000e+03   0.0000000e+00
   5.6800300e+03   3.9999920e-02
   6.0692100e+03   2.0000139e-02
   6.4850600e+03   2.0000010e-02
   6.9294000e+03   9.9999113e-03
   7.4041800e+03   0.0000000e+00
   7.9115000e+03   0.0000000e+00
   8.4535700e+03   1.0000060e-02
   9.0327900e+03   9.9999386e-03
   9.6516900e+03   9.9999992e-03
   1.0313000e+04   0.0000000e+00
   1.1019600e+04   0.0000000e+00
   1.1774700e+04   9.9991272e-03
   1.2581400e+04   1.0000619e-02
   1.3443500e+04   1.9999752e-02
   1.4364600e+04   0.0000000e+00
   1.5348800e+04   0.0000000e+00
   1.6400500e+04   0.0000000e+00
   1.7524200e+04   0.0000000e+00
   1.8724900e+04   0.0000000e+00
   2.0007900e+04   0.0000000e+00
   2.1378800e+04   0.0000000e+00
   2.2843600e+04   0.0000000e+00
   2.4408800e+04   9.9998315e-03
   2.6081200e+04   0.0000000e+00
   2.7868200e+04   1.0000204e-02
   2.9777700e+04   0.0000000e+00
   3.1818000e+04   0.0000000e+00
   3.3998100e+04   9.9997415e-03
   3.6327500e+04   1.0000109e-02
   3.8816600e+04   0.0000000e+00
   4.1476200e+04   0.0000000e+00
   4.4318100e+04   0.0000000e+00
   4.7354600e+04   0.0000000e+00
   5.0599200e+04   0.0000000e+00
   5.4066200e+04   0.0000000e+00
   5.7770700e+04   0.0000000e+00
   6.1729000e+04   0.0000000e+00
   6.5958500e+04   0.0000000e+00
   7.0477800e+04   0.0000000e+00
   7.5306700e+04   0.0000000e+00
   8.0466600e+04   0.0000000e+00
   8.5979900e+04   0.0000000e+00
   9.1871000e+04   0.0000000e+00
   9.8165800e+04   0.0000000e+00
