   1.4395100e+02   9.9997369e-03
   1.5811700e+02   2.0000709e-02
   1.7367800e+02   1.0000102e-02
   1.9077000e+02   1.9999065e-02
   2.0954300e+02   2.0000577e-02
   2.3016500e+02   1.0000099e-02
   2.5281600e+02   0.0000000e+00
   2.7769500e+02   2.0000483e-02
   3.0502400e+02   3.0000259e-02
   3.3504200e+02   1.9999483e-02
   3.6801300e+02   2.0000186e-02
   4.0423000e+02   1.0000068e-02
   4.4401100e+02   1.9999726e-02
   4.8770600e+02   1.0000063e-02
   5.3570200e+02   2.9999958e-02
   5.8842100e+02   2.0000265e-02
   6.4632900e+02   3.9999404e-02
   7.0993400e+02   1.0000060e-02
   7.7980000e+02   2.0000009e-02
   8.5654100e+02   1.9999947e-02
   9.4083400e+02   5.9998320e-02
   1.0334200e+03   2.9999873e-02
   1.1351200e+03   1.0000100e-02
   1.2468300e+03   3.9999218e-02
   1.3695300e+03   2.0000409e-02
   1.5043100e+03   2.9999714e-02
   1.6523500e+03   2.0000054e-02
   1.8149600e+03   4.0001592e-02
   1.9935800e+03   1.0000000e-02
   2.1897700e+03   1.9999304e-02
   2.4052600e+03   2.0000433e-02
   2.6419700e+03   0.0000000e+00
   2.9019700e+03   2.9999322e-02
   3.1875500e+03   2.9999900e-02
   3.5012400e+03   2.0000497e-02
   3.8458100e+03   1.9999982e-02
   4.2242800e+03   9.9998625e-03
   4.6399900e+03   1.0000060e-02
   5.0966200e+03   1.9999805e-02
   5.5981800e+03   0.0000000e+00
   6.1491100e+03   9.9999990e-03
   6.7542500e+03   0.0000000e+00
   7.4189400e+03   0.0000000e+00
   8.1490500e+03   3.0000121e-02
   8.9510100e+03   0.0000000e+00
   9.8318900e+03   0.0000000e+00
   1.0799500e+04   1.9998314e-02
   1.1862200e+04   0.0000000e+00
   1.3029600e+04   0.0000000e+00
   1.4311900e+04   1.9999280e-02
   1.5720300e+04   1.0000284e-02
   1.7267400e+04   0.0000000e+00
   1.8966700e+04   0.0000000e+00
   2.0833200e+04   0.0000000e+00
   2.2883400e+04   0.0000000e+00
   2.5135400e+04   9.9999732e-03
   2.7609000e+04   0.0000000e+00
   3.0326100e+04   9.9999186e-03
   3.3310500e+04   0.0000000e+00
   3.6588600e+04   0.0000000e+00
   4.0189400e+04   9.9997824e-03
   4.4144400e+04   0.0000000e+00
   4.8488700e+04   2.0000274e-02
   5.3260600e+04   9.9999098e-03
   5.8502000e+04   0.0000000e+00
   6.4259300e+04   0.0000000e+00
   7.0583100e+04   0.0000000e+00
   7.7529300e+04   0.0000000e+00
   8.5159000e+04   0.0000000e+00
   9.3539600e+04   0.0000000e+00
   1.0274500e+05   0.0000000e+00
   1.1285600e+05   0.0000000e+00
   1.2396300e+05   1.9999529e-02
   1.3616200e+05   1.0000112e-02
   1.4956200e+05   0.0000000e+00
   1.6428000e+05   0.0000000e+00
   1.8044700e+05   0.0000000e+00
   1.9820500e+05   0.0000000e+00
   2.1771100e+05   0.0000000e+00
   2.3913600e+05   0.0000000e+00
   2.6267000e+05   0.0000000e+00
   2.8851900e+05   0.0000000e+00
   3.1691300e+05   1.0000089e-02
   3.4810100e+05   0.0000000e+00
   3.8235800e+05   0.0000000e+00
   4.1998600e+05   0.0000000e+00
   4.6131700e+05   0.0000000e+00
   5.0671600e+05   0.0000000e+00
   5.5658200e+05   0.0000000e+00
   6.1135600e+05   0.0000000e+00
   6.7152100e+05   0.0000000e+00
   7.3760600e+05   0.0000000e+00
   8.1019500e+05   0.0000000e+00
   8.8992700e+05   0.0000000e+00
   9.7750600e+05   0.0000000e+00
   1.0737000e+06   0.0000000e+00
   1.1793700e+06   0.0000000e+00
   1.2954300e+06   0.0000000e+00
   1.4229200e+06   0.0000000e+00
