   1.5152500e+02   1.9999949e-02
   1.6654900e+02   2.0000436e-02
   1.8306300e+02   0.0000000e+00
   2.0121400e+02   2.0000279e-02
   2.2116500e+02   1.0000041e-02
   2.4309400e+02   3.9999652e-02
   2.6719700e+02   4.9999709e-02
   2.9369000e+02   4.0000106e-02
   3.2281000e+02   0.0000000e+00
   3.5481700e+02   6.0000140e-02
   3.8999800e+02   4.9999790e-02
   4.2866700e+02   9.9999358e-03
   4.7117000e+02   5.0000407e-02
   5.1788800e+02   2.0000157e-02
   5.6923800e+02   2.9999972e-02
   6.2567900e+02   1.9999922e-02
   6.8771600e+02   3.9999763e-02
   7.5590400e+02   2.0000183e-02
   8.3085400e+02   0.0000000e+00
   9.1323400e+02   1.9999348e-02
   1.0037800e+03   2.0000553e-02
   1.1033100e+03   3.0001309e-02
   1.2127100e+03   1.9999639e-02
   1.3329500e+03   0.0000000e+00
   1.4651100e+03   1.0000082e-02
   1.6103800e+03   1.9999626e-02
   1.7700500e+03   4.0001362e-02
   1.9455600e+03   9.9996852e-03
   2.1384600e+03   0.0000000e+00
   2.3505000e+03   2.9999128e-02
   2.5835500e+03   0.0000000e+00
   2.8397200e+03   9.9998850e-03
   3.1212800e+03   1.9999928e-02
   3.4307600e+03   2.0000193e-02
   3.7709300e+03   0.0000000e+00
   4.1448200e+03   1.0000051e-02
   4.5557900e+03   0.0000000e+00
   5.0075100e+03   1.9999814e-02
   5.5040100e+03   2.0000225e-02
   6.0497500e+03   1.9999865e-02
   6.6495900e+03   0.0000000e+00
   7.3089100e+03   1.9999922e-02
   8.0336000e+03   0.0000000e+00
   8.8301500e+03   1.0000041e-02
   9.7056800e+03   9.9998520e-03
   1.0668000e+04   2.0000882e-02
   1.1725800e+04   9.9997202e-03
   1.2888400e+04   0.0000000e+00
   1.4166300e+04   0.0000000e+00
   1.5570900e+04   0.0000000e+00
   1.7114800e+04   1.0000183e-02
   1.8811800e+04   0.0000000e+00
   2.0677000e+04   1.0000158e-02
   2.2727200e+04   9.9998005e-03
   2.4980600e+04   0.0000000e+00
   2.7457500e+04   0.0000000e+00
   3.0180000e+04   1.0000002e-02
   3.3172400e+04   9.9999823e-03
   3.6461500e+04   0.0000000e+00
   4.0076700e+04   1.0000054e-02
   4.4050400e+04   0.0000000e+00
   4.8418100e+04   9.9999061e-03
   5.3218800e+04   0.0000000e+00
   5.8495600e+04   0.0000000e+00
   6.4295500e+04   0.0000000e+00
   7.0670500e+04   0.0000000e+00
   7.7677700e+04   0.0000000e+00
   8.5379500e+04   0.0000000e+00
   9.3845100e+04   0.0000000e+00
   1.0315000e+05   0.0000000e+00
   1.1337800e+05   9.9994653e-03
   1.2461900e+05   0.0000000e+00
   1.3697500e+05   0.0000000e+00
   1.5055700e+05   0.0000000e+00
   1.6548500e+05   0.0000000e+00
   1.8189300e+05   0.0000000e+00
   1.9992800e+05   0.0000000e+00
   2.1975100e+05   0.0000000e+00
   2.4154000e+05   0.0000000e+00
   2.6548900e+05   0.0000000e+00
   2.9181300e+05   0.0000000e+00
   3.2074700e+05   0.0000000e+00
   3.5254900e+05   1.0000003e-02
   3.8750500e+05   0.0000000e+00
   4.2592700e+05   0.0000000e+00
   4.6815900e+05   0.0000000e+00
   5.1457800e+05   0.0000000e+00
   5.6559900e+05   0.0000000e+00
   6.2167900e+05   0.0000000e+00
   6.8332000e+05   0.0000000e+00
   7.5107300e+05   9.9999805e-03
   8.2554300e+05   0.0000000e+00
   9.0739700e+05   0.0000000e+00
   9.9736700e+05   0.0000000e+00
   1.0962600e+06   0.0000000e+00
   1.2049500e+06   0.0000000e+00
   1.3244300e+06   0.0000000e+00
   1.4557500e+06   0.0000000e+00
   1.6000900e+06   9.9998840e-03
