   1.3766700e+02   1.0000282e-02
   1.4926800e+02   9.9998370e-03
   1.6184600e+02   0.0000000e+00
   1.7548400e+02   1.9999565e-02
   1.9027100e+02   2.0000651e-02
   2.0630500e+02   9.9997114e-03
   2.2368900e+02   1.0000302e-02
   2.4253900e+02   9.9995993e-03
   2.6297600e+02   2.0000879e-02
   2.8513700e+02   1.9999690e-02
   3.0916400e+02   3.9999980e-02
   3.3521600e+02   5.9999170e-02
   3.6346300e+02   5.0000516e-02
   3.9409100e+02   3.0000413e-02
   4.2730000e+02   9.9997663e-03
   4.6330600e+02   0.0000000e+00
   5.0234700e+02   2.0000043e-02
   5.4467800e+02   1.0000027e-02
   5.9057600e+02   2.0000159e-02
   6.4034200e+02   3.9999861e-02
   6.9430100e+02   4.9999930e-02
   7.5280700e+02   0.0000000e+00
   8.1624300e+02   5.0000181e-02
   8.8502500e+02   2.0000104e-02
   9.5960300e+02   4.9996875e-02
   1.0404600e+03   2.0000948e-02
   1.1281400e+03   1.0000603e-02
   1.2232100e+03   9.9995319e-03
   1.3262800e+03   0.0000000e+00
   1.4380400e+03   0.0000000e+00
   1.5592200e+03   1.0000040e-02
   1.6906100e+03   9.9999227e-03
   1.8330700e+03   0.0000000e+00
   1.9875300e+03   2.0000986e-02
   2.1550200e+03   3.9998829e-02
   2.3366100e+03   2.0000314e-02
   2.5335100e+03   1.0000042e-02
   2.7470000e+03   1.0000052e-02
   2.9784800e+03   9.9997961e-03
   3.2294600e+03   2.0000412e-02
   3.5016000e+03   1.9999580e-02
   3.7966600e+03   9.9999880e-03
   4.1165900e+03   0.0000000e+00
   4.4634800e+03   9.9999777e-03
   4.8396000e+03   1.0000113e-02
   5.2474200e+03   0.0000000e+00
   5.6896000e+03   0.0000000e+00
   6.1690400e+03   0.0000000e+00
   6.6888800e+03   0.0000000e+00
   7.2525300e+03   9.9999616e-03
   7.8636700e+03   1.9999933e-02
   8.5263100e+03   1.0000020e-02
   9.2447900e+03   0.0000000e+00
   1.0023800e+04   0.0000000e+00
   1.0868500e+04   9.9995286e-03
   1.1784300e+04   0.0000000e+00
   1.2777300e+04   1.0000013e-02
   1.3854000e+04   1.0000618e-02
   1.5021500e+04   0.0000000e+00
   1.6287300e+04   0.0000000e+00
   1.7659700e+04   1.0000540e-02
   1.9147900e+04   9.9998921e-03
   2.0761400e+04   1.0000107e-02
   2.2510900e+04   0.0000000e+00
   2.4407800e+04   0.0000000e+00
   2.6464500e+04   1.0000170e-02
   2.8694600e+04   0.0000000e+00
   3.1112600e+04   9.9998717e-03
   3.3734300e+04   3.0000434e-02
   3.6577000e+04   0.0000000e+00
   3.9659200e+04   0.0000000e+00
   4.3001100e+04   0.0000000e+00
   4.6624600e+04   1.0000072e-02
   5.0553500e+04   0.0000000e+00
   5.4813500e+04   0.0000000e+00
   5.9432400e+04   0.0000000e+00
   6.4440500e+04   0.0000000e+00
   6.9870700e+04   0.0000000e+00
   7.5758400e+04   0.0000000e+00
   8.2142300e+04   0.0000000e+00
   8.9064100e+04   0.0000000e+00
   9.6569200e+04   0.0000000e+00
   1.0470700e+05   0.0000000e+00
   1.1353000e+05   0.0000000e+00
   1.2309700e+05   0.0000000e+00
   1.3347000e+05   0.0000000e+00
   1.4471700e+05   0.0000000e+00
   1.5691100e+05   0.0000000e+00
   1.7013400e+05   0.0000000e+00
   1.8447000e+05   0.0000000e+00
   2.0001500e+05   0.0000000e+00
   2.1686900e+05   0.0000000e+00
   2.3514400e+05   0.0000000e+00
   2.5495800e+05   0.0000000e+00
   2.7644300e+05   0.0000000e+00
   2.9973800e+05   0.0000000e+00
   3.2499500e+05   1.0000308e-02
   3.5238200e+05   0.0000000e+00
   3.8207500e+05   9.9999810e-03
