   1.1870800e+02   1.9999877e-02
   1.3146400e+02   1.9998885e-02
   1.4559000e+02   5.0000638e-02
   1.6123500e+02   3.0000142e-02
   1.7856100e+02   1.0000114e-02
   1.9774900e+02   0.0000000e+00
   2.1899900e+02   9.9999718e-03
   2.4253200e+02   3.0000229e-02
   2.6859400e+02   2.9999451e-02
   2.9745600e+02   3.0000068e-02
   3.2942000e+02   3.0000263e-02
   3.6481900e+02   6.9999091e-02
   4.0402100e+02   2.9999895e-02
   4.4743600e+02   3.0000332e-02
   4.9551700e+02   9.9999996e-03
   5.4876400e+02   2.0000044e-02
   6.0773300e+02   3.9999704e-02
   6.7303800e+02   4.9999927e-02
   7.4536100e+02   2.0000042e-02
   8.2545600e+02   2.0000083e-02
   9.1415800e+02   9.9999194e-03
   1.0123900e+03   0.0000000e+00
   1.1211800e+03   3.0000122e-02
   1.2416600e+03   3.0000935e-02
   1.3750900e+03   3.9999075e-02
   1.5228500e+03   9.9998931e-03
   1.6864900e+03   2.0000362e-02
   1.8677200e+03   1.9999956e-02
   2.0684200e+03   9.9996774e-03
   2.2906800e+03   0.0000000e+00
   2.5368400e+03   9.9999221e-03
   2.8094400e+03   3.9999217e-02
   3.1113300e+03   2.0000185e-02
   3.4456700e+03   9.9999080e-03
   3.8159300e+03   1.0000215e-02
   4.2259900e+03   0.0000000e+00
   4.6801000e+03   0.0000000e+00
   5.1830100e+03   0.0000000e+00
   5.7399700e+03   1.9999863e-02
   6.3567700e+03   1.0000096e-02
   7.0398600e+03   9.9999091e-03
   7.7963400e+03   2.0000071e-02
   8.6341200e+03   0.0000000e+00
   9.5619200e+03   9.9997847e-03
   1.0589400e+04   9.9998766e-03
   1.1727300e+04   0.0000000e+00
   1.2987500e+04   9.9999345e-03
   1.4383100e+04   0.0000000e+00
   1.5928700e+04   1.0000214e-02
   1.7640400e+04   0.0000000e+00
   1.9536000e+04   1.0000058e-02
   2.1635300e+04   1.9999348e-02
   2.3960100e+04   0.0000000e+00
   2.6534800e+04   0.0000000e+00
   2.9386200e+04   1.0000089e-02
   3.2544000e+04   0.0000000e+00
   3.6041100e+04   1.0000021e-02
   3.9914000e+04   0.0000000e+00
   4.4203000e+04   0.0000000e+00
   4.8953000e+04   1.0000073e-02
   5.4213400e+04   0.0000000e+00
   6.0039000e+04   1.0000070e-02
   6.6490700e+04   0.0000000e+00
   7.3635600e+04   0.0000000e+00
   8.1548300e+04   0.0000000e+00
   9.0311300e+04   0.0000000e+00
   1.0001600e+05   0.0000000e+00
   1.1076300e+05   0.0000000e+00
   1.2266600e+05   0.0000000e+00
   1.3584700e+05   0.0000000e+00
   1.5044500e+05   0.0000000e+00
   1.6661100e+05   0.0000000e+00
   1.8451500e+05   0.0000000e+00
   2.0434300e+05   0.0000000e+00
   2.2630100e+05   0.0000000e+00
   2.5061900e+05   0.0000000e+00
   2.7755000e+05   0.0000000e+00
   3.0737400e+05   0.0000000e+00
   3.4040400e+05   0.0000000e+00
   3.7698300e+05   0.0000000e+00
   4.1749300e+05   0.0000000e+00
   4.6235600e+05   0.0000000e+00
   5.1203900e+05   0.0000000e+00
   5.6706200e+05   0.0000000e+00
   6.2799700e+05   0.0000000e+00
   6.9548000e+05   0.0000000e+00
   7.7021500e+05   0.0000000e+00
   8.5298000e+05   0.0000000e+00
   9.4463900e+05   1.0000224e-02
   1.0461500e+06   0.0000000e+00
   1.1585600e+06   0.0000000e+00
   1.2830600e+06   0.0000000e+00
   1.4209400e+06   0.0000000e+00
   1.5736300e+06   0.0000000e+00
   1.7427200e+06   0.0000000e+00
   1.9299900e+06   0.0000000e+00
   2.1373900e+06   0.0000000e+00
   2.3670700e+06   0.0000000e+00
   2.6214200e+06   1.0000265e-02
