   1.2175800e+02   9.9998597e-03
   1.3277600e+02   9.9998202e-03
   1.4479100e+02   1.0000380e-02
   1.5789400e+02   0.0000000e+00
   1.7218200e+02   1.9999772e-02
   1.8776300e+02   3.9999702e-02
   2.0475400e+02   1.0000175e-02
   2.2328300e+02   4.9999091e-02
   2.4348800e+02   1.0000087e-02
   2.6552200e+02   3.0000400e-02
   2.8955000e+02   3.9999973e-02
   3.1575200e+02   1.9999929e-02
   3.4432500e+02   5.0000536e-02
   3.7548400e+02   9.9998953e-03
   4.0946200e+02   0.0000000e+00
   4.4651500e+02   2.9999879e-02
   4.8692100e+02   5.0000489e-02
   5.3098400e+02   2.0000044e-02
   5.7903400e+02   0.0000000e+00
   6.3143200e+02   4.0000228e-02
   6.8857200e+02   1.9999890e-02
   7.5088200e+02   3.0000027e-02
   8.1883100e+02   4.0000101e-02
   8.9292900e+02   1.9999955e-02
   9.7373200e+02   1.0000336e-02
   1.0618500e+03   1.0000086e-02
   1.1579400e+03   9.9995955e-03
   1.2627200e+03   1.0000316e-02
   1.3769900e+03   1.9998923e-02
   1.5015900e+03   3.0001658e-02
   1.6374800e+03   4.9997003e-02
   1.7856500e+03   2.0000317e-02
   1.9472400e+03   9.9999880e-03
   2.1234500e+03   0.0000000e+00
   2.3156100e+03   9.9997726e-03
   2.5251500e+03   1.0000146e-02
   2.7536600e+03   3.0000732e-02
   3.0028500e+03   9.9998542e-03
   3.2745800e+03   9.9998518e-03
   3.5709000e+03   0.0000000e+00
   3.8940400e+03   9.9999806e-03
   4.2464200e+03   1.0000050e-02
   4.6306900e+03   9.9999706e-03
   5.0497300e+03   0.0000000e+00
   5.5066900e+03   0.0000000e+00
   6.0050100e+03   9.9998642e-03
   6.5484100e+03   0.0000000e+00
   7.1409900e+03   0.0000000e+00
   7.7872000e+03   9.9999729e-03
   8.4918800e+03   0.0000000e+00
   9.2603300e+03   9.9997474e-03
   1.0098300e+04   1.9999610e-02
   1.1012100e+04   0.0000000e+00
   1.2008600e+04   0.0000000e+00
   1.3095300e+04   1.0000620e-02
   1.4280400e+04   9.9995217e-03
   1.5572600e+04   0.0000000e+00
   1.6981800e+04   1.0000495e-02
   1.8518600e+04   0.0000000e+00
   2.0194300e+04   1.0000372e-02
   2.2021800e+04   0.0000000e+00
   2.4014600e+04   0.0000000e+00
   2.6187700e+04   1.0000082e-02
   2.8557500e+04   9.9998978e-03
   3.1141700e+04   2.0000112e-02
   3.3959800e+04   0.0000000e+00
   3.7032900e+04   0.0000000e+00
   4.0384100e+04   9.9998636e-03
   4.4038500e+04   1.0000142e-02
   4.8023700e+04   0.0000000e+00
   5.2369400e+04   0.0000000e+00
   5.7108500e+04   0.0000000e+00
   6.2276300e+04   0.0000000e+00
   6.7911900e+04   9.9998563e-03
   7.4057300e+04   0.0000000e+00
   8.0759000e+04   0.0000000e+00
   8.8067000e+04   0.0000000e+00
   9.6036400e+04   0.0000000e+00
   1.0472700e+05   0.0000000e+00
   1.1420400e+05   0.0000000e+00
   1.2453800e+05   0.0000000e+00
   1.3580800e+05   0.0000000e+00
   1.4809800e+05   0.0000000e+00
   1.6150000e+05   0.0000000e+00
   1.7611400e+05   0.0000000e+00
   1.9205100e+05   0.0000000e+00
   2.0943000e+05   0.0000000e+00
   2.2838200e+05   0.0000000e+00
   2.4904900e+05   0.0000000e+00
   2.7158600e+05   0.0000000e+00
   2.9616200e+05   0.0000000e+00
   3.2296200e+05   0.0000000e+00
   3.5218800e+05   0.0000000e+00
   3.8405800e+05   0.0000000e+00
   4.1881200e+05   0.0000000e+00
   4.5671200e+05   0.0000000e+00
   4.9804100e+05   0.0000000e+00
   5.4310900e+05   0.0000000e+00
   5.9225700e+05   9.9998901e-03
