   1.6918400e+02   1.0000190e-02
   1.8105300e+02   3.9998751e-02
   1.9375400e+02   1.0000411e-02
   2.0734700e+02   9.9999968e-03
   2.2189300e+02   1.9999352e-02
   2.3745900e+02   1.0000314e-02
   2.5411800e+02   0.0000000e+00
   2.7194500e+02   0.0000000e+00
   2.9102300e+02   9.9999405e-03
   3.1143900e+02   2.9999489e-02
   3.3328700e+02   1.9999920e-02
   3.5666800e+02   4.0001170e-02
   3.8169000e+02   9.9997650e-03
   4.0846600e+02   0.0000000e+00
   4.3712100e+02   0.0000000e+00
   4.6778700e+02   0.0000000e+00
   5.0060300e+02   2.0000095e-02
   5.3572200e+02   4.0000714e-02
   5.7330500e+02   0.0000000e+00
   6.1352400e+02   2.9999655e-02
   6.5656400e+02   3.0000030e-02
   7.0262400e+02   1.9999922e-02
   7.5191500e+02   2.9999939e-02
   8.0466400e+02   5.0000362e-02
   8.6111400e+02   6.0000299e-02
   9.2152400e+02   9.9999212e-03
   9.8617100e+02   0.0000000e+00
   1.0553500e+03   2.0001018e-02
   1.1293900e+03   1.9999950e-02
   1.2086200e+03   3.0000567e-02
   1.2934100e+03   2.0000820e-02
   1.3841500e+03   1.9999590e-02
   1.4812500e+03   3.9998492e-02
   1.5851600e+03   2.9998980e-02
   1.6963600e+03   1.0000422e-02
   1.8153700e+03   1.9999426e-02
   1.9427200e+03   2.0000285e-02
   2.0790100e+03   0.0000000e+00
   2.2248600e+03   9.9999676e-03
   2.3809400e+03   1.0000003e-02
   2.5479700e+03   3.0000327e-02
   2.7267200e+03   0.0000000e+00
   2.9180100e+03   0.0000000e+00
   3.1227100e+03   0.0000000e+00
   3.3417800e+03   2.0000358e-02
   3.5762200e+03   0.0000000e+00
   3.8271000e+03   1.9999827e-02
   4.0955800e+03   2.0000202e-02
   4.3829000e+03   0.0000000e+00
   4.6903700e+03   1.9999775e-02
   5.0194100e+03   1.0000105e-02
   5.3715400e+03   2.0000026e-02
   5.7483700e+03   0.0000000e+00
   6.1516400e+03   9.9998766e-03
   6.5831900e+03   1.0000005e-02
   7.0450200e+03   0.0000000e+00
   7.5392500e+03   0.0000000e+00
   8.0681500e+03   0.0000000e+00
   8.6341600e+03   9.9999692e-03
   9.2398700e+03   1.9999887e-02
   9.8880700e+03   0.0000000e+00
   1.0581800e+04   0.0000000e+00
   1.1324100e+04   0.0000000e+00
   1.2118500e+04   1.0000563e-02
   1.2968700e+04   0.0000000e+00
   1.3878500e+04   9.9998456e-03
   1.4852100e+04   0.0000000e+00
   1.5894000e+04   0.0000000e+00
   1.7009000e+04   0.0000000e+00
   1.8202200e+04   0.0000000e+00
   1.9479200e+04   0.0000000e+00
   2.0845700e+04   0.0000000e+00
   2.2308100e+04   0.0000000e+00
   2.3873100e+04   0.0000000e+00
   2.5547800e+04   0.0000000e+00
   2.7340100e+04   0.0000000e+00
   2.9258100e+04   0.0000000e+00
   3.1310600e+04   9.9998518e-03
   3.3507100e+04   0.0000000e+00
   3.5857800e+04   0.0000000e+00
   3.8373300e+04   9.9999993e-03
   4.1065300e+04   0.0000000e+00
   4.3946100e+04   0.0000000e+00
   4.7029100e+04   0.0000000e+00
   5.0328300e+04   0.0000000e+00
   5.3859000e+04   0.0000000e+00
   5.7637400e+04   9.9999347e-03
   6.1680800e+04   0.0000000e+00
   6.6007900e+04   0.0000000e+00
   7.0638500e+04   0.0000000e+00
   7.5594000e+04   0.0000000e+00
   8.0897200e+04   0.0000000e+00
   8.6572400e+04   0.0000000e+00
   9.2645700e+04   0.0000000e+00
   9.9145100e+04   0.0000000e+00
   1.0610000e+05   0.0000000e+00
   1.1354400e+05   0.0000000e+00
   1.2150900e+05   0.0000000e+00
   1.3003300e+05   0.0000000e+00
