   1.9661300e+02   2.0000138e-02
   2.1641100e+02   0.0000000e+00
   2.3820200e+02   2.0000318e-02
   2.6218800e+02   1.0000065e-02
   2.8858900e+02   9.9999284e-03
   3.1764800e+02   1.9999805e-02
   3.4963300e+02   9.9999827e-03
   3.8483900e+02   5.0001318e-02
   4.2359100e+02   9.9999532e-03
   4.6624400e+02   9.9999709e-03
   5.1319200e+02   2.9999715e-02
   5.6486700e+02   4.0000100e-02
   6.2174600e+02   4.9999781e-02
   6.8435200e+02   3.0000266e-02
   7.5326300e+02   5.9999821e-02
   8.2911200e+02   7.0000176e-02
   9.1259900e+02   1.9999433e-02
   1.0044900e+03   1.0000336e-02
   1.1056400e+03   1.9999767e-02
   1.2169700e+03   0.0000000e+00
   1.3395100e+03   9.9999088e-03
   1.4743900e+03   2.0000988e-02
   1.6228600e+03   0.0000000e+00
   1.7862700e+03   2.0000285e-02
   1.9661400e+03   1.9999127e-02
   2.1641100e+03   2.0000567e-02
   2.3820300e+03   1.9999461e-02
   2.6218800e+03   3.0000248e-02
   2.8858900e+03   3.0000672e-02
   3.1764900e+03   3.9999481e-02
   3.4963400e+03   9.9999474e-03
   3.8484000e+03   1.9999895e-02
   4.2359100e+03   2.0000375e-02
   4.6624500e+03   1.9999942e-02
   5.1319300e+03   1.9999775e-02
   5.6486800e+03   1.0000011e-02
   6.2174700e+03   1.0000091e-02
   6.8435400e+03   0.0000000e+00
   7.5326400e+03   4.0000332e-02
   8.2911400e+03   9.9999894e-03
   9.1260100e+03   1.9998998e-02
   1.0044900e+04   2.0000592e-02
   1.1056400e+04   9.9998499e-03
   1.2169700e+04   0.0000000e+00
   1.3395200e+04   1.9999737e-02
   1.4744000e+04   1.9999492e-02
   1.6228600e+04   0.0000000e+00
   1.7862700e+04   0.0000000e+00
   1.9661400e+04   0.0000000e+00
   2.1641200e+04   0.0000000e+00
   2.3820300e+04   0.0000000e+00
   2.6218900e+04   1.0000039e-02
   2.8859000e+04   1.9999770e-02
   3.1764900e+04   0.0000000e+00
   3.4963500e+04   0.0000000e+00
   3.8484100e+04   0.0000000e+00
   4.2359200e+04   0.0000000e+00
   4.6624600e+04   0.0000000e+00
   5.1319400e+04   0.0000000e+00
   5.6487000e+04   0.0000000e+00
   6.2174900e+04   0.0000000e+00
   6.8435500e+04   0.0000000e+00
   7.5326600e+04   0.0000000e+00
   8.2911500e+04   0.0000000e+00
   9.1260300e+04   0.0000000e+00
   1.0045000e+05   0.0000000e+00
   1.1056400e+05   1.0000726e-02
   1.2169800e+05   0.0000000e+00
   1.3395200e+05   0.0000000e+00
   1.4744000e+05   0.0000000e+00
   1.6228600e+05   0.0000000e+00
   1.7862800e+05   0.0000000e+00
   1.9661400e+05   0.0000000e+00
   2.1641200e+05   0.0000000e+00
   2.3820400e+05   0.0000000e+00
   2.6219000e+05   0.0000000e+00
   2.8859100e+05   0.0000000e+00
   3.1765000e+05   0.0000000e+00
   3.4963600e+05   0.0000000e+00
   3.8484200e+05   0.0000000e+00
   4.2359300e+05   0.0000000e+00
   4.6624700e+05   0.0000000e+00
   5.1319500e+05   0.0000000e+00
   5.6487100e+05   0.0000000e+00
   6.2175000e+05   0.0000000e+00
   6.8435700e+05   0.0000000e+00
   7.5326700e+05   0.0000000e+00
   8.2911700e+05   0.0000000e+00
   9.1260400e+05   0.0000000e+00
   1.0045000e+06   0.0000000e+00
   1.1056500e+06   0.0000000e+00
   1.2169800e+06   0.0000000e+00
   1.3395200e+06   0.0000000e+00
   1.4744000e+06   0.0000000e+00
   1.6228700e+06   0.0000000e+00
   1.7862800e+06   0.0000000e+00
   1.9661500e+06   0.0000000e+00
   2.1641300e+06   0.0000000e+00
   2.3820400e+06   0.0000000e+00
