   1.1441600e+02   9.9998424e-03
   1.2428800e+02   0.0000000e+00
   1.3501200e+02   0.0000000e+00
   1.4666100e+02   0.0000000e+00
   1.5931500e+02   0.0000000e+00
   1.7306100e+02   0.0000000e+00
   1.8799400e+02   0.0000000e+00
   2.0421400e+02   1.0000411e-02
   2.2183500e+02   9.9996739e-03
   2.4097500e+02   9.9999332e-03
   2.6176700e+02   1.0000372e-02
   2.8435400e+02   2.0000049e-02
   3.0888900e+02   2.9998899e-02
   3.3554000e+02   2.0000331e-02
   3.6449200e+02   0.0000000e+00
   3.9594100e+02   4.0000919e-02
   4.3010500e+02   1.9999581e-02
   4.6721500e+02   4.0000171e-02
   5.0752800e+02   2.9999900e-02
   5.5131900e+02   0.0000000e+00
   5.9888900e+02   2.9999961e-02
   6.5056300e+02   1.0000038e-02
   7.0669600e+02   1.0000003e-02
   7.6767200e+02   1.9999931e-02
   8.3390900e+02   9.9999609e-03
   9.0586100e+02   1.0000075e-02
   9.8402200e+02   0.0000000e+00
   1.0689300e+03   0.0000000e+00
   1.1611600e+03   5.0000821e-02
   1.2613500e+03   1.9999471e-02
   1.3701800e+03   2.9999153e-02
   1.4884000e+03   4.0001835e-02
   1.6168300e+03   1.9999278e-02
   1.7563300e+03   1.9999795e-02
   1.9078700e+03   1.0000155e-02
   2.0724900e+03   1.9999944e-02
   2.2513100e+03   1.9999980e-02
   2.4455600e+03   9.9999538e-03
   2.6565700e+03   0.0000000e+00
   2.8857900e+03   0.0000000e+00
   3.1347800e+03   1.0000024e-02
   3.4052600e+03   2.0000210e-02
   3.6990800e+03   1.0000043e-02
   4.0182500e+03   0.0000000e+00
   4.3649600e+03   2.9999817e-02
   4.7415800e+03   1.0000038e-02
   5.1507000e+03   4.0000111e-02
   5.5951200e+03   1.9999830e-02
   6.0778800e+03   2.0000015e-02
   6.6023000e+03   2.0000088e-02
   7.1719700e+03   2.0000015e-02
   7.7907900e+03   1.9999861e-02
   8.4630000e+03   2.0000142e-02
   9.1932200e+03   9.9999659e-03
   9.9864400e+03   1.9999990e-02
   1.0848100e+04   0.0000000e+00
   1.1784100e+04   1.0000289e-02
   1.2800900e+04   9.9999884e-03
   1.3905400e+04   0.0000000e+00
   1.5105200e+04   1.9999660e-02
   1.6408500e+04   0.0000000e+00
   1.7824300e+04   9.9997641e-03
   1.9362200e+04   1.0000393e-02
   2.1032900e+04   0.0000000e+00
   2.2847600e+04   0.0000000e+00
   2.4819000e+04   1.0000163e-02
   2.6960500e+04   9.9998453e-03
   2.9286700e+04   0.0000000e+00
   3.1813700e+04   0.0000000e+00
   3.4558600e+04   0.0000000e+00
   3.7540500e+04   0.0000000e+00
   4.0779600e+04   0.0000000e+00
   4.4298200e+04   1.0000022e-02
   4.8120400e+04   0.0000000e+00
   5.2272300e+04   0.0000000e+00
   5.6782600e+04   0.0000000e+00
   6.1681900e+04   1.0000148e-02
   6.7004100e+04   0.0000000e+00
   7.2785400e+04   0.0000000e+00
   7.9065500e+04   0.0000000e+00
   8.5887600e+04   0.0000000e+00
   9.3298200e+04   0.0000000e+00
   1.0134800e+05   0.0000000e+00
   1.1009300e+05   9.9997873e-03
   1.1959200e+05   0.0000000e+00
   1.2991100e+05   9.9998852e-03
   1.4112000e+05   0.0000000e+00
   1.5329600e+05   0.0000000e+00
   1.6652300e+05   0.0000000e+00
   1.8089100e+05   0.0000000e+00
   1.9649900e+05   0.0000000e+00
   2.1345400e+05   0.0000000e+00
   2.3187100e+05   0.0000000e+00
   2.5187800e+05   0.0000000e+00
   2.7361100e+05   0.0000000e+00
   2.9721900e+05   0.0000000e+00
   3.2286400e+05   1.0000103e-02
   3.5072200e+05   0.0000000e+00
   3.8098300e+05   1.9999752e-02
