   1.1869900e+02   1.9999538e-02
   1.2712000e+02   0.0000000e+00
   1.3613900e+02   0.0000000e+00
   1.4579700e+02   1.0000269e-02
   1.5614100e+02   1.9998970e-02
   1.6721800e+02   0.0000000e+00
   1.7908200e+02   0.0000000e+00
   1.9178700e+02   0.0000000e+00
   2.0539400e+02   0.0000000e+00
   2.1996500e+02   0.0000000e+00
   2.3557100e+02   0.0000000e+00
   2.5228400e+02   9.9997021e-03
   2.7018200e+02   3.0001019e-02
   2.8935100e+02   1.9999753e-02
   3.0987900e+02   2.0000304e-02
   3.3186400e+02   3.9999372e-02
   3.5540800e+02   2.0000185e-02
   3.8062300e+02   3.9999004e-02
   4.0762600e+02   0.0000000e+00
   4.3654600e+02   9.9999475e-03
   4.6751700e+02   9.9998535e-03
   5.0068500e+02   1.0000118e-02
   5.3620700e+02   2.0000125e-02
   5.7424900e+02   9.9998367e-03
   6.1498900e+02   2.9999978e-02
   6.5862000e+02   3.0000323e-02
   7.0534700e+02   4.9999466e-02
   7.5538800e+02   4.0000158e-02
   8.0898000e+02   0.0000000e+00
   8.6637400e+02   1.0000026e-02
   9.2784000e+02   2.9999805e-02
   9.9366600e+02   1.9999289e-02
   1.0641600e+03   4.0001032e-02
   1.1396600e+03   1.0000684e-02
   1.2205200e+03   0.0000000e+00
   1.3071100e+03   9.9995396e-03
   1.3998400e+03   1.9999445e-02
   1.4991500e+03   1.0000105e-02
   1.6055100e+03   1.0000478e-02
   1.7194200e+03   0.0000000e+00
   1.8414000e+03   4.0000008e-02
   1.9720400e+03   4.0000409e-02
   2.1119500e+03   9.9997141e-03
   2.2617800e+03   0.0000000e+00
   2.4222500e+03   2.0000075e-02
   2.5941000e+03   1.9999995e-02
   2.7781400e+03   4.0000459e-02
   2.9752400e+03   9.9999572e-03
   3.1863200e+03   9.9997060e-03
   3.4123700e+03   1.0000231e-02
   3.6544700e+03   1.0000018e-02
   3.9137400e+03   9.9998694e-03
   4.1914000e+03   1.0000226e-02
   4.4887700e+03   0.0000000e+00
   4.8072300e+03   9.9998929e-03
   5.1482800e+03   9.9999971e-03
   5.5135300e+03   0.0000000e+00
   5.9046900e+03   1.9999811e-02
   6.3236000e+03   1.0000141e-02
   6.7722400e+03   1.9999868e-02
   7.2527000e+03   0.0000000e+00
   7.7672500e+03   0.0000000e+00
   8.3183100e+03   9.9999737e-03
   8.9084600e+03   0.0000000e+00
   9.5404800e+03   0.0000000e+00
   1.0217300e+04   0.0000000e+00
   1.0942200e+04   0.0000000e+00
   1.1718500e+04   0.0000000e+00
   1.2549900e+04   1.0000439e-02
   1.3440300e+04   9.9996406e-03
   1.4393800e+04   0.0000000e+00
   1.5415000e+04   9.9997144e-03
   1.6508600e+04   1.9999645e-02
   1.7679800e+04   0.0000000e+00
   1.8934100e+04   0.0000000e+00
   2.0277400e+04   9.9999819e-03
   2.1716000e+04   0.0000000e+00
   2.3256700e+04   0.0000000e+00
   2.4906700e+04   0.0000000e+00
   2.6673700e+04   0.0000000e+00
   2.8566100e+04   0.0000000e+00
   3.0592800e+04   9.9998576e-03
   3.2763200e+04   0.0000000e+00
   3.5087600e+04   0.0000000e+00
   3.7576900e+04   0.0000000e+00
   4.0242900e+04   0.0000000e+00
   4.3097900e+04   9.9999114e-03
   4.6155500e+04   0.0000000e+00
   4.9430100e+04   0.0000000e+00
   5.2937000e+04   0.0000000e+00
   5.6692600e+04   0.0000000e+00
   6.0714700e+04   0.0000000e+00
   6.5022200e+04   0.0000000e+00
   6.9635300e+04   0.0000000e+00
   7.4575600e+04   0.0000000e+00
   7.9866500e+04   0.0000000e+00
   8.5532700e+04   0.0000000e+00
   9.1600900e+04   0.0000000e+00
   9.8099600e+04   0.0000000e+00
