   1.4202100e+02   9.9996077e-03
   1.5771700e+02   0.0000000e+00
   1.7514900e+02   9.9999750e-03
   1.9450700e+02   0.0000000e+00
   2.1600500e+02   0.0000000e+00
   2.3987800e+02   9.9999552e-03
   2.6639000e+02   0.0000000e+00
   2.9583300e+02   9.9998754e-03
   3.2852900e+02   3.9999822e-02
   3.6483900e+02   6.9999518e-02
   4.0516200e+02   0.0000000e+00
   4.4994200e+02   9.9999549e-03
   4.9967100e+02   5.0000571e-02
   5.5489700e+02   3.9999939e-02
   6.1622600e+02   9.9999465e-03
   6.8433300e+02   3.0000093e-02
   7.5996800e+02   0.0000000e+00
   8.4396200e+02   2.0000109e-02
   9.3724000e+02   0.0000000e+00
   1.0408300e+03   6.9996560e-02
   1.1558600e+03   5.0000072e-02
   1.2836100e+03   2.0000123e-02
   1.4254800e+03   4.0000212e-02
   1.5830300e+03   1.9999853e-02
   1.7579900e+03   1.0000038e-02
   1.9522900e+03   3.0000757e-02
   2.1680700e+03   9.9999177e-03
   2.4076900e+03   2.9999316e-02
   2.6737900e+03   1.0000101e-02
   2.9693100e+03   1.0000071e-02
   3.2974900e+03   2.0000032e-02
   3.6619400e+03   0.0000000e+00
   4.0666700e+03   9.9999456e-03
   4.5161300e+03   3.0000111e-02
   5.0152700e+03   2.9999769e-02
   5.5695700e+03   2.0000054e-02
   6.1851400e+03   1.9999948e-02
   6.8687400e+03   1.0000035e-02
   7.6279000e+03   1.9999997e-02
   8.4709600e+03   2.0000053e-02
   9.4072000e+03   2.9999608e-02
   1.0446900e+04   1.9999519e-02
   1.1601500e+04   1.0000453e-02
   1.2883800e+04   0.0000000e+00
   1.4307700e+04   1.0000378e-02
   1.5889100e+04   9.9999183e-03
   1.7645200e+04   9.9999625e-03
   1.9595400e+04   2.0000448e-02
   2.1761200e+04   0.0000000e+00
   2.4166300e+04   9.9998496e-03
   2.6837200e+04   1.9999730e-02
   2.9803300e+04   0.0000000e+00
   3.3097300e+04   9.9999112e-03
   3.6755300e+04   0.0000000e+00
   4.0817700e+04   0.0000000e+00
   4.5329000e+04   9.9999608e-03
   5.0338900e+04   1.9999918e-02
   5.5902500e+04   9.9999640e-03
   6.2081000e+04   0.0000000e+00
   6.8942400e+04   1.0000073e-02
   7.6562200e+04   0.0000000e+00
   8.5024100e+04   0.0000000e+00
   9.4421300e+04   0.0000000e+00
   1.0485700e+05   0.0000000e+00
   1.1644600e+05   0.0000000e+00
   1.2931600e+05   0.0000000e+00
   1.4360900e+05   0.0000000e+00
   1.5948100e+05   0.0000000e+00
   1.7710700e+05   0.0000000e+00
   1.9668200e+05   0.0000000e+00
   2.1842000e+05   0.0000000e+00
   2.4256000e+05   0.0000000e+00
   2.6936900e+05   0.0000000e+00
   2.9914000e+05   0.0000000e+00
   3.3220200e+05   0.0000000e+00
   3.6891800e+05   0.0000000e+00
   4.0969200e+05   0.0000000e+00
   4.5497300e+05   0.0000000e+00
   5.0525800e+05   0.0000000e+00
   5.6110100e+05   0.0000000e+00
   6.2311600e+05   0.0000000e+00
   6.9198400e+05   0.0000000e+00
   7.6846500e+05   0.0000000e+00
   8.5339800e+05   0.0000000e+00
   9.4771900e+05   0.0000000e+00
   1.0524600e+06   0.0000000e+00
   1.1687900e+06   0.0000000e+00
   1.2979600e+06   0.0000000e+00
   1.4414200e+06   0.0000000e+00
   1.6007300e+06   0.0000000e+00
   1.7776500e+06   0.0000000e+00
   1.9741200e+06   0.0000000e+00
   2.1923100e+06   0.0000000e+00
   2.4346100e+06   0.0000000e+00
   2.7036900e+06   0.0000000e+00
   3.0025100e+06   0.0000000e+00
   3.3343600e+06   0.0000000e+00
   3.7028800e+06   0.0000000e+00
   4.1121300e+06   0.0000000e+00
