   1.2959900e+02   2.0000714e-02
   1.3927600e+02   9.9998136e-03
   1.4967500e+02   1.0000307e-02
   1.6085100e+02   0.0000000e+00
   1.7286100e+02   1.0000111e-02
   1.8576800e+02   0.0000000e+00
   1.9963800e+02   0.0000000e+00
   2.1454500e+02   1.9999722e-02
   2.3056400e+02   4.9999074e-02
   2.4777900e+02   0.0000000e+00
   2.6628000e+02   3.9999801e-02
   2.8616200e+02   2.9999146e-02
   3.0752800e+02   1.0000020e-02
   3.3049000e+02   4.0000923e-02
   3.5516700e+02   2.0000073e-02
   3.8168600e+02   2.0000000e-02
   4.1018500e+02   2.0000074e-02
   4.4081200e+02   9.9997922e-03
   4.7372500e+02   2.9999808e-02
   5.0909600e+02   3.0000582e-02
   5.4710900e+02   9.9998757e-03
   5.8795900e+02   3.0000275e-02
   6.3186000e+02   3.9999584e-02
   6.7903800e+02   3.9999895e-02
   7.2973900e+02   1.0000054e-02
   7.8422600e+02   1.9999987e-02
   8.4278100e+02   2.0000280e-02
   9.0570900e+02   0.0000000e+00
   9.7333400e+02   1.0000145e-02
   1.0460100e+03   1.9999614e-02
   1.1241100e+03   1.9999260e-02
   1.2080400e+03   1.0000023e-02
   1.2982400e+03   0.0000000e+00
   1.3951800e+03   9.9997575e-03
   1.4993500e+03   2.9999801e-02
   1.6113000e+03   1.0000035e-02
   1.7316100e+03   9.9997928e-03
   1.8609000e+03   2.0000463e-02
   1.9998500e+03   1.9999921e-02
   2.1491700e+03   9.9999769e-03
   2.3096400e+03   9.9998926e-03
   2.4820900e+03   1.0000092e-02
   2.6674200e+03   3.0000579e-02
   2.8665900e+03   9.9996742e-03
   3.0806200e+03   2.0000147e-02
   3.3106400e+03   1.0000278e-02
   3.5578400e+03   2.0000018e-02
   3.8234900e+03   9.9998220e-03
   4.1089700e+03   0.0000000e+00
   4.4157700e+03   2.0000110e-02
   4.7454800e+03   2.0000192e-02
   5.0998100e+03   0.0000000e+00
   5.4805900e+03   9.9999057e-03
   5.8898000e+03   0.0000000e+00
   6.3295700e+03   1.0000097e-02
   6.8021800e+03   0.0000000e+00
   7.3100700e+03   9.9999488e-03
   7.8558800e+03   1.0000021e-02
   8.4424500e+03   0.0000000e+00
   9.0728200e+03   1.9999969e-02
   9.7502500e+03   0.0000000e+00
   1.0478300e+04   0.0000000e+00
   1.1260600e+04   0.0000000e+00
   1.2101400e+04   1.0000412e-02
   1.3005000e+04   0.0000000e+00
   1.3976000e+04   9.9996727e-03
   1.5019500e+04   0.0000000e+00
   1.6141000e+04   1.0000123e-02
   1.7346200e+04   0.0000000e+00
   1.8641400e+04   0.0000000e+00
   2.0033200e+04   0.0000000e+00
   2.1529000e+04   1.0000065e-02
   2.3136500e+04   0.0000000e+00
   2.4864000e+04   1.0000000e-02
   2.6720500e+04   0.0000000e+00
   2.8715700e+04   0.0000000e+00
   3.0859800e+04   0.0000000e+00
   3.3163900e+04   0.0000000e+00
   3.5640100e+04   0.0000000e+00
   3.8301300e+04   0.0000000e+00
   4.1161100e+04   0.0000000e+00
   4.4234400e+04   0.0000000e+00
   4.7537200e+04   0.0000000e+00
   5.1086600e+04   0.0000000e+00
   5.4901100e+04   0.0000000e+00
   5.9000300e+04   0.0000000e+00
   6.3405600e+04   0.0000000e+00
   6.8139900e+04   0.0000000e+00
   7.3227600e+04   0.0000000e+00
   7.8695300e+04   0.0000000e+00
   8.4571100e+04   0.0000000e+00
   9.0885700e+04   0.0000000e+00
   9.7671800e+04   0.0000000e+00
   1.0496500e+05   0.0000000e+00
   1.1280200e+05   0.0000000e+00
   1.2122400e+05   0.0000000e+00
   1.3027600e+05   0.0000000e+00
   1.4000300e+05   0.0000000e+00
   1.5045600e+05   2.0000003e-02
