   2.2526400e+02   9.9995423e-03
   2.4122300e+02   0.0000000e+00
   2.5831400e+02   9.9998311e-03
   2.7661500e+02   3.0000030e-02
   2.9621300e+02   0.0000000e+00
   3.1720000e+02   0.0000000e+00
   3.3967300e+02   0.0000000e+00
   3.6373900e+02   0.0000000e+00
   3.8950900e+02   0.0000000e+00
   4.1710500e+02   3.0000304e-02
   4.4665700e+02   9.9999149e-03
   4.7830200e+02   0.0000000e+00
   5.1219000e+02   4.9999784e-02
   5.4847800e+02   1.9999911e-02
   5.8733700e+02   3.9999660e-02
   6.2894900e+02   1.0000112e-02
   6.7351000e+02   2.9999630e-02
   7.2122700e+02   4.0000502e-02
   7.7232600e+02   1.9999757e-02
   8.2704400e+02   3.0000332e-02
   8.8564000e+02   1.0000052e-02
   9.4838700e+02   3.0000263e-02
   1.0155800e+03   3.9998372e-02
   1.0875300e+03   3.9999660e-02
   1.1645800e+03   1.0000047e-02
   1.2470900e+03   0.0000000e+00
   1.3354500e+03   9.9994255e-03
   1.4300600e+03   2.0000264e-02
   1.5313800e+03   0.0000000e+00
   1.6398800e+03   1.9999341e-02
   1.7560600e+03   0.0000000e+00
   1.8804800e+03   3.9999909e-02
   2.0137100e+03   1.0000026e-02
   2.1563800e+03   3.0000492e-02
   2.3091600e+03   1.9999773e-02
   2.4727600e+03   1.9999690e-02
   2.6479500e+03   0.0000000e+00
   2.8355600e+03   9.9996614e-03
   3.0364500e+03   9.9999954e-03
   3.2515800e+03   3.9999604e-02
   3.4819500e+03   0.0000000e+00
   3.7286500e+03   0.0000000e+00
   3.9928200e+03   2.0000153e-02
   4.2757100e+03   1.9999984e-02
   4.5786400e+03   9.9999057e-03
   4.9030300e+03   0.0000000e+00
   5.2504100e+03   0.0000000e+00
   5.6223900e+03   1.0000218e-02
   6.0207400e+03   1.9999820e-02
   6.4473000e+03   1.0000092e-02
   6.9040900e+03   9.9998314e-03
   7.3932300e+03   0.0000000e+00
   7.9170400e+03   9.9999035e-03
   8.4779500e+03   3.0000204e-02
   9.0786100e+03   0.0000000e+00
   9.7218200e+03   0.0000000e+00
   1.0410600e+04   0.0000000e+00
   1.1148200e+04   1.9999000e-02
   1.1938000e+04   9.9999780e-03
   1.2783800e+04   1.9999486e-02
   1.3689500e+04   1.0000057e-02
   1.4659400e+04   0.0000000e+00
   1.5698100e+04   2.9997452e-02
   1.6810200e+04   0.0000000e+00
   1.8001200e+04   1.0000220e-02
   1.9276600e+04   9.9997647e-03
   2.0642300e+04   0.0000000e+00
   2.2104800e+04   9.9999400e-03
   2.3670900e+04   0.0000000e+00
   2.5348000e+04   0.0000000e+00
   2.7143900e+04   0.0000000e+00
   2.9067000e+04   1.0000137e-02
   3.1126400e+04   0.0000000e+00
   3.3331700e+04   0.0000000e+00
   3.5693200e+04   0.0000000e+00
   3.8222000e+04   1.0000021e-02
   4.0930000e+04   0.0000000e+00
   4.3829900e+04   0.0000000e+00
   4.6935200e+04   0.0000000e+00
   5.0260500e+04   0.0000000e+00
   5.3821400e+04   0.0000000e+00
   5.7634600e+04   1.0000083e-02
   6.1718000e+04   0.0000000e+00
   6.6090600e+04   0.0000000e+00
   7.0773100e+04   0.0000000e+00
   7.5787300e+04   1.0000049e-02
   8.1156800e+04   0.0000000e+00
   8.6906700e+04   0.0000000e+00
   9.3063900e+04   0.0000000e+00
   9.9657500e+04   0.0000000e+00
   1.0671800e+05   0.0000000e+00
   1.1427900e+05   0.0000000e+00
   1.2237600e+05   0.0000000e+00
   1.3104600e+05   0.0000000e+00
   1.4033000e+05   0.0000000e+00
   1.5027300e+05   0.0000000e+00
   1.6091900e+05   0.0000000e+00
   1.7232000e+05   0.0000000e+00
   1.8452900e+05   0.0000000e+00
