   1.0856600e+02   1.0000267e-02
   1.1957500e+02   0.0000000e+00
   1.3170000e+02   9.9996354e-03
   1.4505400e+02   0.0000000e+00
   1.5976300e+02   9.9999198e-03
   1.7596300e+02   2.0000219e-02
   1.9380600e+02   4.9999601e-02
   2.1345800e+02   0.0000000e+00
   2.3510300e+02   1.0000141e-02
   2.5894300e+02   3.9999914e-02
   2.8520000e+02   9.9998143e-03
   3.1411900e+02   9.9999991e-03
   3.4597100e+02   2.0000108e-02
   3.8105300e+02   2.9999861e-02
   4.1969200e+02   1.9999875e-02
   4.6224900e+02   3.0000267e-02
   5.0912200e+02   0.0000000e+00
   5.6074700e+02   4.0000406e-02
   6.1760800e+02   0.0000000e+00
   6.8023400e+02   3.9999734e-02
   7.4921000e+02   5.0000162e-02
   8.2518100e+02   4.9999817e-02
   9.0885500e+02   4.9997866e-02
   1.0010100e+03   2.0001226e-02
   1.1025200e+03   1.9998784e-02
   1.2143100e+03   1.0000581e-02
   1.3374500e+03   0.0000000e+00
   1.4730700e+03   2.9999919e-02
   1.6224400e+03   1.9999152e-02
   1.7869500e+03   1.0000066e-02
   1.9681500e+03   9.9998540e-03
   2.1677200e+03   1.0000014e-02
   2.3875300e+03   1.0000062e-02
   2.6296300e+03   0.0000000e+00
   2.8962800e+03   1.0000144e-02
   3.1899700e+03   3.9999387e-02
   3.5134300e+03   1.0000107e-02
   3.8697000e+03   0.0000000e+00
   4.2620900e+03   1.9999994e-02
   4.6942700e+03   9.9999032e-03
   5.1702700e+03   0.0000000e+00
   5.6945500e+03   9.9999327e-03
   6.2719800e+03   9.9998951e-03
   6.9079600e+03   1.0000052e-02
   7.6084400e+03   1.9999903e-02
   8.3799400e+03   1.0000080e-02
   9.2296800e+03   0.0000000e+00
   1.0165600e+04   1.9999994e-02
   1.1196400e+04   0.0000000e+00
   1.2331700e+04   2.0000872e-02
   1.3582200e+04   0.0000000e+00
   1.4959400e+04   2.0000023e-02
   1.6476300e+04   1.9999783e-02
   1.8147000e+04   0.0000000e+00
   1.9987100e+04   0.0000000e+00
   2.2013900e+04   0.0000000e+00
   2.4246100e+04   0.0000000e+00
   2.6704700e+04   0.0000000e+00
   2.9412500e+04   2.0000257e-02
   3.2395000e+04   1.0000024e-02
   3.5679900e+04   0.0000000e+00
   3.9297900e+04   0.0000000e+00
   4.3282700e+04   0.0000000e+00
   4.7671600e+04   1.0000096e-02
   5.2505600e+04   0.0000000e+00
   5.7829700e+04   0.0000000e+00
   6.3693700e+04   9.9999796e-03
   7.0152300e+04   1.9999961e-02
   7.7265800e+04   1.0000075e-02
   8.5100700e+04   0.0000000e+00
   9.3730000e+04   0.0000000e+00
   1.0323400e+05   1.9999847e-02
   1.1370200e+05   0.0000000e+00
   1.2523200e+05   0.0000000e+00
   1.3793100e+05   0.0000000e+00
   1.5191700e+05   0.0000000e+00
   1.6732100e+05   0.0000000e+00
   1.8428800e+05   0.0000000e+00
   2.0297500e+05   0.0000000e+00
   2.2355700e+05   0.0000000e+00
   2.4622600e+05   0.0000000e+00
   2.7119300e+05   0.0000000e+00
   2.9869200e+05   0.0000000e+00
   3.2898000e+05   0.0000000e+00
   3.6233900e+05   1.0000107e-02
   3.9908100e+05   0.0000000e+00
   4.3954800e+05   0.0000000e+00
   4.8411900e+05   0.0000000e+00
   5.3320900e+05   0.0000000e+00
   5.8727700e+05   0.0000000e+00
   6.4682700e+05   0.0000000e+00
   7.1241600e+05   0.0000000e+00
   7.8465600e+05   0.0000000e+00
   8.6422100e+05   9.9999769e-03
   9.5185400e+05   0.0000000e+00
   1.0483700e+06   0.0000000e+00
   1.1546800e+06   0.0000000e+00
   1.2717600e+06   0.0000000e+00
   1.4007200e+06   1.0000369e-02
