   1.4655700e+02   3.0001133e-02
   1.6038400e+02   3.0000082e-02
   1.7551500e+02   0.0000000e+00
   1.9207300e+02   2.0000510e-02
   2.1019400e+02   0.0000000e+00
   2.3002400e+02   2.0000076e-02
   2.5172500e+02   1.9999829e-02
   2.7547300e+02   1.9999481e-02
   3.0146100e+02   1.0000168e-02
   3.2990200e+02   0.0000000e+00
   3.6102600e+02   4.9998612e-02
   3.9508500e+02   2.0000446e-02
   4.3235900e+02   1.9999703e-02
   4.7314800e+02   2.0000101e-02
   5.1778600e+02   4.0000004e-02
   5.6663500e+02   6.0000725e-02
   6.2009300e+02   2.9999560e-02
   6.7859300e+02   9.9999880e-03
   7.4261300e+02   1.0000014e-02
   8.1267300e+02   3.9999827e-02
   8.8934200e+02   2.0000126e-02
   9.7324500e+02   2.9999082e-02
   1.0650600e+03   9.9999806e-03
   1.1655400e+03   2.0000075e-02
   1.2755000e+03   2.0001110e-02
   1.3958400e+03   1.9999032e-02
   1.5275200e+03   1.0000023e-02
   1.6716300e+03   2.0000624e-02
   1.8293400e+03   1.9999606e-02
   2.0019200e+03   1.0000251e-02
   2.1907900e+03   0.0000000e+00
   2.3974700e+03   2.9999610e-02
   2.6236500e+03   2.9999919e-02
   2.8711700e+03   3.9999644e-02
   3.1420400e+03   1.0000096e-02
   3.4384700e+03   9.9999057e-03
   3.7628600e+03   1.0000101e-02
   4.1178600e+03   2.0000126e-02
   4.5063500e+03   3.0000132e-02
   4.9314900e+03   9.9998686e-03
   5.3967300e+03   0.0000000e+00
   5.9058700e+03   9.9999757e-03
   6.4630400e+03   1.0000041e-02
   7.0727800e+03   9.9999587e-03
   7.7400400e+03   0.0000000e+00
   8.4702500e+03   0.0000000e+00
   9.2693600e+03   9.9993963e-03
   1.0143800e+04   1.0000076e-02
   1.1100800e+04   0.0000000e+00
   1.2148100e+04   0.0000000e+00
   1.3294200e+04   0.0000000e+00
   1.4548400e+04   9.9998154e-03
   1.5920900e+04   9.9999105e-03
   1.7422900e+04   1.9999884e-02
   1.9066600e+04   0.0000000e+00
   2.0865400e+04   0.0000000e+00
   2.2833900e+04   0.0000000e+00
   2.4988100e+04   0.0000000e+00
   2.7345600e+04   9.9998466e-03
   2.9925400e+04   0.0000000e+00
   3.2748600e+04   1.0000077e-02
   3.5838200e+04   0.0000000e+00
   3.9219200e+04   1.0000186e-02
   4.2919300e+04   1.0000022e-02
   4.6968400e+04   9.9997922e-03
   5.1399400e+04   0.0000000e+00
   5.6248600e+04   0.0000000e+00
   6.1555200e+04   0.0000000e+00
   6.7362400e+04   0.0000000e+00
   7.3717500e+04   0.0000000e+00
   8.0672200e+04   0.0000000e+00
   8.8283000e+04   0.0000000e+00
   9.6611800e+04   0.0000000e+00
   1.0572600e+05   0.0000000e+00
   1.1570100e+05   0.0000000e+00
   1.2661600e+05   0.0000000e+00
   1.3856100e+05   1.0000623e-02
   1.5163400e+05   0.0000000e+00
   1.6593900e+05   9.9999757e-03
   1.8159400e+05   0.0000000e+00
   1.9872600e+05   0.0000000e+00
   2.1747400e+05   0.0000000e+00
   2.3799100e+05   0.0000000e+00
   2.6044400e+05   0.0000000e+00
   2.8501500e+05   0.0000000e+00
   3.1190400e+05   0.0000000e+00
   3.4132900e+05   0.0000000e+00
   3.7353100e+05   1.0000090e-02
   4.0877100e+05   0.0000000e+00
   4.4733500e+05   0.0000000e+00
   4.8953700e+05   0.0000000e+00
   5.3572100e+05   0.0000000e+00
   5.8626300e+05   0.0000000e+00
   6.4157200e+05   0.0000000e+00
   7.0209900e+05   0.0000000e+00
   7.6833600e+05   0.0000000e+00
   8.4082300e+05   0.0000000e+00
   9.2014800e+05   0.0000000e+00
   1.0069600e+06   9.9991224e-03
