   1.4248800e+02   1.0000087e-02
   1.5343800e+02   0.0000000e+00
   1.6522900e+02   0.0000000e+00
   1.7792700e+02   1.9999497e-02
   1.9160000e+02   9.9999518e-03
   2.0632400e+02   0.0000000e+00
   2.2218000e+02   1.9999971e-02
   2.3925400e+02   9.9999248e-03
   2.5764000e+02   3.9999920e-02
   2.7743900e+02   2.0000377e-02
   2.9876000e+02   2.9999837e-02
   3.2171900e+02   2.9999630e-02
   3.4644200e+02   1.9999757e-02
   3.7306500e+02   2.0000507e-02
   4.0173500e+02   2.9999557e-02
   4.3260700e+02   1.0000030e-02
   4.6585200e+02   1.0000086e-02
   5.0165200e+02   3.0000080e-02
   5.4020300e+02   2.9999702e-02
   5.8171600e+02   3.0000229e-02
   6.2642000e+02   2.9999984e-02
   6.7455900e+02   9.9999131e-03
   7.2639700e+02   2.9999971e-02
   7.8221900e+02   0.0000000e+00
   8.4233100e+02   4.0000363e-02
   9.0706300e+02   2.0000046e-02
   9.7676900e+02   0.0000000e+00
   1.0518300e+03   9.9998835e-03
   1.1326600e+03   2.9999032e-02
   1.2197000e+03   2.0001773e-02
   1.3134400e+03   2.9998516e-02
   1.4143700e+03   1.9999721e-02
   1.5230600e+03   1.0000494e-02
   1.6401100e+03   0.0000000e+00
   1.7661500e+03   2.9999006e-02
   1.9018700e+03   0.0000000e+00
   2.0480300e+03   0.0000000e+00
   2.2054100e+03   9.9999301e-03
   2.3748900e+03   1.0000252e-02
   2.5574000e+03   2.9999911e-02
   2.7539300e+03   9.9998349e-03
   2.9655600e+03   1.0000115e-02
   3.1934600e+03   0.0000000e+00
   3.4388700e+03   1.0000003e-02
   3.7031400e+03   0.0000000e+00
   3.9877200e+03   0.0000000e+00
   4.2941700e+03   0.0000000e+00
   4.6241600e+03   2.0000158e-02
   4.9795200e+03   0.0000000e+00
   5.3621900e+03   9.9999499e-03
   5.7742600e+03   2.0000027e-02
   6.2180000e+03   0.0000000e+00
   6.6958400e+03   0.0000000e+00
   7.2104000e+03   1.0000079e-02
   7.7645100e+03   2.9999698e-02
   8.3611900e+03   0.0000000e+00
   9.0037300e+03   2.0000086e-02
   9.6956500e+03   9.9994651e-03
   1.0440700e+04   0.0000000e+00
   1.1243100e+04   1.9999786e-02
   1.2107100e+04   9.9999392e-03
   1.3037500e+04   9.9999539e-03
   1.4039400e+04   0.0000000e+00
   1.5118300e+04   9.9999147e-03
   1.6280100e+04   0.0000000e+00
   1.7531200e+04   9.9997267e-03
   1.8878400e+04   1.0000219e-02
   2.0329200e+04   0.0000000e+00
   2.1891500e+04   0.0000000e+00
   2.3573800e+04   0.0000000e+00
   2.5385400e+04   9.9999374e-03
   2.7336200e+04   0.0000000e+00
   2.9436900e+04   0.0000000e+00
   3.1699100e+04   0.0000000e+00
   3.4135100e+04   0.0000000e+00
   3.6758300e+04   0.0000000e+00
   3.9583100e+04   1.0000064e-02
   4.2625000e+04   0.0000000e+00
   4.5900600e+04   0.0000000e+00
   4.9428000e+04   0.0000000e+00
   5.3226400e+04   0.0000000e+00
   5.7316800e+04   0.0000000e+00
   6.1721400e+04   0.0000000e+00
   6.6464600e+04   0.0000000e+00
   7.1572300e+04   0.0000000e+00
   7.7072500e+04   9.9998778e-03
   8.2995300e+04   1.0000002e-02
   8.9373300e+04   0.0000000e+00
   9.6241500e+04   0.0000000e+00
   1.0363700e+05   0.0000000e+00
   1.1160200e+05   0.0000000e+00
   1.2017800e+05   0.0000000e+00
   1.2941400e+05   9.9997970e-03
   1.3935900e+05   9.9996037e-03
   1.5006800e+05   0.0000000e+00
   1.6160100e+05   0.0000000e+00
   1.7401900e+05   9.9999951e-03
   1.8739200e+05   0.0000000e+00
   2.0179300e+05   0.0000000e+00
