   1.2610200e+02   1.0000261e-02
   1.3388800e+02   0.0000000e+00
   1.4215400e+02   0.0000000e+00
   1.5093100e+02   0.0000000e+00
   1.6025000e+02   0.0000000e+00
   1.7014400e+02   0.0000000e+00
   1.8064900e+02   1.0000264e-02
   1.9180300e+02   2.0001051e-02
   2.0364600e+02   9.9995709e-03
   2.1621900e+02   0.0000000e+00
   2.2956900e+02   1.9999797e-02
   2.4374300e+02   9.9998348e-03
   2.5879200e+02   2.0000755e-02
   2.7477100e+02   3.0000058e-02
   2.9173600e+02   9.9997581e-03
   3.0974800e+02   2.0000543e-02
   3.2887300e+02   9.9998267e-03
   3.4917800e+02   9.9999697e-03
   3.7073700e+02   9.9999314e-03
   3.9362700e+02   1.0000221e-02
   4.1793100e+02   2.0000009e-02
   4.4373500e+02   9.9999324e-03
   4.7113200e+02   2.0000171e-02
   5.0022100e+02   9.9997451e-03
   5.3110500e+02   6.0000506e-02
   5.6389700e+02   0.0000000e+00
   5.9871300e+02   1.0000005e-02
   6.3567900e+02   9.9999194e-03
   6.7492700e+02   3.0000298e-02
   7.1659900e+02   1.9999792e-02
   7.6084300e+02   2.0000317e-02
   8.0782000e+02   9.9998886e-03
   8.5769600e+02   1.9999945e-02
   9.1065200e+02   0.0000000e+00
   9.6687800e+02   2.0001603e-02
   1.0265800e+03   2.9998515e-02
   1.0899600e+03   2.0001022e-02
   1.1572600e+03   0.0000000e+00
   1.2287100e+03   0.0000000e+00
   1.3045700e+03   1.0000363e-02
   1.3851200e+03   0.0000000e+00
   1.4706400e+03   1.9999880e-02
   1.5614400e+03   1.9998566e-02
   1.6578400e+03   1.0000091e-02
   1.7602000e+03   0.0000000e+00
   1.8688800e+03   1.0000078e-02
   1.9842700e+03   2.9999146e-02
   2.1067800e+03   3.0000480e-02
   2.2368600e+03   1.0000076e-02
   2.3749700e+03   4.0001046e-02
   2.5216100e+03   2.0000093e-02
   2.6773000e+03   4.9999283e-02
   2.8426000e+03   1.0000086e-02
   3.0181100e+03   1.9999500e-02
   3.2044500e+03   9.9999919e-03
   3.4023000e+03   2.0000387e-02
   3.6123700e+03   2.0000376e-02
   3.8354100e+03   9.9997088e-03
   4.0722100e+03   0.0000000e+00
   4.3236400e+03   0.0000000e+00
   4.5905900e+03   9.9998639e-03
   4.8740200e+03   1.0000206e-02
   5.1749600e+03   9.9998962e-03
   5.4944700e+03   9.9999810e-03
   5.8337100e+03   0.0000000e+00
   6.1939000e+03   1.0000124e-02
   6.5763300e+03   0.0000000e+00
   6.9823600e+03   1.0000071e-02
   7.4134700e+03   0.0000000e+00
   7.8711900e+03   0.0000000e+00
   8.3571800e+03   1.9999927e-02
   8.8731700e+03   0.0000000e+00
   9.4210200e+03   1.0000068e-02
   1.0002700e+04   2.0000358e-02
   1.0620300e+04   0.0000000e+00
   1.1276000e+04   1.9999807e-02
   1.1972200e+04   0.0000000e+00
   1.2711400e+04   0.0000000e+00
   1.3496200e+04   0.0000000e+00
   1.4329500e+04   0.0000000e+00
   1.5214300e+04   0.0000000e+00
   1.6153600e+04   0.0000000e+00
   1.7151000e+04   9.9996163e-03
   1.8209900e+04   0.0000000e+00
   1.9334200e+04   0.0000000e+00
   2.0528000e+04   0.0000000e+00
   2.1795400e+04   0.0000000e+00
   2.3141100e+04   0.0000000e+00
   2.4569900e+04   0.0000000e+00
   2.6086900e+04   0.0000000e+00
   2.7697600e+04   0.0000000e+00
   2.9407700e+04   0.0000000e+00
   3.1223400e+04   0.0000000e+00
   3.3151200e+04   0.0000000e+00
   3.5198000e+04   0.0000000e+00
   3.7371200e+04   0.0000000e+00
   3.9678600e+04   0.0000000e+00
   4.2128500e+04   0.0000000e+00
   4.4729600e+04   9.9999776e-03
