   2.6209600e+02   9.9999204e-03
   2.7959300e+02   1.9999734e-02
   2.9825800e+02   1.0000364e-02
   3.1817000e+02   9.9997495e-03
   3.3941000e+02   0.0000000e+00
   3.6206900e+02   1.9999859e-02
   3.8624000e+02   0.0000000e+00
   4.1202500e+02   1.9999888e-02
   4.3953100e+02   1.9999713e-02
   4.6887300e+02   2.0000444e-02
   5.0017500e+02   1.0000037e-02
   5.3356600e+02   1.9999989e-02
   5.6918600e+02   3.0000029e-02
   6.0718400e+02   1.9999678e-02
   6.4771800e+02   3.0000217e-02
   6.9095900e+02   0.0000000e+00
   7.3708600e+02   1.0000043e-02
   7.8629300e+02   1.0000041e-02
   8.3878500e+02   1.9999979e-02
   8.9478100e+02   2.9999908e-02
   9.5451500e+02   0.0000000e+00
   1.0182400e+03   9.9991347e-03
   1.0862100e+03   2.0001669e-02
   1.1587300e+03   1.9998765e-02
   1.2360800e+03   4.0000497e-02
   1.3186000e+03   3.0000712e-02
   1.4066300e+03   1.9999010e-02
   1.5005300e+03   5.0003344e-02
   1.6007100e+03   3.9999728e-02
   1.7075700e+03   1.9999204e-02
   1.8215600e+03   1.0000428e-02
   1.9431700e+03   9.9997775e-03
   2.0728900e+03   3.9999154e-02
   2.2112700e+03   0.0000000e+00
   2.3588900e+03   2.0000432e-02
   2.5163700e+03   1.0000058e-02
   2.6843600e+03   1.9999616e-02
   2.8635600e+03   1.0000141e-02
   3.0547300e+03   0.0000000e+00
   3.2586600e+03   9.9998570e-03
   3.4762000e+03   2.0000326e-02
   3.7082700e+03   3.0000063e-02
   3.9558300e+03   9.9998117e-03
   4.2199100e+03   1.0000187e-02
   4.5016300e+03   9.9999232e-03
   4.8021500e+03   0.0000000e+00
   5.1227300e+03   0.0000000e+00
   5.4647200e+03   3.0000280e-02
   5.8295400e+03   1.9999952e-02
   6.2187100e+03   9.9999671e-03
   6.6338600e+03   0.0000000e+00
   7.0767300e+03   9.9999731e-03
   7.5491600e+03   0.0000000e+00
   8.0531300e+03   9.9999223e-03
   8.5907400e+03   1.0000064e-02
   9.1642500e+03   0.0000000e+00
   9.7760400e+03   0.0000000e+00
   1.0428700e+04   1.9999946e-02
   1.1124900e+04   0.0000000e+00
   1.1867600e+04   0.0000000e+00
   1.2659800e+04   0.0000000e+00
   1.3505000e+04   0.0000000e+00
   1.4406500e+04   1.0000412e-02
   1.5368300e+04   0.0000000e+00
   1.6394300e+04   9.9994781e-03
   1.7488700e+04   9.9998243e-03
   1.8656200e+04   0.0000000e+00
   1.9901700e+04   0.0000000e+00
   2.1230300e+04   0.0000000e+00
   2.2647600e+04   0.0000000e+00
   2.4159500e+04   1.0000286e-02
   2.5772400e+04   9.9998385e-03
   2.7492900e+04   0.0000000e+00
   2.9328300e+04   0.0000000e+00
   3.1286200e+04   0.0000000e+00
   3.3374800e+04   1.0000203e-02
   3.5602900e+04   0.0000000e+00
   3.7979700e+04   0.0000000e+00
   4.0515200e+04   0.0000000e+00
   4.3219900e+04   0.0000000e+00
   4.6105200e+04   0.0000000e+00
   4.9183100e+04   1.0000022e-02
   5.2466500e+04   1.0000028e-02
   5.5969100e+04   0.0000000e+00
   5.9705500e+04   9.9998939e-03
   6.3691300e+04   0.0000000e+00
   6.7943300e+04   0.0000000e+00
   7.2479100e+04   0.0000000e+00
   7.7317700e+04   9.9999806e-03
   8.2479300e+04   0.0000000e+00
   8.7985500e+04   0.0000000e+00
   9.3859200e+04   9.9998409e-03
   1.0012500e+05   0.0000000e+00
   1.0680900e+05   0.0000000e+00
   1.1394000e+05   0.0000000e+00
   1.2154600e+05   0.0000000e+00
   1.2966000e+05   0.0000000e+00
   1.3831600e+05   0.0000000e+00
   1.4755000e+05   0.0000000e+00
