   2.0534600e+02   9.9998261e-03
   2.1886200e+02   1.0000069e-02
   2.3326800e+02   1.9999813e-02
   2.4862200e+02   0.0000000e+00
   2.6498700e+02   1.0000057e-02
   2.8242900e+02   1.0000026e-02
   3.0101900e+02   2.0000450e-02
   3.2083300e+02   1.9999277e-02
   3.4195000e+02   2.0000204e-02
   3.6445800e+02   9.9998866e-03
   3.8844700e+02   3.0000875e-02
   4.1401600e+02   1.9999836e-02
   4.4126700e+02   2.0000038e-02
   4.7031200e+02   1.9999526e-02
   5.0126800e+02   2.0000381e-02
   5.3426300e+02   2.9999904e-02
   5.6942900e+02   0.0000000e+00
   6.0691000e+02   1.0000023e-02
   6.4685800e+02   9.9999323e-03
   6.8943500e+02   0.0000000e+00
   7.3481500e+02   9.9998640e-03
   7.8318100e+02   1.0000121e-02
   8.3473200e+02   9.9999007e-03
   8.8967500e+02   2.9999995e-02
   9.4823500e+02   0.0000000e+00
   1.0106500e+03   0.0000000e+00
   1.0771700e+03   0.0000000e+00
   1.1480700e+03   1.0000254e-02
   1.2236400e+03   9.9996853e-03
   1.3041800e+03   1.0000752e-02
   1.3900300e+03   1.9999074e-02
   1.4815200e+03   3.0001150e-02
   1.5790400e+03   9.9995106e-03
   1.6829700e+03   4.0001329e-02
   1.7937500e+03   2.0000350e-02
   1.9118200e+03   1.0000064e-02
   2.0376600e+03   1.9999706e-02
   2.1717800e+03   0.0000000e+00
   2.3147300e+03   2.0000145e-02
   2.4670900e+03   5.0000531e-02
   2.6294800e+03   9.9996212e-03
   2.8025500e+03   2.0000053e-02
   2.9870200e+03   9.9999582e-03
   3.1836300e+03   1.9999787e-02
   3.3931800e+03   2.0000412e-02
   3.6165300e+03   2.0000318e-02
   3.8545800e+03   0.0000000e+00
   4.1082900e+03   0.0000000e+00
   4.3787100e+03   0.0000000e+00
   4.6669200e+03   1.0000171e-02
   4.9741100e+03   0.0000000e+00
   5.3015100e+03   1.9999755e-02
   5.6504600e+03   0.0000000e+00
   6.0223900e+03   0.0000000e+00
   6.4187900e+03   2.0000178e-02
   6.8412900e+03   9.9999022e-03
   7.2915900e+03   1.0000094e-02
   7.7715400e+03   9.9999000e-03
   8.2830700e+03   0.0000000e+00
   8.8282800e+03   1.9999898e-02
   9.4093700e+03   0.0000000e+00
   1.0028700e+04   9.9999209e-03
   1.0688800e+04   1.0000619e-02
   1.1392400e+04   9.9991079e-03
   1.2142200e+04   1.0000922e-02
   1.2941500e+04   9.9996209e-03
   1.3793300e+04   2.0000038e-02
   1.4701200e+04   1.0000405e-02
   1.5668900e+04   0.0000000e+00
   1.6700200e+04   9.9996642e-03
   1.7799400e+04   0.0000000e+00
   1.8971000e+04   9.9999517e-03
   2.0219700e+04   0.0000000e+00
   2.1550600e+04   9.9999994e-03
   2.2969100e+04   1.0000206e-02
   2.4481000e+04   0.0000000e+00
   2.6092400e+04   2.9999200e-02
   2.7809800e+04   0.0000000e+00
   2.9640300e+04   0.0000000e+00
   3.1591300e+04   0.0000000e+00
   3.3670700e+04   1.0000167e-02
   3.5887000e+04   0.0000000e+00
   3.8249100e+04   9.9999072e-03
   4.0766700e+04   0.0000000e+00
   4.3450100e+04   0.0000000e+00
   4.6310000e+04   0.0000000e+00
   4.9358200e+04   0.0000000e+00
   5.2607100e+04   0.0000000e+00
   5.6069800e+04   0.0000000e+00
   5.9760400e+04   0.0000000e+00
   6.3693900e+04   0.0000000e+00
   6.7886300e+04   1.0000011e-02
   7.2354700e+04   0.0000000e+00
   7.7117200e+04   0.0000000e+00
   8.2193200e+04   0.0000000e+00
   8.7603300e+04   0.0000000e+00
   9.3369500e+04   0.0000000e+00
   9.9515300e+04   1.0000692e-02
   1.0606600e+05   0.0000000e+00
