   1.7175100e+02   9.9996125e-03
   1.8580600e+02   1.0000135e-02
   2.0101200e+02   0.0000000e+00
   2.1746200e+02   1.0000312e-02
   2.3525900e+02   9.9995658e-03
   2.5451100e+02   1.0000274e-02
   2.7534000e+02   2.0000043e-02
   2.9787300e+02   2.0000012e-02
   3.2225000e+02   5.0000257e-02
   3.4862200e+02   9.9999647e-03
   3.7715200e+02   0.0000000e+00
   4.0801700e+02   2.0000107e-02
   4.4140800e+02   9.9998940e-03
   4.7753100e+02   1.0000103e-02
   5.1661100e+02   2.0000073e-02
   5.5888900e+02   9.9998462e-03
   6.0462600e+02   3.0000132e-02
   6.5410700e+02   9.9999928e-03
   7.0763700e+02   0.0000000e+00
   7.6554800e+02   5.9999905e-02
   8.2819800e+02   1.9999976e-02
   8.9597500e+02   2.0000074e-02
   9.6929900e+02   3.9998249e-02
   1.0486200e+03   5.0002251e-02
   1.1344400e+03   2.0000243e-02
   1.2272800e+03   1.0000329e-02
   1.3277200e+03   2.9998265e-02
   1.4363700e+03   3.0000406e-02
   1.5539200e+03   1.0000166e-02
   1.6810900e+03   1.9999239e-02
   1.8186600e+03   2.0000822e-02
   1.9675000e+03   9.9997676e-03
   2.1285100e+03   1.9999973e-02
   2.3027000e+03   1.0000212e-02
   2.4911500e+03   0.0000000e+00
   2.6950100e+03   2.0000756e-02
   2.9155700e+03   9.9999646e-03
   3.1541700e+03   1.9999447e-02
   3.4122900e+03   0.0000000e+00
   3.6915500e+03   9.9998423e-03
   3.9936500e+03   1.0000050e-02
   4.3204800e+03   1.9999758e-02
   4.6740500e+03   9.9999972e-03
   5.0565600e+03   3.0000460e-02
   5.4703800e+03   0.0000000e+00
   5.9180500e+03   1.0000094e-02
   6.4023700e+03   0.0000000e+00
   6.9263200e+03   1.0000015e-02
   7.4931500e+03   2.0000109e-02
   8.1063700e+03   9.9998745e-03
   8.7697600e+03   0.0000000e+00
   9.4874600e+03   1.0000237e-02
   1.0263900e+04   1.9998439e-02
   1.1103800e+04   0.0000000e+00
   1.2012500e+04   0.0000000e+00
   1.2995600e+04   0.0000000e+00
   1.4059100e+04   2.0000765e-02
   1.5209700e+04   1.9999715e-02
   1.6454400e+04   0.0000000e+00
   1.7801000e+04   0.0000000e+00
   1.9257800e+04   0.0000000e+00
   2.0833800e+04   1.9999159e-02
   2.2538700e+04   9.9999936e-03
   2.4383200e+04   0.0000000e+00
   2.6378700e+04   9.9997676e-03
   2.8537400e+04   0.0000000e+00
   3.0872800e+04   0.0000000e+00
   3.3399400e+04   1.9999993e-02
   3.6132700e+04   0.0000000e+00
   3.9089700e+04   9.9997614e-03
   4.2288600e+04   0.0000000e+00
   4.5749400e+04   0.0000000e+00
   4.9493400e+04   0.0000000e+00
   5.3543800e+04   0.0000000e+00
   5.7925700e+04   9.9998738e-03
   6.2666100e+04   0.0000000e+00
   6.7794500e+04   0.0000000e+00
   7.3342600e+04   0.0000000e+00
   7.9344700e+04   0.0000000e+00
   8.5838100e+04   0.0000000e+00
   9.2862800e+04   0.0000000e+00
   1.0046200e+05   1.0000583e-02
   1.0868400e+05   0.0000000e+00
   1.1757800e+05   0.0000000e+00
   1.2720100e+05   0.0000000e+00
   1.3761000e+05   0.0000000e+00
   1.4887200e+05   0.0000000e+00
   1.6105500e+05   0.0000000e+00
   1.7423500e+05   0.0000000e+00
   1.8849400e+05   0.0000000e+00
   2.0392000e+05   0.0000000e+00
   2.2060800e+05   0.0000000e+00
   2.3866200e+05   0.0000000e+00
   2.5819300e+05   0.0000000e+00
   2.7932300e+05   0.0000000e+00
   3.0218200e+05   0.0000000e+00
   3.2691200e+05   0.0000000e+00
   3.5366500e+05   1.0000038e-02
   3.8260800e+05   9.9998567e-03
