   1.6393900e+02   1.9999839e-02
   1.7819700e+02   3.9999718e-02
   1.9369500e+02   3.0000031e-02
   2.1054100e+02   0.0000000e+00
   2.2885300e+02   1.9999331e-02
   2.4875600e+02   1.0000108e-02
   2.7039100e+02   3.9999305e-02
   2.9390700e+02   3.0000330e-02
   3.1946900e+02   1.0000099e-02
   3.4725400e+02   9.9999135e-03
   3.7745500e+02   3.0000098e-02
   4.1028300e+02   3.9999929e-02
   4.4596600e+02   5.9999227e-02
   4.8475200e+02   2.0000114e-02
   5.2691200e+02   1.9999795e-02
   5.7273800e+02   2.9999974e-02
   6.2255000e+02   3.0000391e-02
   6.7669500e+02   3.9999795e-02
   7.3554800e+02   3.0000053e-02
   7.9952000e+02   9.9998979e-03
   8.6905500e+02   2.0000207e-02
   9.4463900e+02   2.0001027e-02
   1.0268000e+03   9.9997247e-03
   1.1161000e+03   2.0000206e-02
   1.2131700e+03   2.9999658e-02
   1.3186800e+03   1.0000211e-02
   1.4333700e+03   0.0000000e+00
   1.5580300e+03   9.9996832e-03
   1.6935300e+03   1.0000048e-02
   1.8408200e+03   0.0000000e+00
   2.0009200e+03   0.0000000e+00
   2.1749400e+03   2.0000076e-02
   2.3641000e+03   2.0000014e-02
   2.5697100e+03   2.9999733e-02
   2.7932000e+03   1.0000019e-02
   3.0361300e+03   2.0000195e-02
   3.3001900e+03   0.0000000e+00
   3.5872100e+03   0.0000000e+00
   3.8992000e+03   0.0000000e+00
   4.2383200e+03   0.0000000e+00
   4.6069300e+03   0.0000000e+00
   5.0076100e+03   1.9999993e-02
   5.4431300e+03   1.9999686e-02
   5.9165200e+03   9.9999990e-03
   6.4310900e+03   1.0000149e-02
   6.9904200e+03   3.0000097e-02
   7.5983900e+03   0.0000000e+00
   8.2592300e+03   0.0000000e+00
   8.9775500e+03   1.9999936e-02
   9.7583400e+03   0.0000000e+00
   1.0607000e+04   2.0001876e-02
   1.1529600e+04   0.0000000e+00
   1.2532300e+04   2.0000846e-02
   1.3622300e+04   0.0000000e+00
   1.4807000e+04   2.0000178e-02
   1.6094800e+04   1.0000059e-02
   1.7494600e+04   0.0000000e+00
   1.9016100e+04   1.0000224e-02
   2.0670000e+04   0.0000000e+00
   2.2467700e+04   9.9997318e-03
   2.4421700e+04   1.0000004e-02
   2.6545700e+04   0.0000000e+00
   2.8854500e+04   0.0000000e+00
   3.1364000e+04   0.0000000e+00
   3.4091800e+04   0.0000000e+00
   3.7056800e+04   0.0000000e+00
   4.0279700e+04   0.0000000e+00
   4.3782900e+04   0.0000000e+00
   4.7590700e+04   0.0000000e+00
   5.1729800e+04   0.0000000e+00
   5.6228800e+04   9.9999789e-03
   6.1119100e+04   0.0000000e+00
   6.6434700e+04   0.0000000e+00
   7.2212700e+04   0.0000000e+00
   7.8493100e+04   0.0000000e+00
   8.5319800e+04   0.0000000e+00
   9.2740200e+04   0.0000000e+00
   1.0080600e+05   0.0000000e+00
   1.0957300e+05   0.0000000e+00
   1.1910300e+05   0.0000000e+00
   1.2946200e+05   0.0000000e+00
   1.4072100e+05   0.0000000e+00
   1.5296000e+05   0.0000000e+00
   1.6626300e+05   9.9998853e-03
   1.8072300e+05   0.0000000e+00
   1.9644100e+05   0.0000000e+00
   2.1352600e+05   0.0000000e+00
   2.3209600e+05   0.0000000e+00
   2.5228200e+05   0.0000000e+00
   2.7422400e+05   9.9997188e-03
   2.9807300e+05   0.0000000e+00
   3.2399700e+05   0.0000000e+00
   3.5217600e+05   0.0000000e+00
   3.8280500e+05   0.0000000e+00
   4.1609900e+05   0.0000000e+00
   4.5228700e+05   0.0000000e+00
   4.9162300e+05   0.0000000e+00
   5.3438100e+05   0.0000000e+00
   5.8085700e+05   9.9999876e-03
