   2.1760700e+02   2.9998712e-02
   2.3240700e+02   0.0000000e+00
   2.4821500e+02   0.0000000e+00
   2.6509700e+02   0.0000000e+00
   2.8312800e+02   9.9999868e-03
   3.0238500e+02   0.0000000e+00
   3.2295200e+02   0.0000000e+00
   3.4491700e+02   1.0000130e-02
   3.6837700e+02   9.9998764e-03
   3.9343200e+02   3.0000636e-02
   4.2019200e+02   9.9998207e-03
   4.4877100e+02   1.9999768e-02
   4.7929400e+02   0.0000000e+00
   5.1189400e+02   2.0000208e-02
   5.4671100e+02   9.9998188e-03
   5.8389500e+02   3.0000114e-02
   6.2360900e+02   1.9999987e-02
   6.6602400e+02   2.0000041e-02
   7.1132400e+02   1.0000014e-02
   7.5970500e+02   4.0000277e-02
   8.1137700e+02   2.9999937e-02
   8.6656300e+02   1.9999830e-02
   9.2550200e+02   2.0000219e-02
   9.8845100e+02   9.9998431e-03
   1.0556800e+03   1.9999316e-02
   1.1274800e+03   2.0000982e-02
   1.2041700e+03   2.9999233e-02
   1.2860700e+03   1.9999403e-02
   1.3735400e+03   1.0000841e-02
   1.4669700e+03   1.9998797e-02
   1.5667400e+03   9.9997609e-03
   1.6733000e+03   3.0002497e-02
   1.7871200e+03   1.9999837e-02
   1.9086700e+03   0.0000000e+00
   2.0384900e+03   3.9997640e-02
   2.1771300e+03   2.0000129e-02
   2.3252100e+03   9.9999827e-03
   2.4833600e+03   1.0000181e-02
   2.6522700e+03   3.9998957e-02
   2.8326600e+03   3.0000838e-02
   3.0253300e+03   1.0000052e-02
   3.2311000e+03   9.9998052e-03
   3.4508600e+03   1.9999850e-02
   3.6855700e+03   1.0000177e-02
   3.9362500e+03   1.9999594e-02
   4.2039700e+03   0.0000000e+00
   4.4899100e+03   9.9999124e-03
   4.7952900e+03   0.0000000e+00
   5.1214500e+03   9.9997880e-03
   5.4697800e+03   0.0000000e+00
   5.8418100e+03   1.0000174e-02
   6.2391500e+03   9.9998078e-03
   6.6635000e+03   0.0000000e+00
   7.1167200e+03   0.0000000e+00
   7.6007700e+03   2.0000018e-02
   8.1177400e+03   9.9999577e-03
   8.6698700e+03   1.0000081e-02
   9.2595600e+03   0.0000000e+00
   9.8893500e+03   1.0000355e-02
   1.0562000e+04   1.0000344e-02
   1.1280400e+04   9.9995314e-03
   1.2047600e+04   0.0000000e+00
   1.2867000e+04   0.0000000e+00
   1.3742200e+04   1.9998290e-02
   1.4676800e+04   1.0000470e-02
   1.5675100e+04   0.0000000e+00
   1.6741200e+04   1.0000337e-02
   1.7879900e+04   0.0000000e+00
   1.9096000e+04   9.9998249e-03
   2.0394800e+04   0.0000000e+00
   2.1782000e+04   1.9999806e-02
   2.3263500e+04   0.0000000e+00
   2.4845800e+04   0.0000000e+00
   2.6535700e+04   0.0000000e+00
   2.8340500e+04   0.0000000e+00
   3.0268100e+04   0.0000000e+00
   3.2326800e+04   9.9999075e-03
   3.4525500e+04   0.0000000e+00
   3.6873800e+04   0.0000000e+00
   3.9381800e+04   0.0000000e+00
   4.2060300e+04   0.0000000e+00
   4.4921100e+04   0.0000000e+00
   4.7976400e+04   0.0000000e+00
   5.1239600e+04   0.0000000e+00
   5.4724600e+04   9.9999427e-03
   5.8446700e+04   1.0000066e-02
   6.2422000e+04   0.0000000e+00
   6.6667700e+04   0.0000000e+00
   7.1202100e+04   0.0000000e+00
   7.6044900e+04   1.0000125e-02
   8.1217200e+04   0.0000000e+00
   8.6741200e+04   0.0000000e+00
   9.2640900e+04   1.0000002e-02
   9.8941900e+04   1.0000794e-02
   1.0567200e+05   0.0000000e+00
   1.1285900e+05   0.0000000e+00
   1.2053500e+05   0.0000000e+00
   1.2873300e+05   0.0000000e+00
   1.3748900e+05   0.0000000e+00
