   9.3285400e+01   1.9999827e-02
   9.9942600e+01   0.0000000e+00
   1.0707500e+02   0.0000000e+00
   1.1471600e+02   1.0000421e-02
   1.2290300e+02   0.0000000e+00
   1.3167400e+02   0.0000000e+00
   1.4107100e+02   9.9995712e-03
   1.5113800e+02   2.0000264e-02
   1.6192400e+02   3.0000994e-02
   1.7348000e+02   9.9997841e-03
   1.8586000e+02   3.0000515e-02
   1.9912400e+02   1.9999580e-02
   2.1333400e+02   9.9997017e-03
   2.2855800e+02   3.0000170e-02
   2.4486900e+02   4.0000100e-02
   2.6234400e+02   9.9999631e-03
   2.8106600e+02   2.0000849e-02
   3.0112500e+02   0.0000000e+00
   3.2261400e+02   2.9999660e-02
   3.4563700e+02   3.0000992e-02
   3.7030400e+02   0.0000000e+00
   3.9673000e+02   0.0000000e+00
   4.2504200e+02   1.0000032e-02
   4.5537500e+02   3.0000366e-02
   4.8787300e+02   2.0000138e-02
   5.2269000e+02   1.9999752e-02
   5.5999100e+02   4.0000367e-02
   5.9995500e+02   1.9999786e-02
   6.4277000e+02   1.0000016e-02
   6.8864100e+02   2.9999709e-02
   7.3778500e+02   4.0000304e-02
   7.9043700e+02   0.0000000e+00
   8.4684600e+02   0.0000000e+00
   9.0728100e+02   1.9999830e-02
   9.7202800e+02   2.0001058e-02
   1.0414000e+03   1.0000202e-02
   1.1157200e+03   9.9997147e-03
   1.1953400e+03   1.9998926e-02
   1.2806400e+03   9.9997110e-03
   1.3720300e+03   1.0000570e-02
   1.4699500e+03   1.9999605e-02
   1.5748500e+03   2.0000250e-02
   1.6872400e+03   1.0000099e-02
   1.8076500e+03   9.9998607e-03
   1.9366500e+03   0.0000000e+00
   2.0748600e+03   0.0000000e+00
   2.2229300e+03   0.0000000e+00
   2.3815700e+03   1.0000055e-02
   2.5515300e+03   0.0000000e+00
   2.7336100e+03   1.0000372e-02
   2.9287000e+03   0.0000000e+00
   3.1377000e+03   2.9999906e-02
   3.3616200e+03   1.9999983e-02
   3.6015200e+03   0.0000000e+00
   3.8585400e+03   1.0000254e-02
   4.1339100e+03   1.9999731e-02
   4.4289200e+03   1.0000076e-02
   4.7449900e+03   0.0000000e+00
   5.0836100e+03   1.0000016e-02
   5.4464000e+03   0.0000000e+00
   5.8350800e+03   0.0000000e+00
   6.2515000e+03   0.0000000e+00
   6.6976300e+03   1.9999890e-02
   7.1756000e+03   0.0000000e+00
   7.6876800e+03   0.0000000e+00
   8.2363100e+03   0.0000000e+00
   8.8240900e+03   2.0000099e-02
   9.4538200e+03   1.0000174e-02
   1.0128500e+04   0.0000000e+00
   1.0851300e+04   0.0000000e+00
   1.1625700e+04   0.0000000e+00
   1.2455400e+04   9.9992666e-03
   1.3344200e+04   0.0000000e+00
   1.4296500e+04   2.0000737e-02
   1.5316800e+04   0.0000000e+00
   1.6409900e+04   9.9993095e-03
   1.7580900e+04   1.0000373e-02
   1.8835600e+04   0.0000000e+00
   2.0179800e+04   0.0000000e+00
   2.1619900e+04   0.0000000e+00
   2.3162800e+04   1.0000005e-02
   2.4815800e+04   1.0000199e-02
   2.6586800e+04   0.0000000e+00
   2.8484100e+04   0.0000000e+00
   3.0516900e+04   0.0000000e+00
   3.2694700e+04   9.9998385e-03
   3.5027900e+04   0.0000000e+00
   3.7527700e+04   9.9998379e-03
   4.0205800e+04   1.0000113e-02
   4.3075100e+04   0.0000000e+00
   4.6149100e+04   0.0000000e+00
   4.9442500e+04   0.0000000e+00
   5.2970900e+04   1.0000141e-02
   5.6751200e+04   0.0000000e+00
   6.0801200e+04   0.0000000e+00
   6.5140200e+04   0.0000000e+00
   6.9788900e+04   1.0000097e-02
   7.4769400e+04   0.0000000e+00
   8.0105300e+04   9.9998769e-03
