   8.6844200e+01   9.9999368e-03
   9.3978400e+01   0.0000000e+00
   1.0169900e+02   0.0000000e+00
   1.1005300e+02   0.0000000e+00
   1.1909400e+02   0.0000000e+00
   1.2887800e+02   0.0000000e+00
   1.3946500e+02   0.0000000e+00
   1.5092200e+02   0.0000000e+00
   1.6332000e+02   1.0000213e-02
   1.7673700e+02   3.0000174e-02
   1.9125600e+02   9.9995959e-03
   2.0696700e+02   0.0000000e+00
   2.2397000e+02   0.0000000e+00
   2.4236900e+02   0.0000000e+00
   2.6227900e+02   0.0000000e+00
   2.8382600e+02   0.0000000e+00
   3.0714200e+02   1.9999504e-02
   3.3237300e+02   4.0001006e-02
   3.5967800e+02   9.9998571e-03
   3.8922500e+02   1.0000085e-02
   4.2120000e+02   4.0000604e-02
   4.5580200e+02   9.9999819e-03
   4.9324600e+02   0.0000000e+00
   5.3376600e+02   2.9999486e-02
   5.7761400e+02   3.0000088e-02
   6.2506500e+02   2.0000025e-02
   6.7641400e+02   2.9999845e-02
   7.3198100e+02   2.0000296e-02
   7.9211400e+02   1.0000005e-02
   8.5718600e+02   9.9999182e-03
   9.2760300e+02   3.0001781e-02
   1.0038100e+03   1.9999436e-02
   1.0862700e+03   1.9998495e-02
   1.1755000e+03   3.0000822e-02
   1.2720700e+03   1.9999941e-02
   1.3765700e+03   2.0000871e-02
   1.4896600e+03   5.9997522e-02
   1.6120300e+03   3.0000427e-02
   1.7444600e+03   1.0000200e-02
   1.8877700e+03   3.0000071e-02
   2.0428500e+03   2.0000116e-02
   2.2106700e+03   1.9999426e-02
   2.3922700e+03   0.0000000e+00
   2.5888000e+03   1.0000041e-02
   2.8014700e+03   1.9999995e-02
   3.0316100e+03   0.0000000e+00
   3.2806500e+03   0.0000000e+00
   3.5501600e+03   9.9998398e-03
   3.8418000e+03   1.0000198e-02
   4.1574100e+03   0.0000000e+00
   4.4989400e+03   0.0000000e+00
   4.8685200e+03   0.0000000e+00
   5.2684700e+03   2.9999748e-02
   5.7012700e+03   3.0000097e-02
   6.1696300e+03   3.0000366e-02
   6.6764700e+03   9.9999793e-03
   7.2249400e+03   0.0000000e+00
   7.8184600e+03   2.0000140e-02
   8.4607500e+03   2.0000064e-02
   9.1558000e+03   1.0000060e-02
   9.9079500e+03   1.0000190e-02
   1.0721900e+04   2.9999960e-02
   1.1602700e+04   9.9993533e-03
   1.2555800e+04   1.0000393e-02
   1.3587300e+04   0.0000000e+00
   1.4703500e+04   0.0000000e+00
   1.5911400e+04   9.9998771e-03
   1.7218500e+04   0.0000000e+00
   1.8633000e+04   0.0000000e+00
   2.0163700e+04   9.9997365e-03
   2.1820100e+04   1.0000449e-02
   2.3612700e+04   9.9996190e-03
   2.5552400e+04   1.0000358e-02
   2.7651600e+04   9.9996882e-03
   2.9923100e+04   0.0000000e+00
   3.2381300e+04   0.0000000e+00
   3.5041400e+04   0.0000000e+00
   3.7920100e+04   0.0000000e+00
   4.1035200e+04   0.0000000e+00
   4.4406200e+04   0.0000000e+00
   4.8054200e+04   0.0000000e+00
   5.2001800e+04   0.0000000e+00
   5.6273800e+04   0.0000000e+00
   6.0896600e+04   0.0000000e+00
   6.5899300e+04   1.0000002e-02
   7.1312900e+04   0.0000000e+00
   7.7171200e+04   0.0000000e+00
   8.3510800e+04   0.0000000e+00
   9.0371200e+04   1.0000054e-02
   9.7795200e+04   0.0000000e+00
   1.0582900e+05   0.0000000e+00
   1.1452300e+05   0.0000000e+00
   1.2393100e+05   0.0000000e+00
   1.3411200e+05   0.0000000e+00
   1.4512900e+05   0.0000000e+00
   1.5705100e+05   0.0000000e+00
   1.6995300e+05   0.0000000e+00
   1.8391500e+05   0.0000000e+00
   1.9902300e+05   1.0000167e-02
