   2.1099200e+02   1.0000037e-02
   2.2905800e+02   2.9998711e-02
   2.4867000e+02   9.9999156e-03
   2.6996200e+02   2.0000634e-02
   2.9307800e+02   0.0000000e+00
   3.1817200e+02   0.0000000e+00
   3.4541500e+02   4.0000061e-02
   3.7499100e+02   0.0000000e+00
   4.0710000e+02   2.9999572e-02
   4.4195700e+02   0.0000000e+00
   4.7979900e+02   3.0000491e-02
   5.2088200e+02   4.0000001e-02
   5.6548200e+02   3.9999320e-02
   6.1390000e+02   3.0000212e-02
   6.6646500e+02   9.9998994e-03
   7.2353000e+02   4.0000238e-02
   7.8548200e+02   3.9999901e-02
   8.5273800e+02   0.0000000e+00
   9.2575300e+02   0.0000000e+00
   1.0050200e+03   2.9998665e-02
   1.0910700e+03   3.0002522e-02
   1.1845000e+03   9.9998700e-03
   1.2859200e+03   9.9995132e-03
   1.3960200e+03   3.0001791e-02
   1.5155600e+03   9.9993835e-03
   1.6453200e+03   1.0000057e-02
   1.7862000e+03   1.9999811e-02
   1.9391400e+03   1.0000157e-02
   2.1051800e+03   4.0001316e-02
   2.2854400e+03   1.9999083e-02
   2.4811200e+03   1.0000276e-02
   2.6935700e+03   1.9999634e-02
   2.9242000e+03   4.9999634e-02
   3.1745800e+03   3.0001062e-02
   3.4464100e+03   2.9999440e-02
   3.7415000e+03   0.0000000e+00
   4.0618600e+03   0.0000000e+00
   4.4096600e+03   0.0000000e+00
   4.7872300e+03   0.0000000e+00
   5.1971300e+03   0.0000000e+00
   5.6421300e+03   0.0000000e+00
   6.1252300e+03   1.0000069e-02
   6.6497000e+03   3.9999723e-02
   7.2190700e+03   0.0000000e+00
   7.8372000e+03   9.9999871e-03
   8.5082500e+03   2.0000004e-02
   9.2367600e+03   3.0001936e-02
   1.0027700e+04   0.0000000e+00
   1.0886300e+04   0.0000000e+00
   1.1818400e+04   0.0000000e+00
   1.2830300e+04   1.0000149e-02
   1.3928900e+04   1.0000420e-02
   1.5121600e+04   9.9994730e-03
   1.6416300e+04   2.0001002e-02
   1.7822000e+04   0.0000000e+00
   1.9347900e+04   1.0000305e-02
   2.1004600e+04   0.0000000e+00
   2.2803100e+04   0.0000000e+00
   2.4755600e+04   0.0000000e+00
   2.6875300e+04   9.9997062e-03
   2.9176400e+04   9.9999948e-03
   3.1674600e+04   0.0000000e+00
   3.4386700e+04   0.0000000e+00
   3.7331100e+04   0.0000000e+00
   4.0527500e+04   9.9999260e-03
   4.3997600e+04   0.0000000e+00
   4.7764900e+04   0.0000000e+00
   5.1854700e+04   0.0000000e+00
   5.6294700e+04   0.0000000e+00
   6.1114900e+04   0.0000000e+00
   6.6347800e+04   0.0000000e+00
   7.2028800e+04   0.0000000e+00
   7.8196200e+04   0.0000000e+00
   8.4891600e+04   0.0000000e+00
   9.2160400e+04   1.0000551e-02
   1.0005200e+05   0.0000000e+00
   1.0861800e+05   1.0000714e-02
   1.1791900e+05   0.0000000e+00
   1.2801500e+05   1.0000731e-02
   1.3897700e+05   9.9993841e-03
   1.5087600e+05   0.0000000e+00
   1.6379500e+05   0.0000000e+00
   1.7782000e+05   9.9995821e-03
   1.9304500e+05   0.0000000e+00
   2.0957500e+05   0.0000000e+00
   2.2751900e+05   0.0000000e+00
   2.4700000e+05   0.0000000e+00
   2.6815000e+05   9.9999754e-03
   2.9111000e+05   0.0000000e+00
   3.1603600e+05   0.0000000e+00
   3.4309600e+05   0.0000000e+00
   3.7247300e+05   0.0000000e+00
   4.0436600e+05   0.0000000e+00
   4.3898900e+05   0.0000000e+00
   4.7657700e+05   0.0000000e+00
   5.1738400e+05   0.0000000e+00
   5.6168400e+05   0.0000000e+00
   6.0977800e+05   0.0000000e+00
   6.6199000e+05   0.0000000e+00
