   1.4441400e+02   9.9994074e-03
   1.5551800e+02   2.0000710e-02
   1.6747700e+02   0.0000000e+00
   1.8035500e+02   2.9999258e-02
   1.9422300e+02   0.0000000e+00
   2.0915800e+02   0.0000000e+00
   2.2524100e+02   2.0000097e-02
   2.4256100e+02   1.0000177e-02
   2.6121300e+02   2.0000092e-02
   2.8129900e+02   9.9998086e-03
   3.0292900e+02   2.0000275e-02
   3.2622300e+02   0.0000000e+00
   3.5130700e+02   4.0000440e-02
   3.7832100e+02   0.0000000e+00
   4.0741200e+02   3.0000100e-02
   4.3874000e+02   2.0000103e-02
   4.7247700e+02   4.9999812e-02
   5.0880800e+02   3.0000228e-02
   5.4793300e+02   1.9999903e-02
   5.9006600e+02   7.0000103e-02
   6.3543900e+02   1.9999998e-02
   6.8430100e+02   0.0000000e+00
   7.3692000e+02   0.0000000e+00
   7.9358500e+02   2.0000105e-02
   8.5460800e+02   2.0000032e-02
   9.2032300e+02   1.9999957e-02
   9.9109100e+02   9.9999164e-03
   1.0673000e+03   2.0000049e-02
   1.1493700e+03   1.9999864e-02
   1.2377500e+03   1.0000372e-02
   1.3329300e+03   1.9998976e-02
   1.4354200e+03   0.0000000e+00
   1.5458000e+03   9.9996561e-03
   1.6646600e+03   3.0001448e-02
   1.7926700e+03   0.0000000e+00
   1.9305100e+03   1.0000230e-02
   2.0789600e+03   9.9999144e-03
   2.2388200e+03   2.0000688e-02
   2.4109800e+03   9.9999181e-03
   2.5963700e+03   0.0000000e+00
   2.7960200e+03   1.9999144e-02
   3.0110100e+03   2.0000726e-02
   3.2425500e+03   9.9998035e-03
   3.4918800e+03   2.0000182e-02
   3.7603900e+03   2.9999602e-02
   4.0495400e+03   0.0000000e+00
   4.3609300e+03   2.0000415e-02
   4.6962700e+03   9.9997498e-03
   5.0573800e+03   2.0000185e-02
   5.4462700e+03   2.9999980e-02
   5.8650600e+03   1.9999873e-02
   6.3160500e+03   0.0000000e+00
   6.8017300e+03   1.9999693e-02
   7.3247400e+03   0.0000000e+00
   7.8879800e+03   0.0000000e+00
   8.4945200e+03   1.0000078e-02
   9.1477100e+03   0.0000000e+00
   9.8511200e+03   9.9997207e-03
   1.0608600e+04   2.0001295e-02
   1.1424400e+04   0.0000000e+00
   1.2302800e+04   0.0000000e+00
   1.3248900e+04   9.9993147e-03
   1.4267600e+04   0.0000000e+00
   1.5364700e+04   1.0000263e-02
   1.6546200e+04   0.0000000e+00
   1.7818500e+04   0.0000000e+00
   1.9188700e+04   0.0000000e+00
   2.0664200e+04   0.0000000e+00
   2.2253200e+04   9.9996855e-03
   2.3964300e+04   1.0000360e-02
   2.5807100e+04   0.0000000e+00
   2.7791500e+04   0.0000000e+00
   2.9928500e+04   1.0000227e-02
   3.2229900e+04   0.0000000e+00
   3.4708200e+04   0.0000000e+00
   3.7377000e+04   0.0000000e+00
   4.0251100e+04   0.0000000e+00
   4.3346200e+04   0.0000000e+00
   4.6679300e+04   0.0000000e+00
   5.0268700e+04   0.0000000e+00
   5.4134200e+04   0.0000000e+00
   5.8296800e+04   0.0000000e+00
   6.2779500e+04   0.0000000e+00
   6.7606900e+04   0.0000000e+00
   7.2805600e+04   9.9998514e-03
   7.8403900e+04   0.0000000e+00
   8.4432800e+04   0.0000000e+00
   9.0925200e+04   0.0000000e+00
   9.7916900e+04   9.9996989e-03
   1.0544600e+05   0.0000000e+00
   1.1355400e+05   0.0000000e+00
   1.2228600e+05   0.0000000e+00
   1.3168900e+05   0.0000000e+00
   1.4181600e+05   0.0000000e+00
   1.5272100e+05   0.0000000e+00
   1.6446400e+05   0.0000000e+00
   1.7711000e+05   0.0000000e+00
   1.9072900e+05   9.9999388e-03
   2.0539500e+05   0.0000000e+00
