   1.7214600e+02   2.0000314e-02
   1.8316400e+02   0.0000000e+00
   1.9488700e+02   0.0000000e+00
   2.0736000e+02   2.0000639e-02
   2.2063200e+02   0.0000000e+00
   2.3475300e+02   0.0000000e+00
   2.4977800e+02   2.9999168e-02
   2.6576400e+02   2.0000528e-02
   2.8277400e+02   0.0000000e+00
   3.0087200e+02   2.9999115e-02
   3.2012800e+02   0.0000000e+00
   3.4061700e+02   1.0000271e-02
   3.6241800e+02   1.9999425e-02
   3.8561300e+02   1.0000297e-02
   4.1029400e+02   2.0000115e-02
   4.3655400e+02   9.9998098e-03
   4.6449400e+02   2.0000125e-02
   4.9422300e+02   1.0000140e-02
   5.2585500e+02   9.9999717e-03
   5.5951100e+02   2.9999899e-02
   5.9532100e+02   4.9999731e-02
   6.3342300e+02   9.9998396e-03
   6.7396300e+02   3.0000398e-02
   7.1709900e+02   5.0000020e-02
   7.6299500e+02   1.0000080e-02
   8.1182900e+02   4.9999886e-02
   8.6378800e+02   0.0000000e+00
   9.1907300e+02   3.9999993e-02
   9.7789600e+02   2.9998138e-02
   1.0404800e+03   0.0000000e+00
   1.1070800e+03   9.9992022e-03
   1.1779300e+03   2.9999717e-02
   1.2533200e+03   2.0001012e-02
   1.3335400e+03   0.0000000e+00
   1.4188900e+03   0.0000000e+00
   1.5097000e+03   2.0001057e-02
   1.6063300e+03   0.0000000e+00
   1.7091400e+03   3.0000207e-02
   1.8185300e+03   9.9999727e-03
   1.9349200e+03   1.9998421e-02
   2.0587500e+03   1.0000328e-02
   2.1905200e+03   1.0000073e-02
   2.3307200e+03   0.0000000e+00
   2.4798900e+03   0.0000000e+00
   2.6386100e+03   1.0000128e-02
   2.8074900e+03   3.0000503e-02
   2.9871800e+03   1.9999340e-02
   3.1783600e+03   0.0000000e+00
   3.3817900e+03   9.9998527e-03
   3.5982300e+03   1.0000179e-02
   3.8285300e+03   1.9999545e-02
   4.0735600e+03   0.0000000e+00
   4.3342800e+03   9.9998262e-03
   4.6116800e+03   0.0000000e+00
   4.9068400e+03   0.0000000e+00
   5.2208900e+03   1.0000273e-02
   5.5550500e+03   0.0000000e+00
   5.9105800e+03   0.0000000e+00
   6.2888700e+03   0.0000000e+00
   6.6913800e+03   0.0000000e+00
   7.1196400e+03   1.0000080e-02
   7.5753200e+03   0.0000000e+00
   8.0601600e+03   9.9999852e-03
   8.5760300e+03   1.0000007e-02
   9.1249200e+03   9.9999993e-03
   9.7089400e+03   0.0000000e+00
   1.0330300e+04   0.0000000e+00
   1.0991500e+04   1.0000253e-02
   1.1695000e+04   0.0000000e+00
   1.2443500e+04   0.0000000e+00
   1.3239900e+04   0.0000000e+00
   1.4087300e+04   1.9999472e-02
   1.4988900e+04   0.0000000e+00
   1.5948300e+04   0.0000000e+00
   1.6969000e+04   0.0000000e+00
   1.8055000e+04   1.0000262e-02
   1.9210600e+04   0.0000000e+00
   2.0440100e+04   0.0000000e+00
   2.1748400e+04   1.9999237e-02
   2.3140300e+04   0.0000000e+00
   2.4621400e+04   1.9999581e-02
   2.6197200e+04   0.0000000e+00
   2.7873900e+04   0.0000000e+00
   2.9657900e+04   1.0000097e-02
   3.1556100e+04   0.0000000e+00
   3.3575700e+04   1.0000307e-02
   3.5724700e+04   0.0000000e+00
   3.8011100e+04   0.0000000e+00
   4.0443900e+04   0.0000000e+00
   4.3032500e+04   0.0000000e+00
   4.5786600e+04   1.0000126e-02
   4.8717100e+04   9.9999249e-03
   5.1835100e+04   0.0000000e+00
   5.5152700e+04   0.0000000e+00
   5.8682600e+04   1.0000159e-02
   6.2438500e+04   0.0000000e+00
   6.6434700e+04   0.0000000e+00
   7.0686700e+04   9.9999349e-03
   7.5210800e+04   1.0000029e-02
