   1.1519900e+02   1.0000005e-02
   1.2576400e+02   0.0000000e+00
   1.3729800e+02   0.0000000e+00
   1.4989000e+02   1.9999330e-02
   1.6363600e+02   0.0000000e+00
   1.7864300e+02   0.0000000e+00
   1.9502700e+02   1.9999946e-02
   2.1291300e+02   9.9998113e-03
   2.3243900e+02   0.0000000e+00
   2.5375700e+02   0.0000000e+00
   2.7702900e+02   0.0000000e+00
   3.0243500e+02   1.0000187e-02
   3.3017200e+02   9.9999094e-03
   3.6045200e+02   9.9999078e-03
   3.9350900e+02   1.0000009e-02
   4.2959800e+02   1.0000057e-02
   4.6899700e+02   5.0000160e-02
   5.1200900e+02   3.0000217e-02
   5.5896600e+02   2.9999979e-02
   6.1022900e+02   2.9999782e-02
   6.6619300e+02   5.0000013e-02
   7.2729000e+02   2.9999926e-02
   7.9399000e+02   1.0000096e-02
   8.6680800e+02   4.9999732e-02
   9.4630300e+02   2.0000238e-02
   1.0330900e+03   2.9998379e-02
   1.1278300e+03   2.0001055e-02
   1.2312700e+03   9.9999694e-03
   1.3441900e+03   5.0001505e-02
   1.4674700e+03   2.9999497e-02
   1.6020500e+03   2.9999007e-02
   1.7489700e+03   0.0000000e+00
   1.9093700e+03   1.0000024e-02
   2.0844800e+03   2.0000014e-02
   2.2756500e+03   1.9999867e-02
   2.4843500e+03   9.9999432e-03
   2.7121900e+03   1.0000119e-02
   2.9609300e+03   2.0000092e-02
   3.2324800e+03   9.9999107e-03
   3.5289300e+03   4.9999791e-02
   3.8525700e+03   9.9999453e-03
   4.2058900e+03   0.0000000e+00
   4.5916200e+03   0.0000000e+00
   5.0127200e+03   3.0000040e-02
   5.4724400e+03   0.0000000e+00
   5.9743200e+03   2.0000085e-02
   6.5222300e+03   9.9998717e-03
   7.1203800e+03   1.0000087e-02
   7.7734000e+03   9.9999909e-03
   8.4863000e+03   2.0000185e-02
   9.2645900e+03   9.9993999e-03
   1.0114200e+04   0.0000000e+00
   1.1041800e+04   1.0000463e-02
   1.2054500e+04   0.0000000e+00
   1.3160000e+04   0.0000000e+00
   1.4366900e+04   3.0000039e-02
   1.5684500e+04   0.0000000e+00
   1.7123000e+04   0.0000000e+00
   1.8693300e+04   1.0000147e-02
   2.0407700e+04   0.0000000e+00
   2.2279300e+04   0.0000000e+00
   2.4322500e+04   0.0000000e+00
   2.6553200e+04   0.0000000e+00
   2.8988400e+04   0.0000000e+00
   3.1646900e+04   1.0000132e-02
   3.4549300e+04   0.0000000e+00
   3.7717800e+04   9.9999468e-03
   4.1176900e+04   0.0000000e+00
   4.4953300e+04   0.0000000e+00
   4.9076000e+04   0.0000000e+00
   5.3576800e+04   0.0000000e+00
   5.8490300e+04   0.0000000e+00
   6.3854500e+04   0.0000000e+00
   6.9710700e+04   0.0000000e+00
   7.6103900e+04   9.9999484e-03
   8.3083400e+04   0.0000000e+00
   9.0703000e+04   0.0000000e+00
   9.9021500e+04   0.0000000e+00
   1.0810300e+05   0.0000000e+00
   1.1801700e+05   0.0000000e+00
   1.2884000e+05   0.0000000e+00
   1.4065600e+05   0.0000000e+00
   1.5355600e+05   0.0000000e+00
   1.6763900e+05   9.9998338e-03
   1.8301300e+05   9.9998568e-03
   1.9979700e+05   1.0000250e-02
   2.1812100e+05   0.0000000e+00
   2.3812500e+05   9.9997294e-03
   2.5996300e+05   1.0000241e-02
   2.8380500e+05   0.0000000e+00
   3.0983300e+05   0.0000000e+00
   3.3824800e+05   0.0000000e+00
   3.6926900e+05   0.0000000e+00
   4.0313400e+05   0.0000000e+00
   4.4010600e+05   0.0000000e+00
   4.8046800e+05   1.0000199e-02
   5.2453300e+05   0.0000000e+00
   5.7263800e+05   0.0000000e+00
   6.2515500e+05   9.9999645e-03
