   1.4283900e+02   9.9998284e-03
   1.5700800e+02   0.0000000e+00
   1.7258300e+02   2.0000269e-02
   1.8970300e+02   9.9999981e-03
   2.0852100e+02   2.0000306e-02
   2.2920600e+02   2.9999243e-02
   2.5194200e+02   1.0000024e-02
   2.7693400e+02   2.9999980e-02
   3.0440500e+02   1.9999928e-02
   3.3460100e+02   5.0000761e-02
   3.6779300e+02   3.9999963e-02
   4.0427700e+02   2.9999931e-02
   4.4438000e+02   4.9999756e-02
   4.8846100e+02   1.0000033e-02
   5.3691500e+02   5.0000521e-02
   5.9017600e+02   5.9999550e-02
   6.4871900e+02   2.9999986e-02
   7.1307000e+02   3.0000199e-02
   7.8380500e+02   9.9999449e-03
   8.6155600e+02   9.9999717e-03
   9.4702000e+02   3.9999276e-02
   1.0409600e+03   3.9999826e-02
   1.1442200e+03   4.0002286e-02
   1.2577300e+03   2.9999291e-02
   1.3824900e+03   2.0000223e-02
   1.5196300e+03   1.9999580e-02
   1.6703700e+03   2.0000487e-02
   1.8360700e+03   1.9999695e-02
   2.0182000e+03   3.0000170e-02
   2.2184000e+03   1.0000055e-02
   2.4384600e+03   5.9998092e-02
   2.6803400e+03   0.0000000e+00
   2.9462300e+03   0.0000000e+00
   3.2384800e+03   1.0000063e-02
   3.5597300e+03   1.0000147e-02
   3.9128500e+03   0.0000000e+00
   4.3009900e+03   0.0000000e+00
   4.7276400e+03   9.9998217e-03
   5.1966000e+03   3.0000075e-02
   5.7120900e+03   3.0000339e-02
   6.2787200e+03   9.9999716e-03
   6.9015500e+03   0.0000000e+00
   7.5861600e+03   0.0000000e+00
   8.3386900e+03   0.0000000e+00
   9.1658600e+03   0.0000000e+00
   1.0075100e+04   9.9997965e-03
   1.1074500e+04   0.0000000e+00
   1.2173100e+04   0.0000000e+00
   1.3380600e+04   0.0000000e+00
   1.4707900e+04   0.0000000e+00
   1.6166900e+04   0.0000000e+00
   1.7770600e+04   1.0000029e-02
   1.9533400e+04   0.0000000e+00
   2.1471100e+04   0.0000000e+00
   2.3600900e+04   0.0000000e+00
   2.5942100e+04   0.0000000e+00
   2.8515400e+04   0.0000000e+00
   3.1344100e+04   0.0000000e+00
   3.4453300e+04   0.0000000e+00
   3.7871000e+04   0.0000000e+00
   4.1627700e+04   0.0000000e+00
   4.5757100e+04   0.0000000e+00
   5.0296000e+04   0.0000000e+00
   5.5285300e+04   0.0000000e+00
   6.0769400e+04   0.0000000e+00
   6.6797500e+04   0.0000000e+00
   7.3423700e+04   0.0000000e+00
   8.0707100e+04   1.0000010e-02
   8.8713000e+04   0.0000000e+00
   9.7513100e+04   0.0000000e+00
   1.0718600e+05   0.0000000e+00
   1.1781900e+05   0.0000000e+00
   1.2950600e+05   0.0000000e+00
   1.4235300e+05   9.9993180e-03
   1.5647300e+05   0.0000000e+00
   1.7199500e+05   0.0000000e+00
   1.8905700e+05   0.0000000e+00
   2.0781100e+05   0.0000000e+00
   2.2842500e+05   0.0000000e+00
   2.5108400e+05   0.0000000e+00
   2.7599100e+05   0.0000000e+00
   3.0336800e+05   0.0000000e+00
   3.3346100e+05   0.0000000e+00
   3.6654000e+05   0.0000000e+00
   4.0289900e+05   0.0000000e+00
   4.4286600e+05   0.0000000e+00
   4.8679700e+05   0.0000000e+00
   5.3508600e+05   0.0000000e+00
   5.8816500e+05   0.0000000e+00
   6.4650900e+05   0.0000000e+00
   7.1064100e+05   0.0000000e+00
   7.8113400e+05   0.0000000e+00
   8.5862100e+05   0.0000000e+00
   9.4379300e+05   0.0000000e+00
   1.0374100e+06   0.0000000e+00
   1.1403200e+06   0.0000000e+00
   1.2534400e+06   0.0000000e+00
   1.3777800e+06   0.0000000e+00
   1.5144500e+06   0.0000000e+00
