   1.5951100e+02   1.0000043e-02
   1.7366400e+02   0.0000000e+00
   1.8907300e+02   1.0000090e-02
   2.0584900e+02   0.0000000e+00
   2.2411300e+02   0.0000000e+00
   2.4399800e+02   0.0000000e+00
   2.6564700e+02   9.9999732e-03
   2.8921700e+02   9.9998608e-03
   3.1487800e+02   1.0000290e-02
   3.4281700e+02   9.9999842e-03
   3.7323400e+02   0.0000000e+00
   4.0635000e+02   0.0000000e+00
   4.4240400e+02   2.9999930e-02
   4.8165700e+02   2.0000063e-02
   5.2439300e+02   0.0000000e+00
   5.7092000e+02   3.0000003e-02
   6.2157600e+02   3.0000269e-02
   6.7672700e+02   2.0000056e-02
   7.3677100e+02   1.9999865e-02
   8.0214200e+02   4.0000230e-02
   8.7331400e+02   1.9999911e-02
   9.5080000e+02   4.9999075e-02
   1.0351600e+03   0.0000000e+00
   1.1270100e+03   1.9998800e-02
   1.2270000e+03   4.0000689e-02
   1.3358700e+03   2.0000397e-02
   1.4544000e+03   2.9998961e-02
   1.5834400e+03   3.0001246e-02
   1.7239400e+03   1.9999979e-02
   1.8769000e+03   0.0000000e+00
   2.0434300e+03   2.0000306e-02
   2.2247400e+03   3.9999110e-02
   2.4221300e+03   1.0000085e-02
   2.6370400e+03   1.0000165e-02
   2.8710200e+03   0.0000000e+00
   3.1257500e+03   2.0000124e-02
   3.4030900e+03   3.0000454e-02
   3.7050400e+03   5.9998813e-02
   4.0337700e+03   1.0000184e-02
   4.3916800e+03   0.0000000e+00
   4.7813400e+03   9.9999496e-03
   5.2055700e+03   9.9999012e-03
   5.6674400e+03   0.0000000e+00
   6.1703000e+03   9.9999775e-03
   6.7177700e+03   2.0000100e-02
   7.3138200e+03   1.9999958e-02
   7.9627500e+03   3.0000040e-02
   8.6692600e+03   1.9999863e-02
   9.4384500e+03   2.0000148e-02
   1.0275900e+04   9.9994344e-03
   1.1187600e+04   0.0000000e+00
   1.2180300e+04   0.0000000e+00
   1.3261000e+04   1.9999847e-02
   1.4437600e+04   9.9999600e-03
   1.5718600e+04   0.0000000e+00
   1.7113300e+04   0.0000000e+00
   1.8631700e+04   0.0000000e+00
   2.0284800e+04   9.9999408e-03
   2.2084600e+04   9.9999947e-03
   2.4044100e+04   0.0000000e+00
   2.6177500e+04   9.9997917e-03
   2.8500100e+04   0.0000000e+00
   3.1028900e+04   1.0000003e-02
   3.3782000e+04   0.0000000e+00
   3.6779300e+04   0.0000000e+00
   4.0042700e+04   0.0000000e+00
   4.3595500e+04   2.0000011e-02
   4.7463600e+04   0.0000000e+00
   5.1674900e+04   0.0000000e+00
   5.6259900e+04   9.9998726e-03
   6.1251600e+04   0.0000000e+00
   6.6686300e+04   0.0000000e+00
   7.2603200e+04   9.9999282e-03
   7.9045000e+04   0.0000000e+00
   8.6058400e+04   1.0000018e-02
   9.3694100e+04   0.0000000e+00
   1.0200700e+05   1.0000269e-02
   1.1105800e+05   0.0000000e+00
   1.2091200e+05   0.0000000e+00
   1.3164000e+05   0.0000000e+00
   1.4332000e+05   0.0000000e+00
   1.5603600e+05   1.0000271e-02
   1.6988100e+05   0.0000000e+00
   1.8495400e+05   9.9997617e-03
   2.0136400e+05   0.0000000e+00
   2.1923100e+05   0.0000000e+00
   2.3868300e+05   0.0000000e+00
   2.5986000e+05   0.0000000e+00
   2.8291700e+05   0.0000000e+00
   3.0801900e+05   0.0000000e+00
   3.3534900e+05   9.9998433e-03
   3.6510300e+05   0.0000000e+00
   3.9749800e+05   0.0000000e+00
   4.3276600e+05   0.0000000e+00
   4.7116400e+05   0.0000000e+00
   5.1296900e+05   0.0000000e+00
   5.5848300e+05   0.0000000e+00
   6.0803600e+05   0.0000000e+00
   6.6198500e+05   1.0000039e-02
