   1.4947100e+02   1.0000308e-02
   1.5954300e+02   9.9996822e-03
   1.7029300e+02   0.0000000e+00
   1.8176800e+02   1.0000063e-02
   1.9401600e+02   1.9999729e-02
   2.0708900e+02   0.0000000e+00
   2.2104300e+02   1.0000429e-02
   2.3593800e+02   0.0000000e+00
   2.5183600e+02   0.0000000e+00
   2.6880500e+02   1.0000187e-02
   2.8691800e+02   1.9999795e-02
   3.0625100e+02   1.0000082e-02
   3.2688700e+02   0.0000000e+00
   3.4891300e+02   3.9999209e-02
   3.7242300e+02   2.0000263e-02
   3.9751800e+02   3.0000320e-02
   4.2430400e+02   0.0000000e+00
   4.5289400e+02   0.0000000e+00
   4.8341100e+02   1.9999855e-02
   5.1598400e+02   3.9999889e-02
   5.5075200e+02   0.0000000e+00
   5.8786300e+02   3.0000386e-02
   6.2747500e+02   6.9999191e-02
   6.6975500e+02   2.0000217e-02
   7.1488500e+02   4.9999497e-02
   7.6305500e+02   3.0000431e-02
   8.1447200e+02   3.9999398e-02
   8.6935200e+02   3.0000122e-02
   9.2793100e+02   1.0000033e-02
   9.9045700e+02   0.0000000e+00
   1.0572000e+03   1.9998250e-02
   1.1284300e+03   0.0000000e+00
   1.2044700e+03   4.0000193e-02
   1.2856300e+03   1.0000221e-02
   1.3722600e+03   0.0000000e+00
   1.4647200e+03   3.0001148e-02
   1.5634200e+03   1.9998799e-02
   1.6687600e+03   3.0001323e-02
   1.7812100e+03   9.9998624e-03
   1.9012300e+03   2.0000149e-02
   2.0293400e+03   1.9999866e-02
   2.1660800e+03   0.0000000e+00
   2.3120400e+03   0.0000000e+00
   2.4678300e+03   1.9999161e-02
   2.6341100e+03   0.0000000e+00
   2.8116100e+03   9.9998909e-03
   3.0010600e+03   2.0000246e-02
   3.2032800e+03   0.0000000e+00
   3.4191200e+03   3.0000234e-02
   3.6495100e+03   9.9999301e-03
   3.8954200e+03   0.0000000e+00
   4.1579000e+03   0.0000000e+00
   4.4380700e+03   0.0000000e+00
   4.7371100e+03   2.0000210e-02
   5.0563100e+03   2.0000290e-02
   5.3970200e+03   0.0000000e+00
   5.7606800e+03   1.9999672e-02
   6.1488400e+03   2.0000372e-02
   6.5631700e+03   0.0000000e+00
   7.0054100e+03   1.0000026e-02
   7.4774500e+03   9.9998636e-03
   7.9812900e+03   0.0000000e+00
   8.5190900e+03   9.9999470e-03
   9.0931200e+03   0.0000000e+00
   9.7058400e+03   0.0000000e+00
   1.0359800e+04   1.0000492e-02
   1.1057900e+04   0.0000000e+00
   1.1803000e+04   0.0000000e+00
   1.2598300e+04   0.0000000e+00
   1.3447200e+04   0.0000000e+00
   1.4353300e+04   0.0000000e+00
   1.5320500e+04   0.0000000e+00
   1.6352800e+04   1.0000117e-02
   1.7454700e+04   9.9997079e-03
   1.8630800e+04   0.0000000e+00
   1.9886200e+04   0.0000000e+00
   2.1226200e+04   0.0000000e+00
   2.2656500e+04   9.9997338e-03
   2.4183100e+04   9.9999482e-03
   2.5812600e+04   0.0000000e+00
   2.7551900e+04   0.0000000e+00
   2.9408400e+04   0.0000000e+00
   3.1390000e+04   0.0000000e+00
   3.3505100e+04   0.0000000e+00
   3.5762800e+04   0.0000000e+00
   3.8172600e+04   0.0000000e+00
   4.0744700e+04   0.0000000e+00
   4.3490200e+04   9.9997849e-03
   4.6420600e+04   0.0000000e+00
   4.9548600e+04   0.0000000e+00
   5.2887200e+04   0.0000000e+00
   5.6450900e+04   0.0000000e+00
   6.0254700e+04   0.0000000e+00
   6.4314800e+04   0.0000000e+00
   6.8648400e+04   0.0000000e+00
   7.3274100e+04   0.0000000e+00
   7.8211500e+04   0.0000000e+00
   8.3481500e+04   0.0000000e+00
   8.9106700e+04   0.0000000e+00
