   1.1035700e+02   2.0000811e-02
   1.1825400e+02   0.0000000e+00
   1.2671600e+02   9.9997223e-03
   1.3578300e+02   0.0000000e+00
   1.4549900e+02   0.0000000e+00
   1.5591000e+02   0.0000000e+00
   1.6706700e+02   9.9995330e-03
   1.7902100e+02   0.0000000e+00
   1.9183100e+02   1.0000284e-02
   2.0555800e+02   1.0000120e-02
   2.2026700e+02   1.9999606e-02
   2.3602800e+02   1.9999785e-02
   2.5291700e+02   0.0000000e+00
   2.7101500e+02   0.0000000e+00
   2.9040700e+02   4.0001347e-02
   3.1118800e+02   1.9999796e-02
   3.3345500e+02   0.0000000e+00
   3.5731500e+02   2.9999957e-02
   3.8288300e+02   2.0000403e-02
   4.1028100e+02   3.9999981e-02
   4.3963900e+02   9.9998061e-03
   4.7109700e+02   1.0000105e-02
   5.0480700e+02   0.0000000e+00
   5.4092900e+02   1.9999739e-02
   5.7963500e+02   3.9999828e-02
   6.2111100e+02   4.0000856e-02
   6.6555600e+02   9.9999446e-03
   7.1318000e+02   4.9999929e-02
   7.6421200e+02   0.0000000e+00
   8.1889600e+02   3.9999563e-02
   8.7749200e+02   0.0000000e+00
   9.4028200e+02   9.9993273e-03
   1.0075600e+03   2.0000828e-02
   1.0796600e+03   1.0000534e-02
   1.1569200e+03   1.9999069e-02
   1.2397000e+03   1.0000278e-02
   1.3284100e+03   0.0000000e+00
   1.4234600e+03   3.0000928e-02
   1.5253200e+03   2.0000864e-02
   1.6344700e+03   3.9998186e-02
   1.7514200e+03   2.0000913e-02
   1.8767500e+03   1.9999675e-02
   2.0110400e+03   1.9999798e-02
   2.1549400e+03   0.0000000e+00
   2.3091400e+03   9.9999014e-03
   2.4743700e+03   0.0000000e+00
   2.6514200e+03   5.0001444e-02
   2.8411500e+03   3.9999885e-02
   3.0444500e+03   1.9999324e-02
   3.2622900e+03   1.0000196e-02
   3.4957300e+03   0.0000000e+00
   3.7458700e+03   0.0000000e+00
   4.0139100e+03   0.0000000e+00
   4.3011300e+03   2.0000003e-02
   4.6089000e+03   9.9999254e-03
   4.9386900e+03   0.0000000e+00
   5.2920800e+03   0.0000000e+00
   5.6707600e+03   0.0000000e+00
   6.0765300e+03   9.9999778e-03
   6.5113400e+03   0.0000000e+00
   6.9772700e+03   0.0000000e+00
   7.4765300e+03   1.0000033e-02
   8.0115200e+03   0.0000000e+00
   8.5847900e+03   1.9999992e-02
   9.1990800e+03   0.0000000e+00
   9.8573200e+03   0.0000000e+00
   1.0562700e+04   9.9997631e-03
   1.1318500e+04   9.9999973e-03
   1.2128400e+04   0.0000000e+00
   1.2996200e+04   1.0000476e-02
   1.3926200e+04   0.0000000e+00
   1.4922700e+04   0.0000000e+00
   1.5990500e+04   0.0000000e+00
   1.7134700e+04   1.0000121e-02
   1.8360800e+04   9.9998573e-03
   1.9674600e+04   0.0000000e+00
   2.1082400e+04   0.0000000e+00
   2.2591000e+04   0.0000000e+00
   2.4207500e+04   0.0000000e+00
   2.5939700e+04   0.0000000e+00
   2.7795800e+04   0.0000000e+00
   2.9784800e+04   1.0000145e-02
   3.1916100e+04   0.0000000e+00
   3.4199800e+04   2.0000060e-02
   3.6647000e+04   0.0000000e+00
   3.9269300e+04   0.0000000e+00
   4.2079300e+04   0.0000000e+00
   4.5090300e+04   0.0000000e+00
   4.8316800e+04   0.0000000e+00
   5.1774100e+04   0.0000000e+00
   5.5478800e+04   9.9999262e-03
   5.9448600e+04   1.0000026e-02
   6.3702500e+04   0.0000000e+00
   6.8260800e+04   0.0000000e+00
   7.3145300e+04   0.0000000e+00
   7.8379200e+04   0.0000000e+00
   8.3987700e+04   0.0000000e+00
   8.9997500e+04   0.0000000e+00
   9.6437300e+04   1.0000080e-02
