   3.2057300e+02   1.0000147e-02
   3.5239000e+02   9.9999409e-03
   3.8736400e+02   1.0000151e-02
   4.2581000e+02   1.0000009e-02
   4.6807100e+02   2.9999756e-02
   5.1452600e+02   9.9999995e-03
   5.6559200e+02   3.9999797e-02
   6.2172600e+02   3.0000223e-02
   6.8343200e+02   2.0000082e-02
   7.5126200e+02   2.9999693e-02
   8.2582300e+02   2.0000039e-02
   9.0778500e+02   6.0000277e-02
   9.9788200e+02   9.9999659e-03
   1.0969200e+03   3.0000544e-02
   1.2057900e+03   3.9998979e-02
   1.3254600e+03   1.9999941e-02
   1.4570100e+03   6.0001437e-02
   1.6016200e+03   5.0000391e-02
   1.7605800e+03   3.9998842e-02
   1.9353100e+03   2.0000330e-02
   2.1273900e+03   2.9999827e-02
   2.3385300e+03   2.0000336e-02
   2.5706300e+03   9.9999479e-03
   2.8257600e+03   1.9999815e-02
   3.1062100e+03   1.0000095e-02
   3.4145000e+03   0.0000000e+00
   3.7533800e+03   3.0000153e-02
   4.1259000e+03   0.0000000e+00
   4.5353900e+03   1.9999906e-02
   4.9855200e+03   1.0000061e-02
   5.4803300e+03   1.9999788e-02
   6.0242400e+03   9.9999971e-03
   6.6221400e+03   3.0000048e-02
   7.2793800e+03   9.9999963e-03
   8.0018500e+03   2.9999851e-02
   8.7960200e+03   1.0000040e-02
   9.6690200e+03   3.0001324e-02
   1.0628700e+04   9.9992403e-03
   1.1683500e+04   3.0000591e-02
   1.2843100e+04   1.0000289e-02
   1.4117800e+04   0.0000000e+00
   1.5518900e+04   0.0000000e+00
   1.7059200e+04   1.9999913e-02
   1.8752300e+04   9.9997834e-03
   2.0613400e+04   0.0000000e+00
   2.2659300e+04   0.0000000e+00
   2.4908200e+04   9.9999659e-03
   2.7380300e+04   0.0000000e+00
   3.0097700e+04   0.0000000e+00
   3.3084900e+04   0.0000000e+00
   3.6368500e+04   0.0000000e+00
   3.9978100e+04   1.0000086e-02
   4.3945900e+04   0.0000000e+00
   4.8307400e+04   0.0000000e+00
   5.3101900e+04   0.0000000e+00
   5.8372200e+04   0.0000000e+00
   6.4165500e+04   0.0000000e+00
   7.0533900e+04   0.0000000e+00
   7.7534300e+04   9.9999364e-03
   8.5229400e+04   0.0000000e+00
   9.3688400e+04   2.0000359e-02
   1.0298700e+05   0.0000000e+00
   1.1320800e+05   0.0000000e+00
   1.2444400e+05   0.0000000e+00
   1.3679500e+05   9.9994843e-03
   1.5037100e+05   0.0000000e+00
   1.6529600e+05   0.0000000e+00
   1.8170100e+05   0.0000000e+00
   1.9973500e+05   0.0000000e+00
   2.1955800e+05   0.0000000e+00
   2.4134900e+05   0.0000000e+00
   2.6530200e+05   0.0000000e+00
   2.9163300e+05   1.0000266e-02
   3.2057800e+05   0.0000000e+00
   3.5239500e+05   0.0000000e+00
   3.8736900e+05   0.0000000e+00
   4.2581500e+05   0.0000000e+00
   4.6807700e+05   0.0000000e+00
   5.1453300e+05   0.0000000e+00
   5.6560000e+05   0.0000000e+00
   6.2173500e+05   0.0000000e+00
   6.8344100e+05   0.0000000e+00
   7.5127200e+05   0.0000000e+00
   8.2583400e+05   0.0000000e+00
   9.0779700e+05   0.0000000e+00
   9.9789500e+05   0.0000000e+00
   1.0969300e+06   0.0000000e+00
   1.2058000e+06   0.0000000e+00
   1.3254800e+06   0.0000000e+00
   1.4570300e+06   0.0000000e+00
   1.6016400e+06   0.0000000e+00
   1.7606000e+06   0.0000000e+00
   1.9353400e+06   0.0000000e+00
   2.1274200e+06   0.0000000e+00
   2.3385600e+06   0.0000000e+00
   2.5706600e+06   0.0000000e+00
   2.8257900e+06   0.0000000e+00
   3.1062500e+06   0.0000000e+00
   3.4145400e+06   1.0000034e-02
