   1.5763100e+02   1.9999381e-02
   1.7121200e+02   2.0000614e-02
   1.8596400e+02   2.9998952e-02
   2.0198600e+02   9.9999726e-03
   2.1938900e+02   2.0000508e-02
   2.3829200e+02   0.0000000e+00
   2.5882300e+02   9.9999667e-03
   2.8112300e+02   1.9999643e-02
   3.0534400e+02   3.0000679e-02
   3.3165300e+02   0.0000000e+00
   3.6022800e+02   9.9999973e-03
   3.9126500e+02   9.9999299e-03
   4.2497600e+02   6.0000442e-02
   4.6159200e+02   3.9999473e-02
   5.0136200e+02   9.9999759e-03
   5.4455900e+02   2.0000021e-02
   5.9147800e+02   3.0000310e-02
   6.4244000e+02   1.9999895e-02
   6.9779200e+02   1.0000092e-02
   7.5791400e+02   2.9999737e-02
   8.2321500e+02   4.0000058e-02
   8.9414300e+02   2.9999988e-02
   9.7118200e+02   2.0000297e-02
   1.0548600e+03   1.9998689e-02
   1.1457400e+03   4.0001245e-02
   1.2444600e+03   1.9999532e-02
   1.3516800e+03   0.0000000e+00
   1.4681400e+03   1.0000420e-02
   1.5946400e+03   9.9997525e-03
   1.7320300e+03   1.9999805e-02
   1.8812600e+03   3.0000266e-02
   2.0433500e+03   3.0000976e-02
   2.2194100e+03   2.9999550e-02
   2.4106300e+03   1.0000049e-02
   2.6183300e+03   9.9998182e-03
   2.8439200e+03   0.0000000e+00
   3.0889500e+03   0.0000000e+00
   3.3551000e+03   9.9998852e-03
   3.6441700e+03   9.9999804e-03
   3.9581500e+03   2.9999761e-02
   4.2991800e+03   0.0000000e+00
   4.6696000e+03   9.9999926e-03
   5.0719300e+03   2.0000223e-02
   5.5089300e+03   0.0000000e+00
   5.9835700e+03   0.0000000e+00
   6.4991100e+03   9.9999897e-03
   7.0590700e+03   1.0000067e-02
   7.6672800e+03   2.0000034e-02
   8.3278900e+03   1.0000000e-02
   9.0454200e+03   0.0000000e+00
   9.8247700e+03   1.0000398e-02
   1.0671300e+04   9.9996702e-03
   1.1590700e+04   0.0000000e+00
   1.2589300e+04   0.0000000e+00
   1.3674000e+04   1.0000432e-02
   1.4852200e+04   9.9995494e-03
   1.6131800e+04   1.0000619e-02
   1.7521800e+04   0.0000000e+00
   1.9031400e+04   2.0000805e-02
   2.0671200e+04   0.0000000e+00
   2.2452200e+04   0.0000000e+00
   2.4386700e+04   1.9999572e-02
   2.6487800e+04   0.0000000e+00
   2.8770000e+04   9.9999750e-03
   3.1248800e+04   0.0000000e+00
   3.3941200e+04   0.0000000e+00
   3.6865500e+04   0.0000000e+00
   4.0041800e+04   0.0000000e+00
   4.3491800e+04   0.0000000e+00
   4.7239100e+04   0.0000000e+00
   5.1309200e+04   9.9998444e-03
   5.5729900e+04   1.0000068e-02
   6.0531600e+04   0.0000000e+00
   6.5747000e+04   0.0000000e+00
   7.1411700e+04   0.0000000e+00
   7.7564500e+04   0.0000000e+00
   8.4247500e+04   0.0000000e+00
   9.1506200e+04   9.9999559e-03
   9.9390300e+04   0.0000000e+00
   1.0795400e+05   0.0000000e+00
   1.1725500e+05   0.0000000e+00
   1.2735800e+05   0.0000000e+00
   1.3833100e+05   0.0000000e+00
   1.5024900e+05   0.0000000e+00
   1.6319500e+05   0.0000000e+00
   1.7725500e+05   0.0000000e+00
   1.9252800e+05   0.0000000e+00
   2.0911600e+05   0.0000000e+00
   2.2713300e+05   0.0000000e+00
   2.4670300e+05   0.0000000e+00
   2.6795900e+05   0.0000000e+00
   2.9104600e+05   0.0000000e+00
   3.1612200e+05   0.0000000e+00
   3.4335900e+05   0.0000000e+00
   3.7294300e+05   0.0000000e+00
   4.0507500e+05   9.9999741e-03
   4.3997600e+05   0.0000000e+00
   4.7788500e+05   0.0000000e+00
   5.1905900e+05   0.0000000e+00
