   1.3722300e+02   9.9998615e-03
   1.4937700e+02   3.0000631e-02
   1.6260800e+02   0.0000000e+00
   1.7701100e+02   9.9998517e-03
   1.9268900e+02   1.0000050e-02
   2.0975600e+02   0.0000000e+00
   2.2833400e+02   2.9999877e-02
   2.4855800e+02   0.0000000e+00
   2.7057400e+02   9.9998516e-03
   2.9453900e+02   0.0000000e+00
   3.2062700e+02   3.0000420e-02
   3.4902600e+02   1.9999967e-02
   3.7994000e+02   9.9999610e-03
   4.1359200e+02   4.0000305e-02
   4.5022500e+02   3.9999422e-02
   4.9010200e+02   3.0000347e-02
   5.3351200e+02   9.9998915e-03
   5.8076600e+02   4.0000104e-02
   6.3220600e+02   6.0000274e-02
   6.8820200e+02   1.0000076e-02
   7.4915800e+02   5.0000218e-02
   8.1551300e+02   0.0000000e+00
   8.8774400e+02   2.0000091e-02
   9.6637400e+02   2.0000447e-02
   1.0519700e+03   9.9994703e-03
   1.1451400e+03   1.0000187e-02
   1.2465700e+03   2.9999501e-02
   1.3569800e+03   2.9999664e-02
   1.4771700e+03   2.0000464e-02
   1.6080100e+03   2.0000590e-02
   1.7504400e+03   2.9999930e-02
   1.9054800e+03   9.9998419e-03
   2.0742500e+03   0.0000000e+00
   2.2579700e+03   0.0000000e+00
   2.4579600e+03   4.0000511e-02
   2.6756700e+03   3.9999883e-02
   2.9126600e+03   9.9999498e-03
   3.1706400e+03   1.0000291e-02
   3.4514800e+03   0.0000000e+00
   3.7571800e+03   0.0000000e+00
   4.0899600e+03   1.0000079e-02
   4.4522200e+03   2.0000328e-02
   4.8465700e+03   0.0000000e+00
   5.2758400e+03   1.9999872e-02
   5.7431300e+03   0.0000000e+00
   6.2518100e+03   1.0000046e-02
   6.8055500e+03   0.0000000e+00
   7.4083400e+03   1.9999865e-02
   8.0645100e+03   0.0000000e+00
   8.7788000e+03   1.0000044e-02
   9.5563600e+03   0.0000000e+00
   1.0402800e+04   2.0000001e-02
   1.1324200e+04   9.9999000e-03
   1.2327200e+04   0.0000000e+00
   1.3419100e+04   0.0000000e+00
   1.4607600e+04   1.9999560e-02
   1.5901400e+04   0.0000000e+00
   1.7309900e+04   0.0000000e+00
   1.8843000e+04   0.0000000e+00
   2.0512000e+04   0.0000000e+00
   2.2328800e+04   0.0000000e+00
   2.4306500e+04   0.0000000e+00
   2.6459400e+04   1.0000118e-02
   2.8803000e+04   9.9998018e-03
   3.1354100e+04   9.9999761e-03
   3.4131200e+04   0.0000000e+00
   3.7154300e+04   0.0000000e+00
   4.0445200e+04   0.0000000e+00
   4.4027500e+04   1.9999879e-02
   4.7927100e+04   0.0000000e+00
   5.2172100e+04   0.0000000e+00
   5.6793200e+04   0.0000000e+00
   6.1823500e+04   2.9999718e-02
   6.7299300e+04   0.0000000e+00
   7.3260200e+04   0.0000000e+00
   7.9749000e+04   0.0000000e+00
   8.6812600e+04   0.0000000e+00
   9.4501800e+04   0.0000000e+00
   1.0287200e+05   1.0000420e-02
   1.1198400e+05   0.0000000e+00
   1.2190200e+05   0.0000000e+00
   1.3269900e+05   0.0000000e+00
   1.4445300e+05   0.0000000e+00
   1.5724700e+05   0.0000000e+00
   1.7117500e+05   0.0000000e+00
   1.8633700e+05   0.0000000e+00
   2.0284100e+05   0.0000000e+00
   2.2080700e+05   9.9997875e-03
   2.4036400e+05   1.0000168e-02
   2.6165400e+05   0.0000000e+00
   2.8482900e+05   0.0000000e+00
   3.1005700e+05   0.0000000e+00
   3.3752000e+05   0.0000000e+00
   3.6741500e+05   0.0000000e+00
   3.9995800e+05   0.0000000e+00
   4.3538300e+05   0.0000000e+00
   4.7394600e+05   0.0000000e+00
   5.1592400e+05   0.0000000e+00
   5.6162100e+05   9.9999866e-03
