   1.4656600e+02   9.9994904e-03
   1.5622100e+02   0.0000000e+00
   1.6651300e+02   0.0000000e+00
   1.7748200e+02   0.0000000e+00
   1.8917400e+02   1.0000461e-02
   2.0163700e+02   0.0000000e+00
   2.1492000e+02   0.0000000e+00
   2.2907900e+02   9.9998248e-03
   2.4417000e+02   1.9999446e-02
   2.6025500e+02   2.0000980e-02
   2.7740100e+02   2.9998964e-02
   2.9567500e+02   0.0000000e+00
   3.1515400e+02   9.9996602e-03
   3.3591500e+02   2.0000519e-02
   3.5804500e+02   9.9998738e-03
   3.8163200e+02   1.9999867e-02
   4.0677300e+02   1.0000210e-02
   4.3357100e+02   1.9999455e-02
   4.6213300e+02   2.0000386e-02
   4.9257800e+02   9.9999867e-03
   5.2502800e+02   2.0000131e-02
   5.5961600e+02   1.9999805e-02
   5.9648200e+02   3.9999952e-02
   6.3577700e+02   5.0000282e-02
   6.7766100e+02   2.0000019e-02
   7.2230400e+02   2.0000031e-02
   7.6988800e+02   0.0000000e+00
   8.2060600e+02   0.0000000e+00
   8.7466600e+02   1.0000125e-02
   9.3228800e+02   2.9999871e-02
   9.9370500e+02   0.0000000e+00
   1.0591700e+03   9.9991573e-03
   1.1289400e+03   2.0001972e-02
   1.2033200e+03   9.9997520e-03
   1.2825900e+03   3.9997904e-02
   1.3670800e+03   3.9999699e-02
   1.4571400e+03   2.0001312e-02
   1.5531400e+03   1.0000235e-02
   1.6554600e+03   2.9997801e-02
   1.7645100e+03   0.0000000e+00
   1.8807600e+03   9.9999566e-03
   2.0046600e+03   9.9997945e-03
   2.1367200e+03   9.9998015e-03
   2.2774800e+03   3.0000798e-02
   2.4275200e+03   1.9999915e-02
   2.5874400e+03   2.9999030e-02
   2.7578900e+03   0.0000000e+00
   2.9395800e+03   0.0000000e+00
   3.1332300e+03   4.9999726e-02
   3.3396400e+03   1.0000049e-02
   3.5596500e+03   9.9998773e-03
   3.7941500e+03   1.0000350e-02
   4.0441100e+03   0.0000000e+00
   4.3105200e+03   0.0000000e+00
   4.5944900e+03   0.0000000e+00
   4.8971700e+03   1.9999659e-02
   5.2197800e+03   0.0000000e+00
   5.5636500e+03   0.0000000e+00
   5.9301800e+03   9.9998022e-03
   6.3208400e+03   0.0000000e+00
   6.7372500e+03   0.0000000e+00
   7.1810800e+03   0.0000000e+00
   7.6541600e+03   0.0000000e+00
   8.1584000e+03   0.0000000e+00
   8.6958600e+03   2.0000152e-02
   9.2687300e+03   1.9999837e-02
   9.8793300e+03   0.0000000e+00
   1.0530200e+04   0.0000000e+00
   1.1223900e+04   9.9999414e-03
   1.1963300e+04   0.0000000e+00
   1.2751400e+04   9.9995280e-03
   1.3591400e+04   0.0000000e+00
   1.4486800e+04   2.0000788e-02
   1.5441200e+04   9.9996761e-03
   1.6458400e+04   9.9995658e-03
   1.7542600e+04   0.0000000e+00
   1.8698300e+04   1.9999874e-02
   1.9930100e+04   0.0000000e+00
   2.1243100e+04   0.0000000e+00
   2.2642500e+04   0.0000000e+00
   2.4134200e+04   0.0000000e+00
   2.5724100e+04   0.0000000e+00
   2.7418700e+04   0.0000000e+00
   2.9225000e+04   0.0000000e+00
   3.1150300e+04   1.0000391e-02
   3.3202500e+04   0.0000000e+00
   3.5389800e+04   0.0000000e+00
   3.7721200e+04   1.0000013e-02
   4.0206200e+04   9.9999814e-03
   4.2854900e+04   0.0000000e+00
   4.5678100e+04   0.0000000e+00
   4.8687200e+04   0.0000000e+00
   5.1894700e+04   0.0000000e+00
   5.5313400e+04   0.0000000e+00
   5.8957300e+04   0.0000000e+00
   6.2841300e+04   0.0000000e+00
   6.6981200e+04   0.0000000e+00
   7.1393800e+04   9.9998498e-03
   7.6097000e+04   0.0000000e+00
