   1.4430600e+02   1.0000194e-02
   1.5656700e+02   9.9996322e-03
   1.6986900e+02   0.0000000e+00
   1.8430200e+02   0.0000000e+00
   1.9996100e+02   9.9997594e-03
   2.1695000e+02   1.0000050e-02
   2.3538300e+02   0.0000000e+00
   2.5538200e+02   0.0000000e+00
   2.7708000e+02   0.0000000e+00
   3.0062200e+02   2.0000025e-02
   3.2616400e+02   2.9999903e-02
   3.5387600e+02   1.0000134e-02
   3.8394300e+02   9.9999349e-03
   4.1656400e+02   3.0000133e-02
   4.5195700e+02   2.0000026e-02
   4.9035700e+02   9.9998799e-03
   5.3201900e+02   9.0001433e-02
   5.7722200e+02   4.0000059e-02
   6.2626500e+02   3.9999440e-02
   6.7947400e+02   3.0000145e-02
   7.3720500e+02   2.0000113e-02
   7.9984100e+02   1.9999881e-02
   8.6779800e+02   0.0000000e+00
   9.4153000e+02   5.0002560e-02
   1.0215300e+03   1.9999367e-02
   1.1083200e+03   2.9997869e-02
   1.2024800e+03   1.0000236e-02
   1.3046500e+03   4.0000666e-02
   1.4155000e+03   4.0001321e-02
   1.5357700e+03   0.0000000e+00
   1.6662500e+03   1.9999877e-02
   1.8078200e+03   2.0000102e-02
   1.9614200e+03   2.0000000e-02
   2.1280700e+03   2.0000117e-02
   2.3088800e+03   1.9999924e-02
   2.5050500e+03   2.0000149e-02
   2.7178900e+03   9.9999213e-03
   2.9488100e+03   9.9999283e-03
   3.1993500e+03   1.0000055e-02
   3.4711800e+03   2.0000383e-02
   3.7661100e+03   1.9999838e-02
   4.0860900e+03   1.0000024e-02
   4.4332600e+03   9.9998333e-03
   4.8099200e+03   1.0000032e-02
   5.2185900e+03   9.9999964e-03
   5.6619800e+03   1.0000146e-02
   6.1430500e+03   0.0000000e+00
   6.6649800e+03   0.0000000e+00
   7.2312600e+03   0.0000000e+00
   7.8456600e+03   2.0000133e-02
   8.5122600e+03   0.0000000e+00
   9.2354900e+03   1.0000344e-02
   1.0020200e+04   9.9993698e-03
   1.0871500e+04   0.0000000e+00
   1.1795200e+04   0.0000000e+00
   1.2797400e+04   9.9998872e-03
   1.3884700e+04   1.0000046e-02
   1.5064400e+04   0.0000000e+00
   1.6344300e+04   1.0000195e-02
   1.7733000e+04   0.0000000e+00
   1.9239600e+04   1.0000179e-02
   2.0874300e+04   0.0000000e+00
   2.2647900e+04   0.0000000e+00
   2.4572100e+04   9.9998116e-03
   2.6659800e+04   0.0000000e+00
   2.8925000e+04   0.0000000e+00
   3.1382500e+04   2.0000186e-02
   3.4048900e+04   9.9999164e-03
   3.6941800e+04   0.0000000e+00
   4.0080600e+04   9.9997316e-03
   4.3485900e+04   0.0000000e+00
   4.7180700e+04   0.0000000e+00
   5.1189300e+04   0.0000000e+00
   5.5538500e+04   0.0000000e+00
   6.0257300e+04   0.0000000e+00
   6.5377000e+04   0.0000000e+00
   7.0931700e+04   9.9999976e-03
   7.6958300e+04   0.0000000e+00
   8.3496900e+04   0.0000000e+00
   9.0591200e+04   0.0000000e+00
   9.8288100e+04   0.0000000e+00
   1.0663900e+05   0.0000000e+00
   1.1569900e+05   0.0000000e+00
   1.2553000e+05   0.0000000e+00
   1.3619500e+05   0.0000000e+00
   1.4776700e+05   0.0000000e+00
   1.6032200e+05   0.0000000e+00
   1.7394300e+05   0.0000000e+00
   1.8872200e+05   0.0000000e+00
   2.0475700e+05   9.9994991e-03
   2.2215300e+05   0.0000000e+00
   2.4102800e+05   0.0000000e+00
   2.6150700e+05   0.0000000e+00
   2.8372600e+05   0.0000000e+00
   3.0783200e+05   0.0000000e+00
   3.3398700e+05   0.0000000e+00
   3.6236300e+05   0.0000000e+00
   3.9315100e+05   0.0000000e+00
   4.2655500e+05   9.9997979e-03
