   1.4158900e+02   1.0000273e-02
   1.5520300e+02   1.9999210e-02
   1.7012500e+02   0.0000000e+00
   1.8648300e+02   9.9999375e-03
   2.0441300e+02   1.9999910e-02
   2.2406700e+02   2.0000200e-02
   2.4561100e+02   9.9999134e-03
   2.6922600e+02   2.0000197e-02
   2.9511200e+02   1.9999556e-02
   3.2348600e+02   1.0000050e-02
   3.5458900e+02   1.9999806e-02
   3.8868200e+02   1.0000187e-02
   4.2605400e+02   7.9999005e-02
   4.6701800e+02   1.0000166e-02
   5.1192200e+02   0.0000000e+00
   5.6114200e+02   1.9999945e-02
   6.1509500e+02   2.0000067e-02
   6.7423600e+02   2.9999991e-02
   7.3906300e+02   2.9999969e-02
   8.1012300e+02   3.0000255e-02
   8.8801600e+02   1.9999816e-02
   9.7339700e+02   3.0000581e-02
   1.0669900e+03   4.0000149e-02
   1.1695800e+03   1.9999345e-02
   1.2820300e+03   1.0000328e-02
   1.4053000e+03   3.0000558e-02
   1.5404200e+03   2.9998099e-02
   1.6885200e+03   2.0000059e-02
   1.8508700e+03   2.0000035e-02
   2.0288300e+03   1.9999942e-02
   2.2239000e+03   0.0000000e+00
   2.4377300e+03   2.9999468e-02
   2.6721100e+03   2.0000716e-02
   2.9290400e+03   0.0000000e+00
   3.2106600e+03   2.9999898e-02
   3.5193600e+03   1.9999848e-02
   3.8577400e+03   2.0000118e-02
   4.2286600e+03   9.9999977e-03
   4.6352400e+03   0.0000000e+00
   5.0809100e+03   1.0000111e-02
   5.5694400e+03   1.9999802e-02
   6.1049300e+03   1.0000138e-02
   6.6919200e+03   0.0000000e+00
   7.3353400e+03   1.9999907e-02
   8.0406200e+03   0.0000000e+00
   8.8137200e+03   9.9998950e-03
   9.6611400e+03   0.0000000e+00
   1.0590100e+04   0.0000000e+00
   1.1608300e+04   1.9999619e-02
   1.2724400e+04   0.0000000e+00
   1.3947800e+04   3.0000675e-02
   1.5288900e+04   0.0000000e+00
   1.6758900e+04   0.0000000e+00
   1.8370300e+04   0.0000000e+00
   2.0136500e+04   9.9999759e-03
   2.2072600e+04   1.0000193e-02
   2.4194900e+04   0.0000000e+00
   2.6521200e+04   0.0000000e+00
   2.9071200e+04   0.0000000e+00
   3.1866400e+04   1.9999914e-02
   3.4930300e+04   0.0000000e+00
   3.8288800e+04   0.0000000e+00
   4.1970200e+04   0.0000000e+00
   4.6005600e+04   0.0000000e+00
   5.0429000e+04   0.0000000e+00
   5.5277700e+04   2.0000075e-02
   6.0592600e+04   9.9999826e-03
   6.6418500e+04   0.0000000e+00
   7.2804500e+04   1.0000063e-02
   7.9804600e+04   0.0000000e+00
   8.7477700e+04   0.0000000e+00
   9.5888600e+04   0.0000000e+00
   1.0510800e+05   0.0000000e+00
   1.1521400e+05   0.0000000e+00
   1.2629200e+05   1.0000149e-02
   1.3843500e+05   0.0000000e+00
   1.5174500e+05   0.0000000e+00
   1.6633500e+05   0.0000000e+00
   1.8232800e+05   0.0000000e+00
   1.9985900e+05   0.0000000e+00
   2.1907500e+05   1.0000092e-02
   2.4013900e+05   0.0000000e+00
   2.6322800e+05   0.0000000e+00
   2.8853700e+05   0.0000000e+00
   3.1627900e+05   0.0000000e+00
   3.4668900e+05   0.0000000e+00
   3.8002300e+05   0.0000000e+00
   4.1656200e+05   0.0000000e+00
   4.5661400e+05   1.0000006e-02
   5.0051700e+05   0.0000000e+00
   5.4864100e+05   0.0000000e+00
   6.0139200e+05   0.0000000e+00
   6.5921500e+05   0.0000000e+00
   7.2259800e+05   0.0000000e+00
   7.9207500e+05   0.0000000e+00
   8.6823200e+05   0.0000000e+00
   9.5171100e+05   0.0000000e+00
   1.0432200e+06   0.0000000e+00
   1.1435200e+06   0.0000000e+00
