   9.3253600e+01   9.9998875e-03
   1.0178600e+02   0.0000000e+00
   1.1109900e+02   0.0000000e+00
   1.2126500e+02   0.0000000e+00
   1.3236000e+02   0.0000000e+00
   1.4447100e+02   0.0000000e+00
   1.5768900e+02   0.0000000e+00
   1.7211700e+02   1.0000426e-02
   1.8786600e+02   2.9999618e-02
   2.0505500e+02   9.9999771e-03
   2.2381700e+02   3.0000506e-02
   2.4429600e+02   9.9997931e-03
   2.6664800e+02   1.0000130e-02
   2.9104600e+02   2.0000009e-02
   3.1767600e+02   1.9999617e-02
   3.4674200e+02   2.9999915e-02
   3.7846800e+02   1.0000024e-02
   4.1309700e+02   2.0000320e-02
   4.5089500e+02   1.0000042e-02
   4.9215100e+02   3.9999474e-02
   5.3718100e+02   1.0000066e-02
   5.8633200e+02   2.0000028e-02
   6.3998000e+02   4.9999504e-02
   6.9853600e+02   1.0000077e-02
   7.6245100e+02   9.9999641e-03
   8.3221300e+02   2.0000128e-02
   9.0835900e+02   2.9999775e-02
   9.9147100e+02   2.0000364e-02
   1.0821900e+03   4.0001010e-02
   1.1812100e+03   2.9997963e-02
   1.2892800e+03   1.0000317e-02
   1.4072500e+03   1.0000004e-02
   1.5360100e+03   9.9999269e-03
   1.6765500e+03   1.9999985e-02
   1.8299500e+03   4.0000914e-02
   1.9973900e+03   1.9999429e-02
   2.1801400e+03   2.0000264e-02
   2.3796200e+03   3.0000146e-02
   2.5973500e+03   1.9999911e-02
   2.8350000e+03   1.0000181e-02
   3.0944000e+03   1.0000010e-02
   3.3775300e+03   4.9999200e-02
   3.6865600e+03   9.9999597e-03
   4.0238700e+03   1.0000137e-02
   4.3920500e+03   9.9999646e-03
   4.7939100e+03   9.9999745e-03
   5.2325400e+03   0.0000000e+00
   5.7113000e+03   0.0000000e+00
   6.2338700e+03   2.0000212e-02
   6.8042600e+03   0.0000000e+00
   7.4268300e+03   0.0000000e+00
   8.1063700e+03   0.0000000e+00
   8.8480800e+03   0.0000000e+00
   9.6576600e+03   0.0000000e+00
   1.0541300e+04   0.0000000e+00
   1.1505800e+04   2.0000884e-02
   1.2558600e+04   0.0000000e+00
   1.3707600e+04   0.0000000e+00
   1.4961900e+04   9.9994586e-03
   1.6330800e+04   0.0000000e+00
   1.7825100e+04   9.9997003e-03
   1.9456000e+04   2.0000191e-02
   2.1236200e+04   0.0000000e+00
   2.3179300e+04   9.9997841e-03
   2.5300100e+04   1.0000021e-02
   2.7615000e+04   9.9999711e-03
   3.0141700e+04   0.0000000e+00
   3.2899600e+04   1.9999799e-02
   3.5909800e+04   0.0000000e+00
   3.9195500e+04   0.0000000e+00
   4.2781800e+04   9.9999220e-03
   4.6696200e+04   1.0000020e-02
   5.0968800e+04   0.0000000e+00
   5.5632300e+04   0.0000000e+00
   6.0722500e+04   1.0000078e-02
   6.6278500e+04   0.0000000e+00
   7.2342800e+04   0.0000000e+00
   7.8962000e+04   0.0000000e+00
   8.6186800e+04   0.0000000e+00
   9.4072700e+04   0.0000000e+00
   1.0268000e+05   0.0000000e+00
   1.1207500e+05   0.0000000e+00
   1.2233000e+05   1.0000117e-02
   1.3352300e+05   0.0000000e+00
   1.4574000e+05   0.0000000e+00
   1.5907400e+05   0.0000000e+00
   1.7362900e+05   1.0000215e-02
   1.8951600e+05   9.9998566e-03
   2.0685600e+05   0.0000000e+00
   2.2578300e+05   0.0000000e+00
   2.4644200e+05   0.0000000e+00
   2.6899000e+05   0.0000000e+00
   2.9360200e+05   0.0000000e+00
   3.2046600e+05   0.0000000e+00
   3.4978800e+05   0.0000000e+00
   3.8179300e+05   0.0000000e+00
   4.1672600e+05   0.0000000e+00
   4.5485500e+05   1.0000213e-02
   4.9647400e+05   0.0000000e+00
