2.467340538660023428e-03
9.533081497826601663e-03
2.330209603620631530e-03
9.040448414263581312e-03
2.932660562160096813e-03
7.983976874451875760e-03
7.919648131381925790e-03
8.172947766286421320e-03
4.303027585910335941e-03
4.283294182659811745e-03
3.877033931209415457e-04
2.868484096583691703e-03
9.935966589030594334e-03
3.068469400837580026e-03
1.518340040715792033e-03
5.106087372265413413e-03
1.688898720625519462e-02
1.031131824192612310e-02
1.166003444880784647e-03
5.617912266788753495e-03
5.061771561909201959e-03
8.993662422848775666e-04
1.948955610992695353e-05
3.815026917786523003e-03
3.262021002418950821e-03
1.376799033828279969e-03
4.018467881555735487e-04
1.048186209663000239e-02
8.639565614690287478e-04
8.814770292055126161e-03
1.022483784263119753e-03
5.617342498171272458e-03
5.892350777408041779e-03
2.309044894353272977e-03
6.365364849800665692e-03
4.186739919105775948e-03
5.478329520426177511e-03
3.310172356738239324e-03
7.132766849035040643e-03
1.580134311340146121e-03
6.587280965942366937e-03
4.188067144770838725e-03
6.214938211333964797e-03
8.233141220683785292e-04
1.935585819734585416e-03
4.869308395545600757e-03
4.059584237423708060e-03
4.064707138659417150e-03
2.241838213278405149e-04
4.230017048974580446e-03
6.748549910077961296e-03
3.593022255287094385e-03
4.033017533910446956e-03
2.443453551740379717e-02
1.021836260925537313e-04
4.715132194317799182e-03
4.109570419448352677e-03
1.179036858972387636e-03
5.438356018548986225e-03
1.815421312917902099e-03
2.035067116291394695e-03
7.944339141621212935e-03
8.192035127269630887e-03
5.903576939114712867e-03
1.006257346276603296e-03
2.112643782222099959e-04
2.533317491464168614e-03
7.171819658756861844e-03
2.759864560477116868e-03
6.872090506229099408e-03
1.387755778369037692e-02
4.753602304167743077e-03
3.231927110405782063e-03
1.631763501232284894e-03
3.235608490657519232e-04
9.482734176113981730e-04
1.367869893630832383e-03
5.088396790530204904e-03
8.269020511052926512e-04
1.444905280810709122e-03
5.258527839146135210e-03
3.788780789703870278e-03
4.513912038597616555e-03
1.316075769669727315e-02
1.112669182161338428e-02
2.350796000607131148e-03
4.570268921547192449e-03
1.044459371079761376e-02
6.212058931751068130e-03
8.287189821546497859e-03
3.309842101773426398e-04
1.054543985230465067e-02
1.938649303842671697e-03
2.138934101407361128e-03
3.729829935205231008e-03
2.487545894558444975e-03
3.216385876749221825e-03
5.757050976600510198e-03
1.336067184077164779e-03
4.324318884604804077e-03
5.753583050872486393e-03
2.521092928971400624e-03
3.532909989008047643e-03
1.299926438318574275e-04
6.722967378088981830e-03
3.553614287716427150e-03
2.305858910877898755e-03
1.097832688043630725e-02
1.759632115793213194e-04
4.071423076183885818e-03
1.135689000961974046e-02
1.734774784761406157e-03
8.901970280552878173e-03
4.453123012052410956e-03
3.051660421588307543e-03
4.463874433307243005e-03
1.071460725885388723e-02
1.781985540128122819e-03
2.292696676104116315e-04
8.780233825346560978e-04
4.568564024668463237e-03
2.990061140208431691e-03
1.757362478280165416e-03
8.443491030325484328e-03
5.851943662107901567e-03
1.942594819995222682e-02
8.682237865869111421e-03
1.231589706858572707e-03
4.088295177037984569e-03
9.826782682294569419e-04
1.124529391670294783e-04
1.398211650913940268e-03
3.797102606648285108e-03
2.970160066178749014e-03
6.241181152063158448e-04
2.829608232778559832e-03
4.877252218940891781e-03
1.279668114832576038e-03
6.087476764456038920e-03
7.159849167927227927e-03
5.726075705646171445e-03
4.773222177386176636e-03
7.478788469929006401e-03
2.430657039610190692e-03
5.536513623758082363e-03
5.408757482207511916e-03
5.067665116071311260e-03
1.494733652617126615e-03
1.366458620532685431e-03
1.993889517521605856e-03
6.977236446385035214e-04
3.543494111059797107e-03
2.149532447792860089e-03
3.852323508503500537e-03
1.206024837898202889e-02
3.746694561400779229e-03
9.413364859271500544e-04
4.751142416598071877e-03
1.960484224508045586e-03
4.976435704650331547e-03
7.242841721584789179e-03
1.104031178376188279e-03
1.892576430498784388e-03
1.713887999920861785e-02
6.097070989403136250e-03
1.298085613719776078e-02
1.499217461849127473e-03
4.385985336333783104e-03
7.335222567553489198e-03
8.427378451573272825e-03
1.239662319316430471e-02
1.136896588081634909e-03
1.719177909417818296e-03
2.543724626758530737e-03
4.761656631044644235e-04
3.575338274985814021e-03
9.250109391695050809e-03
9.502147413200623090e-04
7.777368536207670928e-03
1.687923442696120935e-02
1.184174490743102395e-02
1.180796942251810880e-02
5.207285728388084088e-03
6.528838593206597041e-03
5.391689565855279156e-03
6.613666135253581588e-03
4.578574588248239367e-03
8.262030110990469921e-04
4.698011827300373373e-03
2.348991990733531252e-02
2.855736553368922077e-03
3.474613849760821264e-03
9.091915311992718879e-03
3.290766575474358361e-03
1.549619078374731354e-02
2.089266379231533542e-03
1.642979577976016580e-03
5.014013421117218677e-03
8.176531043468210705e-03
2.092163756542482973e-06
1.046286446898160929e-02
1.622733850607993881e-03
1.798850798149367945e-04
6.229195935868067809e-03
8.778028224041613823e-04
2.102457464903431628e-04
6.241717929569549732e-03
4.910023098745437513e-03
7.246540056766801428e-03
4.780955148196535916e-04
6.012675021900777727e-04
9.291232930802299783e-03
3.838851713689098275e-04
2.623628858644562380e-03
9.655757692264494915e-03
1.877271159229388807e-03
8.828387385824672598e-03
3.377810032212959484e-03
9.145123803641172500e-03
2.117402748370806297e-03
2.961240431438068397e-03
5.428294560571038548e-03
6.009715360352396035e-03
1.784081245888962698e-03
7.346236956412002458e-03
5.187780611506193247e-03
1.251736323010231664e-03
1.821757618889373667e-02
5.417993714499913516e-03
1.056751715399065813e-03
1.099591336605915825e-04
7.746207645755782793e-03
3.988364450399470643e-03
5.234456911122835343e-03
2.970177469153837367e-03
1.379679145744492621e-03
9.059878934982414783e-03
1.144754910005557885e-03
7.423158070513343441e-03
5.061231926333381766e-03
8.544533746489984833e-04
2.227905498581136522e-03
4.376435962704720330e-03
7.831014911931308969e-04
5.308528342254453802e-03
3.770634520273906127e-03
6.500422329361969613e-03
1.404682305874796824e-03
1.067468737614629161e-02
6.058106624225800124e-03
8.900113833640595218e-03
3.284456566296591051e-03
8.645180801115992042e-04
1.225002124324146326e-02
4.561719206751085540e-03
1.930326045397364040e-03
1.418938099146784849e-02
2.187196191308259357e-03
6.990930830003947750e-03
1.956943104879678777e-03
9.744731843618011785e-03
6.950254508790440662e-03
1.809684688472459804e-03
3.015840037960037991e-03
3.334543499638872952e-03
5.746221122198916925e-03
4.314875549900467309e-03
3.684073474728654339e-03
2.666104106841793095e-03
7.198406259951974084e-03
1.111651701451816902e-02
1.122860234261790786e-03
3.972663215828382485e-03
9.149543503840635444e-03
3.385178270600853329e-03
2.632654907461931342e-04
1.083140795888582267e-02
5.116242717150006926e-03
5.552785482492819430e-05
8.329360098631491058e-03
2.478578012406544811e-04
2.673614151299066530e-03
2.947320391443867030e-04
7.012813915916888676e-04
3.436629463544859254e-03
3.831988546018928569e-03
2.763265946323261932e-03
1.097494873568233015e-03
2.911725476903042221e-03
2.031579734887904875e-05
2.752367453863959791e-03
1.500111936873345982e-03
4.930107655825126389e-03
7.660274493682165363e-03
6.210692429163202667e-03
3.150632863335893225e-03
2.040399850197581206e-03
2.957338940056660880e-03
7.340205615550872030e-04
7.745963020054154324e-03
7.428412675032905130e-03
2.743570909998862151e-03
8.796216643752626657e-03
7.872112316622197764e-03
4.250944781824331394e-03
6.743158082469009017e-03
9.788805769680315445e-05
1.043925955909282737e-03
8.117482432047986446e-03
7.893615885003963870e-03
1.009915697004721592e-02
4.494995612525184113e-03
6.679020313314522686e-03
7.361134149740753731e-03
1.025270855256732406e-03
6.613522477027340522e-03
1.108654482064218814e-02
9.335319218788353662e-03
1.274640149308199112e-03
8.087877657393351821e-03
1.146121911628639276e-03
1.868773363170387323e-04
2.396361150893625783e-03
6.472298179418060730e-03
2.987673803298843394e-03
2.387032880686366476e-04
4.331550031279005411e-03
7.372968734877765988e-03
3.334423013192151786e-03
2.842715401129910103e-03
5.093655032607001185e-03
4.847876639699404654e-03
1.235256374193173740e-03
3.062444379065749379e-03
2.569079249956361319e-03
1.046604913314723570e-03
9.844478161193161506e-03
1.466724834122460101e-03
5.389022511471112248e-03
4.389893271847000386e-03
1.969616431136226101e-03
5.531779854970180632e-05
5.688791265424097097e-03
1.405431640697755221e-03
4.744747963636350950e-04
3.397903283978271748e-03
4.384787530235204935e-03
2.520719843705783014e-03
6.347685695052486966e-04
2.220648451303936042e-03
5.255267882250109872e-03
3.517948883256541166e-03
4.929103234327780053e-04
1.080072822179480897e-02
4.606627096446382422e-03
2.929835315655837397e-03
4.994441249138642513e-03
6.630038325998776141e-03
1.760156972579558689e-03
4.513997493339286585e-03
3.914997755788828687e-04
1.108780283814378258e-02
2.368734390582416180e-03
5.371438152858629481e-03
6.740715270409556280e-03
2.345119015753773829e-03
1.399145638900300579e-03
1.087024240124023116e-03
3.919639885369133846e-03
6.259910521707067778e-03
8.201201240611986909e-03
4.769595572151646978e-03
3.019102519986000075e-04
2.112359522748028743e-03
2.152367795695581121e-03
6.370152691621740366e-03
8.257754575535637340e-03
3.868466797225540450e-03
4.762900265580676841e-03
6.452395144401255368e-03
5.799130991284977277e-03
4.339670055456196392e-03
3.450614043281335832e-03
9.850650707983280366e-03
1.093321286861017759e-03
2.608887620209852497e-03
6.923464197006703319e-03
4.345777112622738712e-03
8.777162763624236572e-03
1.046280280623735140e-02
9.855236095361341077e-04
1.509360603163419339e-04
6.460196403487993315e-04
4.416806709524220310e-03
2.442494202981403736e-03
5.099085290131442037e-03
1.000120010017582078e-02
1.760932315572184695e-03
3.524041399239097403e-03
5.825938773745297991e-03
4.689741970000118297e-03
6.977154951978230789e-03
6.725637703768083979e-04
3.857993743721488140e-03
9.941021713591197823e-04
4.916297258484519407e-03
5.167957855351259372e-03
4.344856423544408769e-04
6.878807133537007644e-03
2.407804193393319522e-03
7.193491253113928896e-03
1.076337891029155317e-03
4.383956057069495447e-03
3.452407180816030445e-04
5.332028952817479154e-04
3.197244044331632243e-03
2.632424335741463239e-03
2.191824154456837443e-04
2.370879602321037012e-03
3.198464851773729495e-03
2.221739004053991816e-04
1.614180782377282750e-03
7.370905751929991874e-03
5.889033921194673608e-03
6.238954523258944534e-03
1.113798745689433857e-02
7.948690999154220740e-03
4.764075437834672591e-03
2.203424245551600968e-04
5.322689321607555063e-03
9.030332658451616437e-03
2.830761038392849878e-03
3.492100090359875984e-03
3.913427400192568024e-03
3.034371432942599422e-03
3.394120565384978021e-03
1.393763295319760736e-03
7.055284095035529134e-03
9.147492294738187105e-03
5.746697852968193736e-03
5.748435591126381007e-03
6.049224351312238379e-04
2.816241910748379634e-03
1.683674552356231868e-02
2.241109859538584215e-03
6.195208120336142751e-03
2.064696794427844017e-04
2.047554226240195347e-04
8.612321295784541864e-03
7.365023264215496759e-03
3.809862696335256180e-03
1.982680184221473699e-03
3.584793789545206305e-03
5.922467772779801791e-03
3.810481202991460124e-03
3.286580750389840426e-03
1.919291954695372018e-04
5.142788913808431402e-03
7.387686731569914102e-04
1.704245366474087687e-03
2.552678971805333753e-03
2.320811819520401617e-04
1.021787952906287426e-02
3.321148232875780620e-03
1.987806489952313477e-03
7.685025075739601932e-03
1.491298025843010733e-03
8.796505512729270101e-03
4.999488030700405608e-03
1.180700133228682579e-02
3.715854148293098926e-03
4.737265211777936386e-03
6.543324341382039493e-03
1.044337083580193574e-04
6.856349428127878716e-04
1.184402243914195246e-03
6.577085024749564253e-03
3.284337387039311211e-03
3.344489673147773602e-03
2.119397404496605342e-03
1.276974137896419058e-03
5.808026922094608989e-03
9.051766081918379784e-04
3.082730298061783693e-03
1.059755943852525549e-02
2.541461259635269081e-03
1.232501774012867944e-02
5.622413636852762299e-04
5.084654543359235293e-03
1.236166481799032268e-02
1.383773976359561377e-03
3.479930516175061897e-03
1.580860824619216131e-03
2.838818933485592324e-04
2.069799442464788537e-03
2.447734955361936283e-03
2.194799680676865275e-02
8.913067249488288259e-05
2.288177688093685942e-03
2.776994524390096093e-03
1.226143581933140589e-02
4.558073917695202974e-03
2.728495044356296466e-03
4.532534888960891399e-03
6.334140171712503847e-03
1.173136114594279782e-03
5.842399860555193150e-04
1.873570630676631979e-03
2.240583527978595724e-03
2.928410114975063105e-03
1.600683812005024081e-03
1.875251208404955490e-03
4.822555175647612411e-04
1.813456646603241185e-03
6.479801239783070446e-03
8.698363171715866107e-03
1.976903923607256988e-03
1.581435291839074079e-04
5.392587963287764994e-04
3.273359847932598692e-03
3.680109278457349611e-03
1.063922633020633265e-02
3.560095378475262948e-03
8.159669660209234107e-03
7.292180871197502696e-03
3.560131541750135437e-04
8.511402338174694354e-03
4.534935359583576811e-03
3.887943806113748277e-03
1.375023022432562926e-03
1.942059580838241756e-03
5.125438593065267424e-03
1.002014106072766399e-02
3.392843838728234205e-04
4.762766974884990318e-03
4.933377797089849061e-03
1.427905327200980866e-03
6.746603443371075419e-04
4.587686581225712741e-04
2.673801093413755853e-03
1.200371438757609445e-03
5.070285724515527330e-03
6.571268200518555654e-03
2.217209829980982313e-03
1.869465592379888907e-03
4.005098541849170038e-03
8.633356223848387759e-03
1.988706470644682756e-03
9.097585900645936349e-03
8.371733762135999402e-03
7.706900153411398529e-05
7.964692247767008674e-05
6.870819578293176598e-03
4.048904303267290925e-04
1.862882441823723173e-03
3.605078684823974713e-03
1.653143123763689548e-03
4.973068427084463040e-05
5.389602564145967202e-03
4.852361730198204333e-03
2.949263776069462745e-03
2.868019864180795363e-03
1.040250511038802363e-03
2.281326709877601767e-03
8.637465201180289862e-03
2.792619483222640812e-03
2.584680101533275501e-03
5.149930051975872003e-03
4.642304154107906866e-03
1.661393643384793950e-03
1.183050524193721663e-02
5.700304262330235447e-03
4.883029812392294597e-03
6.070440111144905643e-03
4.594266008163664684e-03
7.662336186387713050e-03
3.943279501546756763e-04
4.525980104838809269e-03
2.500276409391354211e-03
1.242312627768728424e-02
2.462512060285213054e-03
4.810589608200396068e-04
1.795432626948485419e-02
2.418288501329313774e-03
8.138229789858742944e-03
1.735422436741194127e-03
9.414558791254870607e-03
5.599660334347924357e-04
6.213206946358146559e-04
1.461134348047031517e-03
3.375990137086978208e-03
2.327081852212382635e-03
1.533588571851702718e-03
4.002896774163761020e-04
5.634708366931089236e-03
6.258460031523397152e-03
8.168193092378863915e-03
1.901757172057728538e-03
4.953872729213096814e-03
3.291594494283850078e-04
6.654080305575437067e-03
1.051640770593776242e-03
2.601673220488038511e-03
2.863287833475875615e-04
2.382619550896267451e-04
7.090435716741135160e-03
4.592218289325426805e-03
3.805183670212190176e-03
4.942021852934704203e-03
9.526965243458598853e-03
4.923139015397683116e-03
5.801768573105230489e-03
9.421554399604155708e-03
7.493271195952430630e-03
3.454972699884906596e-04
3.279606526658159805e-03
3.393337032136963839e-03
1.797966263802707777e-03
3.527587525242951560e-04
1.304031569874130290e-03
1.385474466769890571e-03
4.381714824433806041e-03
3.385523218840284310e-05
7.228931654416056139e-03
7.332821230948474429e-05
2.911688086422210917e-03
7.311919636059638610e-04
2.495065032504724476e-03
3.719072877639176093e-03
5.610564395246937786e-03
1.205097829014844212e-03
1.043766576570679012e-03
5.651544095346751860e-03
1.818754154937859318e-04
2.386181107162465773e-03
2.410377341682811390e-03
9.479463611557848238e-03
1.515884970986506805e-03
3.254650822121219617e-03
4.191010626937675607e-03
1.737618417881115146e-03
8.962099523908684782e-05
4.930685619424602512e-03
3.428844971078474912e-03
7.381525153795122363e-04
6.322761021373821642e-03
2.652230394991109044e-03
7.210548705251134186e-03
1.304875927921226230e-03
1.881889326788838699e-03
1.004887861581698835e-02
1.171112256608679379e-03
2.076445403356819847e-03
1.203410001244306117e-03
5.388617731649699436e-04
4.487166644969182994e-03
4.578890895784086187e-03
7.701031054001271662e-04
4.794734939196003236e-03
2.682861814749872096e-03
1.427586379596874769e-03
4.181683230567588734e-03
3.653172468779132803e-03
2.196240195777722070e-03
8.323132699959066849e-03
7.697232542998777485e-04
2.134145836187808717e-03
8.982935476602256410e-04
3.301579206512554685e-03
3.762849615367234134e-03
2.668768603787313298e-03
3.332123100539667940e-03
1.183131468259072385e-03
1.929785935859614898e-03
1.680325812892273334e-03
5.150911502732515544e-03
2.918374279337962538e-03
5.888836493451416604e-03
6.872553735945960418e-03
7.684724091477386845e-03
1.614436796419328941e-04
6.800700638353780227e-03
7.898285868730668680e-03
4.286501976872281704e-03
3.955360642164389151e-03
5.063436790127235493e-03
1.811936683777988760e-03
1.122427224454559383e-03
5.711767234418692980e-04
4.414323351299048390e-03
9.558120478128106796e-04
6.502847020387178024e-03
6.043618341209397275e-03
1.220031700393113707e-04
2.023688272505637462e-03
7.600527608611633464e-04
1.660953117524124065e-03
4.376985706302535459e-03
1.899592190175141207e-02
7.976155894553135089e-03
9.269093410015898787e-03
1.065719318998773271e-03
1.369039047950411717e-03
3.115952454069447798e-03
4.245871321397217020e-03
2.211389267329409714e-03
2.145866930824197848e-03
8.150372494793401909e-03
9.897835355049669145e-03
1.916066279803134344e-03
1.249850408299928856e-03
1.053338701530646612e-02
2.141025064140874862e-03
3.543820380343299433e-03
4.302995883733131376e-03
3.086414973013965838e-04
1.681238653199343402e-03
5.122825030154470839e-04
2.043268626526084045e-03
1.137966846271130017e-03
9.268256698913595508e-04
1.885650963880843196e-03
1.129591618521134802e-03
9.420386821512896332e-04
1.030695271579560972e-02
8.828486470525628849e-04
2.065491164597108107e-03
5.195169905161702885e-03
1.000902060237316782e-03
2.312094599168811569e-03
1.717659112906263618e-03
2.378217580463138671e-03
1.132673519357878765e-02
3.795775524832278695e-03
4.956605355456754954e-04
6.563594995510473387e-03
1.037142138272920469e-03
7.845116523136094408e-03
7.157892384766488536e-03
2.549092548579724379e-03
7.324000150852182089e-03
3.413567504435879082e-03
7.922447648484843077e-03
4.813979217063848255e-04
1.429805574573662875e-03
1.287245348108743341e-04
2.310804344579494782e-03
1.558530403006706594e-03
6.129398143857564193e-03
4.594539374016131349e-03
6.124728746089004236e-03
4.843766403416402064e-03
7.193564531781480344e-03
1.203264433672144099e-03
4.748546782165966734e-03
5.048724474692825939e-03
2.971468445706231584e-03
4.328906756497203734e-04
4.065331819842215103e-03
3.043657172944178903e-03
5.900152777049634360e-03
1.833286801165438188e-03
1.483234208196469988e-03
4.902219784489457097e-03
5.082581120189863348e-03
4.531487502027625909e-03
3.495341675357779149e-03
5.164149643247998553e-05
9.070571485305553919e-03
8.477462610649804222e-04
1.587917692330780050e-03
1.012498437399808951e-02
1.021663050609579980e-02
4.562351690423478018e-03
4.690464302179345006e-03
5.515449960068193741e-03
6.177548213678643076e-03
8.946511487245987137e-04
9.161712708556314991e-03
4.798086139570395189e-03
4.589834011358377881e-03
4.821724227409956640e-03
4.693768810900750266e-03
2.855726780941213443e-03
3.601882739563160539e-03
1.718728123438205283e-03
2.451418972344615761e-03
2.011199439390065104e-03
1.755893736328204479e-03
3.470307283684332268e-03
8.030722662293234698e-03
6.167317289383242480e-03
5.936682032062956874e-03
1.536026242080430152e-03
3.050618888633239208e-03
5.435687553041612533e-04
2.437776059853363157e-03
7.094681143859647536e-03
1.841708124504936586e-03
6.535826528690789720e-03
8.167548199059742817e-03
5.600623925319362685e-03
3.131863527499713969e-03
2.658392097823307054e-03
1.834166062725969522e-03
8.303314240342392696e-03
2.533947318875020074e-03
4.703411050719791438e-03
1.073692858399980877e-03
2.465639201142779888e-03
1.719189079076840869e-03
6.823746310587794524e-03
9.085861183571103394e-03
2.684469834191457755e-03
1.394022171837925803e-03
2.676467910333574229e-03
3.423642580539542832e-03
3.646587579274153130e-03
6.212902802499939078e-03
1.848081992538027143e-03
4.026590240747046461e-03
5.412432165455344744e-03
2.002189987315273079e-03
1.221566033945543223e-02
4.412369395783772262e-03
1.373201366509979593e-03
1.870801808129687795e-03
8.920424669026877015e-03
2.203719755945474004e-03
6.739208725793493018e-03
3.021460881533259701e-03
6.302498875664179316e-03
1.953996849640302069e-03
1.428683730641762406e-03
2.874953226367687152e-03
9.616464580575728033e-04
4.646953926090988292e-03
7.111003823224469785e-03
5.344966880024045863e-04
5.006196068301336892e-03
3.456871125126315483e-04
8.358350983419048086e-03
2.198871033170742440e-03
3.026960345264259004e-03
3.729181214975398409e-03
3.412838438938941253e-03
2.825493818353956533e-04
2.105181818895707994e-03
3.099040816411124857e-03
2.073408661720306263e-03
4.433968934123375810e-03
5.680423459922280364e-03
6.228678849891062337e-04
6.780224695096724813e-04
4.262547839083237998e-03
4.623439387879304217e-03
2.875235705658079569e-03
1.217503218437155071e-03
2.866515516430706394e-03
2.678996376409632958e-03
3.861103733598156458e-03
6.797281599993887542e-03
5.230356284712942889e-05
3.058882936859135156e-03
9.329455119697837532e-04
4.843027871093448099e-04
1.323512207524376368e-03
5.078948529938669132e-03
3.591854545713987355e-04
4.666579795667145578e-03
3.165712696689294142e-03
2.817063781994016709e-03
2.452529152080270419e-03
8.709646620057569667e-04
3.819266430636683411e-03
2.639869209355961369e-03
4.133136404168825939e-03
2.136670992924102983e-04
6.487073258892081702e-03
6.642136319568271892e-03
2.140392887877299970e-03
1.156872032753283571e-03
2.189942544784030556e-04
2.690643835438851720e-03
6.827095696637074671e-04
1.752702436889850765e-03
7.403230150910502204e-03
2.611617185059408441e-03
2.849859271179729873e-03
5.949594526290694942e-03
7.423858518464070480e-03
2.038136256454875419e-03
5.107779117186062728e-03
1.448752129356264994e-04
1.177325263643367453e-03
7.339121791755855856e-03
2.983265568684565720e-03
1.223938924223645034e-03
5.122190476359926754e-03
1.356029344315428081e-03
4.934448473040574726e-03
9.116656443954368819e-03
1.885709678387804001e-03
4.196710351037874313e-03
5.393394871466063514e-03
1.904679454851827694e-03
1.581625486369948516e-04
1.145168995568334597e-02
2.368163158225571052e-03
1.100248603280715165e-03
3.823640178745724930e-03
9.288962964952121246e-03
1.263373186431926681e-03
9.661171895098647302e-05
2.775425285219898681e-03
1.623296500138986416e-03
4.935144967807815475e-03
3.054512176857002680e-03
3.485708834784682041e-03
4.412990909107837936e-03
8.870700370759685457e-05
1.242529514122789509e-03
5.805058137841543611e-04
3.346142287498167067e-03
5.520840971705722779e-03
9.416819313121021833e-04
6.361983397660956122e-04
8.528379861924559931e-04
1.252526626604276829e-03
2.651503683425974166e-03
9.541111760296058222e-04
1.210861251846261956e-02
7.418930073107028907e-03
1.572240523981389450e-03
8.501534895856288502e-04
3.072129097817804470e-03
8.658233645242436292e-04
1.816991114875042643e-03
1.342608768957217862e-02
3.670295664915681176e-03
2.630271908435487965e-04
1.926152450112777765e-03
3.744873463211095474e-03
8.357803998197209372e-03
3.387019542929815049e-03
1.936702468836249769e-03
6.550166021418868043e-03
1.809009477667415265e-03
6.091259048651429149e-03
1.889641574879232172e-03
4.753506599183440068e-03
9.769989832559209644e-05
1.720522314819747682e-03
6.847867116329488029e-04
2.540282981304152130e-03
2.326972897615750893e-03
5.287865670209068898e-03
3.761458796375601391e-03
1.982089624199565112e-03
3.143990744294503786e-03
2.660537226005094125e-03
7.491261489851080632e-03
1.110546302326772357e-03
3.932985687482617662e-03
7.519681641574876840e-03
6.167741571041664497e-03
7.096371094018378775e-03
2.015990298312953443e-05
2.951751182835342206e-03
6.463189845469907832e-05
4.702290237537149267e-03
1.876392786943714350e-03
5.183388175760335901e-04
2.059546409820052666e-03
2.859163983747200089e-03
3.330445080440150220e-03
7.682798818129879396e-05
1.197971565373085259e-02
4.907772492260262416e-03
1.164865099855935844e-02
2.592020832480866361e-03
2.775445913026249305e-04
1.192817192464139557e-03
4.552891610767836363e-03
2.172145170800385446e-03
1.055596190918031826e-03
3.836722497262226063e-03
4.374021093404223230e-03
1.140369485386846619e-02
3.346317513850402461e-03
6.714458133368215315e-03
4.641009132704483446e-03
1.011972832252420063e-03
6.613033300918964158e-03
2.141371097153743370e-03
9.886096057837141468e-05
2.753716533605018914e-03
1.354934435601201506e-03
5.005802889323805738e-03
3.002829144282596549e-03
1.919222007204767324e-03
5.594592712428548891e-04
1.378173693074043150e-03
1.265904839075937191e-03
3.205228506200828720e-03
7.071428589117456469e-03
1.495538439275909733e-03
2.374124691133220125e-03
6.530897684874845989e-03
1.706894400012767246e-04
6.921471167245700582e-04
1.143680748043180811e-04
3.159094763890058291e-03
4.064979700853514795e-03
1.258693593768605862e-03
5.506269927648627452e-03
1.809710117454700010e-03
4.097821269603949164e-03
6.812029398695422858e-03
3.880986974066556912e-03
9.566706841683383705e-04
1.522167410120167695e-03
2.460615898342959247e-03
2.824813575494498647e-03
3.390170047726911908e-03
4.140440260149545575e-03
4.231416058781013040e-03
1.710320776864537092e-03
4.279615057986572643e-03
1.807436140246505970e-03
1.087802926552353306e-04
6.003244288615918085e-03
2.910777628907560820e-03
1.117403637316359728e-03
1.980271998510196862e-03
4.995454177513333760e-03
1.196464173782237897e-03
3.925988907090863732e-04
5.864759334629044731e-03
4.353266150024076228e-03
6.031529037519654801e-03
2.085097483719067571e-03
1.707285973515869490e-03
1.393976900040631330e-03
5.737751650422705414e-04
1.087768111839932002e-02
1.898578013475244949e-03
5.004493787954875442e-03
3.827280858363954854e-04
4.153638121521907416e-03
7.534068053225407256e-04
2.541258397564024902e-03
1.144678709253747848e-03
1.261286957555590726e-02
1.895461455503082713e-03
2.788718248528707089e-03
9.196089477277692367e-03
2.943377023853186412e-03
7.020303514996555257e-03
6.432651169761716137e-03
5.135701249296184719e-03
9.535856370256702574e-03
1.133667518540551521e-03
3.472768597703162780e-03
3.395974129791298648e-04
2.312370500630445743e-03
1.926457754058257584e-03
4.887971405773002508e-03
4.636645581708240607e-03
1.062715479630535042e-03
4.171795269686489130e-03
1.298776304471657055e-03
3.074830434685981405e-03
2.051353290388851103e-03
2.460943393747634590e-04
8.619525954932762482e-04
3.891794970438779751e-03
2.509857243080642741e-03
9.640965920134657308e-03
1.718846380653517390e-03
2.542945322593311887e-03
5.478815511337554491e-03
3.636258794808429860e-03
4.191113929793652444e-03
5.214948616526168292e-03
4.348797101416742791e-03
4.691773636831534332e-03
2.265116548577333477e-03
2.058653495262146096e-03
4.873261472958717588e-03
4.165521712691164051e-03
3.677967853900258096e-03
2.274161470454098659e-03
2.517310114194335879e-03
1.971665176190958357e-04
6.934053568182582282e-04
6.624146894692752420e-04
7.644713401661392543e-03
8.553548183528818889e-04
1.761582471574256025e-03
2.967601347463412476e-03
2.009367452388813660e-03
3.398490575828100584e-03
3.426751985339118473e-03
2.261354740763335037e-04
8.286428990411954035e-03
6.647845571575193742e-03
1.230836761454049463e-03
3.756258510684158756e-03
7.932210494227084257e-04
7.144819800432527721e-03
9.231079960729813086e-03
2.612438270569062727e-03
3.085212743990074780e-03
3.772550471555676400e-03
7.282689519097279227e-04
1.968174552603950064e-03
2.804474506521311382e-03
1.022230365212638617e-03
7.483369471140218117e-03
4.230368651758904634e-03
3.000750952979445193e-04
1.219712609000069524e-03
1.856670111778648772e-04
6.762807350573587812e-05
2.193845931448681029e-03
7.035018168289048149e-03
2.231548589285582435e-03
3.451269410378360065e-03
3.468824840701063362e-04
3.105710712637872566e-03
2.477081311766373469e-03
8.137062535935198591e-04
1.287525081188030992e-03
2.507230564879960998e-03
4.016213484692333501e-04
5.808057886449445248e-03
1.069537353698206536e-03
2.347412648726283739e-03
6.646420611751866717e-04
1.958271942348922996e-03
5.250307876572839552e-03
8.637735327695075186e-04
3.575758086390898836e-03
3.788014156948813459e-03
1.937584649030070797e-03
6.974560447758008062e-03
1.808851104181640737e-03
1.488457988640747064e-03
7.938222916091957921e-04
4.603383344426836940e-04
4.329696679005809977e-03
4.357795491705371976e-03
7.135366739060668324e-03
1.395605993686933151e-03
5.093114606292580525e-03
7.721413899971493917e-03
1.509093715416439611e-03
6.515015987537630911e-05
3.257639404225970512e-03
4.775439176973276124e-04
7.247319505614867796e-04
6.172144600203349762e-03
7.471783066294072299e-04
9.331599198230875174e-04
5.618547725890838535e-03
4.657452370112815689e-03
5.896062541508107543e-04
5.355328048168527671e-03
3.760912164559326171e-03
2.542557102908376242e-03
5.333224024568150590e-03
1.282595967416774382e-03
7.195589439515004751e-03
5.044055522962953737e-03
1.528470749996974120e-03
4.427633715518320963e-04
9.801398026344452022e-03
1.072058355873549591e-02
7.055156548772918527e-03
2.448509965556239752e-03
2.922255089378452894e-03
1.006046254192962926e-03
6.167627761534063419e-03
3.843179291378609561e-03
4.293186987894683643e-03
1.495412547060586718e-03
6.006050402681048853e-03
2.197417377574901586e-03
4.662882025457789660e-03
4.573893010237639611e-03
3.035812118053802990e-03
1.659314742513337982e-03
3.718450293252378424e-03
6.134464663577370632e-04
3.904867157387239326e-03
1.546394015191931244e-03
1.486802780955207145e-03
3.905194390761680245e-03
5.821962147426723577e-03
2.490463473179310890e-03
3.902175281089491875e-03
4.065652024523651667e-03
3.146491751255087285e-04
2.391465616005620815e-03
1.541187646835701173e-03
2.544110016232872286e-03
5.716412943822614390e-03
3.395598184868654345e-04
4.899311131018479863e-03
1.033028592740550724e-03
2.731434659117016315e-04
1.260802075732211187e-03
2.760425060339938286e-03
4.188446242124154242e-03
2.242234085790454452e-04
7.674857559540581610e-03
1.923604156484224432e-03
3.015947829543648884e-04
1.425601304913420983e-03
6.211556309258785269e-03
7.634496305809887126e-03
6.400563800007178297e-03
6.959410689028434427e-04
2.167441998352886891e-03
1.862263152490881970e-03
8.565927456871466963e-03
1.980127111396176934e-03
1.210964891750272504e-03
5.703110630787233161e-03
4.811027361037184362e-03
4.140639135924462436e-03
2.242671068586460630e-03
1.275707283828130976e-03
8.196052595705223542e-03
1.391600059058486875e-02
5.216652822532269300e-03
1.810132941068412320e-03
9.299875120883677616e-04
1.887506443103180616e-03
3.049594835113883626e-04
1.970244832297613543e-03
4.746387904797672030e-03
6.600255282795407827e-05
3.881373139487225834e-04
1.405699572084892750e-03
3.754746386636450065e-03
2.066256245317274129e-03
3.523449079345647352e-03
2.259753142802713860e-03
1.825088090270697051e-03
1.044553997908794375e-03
6.508291646908501843e-03
2.516546169199027224e-04
3.118004431445658888e-03
7.352424004653981826e-03
4.351241176083660289e-03
6.222724150951518436e-03
4.277484435146416096e-03
6.874931596249779075e-04
2.896847232681806251e-03
1.678709270457103778e-03
1.795551822071474960e-03
1.809857136422843293e-03
4.563357286307283961e-03
3.097271399858771927e-03
7.640039834770314016e-03
2.234891931649365861e-03
3.002927799240228107e-03
1.720868560935359540e-03
2.851763561837711552e-03
2.997354452877598954e-03
1.781755809121852085e-03
2.088357827197483575e-03
9.662189772907897253e-03
6.505610178150685388e-03
2.163959353315276796e-03
3.474984692489392190e-03
2.151723225352945856e-03
4.359245460278439802e-03
2.284132444566118209e-03
1.072273192871339449e-03
1.099630978766163265e-03
2.989736971540105852e-04
2.340742349091791267e-04
4.449122743671153103e-03
6.952245392479198573e-03
1.130252038536986529e-03
5.123710001260915053e-03
2.235086017606647320e-03
3.530500830051213745e-03
4.143867140212923275e-04
6.559531305221979157e-03
1.535102984676207948e-06
3.382474010885815150e-03
7.710896686794878850e-03
3.872641314929114054e-03
2.730902312156381802e-03
1.239060518036384567e-03
1.471813278138566525e-04
9.995434212658762217e-04
2.075275948373886056e-03
1.808669820927100765e-03
3.125190816437954915e-03
1.592968067250809684e-03
3.855777126698965891e-03
2.296644890438638217e-03
2.685265110820368988e-03
2.870646148731981293e-03
2.911780265204663883e-03
4.660127191304461007e-03
2.808946146136015280e-03
1.320905957676941477e-03
6.927695639063369704e-04
2.082010335853352965e-03
4.751142595395190481e-03
7.773583973170142703e-04
2.296846584342860081e-03
5.212820807953951092e-03
1.713437508618227993e-03
2.394234917287582989e-03
6.548454432410442732e-04
7.859737782180589716e-03
4.421588099946300752e-04
1.458074314711548447e-03
3.027660861443972739e-03
1.091094713107333735e-03
9.412508252505961872e-04
1.258395271416645495e-03
1.731732796119513995e-03
3.286838552860313128e-04
3.747006902484370863e-03
2.858411622561939005e-03
1.831790837755629866e-03
6.058638155373971372e-03
6.941795574414537373e-03
4.851541927921872166e-03
8.108054073921037649e-03
3.102150964525909795e-03
4.825353745229322804e-03
4.350042236019428105e-03
5.666450988047922951e-03
1.184163601839793509e-03
1.779696698213718278e-03
3.806067827095338182e-03
2.430454625567533833e-03
1.252458130996022265e-04
5.436535813744640400e-03
9.327125692001255255e-03
6.541006721952845847e-03
1.470953754808910574e-03
4.481537674678771031e-03
8.698248436801653879e-04
3.679788500212597714e-03
4.637761628746563287e-03
3.059859658604868510e-04
2.504193192613757019e-03
3.844864466980181658e-04
2.686202812621877722e-03
4.789092966111194519e-03
1.062392525734230349e-03
3.611139181006327195e-04
9.665144990533228869e-04
3.896307596971036735e-03
8.388697361094656427e-03
5.574479664868112194e-03
1.836994062881721962e-03
1.296072812790937745e-03
2.181327747383093180e-03
3.737540658873687513e-03
5.110105634742015228e-03
5.384183833053163629e-03
7.203561519974116317e-04
6.387786589603209903e-04
6.590595352678953189e-03
1.753274199816876999e-03
4.863181248636641281e-04
3.683540226940630363e-04
1.021492365147638401e-03
1.700235993994679562e-03
1.888692776768622055e-03
3.062119525938076267e-04
2.175993277323099145e-03
5.663251539396561493e-03
3.956126169882201969e-03
1.047048881345034356e-03
2.544371465569407811e-03
2.816850168844961966e-03
3.340525003779905647e-03
5.345988489601900123e-03
5.958289030216424274e-03
4.049139194973304205e-03
2.579483811596386487e-03
4.208679533649962654e-03
8.977499186454708773e-04
2.589192931342952989e-03
1.536683378422619905e-03
2.972516448307423544e-04
3.563990249011422546e-03
2.779498745660017710e-03
7.849841556502619574e-04
5.310273136736120593e-03
9.649576878178625292e-03
2.728768445796022398e-03
6.022888635597851807e-03
2.233105357808560978e-03
5.067181302150419731e-03
9.154070666990268834e-03
6.514898311596351455e-04
3.515531011617105406e-03
3.149256031257683958e-03
1.186561548399548468e-03
2.336739633174473359e-03
3.028895795642441886e-03
3.528075524053414253e-03
2.959608842569505776e-03
1.563190363732381129e-03
3.465911946124311397e-04
3.382251638829858578e-05
1.279382422634060530e-05
3.229394322042648206e-03
4.268377270524612542e-03
5.743453549377916349e-03
9.849596237533713144e-04
1.108454159084165582e-03
4.834749189054262861e-03
5.943137468967151817e-03
2.790851543955733330e-03
6.011215805866609863e-03
3.668224340291886994e-03
1.538364657692874301e-03
4.822187000650837371e-03
1.623582732866242885e-03
1.894083777268512105e-03
6.011371678253098379e-03
3.667260564867360663e-03
1.105080908956504980e-02
5.281093496740989430e-04
5.065700466047598320e-03
6.292003570656960060e-03
9.003197357849544594e-04
6.280594607060708580e-03
1.488002413837701291e-03
1.681479442813356992e-03
1.787217733175950306e-04
5.222424226231574089e-03
7.534698782213639610e-03
4.678420301320308089e-03
2.488818680639738427e-03
8.097649075894938070e-03
6.647999323788940785e-05
1.139054882170518947e-03
8.105061745751261301e-03
3.507131071191266561e-03
1.600680547685743704e-03
8.021380385641648653e-03
2.648573720672788359e-03
1.925088755786165786e-03
8.854605003992674014e-03
3.902385508296450471e-03
3.575352183408400403e-03
2.319904571100498292e-03
1.937922133732032084e-03
4.033127375745459986e-03
3.661669058552224042e-03
5.807411586328031436e-04
1.824423765971351381e-03
6.276480969485673028e-04
4.219050257250345388e-03
6.014337064021703545e-03
4.941745126658228168e-03
4.473196412654314828e-03
5.512506796125362166e-03
2.544130715995011893e-03
5.010798042294097379e-03
7.056602422520687635e-04
3.077627160804290770e-03
1.486967652561128677e-03
5.743370120220452762e-03
3.500910409573954052e-03
8.916092004364879579e-04
5.152946864924324265e-03
2.425595585678263979e-04
3.710566223329137946e-03
2.448506868101600620e-03
8.439280798798845821e-04
2.672329087766522437e-04
4.328244352630972354e-03
2.856356206461746028e-04
2.821836828117851945e-03
3.368958543897132649e-03
9.373028722417916982e-04
8.671502844202708810e-03
2.896999630926340615e-03
1.315218955807574350e-02
6.658622059650589481e-03
7.567375476408578485e-04
1.869108797233988862e-03
5.532443923895334972e-03
6.946910257173865254e-03
2.360447889327619685e-03
1.987276947458566090e-03
3.732066692449403835e-03
4.151977858874092561e-04
4.876919930651200594e-03
3.371478253676835849e-03
4.345057114999808547e-03
3.594865456797905531e-03
6.560092670782833799e-03
1.600478427828472315e-03
6.404481961819581508e-03
3.728672251077750320e-03
4.345473035184867910e-03
2.462964311594028569e-03
4.641745603361058237e-03
4.190910073101021711e-03
6.673772072029383884e-03
2.460432050924254207e-03
5.575686594543544441e-04
3.146388344304790370e-03
3.600444672846521074e-03
3.161960198524834710e-03
1.496139809673051758e-03
4.276055369306705836e-03
4.569499461793349523e-03
5.828809662811313113e-04
1.634930682470594294e-03
4.853186907409671492e-03
2.291985390800461292e-03
1.573007644497669390e-03
1.127854720386182964e-03
3.715969652972872777e-03
2.676971227921354311e-03
2.353155743624491415e-03
4.571785558004629567e-03
1.751194661389069887e-07
7.797524325734340664e-03
1.320118414707249343e-04
4.763745916615037021e-04
1.788271257806058479e-04
4.821279548719092228e-03
6.199465397929497220e-04
2.063461159391437056e-03
1.557556713950704146e-05
1.011575923517908995e-02
2.056952833576047022e-04
2.780426954588895248e-03
4.108966470399990148e-03
2.006787914649432476e-03
5.509376511042737498e-03
5.919117831571209243e-03
3.196452559670548855e-03
7.308286793563847222e-03
1.418781335706357496e-03
2.933022999537673956e-03
2.655407740130485365e-03
4.716915316622462967e-03
1.398707269739318457e-03
4.800010545275002188e-04
5.983006993772781645e-04
1.027426684800767862e-03
6.995950703011905707e-07
5.409946233882495514e-03
2.589241415005807002e-03
3.216152009955995129e-03
2.753830195516641585e-03
9.262701677917364309e-04
1.363841237141011874e-03
2.058769766494939358e-03
6.351945936578635944e-04
6.949991039876307099e-03
5.093360222710751652e-03
1.756177837232492578e-03
9.784473018339063036e-03
8.920978380508507821e-05
1.081667738904438028e-02
5.486188886128462623e-03
1.296320251595885513e-03
3.130189052018591492e-03
1.544860706709135119e-03
3.875666715062325157e-03
8.973534440557669146e-04
1.273497588737245757e-03
3.315951874787644808e-03
1.742520721597660104e-03
7.914393841657162837e-04
2.157975320311231009e-03
6.276558471813222830e-03
5.915370024548031232e-04
7.241623989811958291e-04
5.010356887200554873e-03
5.004146141102598470e-03
1.165268481484719185e-03
6.503222667404935696e-04
2.681930539851936496e-03
3.445097297257441907e-04
5.025161835244322701e-03
3.590906450157102178e-03
1.530192984266842606e-03
2.682612717254910647e-04
2.785800285323985527e-03
5.652882043336282178e-03
2.556734271226516250e-03
2.899620491553189967e-03
4.472147326254514825e-03
5.520520295654472373e-03
8.490225138609204525e-03
4.555112870554853949e-03
2.866392481878680780e-03
9.559438921427452097e-04
1.567438604416873096e-03
1.313231374331496752e-05
7.193789323982106246e-04
2.394122495363729033e-03
4.752532108136828769e-03
2.843525135322769876e-03
6.708575510409186963e-04
2.397245007008608209e-03
2.571794010986885631e-04
4.479516626384457550e-03
3.101356502333749675e-04
4.257985432859595978e-03
1.433106097355876796e-03
3.557323878176566444e-03
2.925659477975355201e-03
3.662488613288943703e-03
1.803045295220695845e-04
1.446773885355186239e-03
3.462519654167672996e-03
1.272458916564361267e-03
3.599523132492053225e-03
2.402630683812353801e-04
9.803484268228207120e-05
5.537822257670207624e-03
3.653524304631590794e-03
1.498277425001721215e-03
6.822604134835366521e-04
1.949428549511697225e-03
5.156229162304630721e-05
7.120306497925088605e-04
8.378023757722588083e-04
2.653359539660514726e-03
1.122733547090502349e-03
5.277377085452608294e-03
2.291577642463664237e-03
1.244490059010335903e-03
6.713144713928437084e-04
3.629964526105505362e-03
7.709574335194604132e-03
2.120037967857762648e-03
2.617256292431906477e-03
3.130904854560285274e-03
3.483497181981873043e-03
3.815526810354919092e-03
3.845750255460494114e-03
5.593915471625156115e-03
1.077505466258870412e-04
1.758155993214483709e-03
7.604844651996793070e-04
4.012762029262053297e-03
5.235393524200156017e-03
2.228547656794950722e-04
6.071840036629937154e-04
5.590546954331630271e-03
2.810367958739479980e-03
1.587993063461493742e-02
4.532959872702089013e-03
3.380130665847966027e-03
1.024878796898236319e-03
2.882203142554213941e-03
5.677614205661969324e-03
3.897544130428974877e-04
2.524434298468149381e-03
5.351897734044627590e-03
4.936056900561603886e-03
7.351545728215356200e-03
5.848320502059901633e-04
3.840926923121816983e-03
2.608517799234209497e-03
5.944707676188461779e-05
5.661521450551855461e-03
2.295520218410948728e-03
1.198214495737720802e-03
4.068289245379308992e-03
3.217504719036480901e-03
7.429494370463414097e-04
2.636617642787226178e-03
3.569677215039629165e-03
1.190114232566437218e-02
1.864436547607009132e-03
3.832776285495595459e-03
2.328329109043942354e-03
1.608875292882734837e-03
1.571274664473451413e-03
3.138329764238056117e-03
3.238742093503771857e-04
4.328751591029270595e-04
3.367446602649963854e-03
2.307119532330879734e-03
8.382373311492609738e-03
4.558823128505406011e-03
4.896416579899926479e-03
7.424186591037719787e-03
2.525447804511001763e-03
5.018772638739539028e-03
8.457725374810367343e-04
3.253914257138939593e-03
3.708030948190159815e-04
1.379765372506732519e-03
7.572423692525147255e-04
4.830860790484956327e-03
4.633194504467766373e-03
2.860666650965709278e-03
6.577717330070786093e-03
6.857961183290949350e-03
4.795882943986396114e-04
5.487472922317625235e-03
5.404569485026468334e-03
1.341250064703842972e-03
2.064548630554332090e-03
2.422195375225367521e-03
8.445743831481910798e-04
8.502767125035345409e-04
1.290234251390382381e-03
3.759417226324186095e-03
2.174217357043752626e-03
1.365471811586808871e-03
1.079796798235870469e-03
2.573046600948123894e-04
4.373030766228839898e-03
1.046757078489283588e-03
1.290072134351746705e-03
3.867118338453102034e-03
4.601373304135271403e-03
1.036656601742152496e-02
1.481760766970536278e-03
6.594114051538789607e-03
4.473788086482924364e-03
4.810640037593716042e-03
4.086804473404393465e-04
1.217985841981344096e-02
2.400843771553265015e-03
9.729031215379062639e-03
1.143500702753280120e-02
9.515404680035542727e-04
4.178406960804357910e-03
1.028715481835991387e-03
8.212722964209133751e-04
4.515493001542071790e-03
5.224526211122001128e-03
5.199668299656532398e-03
2.159148619609189480e-04
3.115326479603840876e-03
3.916281697756145153e-03
7.235497850968373480e-04
2.868360261622087629e-03
5.371970421353700629e-04
2.678944378927811815e-03
1.024594526303795883e-02
1.736749222907122336e-03
4.343945250015855339e-03
4.923675251787898444e-03
1.883063228217895461e-03
1.110086236110045073e-03
6.223669196087527541e-03
3.049449614834906161e-03
5.572768924727913679e-03
3.984594970125476636e-03
3.454547622008297819e-03
4.613775903297112103e-03
3.310168476584813332e-03
3.995394082488033100e-03
4.854068881649399765e-03
2.314096424037709321e-03
4.393418659172912064e-03
2.238141827111049488e-04
2.929452028583252117e-04
1.895528472589083158e-03
2.001034668156136381e-03
5.480147681529801661e-03
2.106325689062769121e-03
6.911848287864998282e-03
3.684543492503757100e-05
1.133087809940998237e-03
1.538337264628293318e-03
2.996572183250170978e-03
8.192824701298045270e-03
4.939018867562351050e-04
3.484700078888795208e-04
2.282246830459378330e-04
7.609261004309886625e-03
4.096614916363484600e-04
1.725912995472681899e-04
3.874314949944904652e-03
3.137960240231166525e-03
1.935814322524879528e-03
1.514799912487502492e-03
8.756272262074484350e-03
1.650355302220197541e-04
3.341270003675611056e-04
1.568135140398006604e-03
3.827991396392292460e-03
8.701830805230256413e-03
8.434714252423591851e-03
2.733888693641808344e-03
4.070389487922310839e-03
6.547587021409396503e-03
5.589582192573506678e-03
7.179691276364085460e-03
1.091172351734916862e-03
1.744741561704998443e-03
2.149289471518994396e-03
2.219707206416284201e-04
9.909884355621068064e-03
4.740806832161783245e-03
7.093719998183628484e-04
1.180953848948499817e-03
4.508060245333438826e-04
4.522718134265290083e-03
1.664433679997825944e-03
3.141452196337750618e-03
2.749994373396060562e-03
4.103850775006982776e-04
9.734001460940661446e-03
6.126995003658989442e-03
5.952331457623442554e-03
1.633170316658263824e-04
4.574631800129722904e-03
1.244855866411377545e-03
2.966177269782228204e-03
9.630658258769763270e-04
3.383740343132530951e-04
4.925164092286013137e-03
4.645523497144078869e-03
6.170690661685347732e-04
4.355456774222859172e-03
4.289721075470688538e-03
2.098150782579944439e-03
6.508778580666091385e-03
6.401518897752542583e-03
7.277742545171025316e-04
5.480575731815970353e-03
1.352938026592145080e-03
7.312015628639257237e-04
1.382526421147731730e-03
1.028538326266513654e-03
8.078896693119068991e-04
1.025708078483406754e-02
2.073716541922479735e-03
9.735965134482454757e-04
3.842045611377890683e-03
8.682684945732856152e-03
6.200715033783264253e-03
2.342133987343526964e-03
3.157641153915524516e-03
4.445771012874427490e-03
3.631403562752088480e-03
1.305766227747874033e-03
5.837985125085974961e-03
1.174686283895182409e-03
1.959913444885917199e-04
1.662795113513237987e-03
1.093940380803661884e-03
3.572987523630721373e-03
2.859481523323047312e-03
2.714262081758718557e-03
1.960618393817979872e-03
4.037158583779111749e-03
6.767711097765378514e-04
3.808856777921111429e-03
2.925817062698146415e-03
2.149317989403337886e-03
4.478195911603268485e-03
6.532505326815584226e-03
3.265653514270848001e-03
5.418656504733637691e-03
2.512274316142380608e-03
1.462935661715619859e-03
4.185674367558290566e-03
5.837879169256628923e-04
1.466587559702874424e-03
1.593298101372360312e-03
1.677400298160617621e-03
7.733946219184700127e-04
3.880679525356051356e-03
9.683944537248556726e-04
3.443616193928324826e-03
3.854583808124755558e-04
1.690997396566808490e-04
9.581443483368029881e-03
1.751254758614126860e-03
5.493816197833890219e-03
4.636947301956875940e-03
3.745303905067738810e-03
1.034652950728631293e-03
6.767163852489927042e-04
4.129071625584282076e-03
1.512552651896418915e-03
5.510490631756482897e-03
1.335452126145027360e-03
4.561341609769997522e-03
2.490413176380352079e-04
3.048977127843250767e-03
9.454212538488252068e-04
2.732257755341835608e-03
4.515856844933959120e-03
4.953726949270567843e-03
7.894015582633368304e-04
9.289429814820312657e-04
3.659578344130526295e-03
5.361118269650127534e-03
3.166400150466503177e-03
1.439471505521513648e-03
3.294589686593613672e-03
1.246484762170626234e-05
7.912269654444580112e-04
1.685045941497397221e-03
3.289205462697577208e-03
1.302452539966285393e-03
2.822484071546815451e-03
2.982747474958963654e-03
1.978125426368642443e-04
7.392701680131676025e-04
1.301642156661542019e-03
4.585623919854342478e-03
3.683209378178937607e-03
1.864432727170428758e-03
3.256405027614833574e-03
9.756425943120056220e-04
6.071146577519785821e-03
3.121624781961106036e-03
3.561367579161455951e-04
2.183308349188350017e-04
2.532536773637241237e-03
1.204966942021423130e-03
4.815907126750139378e-03
1.528755874630450770e-04
6.009806643933164952e-03
2.844600538051027857e-03
2.472495693977267914e-03
4.697323437390894113e-03
7.574836471375245850e-03
2.458283364408243073e-03
2.082673642729735103e-04
2.701158925365098294e-03
1.647415835441384422e-03
2.873646166515115598e-04
8.876130173621616087e-04
6.535246444314423992e-04
5.118152857519559645e-03
6.825209470244705638e-03
8.278333272345622315e-03
2.805102434273233549e-03
1.199862084924418028e-04
2.390031650690890852e-03
4.269427655948219470e-04
4.610282181157655985e-03
3.414876768996133981e-03
3.814226810098732441e-03
8.393993176558570482e-03
2.349084153631261773e-03
3.206773963290434400e-03
3.388735656839478132e-03
7.205317076320488269e-03
3.802684589018244955e-03
1.149079156517807945e-03
9.678067284844920487e-03
4.795908293416103682e-03
2.933725027776619204e-04
2.835448983116813614e-03
4.438623463379819806e-03
1.247884625409045021e-04
6.167463988988150687e-03
9.648723115535867223e-04
1.213993726422245290e-03
2.353159334171581532e-03
2.074052259700633668e-03
5.118788793215105562e-03
2.886361287629329690e-03
2.934455262455270934e-03
3.264608400261999333e-03
1.123953579740188599e-03
1.291221996639517998e-02
4.907630760053472915e-03
1.962647168749551748e-03
2.973298254468250269e-04
1.928392722820797375e-04
1.043612425968883399e-03
7.346911092625381563e-03
2.458774936093204196e-03
5.966265657203415930e-03
7.598518450179620430e-05
9.446178590588379803e-04
7.004822691580155081e-03
9.216805589422189665e-03
6.967461498170435773e-03
4.202318553903233202e-03
2.567716007167169037e-03
3.329025370428906512e-03
3.779075267391007135e-03
4.824254193501393770e-03
3.497457655898971243e-03
9.616569346562684958e-03
4.591193655480459331e-03
7.990437648318462691e-03
1.172407038357034872e-03
4.056321201622893613e-03
2.875319044955942059e-03
8.144650629573326004e-04
8.317847652171840578e-03
3.265383185402251452e-03
1.197624027528652359e-02
5.995960185165363776e-03
5.937746055595746579e-03
3.110162887555235553e-03
9.750145448581640575e-03
1.290767037533889472e-04
1.533027242567042495e-02
2.516398824904439880e-03
3.866661160044979409e-03
1.369849330521526838e-03
1.695832547095620091e-03
1.247970115226123720e-03
5.471545950159025645e-03
1.771276918018306569e-03
3.052510756773422172e-03
1.043339319402186195e-02
8.122086169292165939e-03
3.025094052389083396e-03
1.731890622597594609e-03
2.171983196273838488e-03
3.561368788011759230e-03
1.513901412320288378e-03
3.163247368220474184e-03
2.459450820077582409e-04
4.683102176932115411e-04
5.476209035831684085e-03
2.249550755673613862e-04
7.994426438298162310e-03
9.849377790998158771e-03
1.552303843190803523e-03
5.469313392845886850e-03
1.248069798382930818e-03
9.271578149367007632e-04
2.384051611672588326e-03
1.393233094660243417e-03
1.120624595852064490e-03
9.295280071451577242e-04
5.519847345501283434e-04
1.315024907602885132e-03
1.991782723025255220e-03
3.878038902072136491e-03
9.375765322565576994e-04
1.400186075739571871e-02
1.421830034749582000e-02
2.290046493511384111e-03
7.007339734239384206e-05
6.962436610730405283e-03
2.554853662786787851e-03
8.936966984002647774e-03
9.797385372677512583e-03
4.707805240445600732e-03
3.907156659438834004e-04
5.820400527067330632e-03
5.953023776522285270e-04
9.534755089663253178e-03
5.047979455291766275e-04
1.197755995082411956e-02
7.114857072070615573e-03
1.282996804813846053e-04
2.134732533736079588e-02
9.154226207566526149e-04
2.168863759509655187e-04
5.788392278852028984e-03
3.049790741648437248e-03
3.158381203161373177e-03
9.322279843216272135e-03
9.899285842377518723e-04
3.273688406614658902e-03
1.211191780172934766e-02
5.891549226258826176e-03
9.737669131725533488e-04
7.557248552896880106e-03
6.099494723293961626e-03
2.206750838177235028e-03
8.274171112051911456e-03
1.143842597849816477e-02
6.706581618143795352e-03
4.063184874676321998e-04
5.590378500746868463e-03
2.915411406989609246e-03
4.147670842107658781e-03
3.027077665984489758e-03
6.177297473269876410e-03
4.216103009295506764e-03
3.604331595793046090e-03
4.875817823402536430e-03
2.617820828341090901e-03
6.079334222299833529e-04
4.041180513689239702e-03
8.538989956365501633e-04
2.699440892374167615e-04
1.057620878493103177e-02
9.079250090048297242e-04
3.910984611284875311e-03
3.301376377319829424e-03
3.468405730577754035e-03
7.327176786773034224e-03
1.235694385375545219e-02
2.187417676069790089e-03
4.156371743381358057e-03
7.805742788498652718e-03
5.374913921382775892e-03
2.962186695919041910e-03
1.144024144984916863e-02
2.635125078014903988e-04
4.836415847229098668e-03
1.514107076386679313e-03
1.394462205519962986e-03
1.234380207594022250e-03
4.498848102234034342e-03
4.905581373814887035e-03
2.153963696787002721e-03
6.942625737797358809e-03
1.238421422921426795e-03
5.910149287961931168e-03
6.045082324999622066e-03
2.987767746417464409e-03
1.122257875862532443e-02
1.878867288579530058e-04
7.676336826806363575e-03
6.227428384169877464e-03
4.401725965174065232e-03
9.729810228060046303e-04
3.940870348351723298e-03
1.326872031019799567e-03
3.944236732839665849e-04
8.176063687811688425e-05
7.520322180202329912e-03
1.065459448436356128e-02
3.548502431372761116e-03
7.739143409137126499e-03
6.221551267698565433e-04
2.918397933747261461e-03
2.418115989027730135e-03
2.968254730507352123e-03
4.284907806072306251e-03
3.173624160787820447e-03
2.550157060478721368e-03
4.699924398352767728e-03
7.854722763635151386e-03
6.717748265405034704e-03
5.353313371980790956e-03
3.894150384184327882e-03
7.628109706962392378e-03
6.131360337497285089e-03
4.506877642303922567e-04
2.071982213193210038e-03
2.006245769739918756e-03
3.217126710136374024e-03
4.314094588079982152e-04
3.314625850705450825e-03
2.004734419938360764e-03
3.544604981813519184e-03
5.843217149315521695e-04
1.292560449899983260e-03
7.182482641462131475e-04
1.093931379565486056e-02
7.164966959307422605e-03
4.768577475680399989e-03
2.625272847975861946e-03
2.266945365725048147e-03
1.320204776065549992e-04
2.044209028179891537e-03
4.496846812554859858e-03
3.270163279612120326e-03
4.664989044239592595e-04
1.221953944591994481e-02
1.926145942333522829e-03
1.468358191071578861e-02
4.649800929508246354e-03
3.423048453663685761e-03
5.965280238528925666e-04
1.212276434620872527e-04
3.574765332148242001e-04
3.143412517107287054e-03
5.781564359828281208e-03
7.967247878634908104e-03
4.142081001709452606e-03
1.899314827863190147e-03
8.174748189706315671e-03
7.555656093252564529e-03
1.463379066445892954e-03
4.581298745773366814e-03
3.324367054470029129e-03
2.859569921266709794e-03
5.193969779942553787e-03
4.972039999849834149e-03
6.773052650064508191e-03
1.106614947612188926e-02
4.918254151170471482e-03
2.784699865380546591e-03
8.079320099591339593e-03
3.015045120950157927e-03
1.537595018677369600e-04
3.394382376536389783e-03
3.173931074264095369e-03
1.205468395758727343e-02
2.659481922262815594e-03
2.449922789668290170e-03
7.845785905775184976e-03
8.492747586121318290e-03
4.716477963672668743e-03
1.996599323138528899e-03
1.442376751106344427e-03
3.958159000246742019e-03
3.285755080927474370e-03
1.035042878438789844e-02
1.770808025584967756e-03
2.155864888017638113e-03
8.572094129635915438e-03
3.685387745557809646e-04
7.451021115186908569e-04
3.076416916836134576e-03
1.273959112429992038e-03
1.849735077126879023e-03
1.470513680736046857e-03
1.018618610175462021e-03
1.057762530429449954e-02
1.005771175584320659e-03
1.083047570845229769e-02
1.575783608223065750e-03
1.350705965748637315e-03
2.064875697271864249e-03
3.279978814937854737e-04
2.972639004144403581e-03
4.604291072712113179e-03
1.223719998417462269e-03
1.676453769133324145e-03
2.389296101171141731e-03
2.490341305544720683e-03
1.401180357321646364e-03
1.044184358808048808e-02
4.065967359230913437e-03
1.513085530013105404e-03
2.820986122610841338e-03
1.245048288538517633e-03
1.007638977282675208e-02
3.750573577822962756e-03
1.155484929839987844e-02
1.247499459312431625e-03
9.675512559876385098e-04
7.381205939366057220e-04
2.376468308771822417e-03
2.891032981774302891e-03
7.011447970703643846e-03
6.792662451304882663e-04
3.235546371774207508e-03
4.421899617218779527e-03
6.001905895591659081e-03
2.703192103694303022e-04
2.241958276458948295e-04
3.017944638332615333e-03
1.061396918003655338e-03
1.643333001450517084e-03
8.203642135127239832e-03
4.797541454858657468e-03
1.030947232222762314e-02
1.282371041736726737e-03
1.746508712753479199e-03
6.800228674709790817e-03
5.065137940513461320e-03
7.235608737538305746e-03
9.907120205491107365e-04
9.702491021938546836e-04
9.414113938258738060e-03
1.885063563219238365e-03
7.392432027984696154e-03
8.835765325266557377e-03
2.165521254976120625e-03
1.138312541937676510e-02
7.064258009458766578e-03
7.959157458837915269e-03
4.663022821909115702e-04
2.246119246794988939e-03
1.882633923617106500e-03
2.218605468548423814e-03
5.631991807140041039e-04
6.259484792666083867e-03
9.042150208561093626e-04
7.005428729673920420e-03
3.504060084607814058e-03
4.307571963895955730e-03
5.903107561654197429e-03
5.540564052101557002e-03
4.908784083322918247e-03
8.372997761569259123e-03
2.138304595518921499e-04
8.582367718380974966e-03
7.708862415282494510e-03
1.266416240153015599e-02
4.077791101977860065e-03
1.914028996283505257e-03
3.717583121743614320e-03
5.421674418838659526e-03
2.219622450637533887e-03
2.714913096361015309e-03
7.195405064757585348e-04
5.306069655851792209e-03
1.276836523220073981e-03
3.148576071126708300e-04
1.816540649783397396e-03
1.331119497336897975e-03
4.840871494827806397e-03
3.697041762644016384e-03
5.245739560771036508e-03
4.134278631644255041e-03
3.278027764591173992e-03
1.920792226071685945e-06
7.174594745023702737e-03
2.061383602312772539e-03
3.248937333272625832e-05
4.773469072951307124e-03
2.218639771273607338e-05
1.125669314922143850e-03
8.362111655014086570e-03
2.869838645135684447e-03
4.032842325754426929e-03
2.458016722023706382e-03
3.854766241857787950e-04
5.588200203261561427e-04
4.442538643114786467e-03
8.384333255576255362e-03
3.399006211151676862e-03
1.538562856732911439e-03
3.110886324036317950e-04
2.568569555331791550e-03
5.033749631799705124e-03
7.933396171371259742e-03
3.696248016125619137e-03
5.971269033582406573e-04
5.532501305338719151e-03
1.995444471407850553e-03
2.339966499457865005e-03
3.635091421251820335e-03
5.482614682006342697e-04
1.968319320371413050e-03
4.648493644197694390e-03
4.163349922654370548e-04
6.142040036654108600e-05
3.271647523290039695e-03
2.350812101801296426e-03
1.187022318747498612e-02
3.505313433731329850e-03
6.856295587463275172e-03
7.780501605278055321e-04
4.779086716887302223e-03
4.812167452759642386e-06
6.503985914010955785e-03
2.426095381919087142e-03
2.236992395770100867e-03
3.976592445884162747e-04
1.040781407601842424e-03
1.567852281553980005e-03
3.324289787146558241e-03
2.214271028475657457e-03
1.825781350341572221e-04
3.429477465833906391e-03
4.124927274599846788e-03
2.116725024583412419e-03
1.874076368641183841e-04
1.005746805232238814e-03
5.636760616357342109e-03
7.604033213294941447e-04
3.218545376656372064e-03
2.142223286614884127e-03
6.157302044878527024e-03
2.547727226142716163e-03
2.686133852208726601e-03
6.147382576796204612e-04
6.697867712078051615e-03
7.420325732525336580e-03
1.323229587267695830e-02
4.482911862972407090e-03
2.128448672710453275e-04
3.018442783112121677e-03
4.696276872664627289e-03
2.752488276142123216e-05
3.898991984490631467e-04
6.455231054631109175e-03
1.037498213310119981e-02
5.505920199763719540e-03
3.023728061222676934e-03
1.366327025457890433e-03
4.575149993420095894e-03
3.113349016440581166e-03
4.311506978814296106e-04
4.606293341201665031e-03
3.834346383461065613e-03
3.487634870966972679e-04
3.284348815831636924e-03
5.123399030252263203e-04
1.287833422515093605e-03
1.341812455793544093e-02
4.248495489351294431e-03
8.134379799965611941e-04
4.176398542918464962e-04
7.702044518469570132e-03
5.594865830953262877e-03
9.912418096222015695e-03
7.890022175669629892e-03
2.083204618703446507e-03
2.013613346978022304e-03
4.099425840112883197e-03
1.484987429957925712e-03
4.557497772872007801e-04
3.904634963667285869e-03
4.571960257917489362e-03
7.169837542839258872e-03
2.806132735112247794e-03
3.517737129793594656e-03
3.281862318131530207e-03
3.787366355207181720e-03
9.263004327800078777e-03
1.015618746629596073e-02
2.359844296299588784e-06
6.991353018846898498e-03
2.020696878137459335e-04
9.676569587619858470e-03
2.356512496541638812e-03
3.259365067454141843e-03
2.259824408475067260e-03
7.783672841097166251e-04
5.446662364421882112e-03
1.220441918723975255e-02
8.819351560986251823e-03
2.580581966731795070e-03
4.900158405672174616e-03
1.431183778068455086e-03
3.870289803061286154e-03
7.790933878187687603e-04
1.649665675674654710e-03
9.634482934503013803e-04
9.524311989890279703e-03
4.684055299998589675e-04
5.394402060356075571e-03
6.862344430930417474e-03
3.008834781153227767e-03
5.192854348441707348e-04
3.235294456795303510e-03
3.674459703977331002e-03
7.101795532787097583e-03
1.264940616993400109e-02
1.154634373773457366e-03
7.618792912372020915e-03
9.085198550092087391e-03
4.481225688072277896e-04
7.226769016799967308e-05
4.679644872495222069e-03
1.069871997614411452e-03
7.877077012408075993e-03
2.198484443571209501e-04
4.876860763685913341e-03
1.147377925326465223e-02
3.272037162190250589e-03
3.064190968214615743e-03
4.039338984501977537e-06
1.978890253162167358e-04
1.433861939226990052e-03
1.869248911657114820e-03
5.832033367438831453e-03
1.768412596779330836e-03
6.358121788345038987e-03
1.114409807349125964e-04
9.118902093554794031e-03
3.123276388557861367e-04
3.937211517532200502e-04
1.371999285394744127e-03
1.359786995104248766e-04
4.912598150373266581e-04
6.639739023791343432e-03
7.280460371719459783e-03
6.318065930607194916e-03
4.219734334360488240e-03
1.241642085992225976e-03
1.501282215247282071e-03
8.266640687112960725e-03
6.620249361818769315e-03
1.155729900019674197e-02
5.839979290718408031e-03
2.361893057055365532e-03
5.148874013495686672e-03
1.557568655842395859e-03
1.525174699417587232e-03
5.961446322829017444e-03
1.178736232685098089e-05
4.866768120956219915e-04
1.078240549744412073e-02
7.153937122378134505e-03
2.245779939338448435e-04
1.298643027335816703e-03
7.768997122923599827e-03
3.405697798319385055e-03
4.472630406779734579e-04
5.287768596392136179e-03
2.915836491187457236e-03
3.470402675399177593e-03
7.710410081335632680e-03
3.309263347952770009e-04
7.777300415445173067e-03
3.294001701053982621e-03
5.067651816142160204e-03
1.977919523311497075e-04
4.055749581657345539e-03
2.401378550783833492e-03
1.941946896008299841e-03
6.297710472240187693e-03
4.047005758994822941e-03
1.067512336578508832e-03
1.477515313259356164e-03
4.324548486320333829e-04
8.448895758453516674e-03
5.656788855293259878e-04
1.800403992715759321e-03
5.302861068021422555e-04
5.910040686385969848e-03
9.747254054107095875e-03
2.403479125294642315e-03
2.278947823488446621e-03
1.159394644832624803e-03
8.592406975316832854e-04
9.983141940922879605e-04
5.029977683850559225e-03
4.678875488639583531e-03
3.646808165926876920e-03
2.583923992487606978e-03
2.889536449182168298e-03
5.069007646831063044e-03
2.561296140712848290e-03
1.637575698365409610e-03
1.806494360648800389e-03
6.054995389064524169e-03
3.252135875769087640e-03
1.146851456864167538e-03
4.606749207075848916e-03
3.645564665952489777e-03
5.669017070108357641e-03
3.993451699447322402e-03
5.480929714452153524e-03
4.477424296538979817e-03
3.483578529097035911e-03
3.411385468040710207e-03
4.359160461881327102e-05
2.232523243212912629e-03
2.177089403036308428e-03
3.597539617552120844e-03
4.289465652022723258e-03
3.404865622225032758e-03
3.045616953259670540e-03
5.820424529542228033e-03
3.298002124024645553e-03
2.603159839417711410e-03
9.201596889676582442e-04
3.140207242223438684e-03
6.342938016371060979e-03
2.266241251397729784e-04
6.004666815358556363e-03
3.252319069541592580e-03
2.653940452489430505e-03
4.084720384741610984e-03
1.047304835511859772e-03
3.965283717375158411e-03
1.005184190196223683e-03
4.106067570811848880e-03
1.256518415178923447e-03
5.483026463634703765e-03
7.700391390227651414e-03
1.879731611866646045e-03
1.349889127226003012e-04
2.402837885107290527e-03
1.003709167961813059e-03
1.221019916832609886e-03
4.584679187205838863e-03
8.885888938893060293e-03
2.856094817711516548e-03
9.704169393129367938e-03
3.251370733841242719e-04
4.650820099604208516e-03
1.014314178030938443e-02
5.218955520445953643e-03
6.100359737507211194e-03
1.072931288109913589e-03
9.557715817585318505e-03
9.628086209901198095e-03
2.419018292569148371e-03
4.299689063899655300e-03
2.828214384016848604e-03
9.058294342908799817e-04
3.199121340096929000e-03
2.406382889037915213e-03
4.931611643986924358e-03
4.348393784528144582e-03
5.420273481479957224e-03
3.583737335485798897e-03
6.533523758824949989e-04
8.520669767261872989e-04
6.319762491419594723e-04
3.032312148981482647e-03
7.771102055571751412e-03
8.676347743797937356e-04
4.330487163045249228e-03
1.403567956492962837e-03
2.622694537923812765e-03
3.332711523024009005e-03
1.902957337029382960e-03
5.218391447698453789e-04
9.858788883480502571e-03
2.640573095628789401e-03
6.754116836827678445e-03
3.919769055098622744e-03
3.931791428176003786e-03
2.995561688875427071e-03
1.085004153363838863e-03
3.334649028715674229e-03
4.077728267468581219e-03
6.212628978365738889e-04
6.459261133686524737e-04
6.686243804012609879e-04
7.616039712948243640e-03
3.589129969733790160e-03
7.270708108003309279e-03
3.487709299498755952e-03
3.643532448593932941e-03
4.125386862313755974e-03
1.849160901790637256e-03
1.347366280531934286e-03
6.888737456817973885e-03
2.632278122162027070e-04
2.888877609658677473e-03
3.495971873661250610e-03
2.096202031089173037e-03
2.701572374805645028e-03
1.528379248586682880e-04
6.842042078759976408e-03
2.638175610179586961e-03
1.054042192539053320e-03
3.356397803283308907e-03
3.288825784380586086e-03
1.603753982626950590e-03
4.354915804143874754e-03
1.267850663638969786e-03
1.964488770242069689e-03
7.978527911932174754e-03
4.330787339090566394e-03
7.760147076870570898e-03
4.079963690831594873e-03
9.212896785897898774e-03
2.703565529390896359e-03
2.304135835422867293e-03
5.676818166532131976e-03
4.877241597934723477e-03
7.821135319725837712e-03
7.856881904387814062e-05
1.124865541506858517e-03
5.243809299974496081e-03
1.709153070205222859e-03
2.220143787347337444e-03
6.413086350876695887e-03
1.511733709174404227e-03
7.654476502549550920e-03
7.823986110671969640e-03
1.137999933715956114e-03
5.830788964111438197e-03
1.352124327306243644e-03
1.005960716327693747e-03
2.288833589563973858e-04
5.640747756235254748e-03
4.887367760667527330e-03
1.746921119531108339e-03
4.295583715371470782e-03
1.101145589479475204e-03
2.919416789332447693e-03
4.254754295848072951e-03
3.426674695495138582e-04
2.207495752391685107e-04
3.990610535865364572e-03
3.006183814813650525e-03
7.081636832852302409e-03
6.416086778481527170e-04
1.012618665488008735e-04
9.846562722792050280e-04
2.629591906829033005e-03
8.773615683300975063e-03
1.044412412952259138e-02
3.963314142768343921e-03
3.181253145797256418e-03
2.266987510348996825e-03
5.818110049462558650e-03
6.513011919122443059e-03
6.919912055893650670e-04
2.016098188558300506e-03
8.303206438683397375e-03
4.892801046632647811e-05
2.918077909108818431e-03
1.023771902848728994e-02
4.295900518807140543e-03
3.645217165910859779e-03
7.958231119607587362e-03
8.714386445325246477e-03
8.465418901729868887e-04
2.680436034093459843e-03
5.043357493841820784e-03
2.863962432644548070e-03
1.433655755929804515e-02
5.842847998361301587e-03
1.637698309232875132e-03
1.414371154607904591e-04
6.174467367098339897e-03
2.759294668217474977e-04
2.255677201332243614e-03
7.214271168117499054e-04
3.364360842553933573e-03
6.043792680500235243e-04
1.303196169292283012e-02
6.719931002386435835e-03
4.308352113970719032e-04
3.830308750780391566e-03
8.810764289101397778e-04
1.775108332781876613e-04
4.142678771678129715e-03
5.688433660928481767e-04
4.404502478039784216e-03
5.660669401951970089e-03
5.090041706794909068e-03
5.107649283175729089e-03
7.556644253549724133e-03
4.580474314127995494e-03
4.160760883518178216e-03
5.110683510511133780e-03
5.862459513273804738e-04
9.079411888172466685e-04
1.376772829833682737e-03
5.370508358491025676e-04
1.015256217122389917e-03
3.130554666815292889e-03
3.802589209294839588e-03
1.478653636392894891e-03
1.392848037685913767e-03
5.058625249598368637e-03
4.893104771971796933e-03
4.381712039943461579e-04
5.892197920564543057e-03
4.276346434740347334e-03
3.881428540759450808e-03
4.417692524582694097e-03
4.602886802122145224e-03
1.670331784541536279e-03
8.113538665777932568e-04
1.795428360723085471e-03
1.057286486501837677e-03
3.486088464221104733e-03
5.221790554314664073e-03
4.224299538511553861e-03
2.505392997542168609e-03
5.535627717617338378e-03
6.127566651857659953e-03
5.166704818149496330e-03
5.140041349185412714e-04
1.986011264357043834e-03
1.424939007388028840e-03
2.045163762572178162e-03
1.824202735620670526e-03
6.630024734026248624e-03
7.772686477095347608e-03
3.829433548320961694e-03
3.180205618382734526e-03
4.150992786913939442e-03
8.063652096288851170e-03
2.594307776588562677e-03
1.442188291526028425e-03
6.945121870320373342e-03
9.702832967353296201e-04
6.264478886662976087e-03
2.761417339572240070e-03
1.556498661437189001e-03
1.392405373091006862e-03
5.146663862971351602e-03
3.465200805276487297e-03
4.491048923526850568e-03
2.808161324386462560e-03
2.148899116811922669e-03
4.978335565256519074e-03
2.550960149390203019e-03
1.412712948532112659e-03
6.293145818818130476e-03
1.762993944434676757e-03
3.379964591986336312e-03
2.335392559404001356e-03
2.997475717008890941e-03
3.803814117446647439e-03
8.149543364610056101e-03
3.031004791639496914e-03
2.801120883205145996e-03
1.650024552126586790e-03
2.078288271693806526e-03
4.428600571569178690e-03
3.449634736514411992e-03
3.881241164791261918e-03
4.710590690978231840e-03
1.628386290289045519e-03
1.149463618433893379e-03
9.470764273580014117e-03
4.934220289550616569e-03
5.349134164545195358e-03
1.501229237935676670e-04
5.289710892964456053e-04
3.225255399838893554e-03
3.418410356933949609e-03
2.382857809477877033e-03
1.287533462571393943e-03
1.452243922517680932e-03
2.625070746434600942e-03
2.221267906716509026e-03
1.605526932265804400e-03
5.095155786089087570e-03
1.609895368692610372e-03
6.659803277187904304e-03
3.159422520365326946e-04
1.783350513396415394e-03
5.481436793286772330e-03
6.718319486464228215e-04
2.721570295655444116e-03
4.517486390064816520e-04
6.689998338163719201e-03
2.348701139630006689e-03
8.549069464720916766e-04
2.019589118638402941e-03
5.170818168106505047e-03
7.274828672172671800e-04
1.827923977536428284e-04
2.293122554078275751e-03
4.383256524364062025e-03
5.582733140236478993e-03
9.699773736320558637e-04
7.625695671194887635e-05
1.322804983970929599e-03
4.072573430040732530e-03
6.686716935468858510e-04
1.228295145095471786e-03
1.246201358665369489e-03
3.012549364762228017e-03
5.118117140427711279e-03
5.233755142810582461e-03
3.453183344800807124e-03
1.897890947012664852e-03
1.504402738805811143e-02
6.552471339522658936e-03
3.743526145770872428e-03
2.664215577050237614e-03
5.049444762453040095e-03
3.077023586835126627e-04
1.105665864018218116e-03
1.323565236791838596e-03
9.007372611560270775e-03
7.680444023771101003e-04
3.853280303062770677e-04
1.285697339962407542e-03
5.898100262130053645e-03
3.916581076748653148e-03
2.056327121283574484e-03
3.854566475341694200e-03
3.034061210894191223e-03
1.412235884694417951e-02
6.012246084196539234e-03
5.131321966837909098e-04
2.650203637101930521e-03
2.908395351717937144e-03
3.492778349307691481e-03
4.701144259204985583e-03
6.461140450828027453e-03
2.547284022017436839e-03
4.048062511777280117e-03
3.493222872287819920e-03
6.931585665268616978e-04
4.238358012226656549e-03
6.659488971391456071e-04
1.337339792145330014e-04
4.927396589280313467e-03
5.145839169117625428e-04
1.048081560130327506e-04
3.560003886602755140e-03
7.003347440886409023e-03
3.415378079795470742e-03
2.566902511794573113e-03
8.625097519531555769e-04
9.326887390243491019e-03
1.018392383582141653e-03
5.392457756348999947e-04
7.089861509646988927e-03
1.078227592495894539e-02
1.000259922635702301e-03
6.888350484393808600e-03
2.703607113016399098e-04
1.680598709528884375e-03
6.260928599476490823e-03
3.483997325092041356e-03
7.257445173448450436e-03
1.335022923662956395e-03
1.899291557568869981e-03
1.689186011080833643e-04
2.761417350702202039e-03
2.032595337629688418e-03
3.033610461385635379e-03
7.290081705440888335e-03
1.024040195807224100e-02
2.584911077360528206e-03
2.477375669756013321e-04
1.424376654317716963e-03
6.476426764503352522e-03
1.101358187366608538e-03
4.719403930706974649e-03
3.341353382763768629e-03
7.027391880780340175e-03
8.796815709895197677e-03
4.844880173366325829e-03
3.018035066496303331e-03
6.500989922145195693e-03
2.008291483562519610e-03
5.422106068673568889e-03
3.579747147117959619e-03
4.399108034026101045e-03
8.349323954053097449e-03
6.829449482370567991e-04
6.214900314553619895e-03
1.303766688443197454e-03
1.564435147553388649e-03
4.615487224700522660e-03
1.380306947911524645e-03
8.955420413812901440e-04
1.151436510122194742e-03
7.465392403671879075e-04
6.622640513308896207e-03
5.800135368469676311e-03
5.129593687774267876e-04
5.267233478887765885e-03
1.668338477935272417e-03
6.236595951960533998e-04
3.400517866540266661e-03
1.580079832528752718e-04
1.857367975796222863e-03
5.126991888709050808e-03
1.119440463988798096e-03
7.789695349236789353e-04
5.123075207606372569e-03
6.440945263246850537e-03
3.390932150601171004e-03
4.211675043639295096e-03
8.345874712952524796e-03
1.250167650495606544e-03
7.821595770227346076e-03
6.304627980375034774e-03
3.993889988073281647e-04
9.465100870544647382e-03
9.078460024893791891e-03
1.419152716125597321e-03
1.242375680992845437e-03
3.079361756989652788e-04
4.157878987759835998e-03
7.400486927127612052e-03
3.249816815254455513e-03
4.240917885301946633e-03
3.998213443405702915e-04
2.235342219933035188e-04
4.499160769265290669e-03
5.326622155062297678e-03
3.406601889949420568e-03
6.935259875285180314e-03
3.205519790725792992e-03
6.507679491668077500e-03
2.226354469301704102e-03
1.239737389352477646e-03
4.332946104920813203e-03
7.124990165855588911e-04
1.355276761320336684e-02
4.167319399929305009e-03
4.901103074249627684e-03
1.794075800392552376e-03
3.561012426526646586e-03
4.425375045231577653e-03
1.331252283959560943e-03
4.399201206824662584e-03
4.520160800458363284e-03
6.819013330724355525e-03
4.594185906444025504e-03
3.018494296459180593e-03
1.267411072200068107e-04
5.299543721123153688e-03
1.231963377352780732e-03
9.606197770923309261e-04
8.803834173780904129e-04
