   9.4734300e+01   9.9995219e-03
   1.0371900e+02   0.0000000e+00
   1.1355700e+02   0.0000000e+00
   1.2432700e+02   0.0000000e+00
   1.3611900e+02   1.9999526e-02
   1.4902900e+02   0.0000000e+00
   1.6316400e+02   1.0000375e-02
   1.7864000e+02   1.9999856e-02
   1.9558300e+02   9.9998969e-03
   2.1413300e+02   2.9999033e-02
   2.3444200e+02   2.0000126e-02
   2.5667800e+02   1.0000074e-02
   2.8102300e+02   3.0000143e-02
   3.0767700e+02   3.0000263e-02
   3.3685900e+02   2.0000221e-02
   3.6880900e+02   2.9999215e-02
   4.0378800e+02   5.0000337e-02
   4.4208600e+02   3.0000034e-02
   4.8401600e+02   3.0000087e-02
   5.2992300e+02   3.0000037e-02
   5.8018400e+02   1.0000018e-02
   6.3521200e+02   0.0000000e+00
   6.9545900e+02   2.9999854e-02
   7.6142000e+02   2.9999808e-02
   8.3363700e+02   9.9999988e-03
   9.1270400e+02   4.0000447e-02
   9.9927100e+02   2.0000549e-02
   1.0940500e+03   9.9994550e-03
   1.1978100e+03   3.0000652e-02
   1.3114200e+03   1.9999558e-02
   1.4358000e+03   4.0000015e-02
   1.5719800e+03   1.0000286e-02
   1.7210800e+03   2.0000328e-02
   1.8843200e+03   9.9994857e-03
   2.0630300e+03   1.0000009e-02
   2.2587000e+03   2.0000149e-02
   2.4729300e+03   1.0000133e-02
   2.7074800e+03   0.0000000e+00
   2.9642700e+03   4.0000335e-02
   3.2454200e+03   2.0000358e-02
   3.5532400e+03   9.9997336e-03
   3.8902400e+03   2.0000376e-02
   4.2592200e+03   0.0000000e+00
   4.6631900e+03   0.0000000e+00
   5.1054700e+03   1.9999910e-02
   5.5897000e+03   0.0000000e+00
   6.1198600e+03   0.0000000e+00
   6.7003000e+03   1.0000101e-02
   7.3358000e+03   0.0000000e+00
   8.0315700e+03   0.0000000e+00
   8.7933300e+03   0.0000000e+00
   9.6273400e+03   9.9994679e-03
   1.0540400e+04   3.0002498e-02
   1.1540200e+04   9.9996803e-03
   1.2634700e+04   9.9996098e-03
   1.3833000e+04   1.0000721e-02
   1.5145100e+04   0.0000000e+00
   1.6581500e+04   1.0000107e-02
   1.8154200e+04   1.9999396e-02
   1.9876000e+04   0.0000000e+00
   2.1761200e+04   1.9999480e-02
   2.3825100e+04   0.0000000e+00
   2.6084800e+04   1.0000263e-02
   2.8558900e+04   0.0000000e+00
   3.1267600e+04   0.0000000e+00
   3.4233200e+04   0.0000000e+00
   3.7480000e+04   1.0000218e-02
   4.1034900e+04   0.0000000e+00
   4.4926800e+04   0.0000000e+00
   4.9187900e+04   0.0000000e+00
   5.3853200e+04   0.0000000e+00
   5.8961000e+04   1.0000028e-02
   6.4553200e+04   0.0000000e+00
   7.0675700e+04   0.0000000e+00
   7.7379000e+04   1.0000037e-02
   8.4718100e+04   0.0000000e+00
   9.2753300e+04   0.0000000e+00
   1.0155100e+05   0.0000000e+00
   1.1118200e+05   0.0000000e+00
   1.2172700e+05   0.0000000e+00
   1.3327300e+05   0.0000000e+00
   1.4591300e+05   0.0000000e+00
   1.5975200e+05   0.0000000e+00
   1.7490400e+05   0.0000000e+00
   1.9149300e+05   0.0000000e+00
   2.0965500e+05   0.0000000e+00
   2.2954000e+05   0.0000000e+00
   2.5131100e+05   0.0000000e+00
   2.7514700e+05   0.0000000e+00
   3.0124300e+05   0.0000000e+00
   3.2981500e+05   0.0000000e+00
   3.6109600e+05   0.0000000e+00
   3.9534500e+05   0.0000000e+00
   4.3284100e+05   0.0000000e+00
   4.7389500e+05   0.0000000e+00
   5.1884100e+05   0.0000000e+00
   5.6805100e+05   0.0000000e+00
   6.2192900e+05   0.0000000e+00
   6.8091600e+05   2.0000012e-02
