   1.8438600e+02   1.9999597e-02
   1.9844300e+02   0.0000000e+00
   2.1357200e+02   0.0000000e+00
   2.2985500e+02   0.0000000e+00
   2.4737800e+02   2.0000276e-02
   2.6623800e+02   2.0000472e-02
   2.8653600e+02   1.0000007e-02
   3.0838100e+02   2.9999465e-02
   3.3189100e+02   0.0000000e+00
   3.5719400e+02   1.0000053e-02
   3.8442600e+02   1.0000036e-02
   4.1373400e+02   9.9998864e-03
   4.4527600e+02   9.9999715e-03
   4.7922300e+02   3.9999979e-02
   5.1575800e+02   4.0000467e-02
   5.5507900e+02   1.9999910e-02
   5.9739700e+02   0.0000000e+00
   6.4294100e+02   2.0000112e-02
   6.9195800e+02   0.0000000e+00
   7.4471200e+02   9.9998943e-03
   8.0148700e+02   2.9999986e-02
   8.6259100e+02   2.0000172e-02
   9.2835400e+02   2.9999965e-02
   9.9913000e+02   1.9999500e-02
   1.0753000e+03   2.0000251e-02
   1.1572800e+03   1.0000076e-02
   1.2455100e+03   0.0000000e+00
   1.3404700e+03   1.9999094e-02
   1.4426600e+03   2.0000802e-02
   1.5526500e+03   1.9999795e-02
   1.6710200e+03   9.9995800e-03
   1.7984100e+03   1.0000159e-02
   1.9355200e+03   2.9999833e-02
   2.0830800e+03   9.9999798e-03
   2.2418900e+03   2.0000204e-02
   2.4128100e+03   1.0000092e-02
   2.5967600e+03   1.9999721e-02
   2.7947300e+03   1.9999516e-02
   3.0077900e+03   2.0000097e-02
   3.2371000e+03   2.9999792e-02
   3.4838900e+03   4.0000600e-02
   3.7495000e+03   2.0000338e-02
   4.0353600e+03   0.0000000e+00
   4.3430000e+03   1.0000217e-02
   4.6741100e+03   1.9999689e-02
   5.0304500e+03   1.0000169e-02
   5.4139700e+03   9.9999832e-03
   5.8267200e+03   1.0000014e-02
   6.2709400e+03   1.9999807e-02
   6.7490200e+03   0.0000000e+00
   7.2635500e+03   9.9999642e-03
   7.8173100e+03   0.0000000e+00
   8.4132900e+03   0.0000000e+00
   9.0547100e+03   1.9999868e-02
   9.7450200e+03   2.0000947e-02
   1.0488000e+04   1.0000197e-02
   1.1287600e+04   0.0000000e+00
   1.2148100e+04   1.9998944e-02
   1.3074200e+04   0.0000000e+00
   1.4071000e+04   0.0000000e+00
   1.5143700e+04   1.0000579e-02
   1.6298300e+04   0.0000000e+00
   1.7540800e+04   0.0000000e+00
   1.8878100e+04   0.0000000e+00
   2.0317400e+04   0.0000000e+00
   2.1866300e+04   1.0000299e-02
   2.3533400e+04   1.9999550e-02
   2.5327500e+04   0.0000000e+00
   2.7258400e+04   0.0000000e+00
   2.9336600e+04   0.0000000e+00
   3.1573100e+04   1.0000080e-02
   3.3980200e+04   0.0000000e+00
   3.6570800e+04   0.0000000e+00
   3.9358900e+04   9.9998296e-03
   4.2359500e+04   1.0000244e-02
   4.5589000e+04   9.9999268e-03
   4.9064600e+04   1.0000008e-02
   5.2805200e+04   0.0000000e+00
   5.6831000e+04   0.0000000e+00
   6.1163700e+04   1.9999980e-02
   6.5826700e+04   0.0000000e+00
   7.0845200e+04   0.0000000e+00
   7.6246300e+04   0.0000000e+00
   8.2059200e+04   0.0000000e+00
   8.8315200e+04   0.0000000e+00
   9.5048200e+04   0.0000000e+00
   1.0229500e+05   0.0000000e+00
   1.1009300e+05   1.0000779e-02
   1.1848700e+05   0.0000000e+00
   1.2752000e+05   0.0000000e+00
   1.3724200e+05   0.0000000e+00
   1.4770500e+05   0.0000000e+00
   1.5896500e+05   0.0000000e+00
   1.7108500e+05   9.9998464e-03
   1.8412800e+05   0.0000000e+00
   1.9816600e+05   0.0000000e+00
   2.1327300e+05   0.0000000e+00
   2.2953300e+05   0.0000000e+00
   2.4703200e+05   0.0000000e+00
