   8.6040600e+01   9.9998632e-03
   9.4375000e+01   2.0000410e-02
   1.0351700e+02   0.0000000e+00
   1.1354400e+02   0.0000000e+00
   1.2454300e+02   0.0000000e+00
   1.3660700e+02   2.0000489e-02
   1.4984000e+02   9.9996525e-03
   1.6435400e+02   4.0001353e-02
   1.8027500e+02   0.0000000e+00
   1.9773700e+02   1.0000423e-02
   2.1689200e+02   1.9999413e-02
   2.3790100e+02   4.0000359e-02
   2.6094600e+02   3.0000007e-02
   2.8622300e+02   9.9997975e-03
   3.1394800e+02   1.0000256e-02
   3.4436000e+02   2.9999952e-02
   3.7771700e+02   5.9999564e-02
   4.1430500e+02   2.9999673e-02
   4.5443700e+02   4.0000050e-02
   4.9845700e+02   3.9999962e-02
   5.4674100e+02   2.9999917e-02
   5.9970200e+02   5.0000598e-02
   6.5779400e+02   2.9999772e-02
   7.2151200e+02   2.0000078e-02
   7.9140300e+02   0.0000000e+00
   8.6806400e+02   1.9999855e-02
   9.5215000e+02   9.9997611e-03
   1.0443800e+03   0.0000000e+00
   1.1455500e+03   9.9994822e-03
   1.2565100e+03   1.0000442e-02
   1.3782300e+03   1.9999235e-02
   1.5117300e+03   3.0000577e-02
   1.6581700e+03   1.9999760e-02
   1.8187900e+03   9.9999592e-03
   1.9949700e+03   2.0000409e-02
   2.1882200e+03   2.0000366e-02
   2.4001900e+03   0.0000000e+00
   2.6326800e+03   9.9999973e-03
   2.8877000e+03   0.0000000e+00
   3.1674300e+03   2.0000062e-02
   3.4742500e+03   3.0000051e-02
   3.8107900e+03   0.0000000e+00
   4.1799200e+03   2.0000197e-02
   4.5848200e+03   2.0000100e-02
   5.0289400e+03   1.0000059e-02
   5.5160800e+03   9.9999057e-03
   6.0504000e+03   0.0000000e+00
   6.6364900e+03   0.0000000e+00
   7.2793400e+03   1.0000013e-02
   7.9844700e+03   1.9999972e-02
   8.7579000e+03   2.0000021e-02
   9.6062500e+03   2.0000497e-02
   1.0536800e+04   1.9998759e-02
   1.1557400e+04   0.0000000e+00
   1.2677000e+04   0.0000000e+00
   1.3905000e+04   9.9997762e-03
   1.5251900e+04   0.0000000e+00
   1.6729300e+04   9.9999110e-03
   1.8349800e+04   1.0000055e-02
   2.0127300e+04   0.0000000e+00
   2.2077000e+04   0.0000000e+00
   2.4215500e+04   0.0000000e+00
   2.6561200e+04   0.0000000e+00
   2.9134100e+04   0.0000000e+00
   3.1956200e+04   0.0000000e+00
   3.5051700e+04   0.0000000e+00
   3.8447000e+04   0.0000000e+00
   4.2171300e+04   0.0000000e+00
   4.6256300e+04   0.0000000e+00
   5.0737000e+04   0.0000000e+00
   5.5651700e+04   9.9999879e-03
   6.1042500e+04   0.0000000e+00
   6.6955500e+04   0.0000000e+00
   7.3441300e+04   0.0000000e+00
   8.0555300e+04   0.0000000e+00
   8.8358500e+04   0.0000000e+00
   9.6917500e+04   0.0000000e+00
   1.0630600e+05   0.0000000e+00
   1.1660300e+05   0.0000000e+00
   1.2789800e+05   0.0000000e+00
   1.4028700e+05   0.0000000e+00
   1.5387600e+05   0.0000000e+00
   1.6878200e+05   9.9997678e-03
   1.8513100e+05   0.0000000e+00
   2.0306400e+05   0.0000000e+00
   2.2273500e+05   0.0000000e+00
   2.4431000e+05   0.0000000e+00
   2.6797600e+05   0.0000000e+00
   2.9393400e+05   0.0000000e+00
   3.2240600e+05   0.0000000e+00
   3.5363700e+05   0.0000000e+00
   3.8789200e+05   0.0000000e+00
   4.2546600e+05   0.0000000e+00
   4.6668000e+05   1.0000019e-02
   5.1188600e+05   0.0000000e+00
   5.6147100e+05   0.0000000e+00
   6.1585800e+05   0.0000000e+00
   6.7551500e+05   0.0000000e+00
   7.4095000e+05   9.9999168e-03
