   7.6930700e+01   9.9998940e-03
   8.3721200e+01   0.0000000e+00
   9.1111200e+01   0.0000000e+00
   9.9153500e+01   0.0000000e+00
   1.0790600e+02   0.0000000e+00
   1.1743000e+02   0.0000000e+00
   1.2779600e+02   9.9996523e-03
   1.3907600e+02   9.9999191e-03
   1.5135200e+02   2.0000454e-02
   1.6471200e+02   0.0000000e+00
   1.7925100e+02   0.0000000e+00
   1.9507300e+02   0.0000000e+00
   2.1229200e+02   1.0000124e-02
   2.3103100e+02   2.0000170e-02
   2.5142400e+02   4.0000219e-02
   2.7361700e+02   2.9998923e-02
   2.9776800e+02   0.0000000e+00
   3.2405200e+02   2.0000203e-02
   3.5265600e+02   1.9999678e-02
   3.8378400e+02   2.9999840e-02
   4.1766000e+02   3.0000484e-02
   4.5452700e+02   9.9998699e-03
   4.9464700e+02   2.0000034e-02
   5.3830900e+02   4.0000062e-02
   5.8582500e+02   2.9999918e-02
   6.3753500e+02   0.0000000e+00
   6.9381000e+02   5.0000174e-02
   7.5505200e+02   9.9999158e-03
   8.2169900e+02   5.0000405e-02
   8.9423000e+02   1.9999869e-02
   9.7316200e+02   9.9998157e-03
   1.0590600e+03   9.9997426e-03
   1.1525400e+03   1.0000615e-02
   1.2542800e+03   1.9999319e-02
   1.3649900e+03   1.0000309e-02
   1.4854800e+03   9.9998930e-03
   1.6166000e+03   9.9996296e-03
   1.7592900e+03   0.0000000e+00
   1.9145900e+03   1.9998953e-02
   2.0835800e+03   1.0000245e-02
   2.2675000e+03   3.0000083e-02
   2.4676500e+03   3.0000566e-02
   2.6854700e+03   0.0000000e+00
   2.9225100e+03   3.9999020e-02
   3.1804700e+03   0.0000000e+00
   3.4612100e+03   2.0000195e-02
   3.7667300e+03   9.9998680e-03
   4.0992100e+03   1.0000208e-02
   4.4610500e+03   2.9999879e-02
   4.8548200e+03   1.0000005e-02
   5.2833500e+03   1.9999793e-02
   5.7497000e+03   1.0000022e-02
   6.2572200e+03   3.0000145e-02
   6.8095400e+03   1.0000002e-02
   7.4106100e+03   9.9999249e-03
   8.0647300e+03   2.0000130e-02
   8.7766000e+03   9.9999825e-03
   9.5513000e+03   0.0000000e+00
   1.0394400e+04   0.0000000e+00
   1.1311900e+04   1.0000177e-02
   1.2310400e+04   0.0000000e+00
   1.3397000e+04   0.0000000e+00
   1.4579500e+04   0.0000000e+00
   1.5866400e+04   0.0000000e+00
   1.7267000e+04   0.0000000e+00
   1.8791100e+04   1.0000203e-02
   2.0449800e+04   9.9995736e-03
   2.2254800e+04   0.0000000e+00
   2.4219200e+04   0.0000000e+00
   2.6357000e+04   1.0000402e-02
   2.8683600e+04   9.9997492e-03
   3.1215400e+04   0.0000000e+00
   3.3970800e+04   0.0000000e+00
   3.6969300e+04   0.0000000e+00
   4.0232600e+04   9.9997531e-03
   4.3783800e+04   1.0000131e-02
   4.7648600e+04   0.0000000e+00
   5.1854500e+04   9.9999108e-03
   5.6431600e+04   0.0000000e+00
   6.1412800e+04   0.0000000e+00
   6.6833600e+04   9.9999624e-03
   7.2732900e+04   0.0000000e+00
   7.9153000e+04   0.0000000e+00
   8.6139700e+04   0.0000000e+00
   9.3743200e+04   0.0000000e+00
   1.0201800e+05   0.0000000e+00
   1.1102300e+05   0.0000000e+00
   1.2082300e+05   0.0000000e+00
   1.3148700e+05   0.0000000e+00
   1.4309400e+05   0.0000000e+00
   1.5572400e+05   0.0000000e+00
   1.6947000e+05   0.0000000e+00
   1.8442900e+05   0.0000000e+00
   2.0070800e+05   1.0000396e-02
   2.1842500e+05   0.0000000e+00
   2.3770500e+05   0.0000000e+00
   2.5868700e+05   0.0000000e+00
   2.8152100e+05   9.9998091e-03
   3.0637000e+05   1.0000015e-02
