   9.0104900e+01   1.0000057e-02
   9.8373100e+01   9.9999998e-03
   1.0740000e+02   9.9997699e-03
   1.1725500e+02   0.0000000e+00
   1.2801500e+02   0.0000000e+00
   1.3976200e+02   0.0000000e+00
   1.5258600e+02   0.0000000e+00
   1.6658800e+02   9.9997649e-03
   1.8187400e+02   1.9999931e-02
   1.9856300e+02   1.0000286e-02
   2.1678400e+02   9.9998079e-03
   2.3667600e+02   0.0000000e+00
   2.5839400e+02   0.0000000e+00
   2.8210400e+02   1.0000252e-02
   3.0799100e+02   0.0000000e+00
   3.3625200e+02   1.9999964e-02
   3.6710700e+02   3.0000598e-02
   4.0079400e+02   2.9999624e-02
   4.3757100e+02   4.0000780e-02
   4.7772400e+02   5.9999210e-02
   5.2156000e+02   1.9999941e-02
   5.6941900e+02   4.0000178e-02
   6.2167000e+02   1.0000107e-02
   6.7871600e+02   0.0000000e+00
   7.4099500e+02   3.0000074e-02
   8.0899000e+02   2.0000245e-02
   8.8322500e+02   1.0000023e-02
   9.6427100e+02   9.9995427e-03
   1.0527500e+03   3.0002429e-02
   1.1493600e+03   2.9998097e-02
   1.2548200e+03   3.0001411e-02
   1.3699700e+03   0.0000000e+00
   1.4956800e+03   9.9995946e-03
   1.6329200e+03   2.0000044e-02
   1.7827600e+03   0.0000000e+00
   1.9463500e+03   0.0000000e+00
   2.1249500e+03   3.0000186e-02
   2.3199400e+03   1.9999884e-02
   2.5328200e+03   4.0000644e-02
   2.7652400e+03   2.9999680e-02
   3.0189800e+03   2.0000264e-02
   3.2960100e+03   9.9997854e-03
   3.5984500e+03   3.0000057e-02
   3.9286500e+03   2.0000035e-02
   4.2891500e+03   2.0000043e-02
   4.6827300e+03   0.0000000e+00
   5.1124200e+03   1.0000116e-02
   5.5815500e+03   9.9999656e-03
   6.0937200e+03   1.0000029e-02
   6.6528900e+03   1.0000029e-02
   7.2633700e+03   1.0000033e-02
   7.9298700e+03   9.9998757e-03
   8.6575200e+03   2.0000093e-02
   9.4519500e+03   0.0000000e+00
   1.0319300e+04   1.9999759e-02
   1.1266200e+04   1.9999895e-02
   1.2300000e+04   1.0000305e-02
   1.3428700e+04   0.0000000e+00
   1.4660900e+04   1.9999902e-02
   1.6006200e+04   0.0000000e+00
   1.7475000e+04   0.0000000e+00
   1.9078500e+04   9.9996023e-03
   2.0829100e+04   1.0000445e-02
   2.2740500e+04   0.0000000e+00
   2.4827200e+04   1.9999303e-02
   2.7105300e+04   1.0000289e-02
   2.9592600e+04   0.0000000e+00
   3.2308000e+04   1.0000230e-02
   3.5272700e+04   9.9997670e-03
   3.8509300e+04   0.0000000e+00
   4.2043000e+04   1.9999855e-02
   4.5900900e+04   0.0000000e+00
   5.0112900e+04   0.0000000e+00
   5.4711300e+04   0.0000000e+00
   5.9731700e+04   0.0000000e+00
   6.5212800e+04   0.0000000e+00
   7.1196800e+04   0.0000000e+00
   7.7729900e+04   0.0000000e+00
   8.4862600e+04   0.0000000e+00
   9.2649700e+04   0.0000000e+00
   1.0115100e+05   0.0000000e+00
   1.1043300e+05   0.0000000e+00
   1.2056700e+05   0.0000000e+00
   1.3163000e+05   0.0000000e+00
   1.4370900e+05   0.0000000e+00
   1.5689600e+05   0.0000000e+00
   1.7129300e+05   0.0000000e+00
   1.8701100e+05   0.0000000e+00
   2.0417100e+05   0.0000000e+00
   2.2290600e+05   0.0000000e+00
   2.4336000e+05   0.0000000e+00
   2.6569100e+05   0.0000000e+00
   2.9007200e+05   0.0000000e+00
   3.1668900e+05   0.0000000e+00
   3.4574900e+05   0.0000000e+00
   3.7747500e+05   0.0000000e+00
   4.1211300e+05   0.0000000e+00
   4.4992900e+05   0.0000000e+00
   4.9121500e+05   0.0000000e+00
