   1.2515200e+02   1.0000548e-02
   1.3786000e+02   0.0000000e+00
   1.5185700e+02   1.0000147e-02
   1.6727600e+02   2.9999349e-02
   1.8426000e+02   4.0000403e-02
   2.0296900e+02   3.0000933e-02
   2.2357800e+02   1.9999222e-02
   2.4627800e+02   1.0000074e-02
   2.7128400e+02   2.0000177e-02
   2.9882900e+02   2.0000324e-02
   3.2917100e+02   1.9999858e-02
   3.6259300e+02   1.0000072e-02
   3.9940900e+02   6.9998533e-02
   4.3996200e+02   2.0000235e-02
   4.8463400e+02   3.9999878e-02
   5.3384100e+02   1.9999823e-02
   5.8804400e+02   1.9999994e-02
   6.4775100e+02   1.0000131e-02
   7.1352100e+02   1.9999936e-02
   7.8596800e+02   3.9999977e-02
   8.6577100e+02   5.0000142e-02
   9.5367700e+02   3.0000510e-02
   1.0505100e+03   3.9998887e-02
   1.1571700e+03   9.9997384e-03
   1.2746600e+03   3.0001745e-02
   1.4040900e+03   9.9997429e-03
   1.5466500e+03   4.0000287e-02
   1.7036900e+03   9.9997835e-03
   1.8766700e+03   3.0000383e-02
   2.0672200e+03   0.0000000e+00
   2.2771100e+03   2.0000312e-02
   2.5083200e+03   2.9999776e-02
   2.7630000e+03   9.9999605e-03
   3.0435400e+03   1.0000149e-02
   3.3525700e+03   1.9999862e-02
   3.6929700e+03   0.0000000e+00
   4.0679400e+03   1.9999656e-02
   4.4809700e+03   2.0000238e-02
   4.9359500e+03   1.9999991e-02
   5.4371200e+03   9.9998889e-03
   5.9891700e+03   0.0000000e+00
   6.5972800e+03   2.0000211e-02
   7.2671400e+03   0.0000000e+00
   8.0050000e+03   1.0000080e-02
   8.8177900e+03   0.0000000e+00
   9.7131000e+03   9.9998708e-03
   1.0699300e+04   0.0000000e+00
   1.1785700e+04   0.0000000e+00
   1.2982300e+04   0.0000000e+00
   1.4300500e+04   0.0000000e+00
   1.5752500e+04   0.0000000e+00
   1.7351900e+04   0.0000000e+00
   1.9113700e+04   0.0000000e+00
   2.1054400e+04   0.0000000e+00
   2.3192200e+04   9.9999408e-03
   2.5547000e+04   0.0000000e+00
   2.8140900e+04   0.0000000e+00
   3.0998200e+04   0.0000000e+00
   3.4145600e+04   1.9999645e-02
   3.7612500e+04   0.0000000e+00
   4.1431500e+04   0.0000000e+00
   4.5638300e+04   0.0000000e+00
   5.0272100e+04   1.0000081e-02
   5.5376500e+04   0.0000000e+00
   6.0999100e+04   0.0000000e+00
   6.7192700e+04   0.0000000e+00
   7.4015100e+04   0.0000000e+00
   8.1530200e+04   0.0000000e+00
   8.9808300e+04   0.0000000e+00
   9.8927000e+04   9.9994749e-03
   1.0897100e+05   1.0000547e-02
   1.2003600e+05   0.0000000e+00
   1.3222400e+05   0.0000000e+00
   1.4564900e+05   0.0000000e+00
   1.6043700e+05   1.0000024e-02
   1.7672700e+05   0.0000000e+00
   1.9467100e+05   0.0000000e+00
   2.1443700e+05   0.0000000e+00
   2.3621000e+05   0.0000000e+00
   2.6019400e+05   0.0000000e+00
   2.8661200e+05   0.0000000e+00
   3.1571300e+05   0.0000000e+00
   3.4776900e+05   0.0000000e+00
   3.8308000e+05   0.0000000e+00
   4.2197600e+05   0.0000000e+00
   4.6482100e+05   0.0000000e+00
   5.1201700e+05   0.0000000e+00
   5.6400400e+05   0.0000000e+00
   6.2127000e+05   0.0000000e+00
   6.8435100e+05   9.9999338e-03
   7.5383600e+05   0.0000000e+00
   8.3037600e+05   0.0000000e+00
   9.1468800e+05   0.0000000e+00
   1.0075600e+06   0.0000000e+00
   1.1098600e+06   0.0000000e+00
   1.2225500e+06   0.0000000e+00
   1.3466800e+06   0.0000000e+00
   1.4834200e+06   0.0000000e+00
   1.6340400e+06   0.0000000e+00
