   1.2867100e+02   1.0000278e-02
   1.4103100e+02   1.0000097e-02
   1.5457800e+02   4.9999601e-02
   1.6942600e+02   0.0000000e+00
   1.8570000e+02   2.0000322e-02
   2.0353800e+02   9.9999650e-03
   2.2308900e+02   9.9999714e-03
   2.4451800e+02   9.9998016e-03
   2.6800500e+02   2.0000333e-02
   2.9374900e+02   9.9998633e-03
   3.2196500e+02   2.0000151e-02
   3.5289200e+02   2.9999591e-02
   3.8678900e+02   1.0000111e-02
   4.2394300e+02   2.9999735e-02
   4.6466500e+02   9.9999799e-03
   5.0929900e+02   2.0000243e-02
   5.5822100e+02   0.0000000e+00
   6.1184100e+02   2.0000288e-02
   6.7061300e+02   1.9999815e-02
   7.3502900e+02   0.0000000e+00
   8.0563300e+02   0.0000000e+00
   8.8301900e+02   1.0000024e-02
   9.6783900e+02   1.0000426e-02
   1.0608100e+03   2.9997944e-02
   1.1627000e+03   2.0000887e-02
   1.2743900e+03   9.9997708e-03
   1.3968000e+03   9.9999048e-03
   1.5309700e+03   2.0000160e-02
   1.6780300e+03   0.0000000e+00
   1.8392200e+03   2.9998635e-02
   2.0158800e+03   2.0000107e-02
   2.2095200e+03   3.0000124e-02
   2.4217600e+03   4.0000728e-02
   2.6543900e+03   9.9999999e-03
   2.9093600e+03   0.0000000e+00
   3.1888200e+03   9.9998067e-03
   3.4951200e+03   2.0000108e-02
   3.8308500e+03   2.0000155e-02
   4.1988300e+03   1.9999832e-02
   4.6021500e+03   2.0000219e-02
   5.0442200e+03   3.0000063e-02
   5.5287500e+03   1.9999990e-02
   6.0598200e+03   9.9999598e-03
   6.6419000e+03   3.0000164e-02
   7.2799000e+03   2.0000037e-02
   7.9791800e+03   1.0000026e-02
   8.7456300e+03   0.0000000e+00
   9.5857000e+03   1.0000348e-02
   1.0506500e+04   3.9999541e-02
   1.1515700e+04   0.0000000e+00
   1.2621800e+04   1.9999872e-02
   1.3834200e+04   0.0000000e+00
   1.5163100e+04   9.9999357e-03
   1.6619600e+04   1.9999859e-02
   1.8216000e+04   1.0000212e-02
   1.9965800e+04   1.9999586e-02
   2.1883600e+04   2.0000388e-02
   2.3985700e+04   0.0000000e+00
   2.6289700e+04   1.9999331e-02
   2.8814900e+04   0.0000000e+00
   3.1582800e+04   9.9999246e-03
   3.4616500e+04   0.0000000e+00
   3.7941700e+04   0.0000000e+00
   4.1586200e+04   0.0000000e+00
   4.5580800e+04   0.0000000e+00
   4.9959100e+04   1.0000044e-02
   5.4758000e+04   0.0000000e+00
   6.0017800e+04   0.0000000e+00
   6.5782900e+04   1.0000038e-02
   7.2101800e+04   9.9999548e-03
   7.9027600e+04   9.9999838e-03
   8.6618700e+04   0.0000000e+00
   9.4939000e+04   0.0000000e+00
   1.0405800e+05   0.0000000e+00
   1.1405400e+05   0.0000000e+00
   1.2501000e+05   0.0000000e+00
   1.3701700e+05   0.0000000e+00
   1.5017900e+05   0.0000000e+00
   1.6460400e+05   0.0000000e+00
   1.8041600e+05   0.0000000e+00
   1.9774600e+05   0.0000000e+00
   2.1674000e+05   0.0000000e+00
   2.3756000e+05   0.0000000e+00
   2.6037900e+05   0.0000000e+00
   2.8539000e+05   0.0000000e+00
   3.1280300e+05   0.0000000e+00
   3.4285000e+05   1.0000040e-02
   3.7578300e+05   0.0000000e+00
   4.1187900e+05   0.0000000e+00
   4.5144300e+05   0.0000000e+00
   4.9480700e+05   0.0000000e+00
   5.4233600e+05   0.0000000e+00
   5.9443100e+05   0.0000000e+00
   6.5152900e+05   0.0000000e+00
   7.1411300e+05   0.0000000e+00
   7.8270800e+05   0.0000000e+00
   8.5789200e+05   0.0000000e+00
   9.4029800e+05   0.0000000e+00
   1.0306200e+06   1.0000287e-02
