   7.0615500e+01   2.0000066e-02
   7.6277600e+01   0.0000000e+00
   8.2393700e+01   0.0000000e+00
   8.9000100e+01   0.0000000e+00
   9.6136300e+01   0.0000000e+00
   1.0384500e+02   0.0000000e+00
   1.1217100e+02   0.0000000e+00
   1.2116500e+02   2.0001552e-02
   1.3088100e+02   0.0000000e+00
   1.4137500e+02   1.0000268e-02
   1.5271100e+02   1.9998982e-02
   1.6495500e+02   2.0000944e-02
   1.7818200e+02   9.9993428e-03
   1.9246800e+02   0.0000000e+00
   2.0790100e+02   2.0000166e-02
   2.2457100e+02   1.9999444e-02
   2.4257700e+02   2.0000685e-02
   2.6202800e+02   4.0000309e-02
   2.8303800e+02   9.9997934e-03
   3.0573200e+02   0.0000000e+00
   3.3024600e+02   3.0000251e-02
   3.5672600e+02   2.0000018e-02
   3.8532900e+02   2.9999614e-02
   4.1622500e+02   4.0000408e-02
   4.4959900e+02   2.0000143e-02
   4.8564900e+02   9.9999478e-03
   5.2458900e+02   2.0000199e-02
   5.6665200e+02   1.9999896e-02
   6.1208700e+02   2.9999811e-02
   6.6116500e+02   1.0000084e-02
   7.1417900e+02   1.9999910e-02
   7.7144300e+02   3.0000098e-02
   8.3329900e+02   1.9999868e-02
   9.0011400e+02   4.0000081e-02
   9.7228700e+02   4.0001646e-02
   1.0502500e+03   0.0000000e+00
   1.1344600e+03   1.9999375e-02
   1.2254200e+03   1.0000313e-02
   1.3236800e+03   0.0000000e+00
   1.4298100e+03   2.0000922e-02
   1.5444600e+03   9.9993963e-03
   1.6682900e+03   1.0000231e-02
   1.8020600e+03   0.0000000e+00
   1.9465500e+03   1.0000108e-02
   2.1026300e+03   1.0000408e-02
   2.2712300e+03   9.9999333e-03
   2.4533400e+03   9.9998315e-03
   2.6500500e+03   2.0000388e-02
   2.8625400e+03   9.9998421e-03
   3.0920600e+03   0.0000000e+00
   3.3399900e+03   1.9999518e-02
   3.6077900e+03   2.0000038e-02
   3.8970700e+03   0.0000000e+00
   4.2095500e+03   0.0000000e+00
   4.5470800e+03   0.0000000e+00
   4.9116700e+03   0.0000000e+00
   5.3055000e+03   9.9998778e-03
   5.7309000e+03   0.0000000e+00
   6.1904200e+03   0.0000000e+00
   6.6867700e+03   3.0000082e-02
   7.2229300e+03   1.0000009e-02
   7.8020800e+03   1.0000056e-02
   8.4276700e+03   1.9999809e-02
   9.1034100e+03   0.0000000e+00
   9.8333400e+03   0.0000000e+00
   1.0621800e+04   1.0000321e-02
   1.1473500e+04   0.0000000e+00
   1.2393400e+04   1.0000709e-02
   1.3387200e+04   9.9999232e-03
   1.4460600e+04   1.0000201e-02
   1.5620100e+04   9.9996375e-03
   1.6872500e+04   0.0000000e+00
   1.8225400e+04   0.0000000e+00
   1.9686700e+04   0.0000000e+00
   2.1265200e+04   1.0000088e-02
   2.2970300e+04   0.0000000e+00
   2.4812100e+04   1.0000082e-02
   2.6801600e+04   0.0000000e+00
   2.8950600e+04   0.0000000e+00
   3.1271900e+04   1.0000236e-02
   3.3779400e+04   1.0000026e-02
   3.6487900e+04   9.9997886e-03
   3.9413500e+04   2.0000306e-02
   4.2573800e+04   0.0000000e+00
   4.5987400e+04   2.0000236e-02
   4.9674800e+04   0.0000000e+00
   5.3657800e+04   0.0000000e+00
   5.7960200e+04   0.0000000e+00
   6.2607500e+04   0.0000000e+00
   6.7627500e+04   0.0000000e+00
   7.3050000e+04   0.0000000e+00
   7.8907300e+04   0.0000000e+00
   8.5234300e+04   0.0000000e+00
   9.2068500e+04   0.0000000e+00
   9.9450700e+04   0.0000000e+00
   1.0742500e+05   0.0000000e+00
   1.1603800e+05   0.0000000e+00
   1.2534300e+05   0.0000000e+00
   1.3539300e+05   9.9999501e-03
