   9.8744200e+01   1.9999715e-02
   1.0824900e+02   1.0000137e-02
   1.1866900e+02   0.0000000e+00
   1.3009200e+02   0.0000000e+00
   1.4261400e+02   0.0000000e+00
   1.5634200e+02   0.0000000e+00
   1.7139100e+02   2.0000195e-02
   1.8788900e+02   1.0000093e-02
   2.0597500e+02   0.0000000e+00
   2.2580200e+02   1.9999808e-02
   2.4753700e+02   2.9999384e-02
   2.7136400e+02   2.9999969e-02
   2.9748500e+02   9.9998861e-03
   3.2612000e+02   2.0000189e-02
   3.5751200e+02   3.0000508e-02
   3.9192600e+02   4.0000123e-02
   4.2965200e+02   3.9999581e-02
   4.7100900e+02   9.9999306e-03
   5.1634700e+02   3.0000234e-02
   5.6605000e+02   2.0000053e-02
   6.2053700e+02   0.0000000e+00
   6.8026900e+02   2.9999858e-02
   7.4575000e+02   1.9999884e-02
   8.1753400e+02   3.0000265e-02
   8.9622900e+02   3.9999916e-02
   9.8249800e+02   9.9998541e-03
   1.0770700e+03   3.0000948e-02
   1.1807500e+03   9.9994271e-03
   1.2944000e+03   3.0000814e-02
   1.4190000e+03   9.9999861e-03
   1.5555900e+03   0.0000000e+00
   1.7053300e+03   1.9999872e-02
   1.8694800e+03   2.9999644e-02
   2.0494300e+03   0.0000000e+00
   2.2467100e+03   9.9998191e-03
   2.4629700e+03   3.9999901e-02
   2.7000500e+03   0.0000000e+00
   2.9599500e+03   2.0000045e-02
   3.2448700e+03   3.0000468e-02
   3.5572200e+03   0.0000000e+00
   3.8996300e+03   1.9999976e-02
   4.2750000e+03   9.9999026e-03
   4.6865000e+03   2.0000270e-02
   5.1376200e+03   0.0000000e+00
   5.6321600e+03   9.9999892e-03
   6.1743000e+03   3.9999638e-02
   6.7686200e+03   1.0000097e-02
   7.4201600e+03   0.0000000e+00
   8.1344000e+03   3.0000323e-02
   8.9174100e+03   0.0000000e+00
   9.7757800e+03   0.0000000e+00
   1.0716800e+04   2.0000454e-02
   1.1748400e+04   0.0000000e+00
   1.2879200e+04   0.0000000e+00
   1.4119000e+04   9.9995356e-03
   1.5478000e+04   1.0000105e-02
   1.6967900e+04   2.0000085e-02
   1.8601200e+04   0.0000000e+00
   2.0391700e+04   2.0000381e-02
   2.2354600e+04   9.9999526e-03
   2.4506400e+04   0.0000000e+00
   2.6865300e+04   0.0000000e+00
   2.9451300e+04   0.0000000e+00
   3.2286300e+04   0.0000000e+00
   3.5394100e+04   9.9998307e-03
   3.8801000e+04   0.0000000e+00
   4.2535900e+04   1.0000161e-02
   4.6630400e+04   0.0000000e+00
   5.1118900e+04   0.0000000e+00
   5.6039500e+04   0.0000000e+00
   6.1433800e+04   0.0000000e+00
   6.7347300e+04   0.0000000e+00
   7.3830000e+04   0.0000000e+00
   8.0936700e+04   0.0000000e+00
   8.8727500e+04   0.0000000e+00
   9.7268300e+04   0.0000000e+00
   1.0663100e+05   0.0000000e+00
   1.1689500e+05   0.0000000e+00
   1.2814700e+05   0.0000000e+00
   1.4048300e+05   1.9999173e-02
   1.5400500e+05   0.0000000e+00
   1.6882900e+05   0.0000000e+00
   1.8508100e+05   0.0000000e+00
   2.0289600e+05   0.0000000e+00
   2.2242600e+05   0.0000000e+00
   2.4383700e+05   0.0000000e+00
   2.6730800e+05   9.9997844e-03
   2.9303800e+05   0.0000000e+00
   3.2124600e+05   0.0000000e+00
   3.5216800e+05   0.0000000e+00
   3.8606700e+05   0.0000000e+00
   4.2322900e+05   0.0000000e+00
   4.6396900e+05   0.0000000e+00
   5.0862900e+05   0.0000000e+00
   5.5758900e+05   9.9998987e-03
   6.1126100e+05   0.0000000e+00
   6.7010000e+05   0.0000000e+00
   7.3460300e+05   0.0000000e+00
   8.0531400e+05   0.0000000e+00
