   1.1527200e+02   1.0000816e-02
   1.2343300e+02   0.0000000e+00
   1.3217100e+02   9.9994121e-03
   1.4152700e+02   0.0000000e+00
   1.5154600e+02   0.0000000e+00
   1.6227400e+02   0.0000000e+00
   1.7376200e+02   1.0000110e-02
   1.8606300e+02   0.0000000e+00
   1.9923400e+02   1.9999895e-02
   2.1333800e+02   2.0000601e-02
   2.2844100e+02   2.0000398e-02
   2.4461300e+02   2.9999104e-02
   2.6192900e+02   1.0000333e-02
   2.8047200e+02   9.9999906e-03
   3.0032700e+02   2.9999136e-02
   3.2158700e+02   2.0000295e-02
   3.4435300e+02   2.9999555e-02
   3.6873000e+02   2.9999917e-02
   3.9483300e+02   2.0000086e-02
   4.2278400e+02   3.0000336e-02
   4.5271400e+02   9.9999054e-03
   4.8476200e+02   9.9999738e-03
   5.1907900e+02   0.0000000e+00
   5.5582500e+02   1.0000058e-02
   5.9517300e+02   2.9999834e-02
   6.3730600e+02   6.0000220e-02
   6.8242200e+02   0.0000000e+00
   7.3073200e+02   1.0000081e-02
   7.8246200e+02   2.9999599e-02
   8.3785300e+02   9.9999939e-03
   8.9716600e+02   0.0000000e+00
   9.6067800e+02   2.0001173e-02
   1.0286900e+03   9.9997152e-03
   1.1015100e+03   1.0000311e-02
   1.1794900e+03   1.9998193e-02
   1.2629800e+03   1.0000151e-02
   1.3523900e+03   0.0000000e+00
   1.4481300e+03   3.0001350e-02
   1.5506500e+03   9.9997616e-03
   1.6604200e+03   9.9996920e-03
   1.7779600e+03   2.0000869e-02
   1.9038300e+03   2.9998859e-02
   2.0386000e+03   3.0000809e-02
   2.1829200e+03   1.9999736e-02
   2.3374500e+03   9.9998982e-03
   2.5029200e+03   1.0000249e-02
   2.6801100e+03   1.0000061e-02
   2.8698400e+03   1.0000002e-02
   3.0730000e+03   0.0000000e+00
   3.2905400e+03   0.0000000e+00
   3.5234800e+03   9.9998981e-03
   3.7729100e+03   9.9999831e-03
   4.0400000e+03   1.0000076e-02
   4.3260000e+03   0.0000000e+00
   4.6322500e+03   9.9998876e-03
   4.9601700e+03   1.0000046e-02
   5.3113100e+03   0.0000000e+00
   5.6873000e+03   1.0000155e-02
   6.0899200e+03   0.0000000e+00
   6.5210300e+03   0.0000000e+00
   6.9826700e+03   9.9999407e-03
   7.4769800e+03   0.0000000e+00
   8.0062900e+03   9.9998632e-03
   8.5730600e+03   0.0000000e+00
   9.1799700e+03   2.9999812e-02
   9.8298300e+03   9.9999998e-03
   1.0525700e+04   1.9999155e-02
   1.1270800e+04   0.0000000e+00
   1.2068700e+04   0.0000000e+00
   1.2923100e+04   0.0000000e+00
   1.3837900e+04   1.9999807e-02
   1.4817500e+04   1.0000421e-02
   1.5866500e+04   0.0000000e+00
   1.6989700e+04   0.0000000e+00
   1.8192400e+04   0.0000000e+00
   1.9480300e+04   0.0000000e+00
   2.0859300e+04   1.0000242e-02
   2.2336000e+04   9.9999990e-03
   2.3917200e+04   0.0000000e+00
   2.5610300e+04   0.0000000e+00
   2.7423300e+04   0.0000000e+00
   2.9364700e+04   0.0000000e+00
   3.1443400e+04   0.0000000e+00
   3.3669400e+04   0.0000000e+00
   3.6052900e+04   1.9999703e-02
   3.8605100e+04   9.9999271e-03
   4.1338000e+04   0.0000000e+00
   4.4264400e+04   0.0000000e+00
   4.7398000e+04   0.0000000e+00
   5.0753300e+04   9.9999749e-03
   5.4346200e+04   0.0000000e+00
   5.8193500e+04   0.0000000e+00
   6.2313100e+04   1.0000108e-02
   6.6724400e+04   0.0000000e+00
   7.1447900e+04   0.0000000e+00
   7.6505800e+04   9.9998636e-03
   8.1921700e+04   0.0000000e+00
   8.7721100e+04   0.0000000e+00
   9.3931000e+04   2.0001405e-02
