   7.4869000e+01   1.0000068e-02
   8.1514800e+01   0.0000000e+00
   8.8750500e+01   0.0000000e+00
   9.6628500e+01   0.0000000e+00
   1.0520600e+02   0.0000000e+00
   1.1454400e+02   0.0000000e+00
   1.2471200e+02   0.0000000e+00
   1.3578200e+02   2.0000387e-02
   1.4783500e+02   9.9995414e-03
   1.6095700e+02   1.0000400e-02
   1.7524500e+02   1.9999219e-02
   1.9080000e+02   2.0000565e-02
   2.0773700e+02   0.0000000e+00
   2.2617700e+02   9.9996749e-03
   2.4625300e+02   3.0000385e-02
   2.6811200e+02   1.9999942e-02
   2.9191100e+02   2.0000307e-02
   3.1782300e+02   1.9999540e-02
   3.4603400e+02   0.0000000e+00
   3.7675000e+02   0.0000000e+00
   4.1019300e+02   2.0000053e-02
   4.4660400e+02   1.9999548e-02
   4.8624600e+02   3.0000137e-02
   5.2940800e+02   1.9999939e-02
   5.7640100e+02   3.0000291e-02
   6.2756600e+02   1.0000007e-02
   6.8327200e+02   4.0000062e-02
   7.4392300e+02   3.9999633e-02
   8.0995700e+02   1.9999957e-02
   8.8185300e+02   5.0000633e-02
   9.6013200e+02   2.0000370e-02
   1.0453600e+03   1.9999678e-02
   1.1381500e+03   0.0000000e+00
   1.2391800e+03   9.9994549e-03
   1.3491700e+03   2.0000040e-02
   1.4689300e+03   9.9999742e-03
   1.5993200e+03   4.0001609e-02
   1.7412900e+03   1.9999291e-02
   1.8958500e+03   5.0001147e-02
   2.0641400e+03   1.9999562e-02
   2.2473600e+03   0.0000000e+00
   2.4468500e+03   4.0000855e-02
   2.6640500e+03   9.9997724e-03
   2.9005200e+03   1.0000161e-02
   3.1579900e+03   0.0000000e+00
   3.4383100e+03   4.9999695e-02
   3.7435100e+03   2.0000339e-02
   4.0758100e+03   0.0000000e+00
   4.4376000e+03   1.9999760e-02
   4.8315000e+03   1.0000005e-02
   5.2603700e+03   1.0000034e-02
   5.7273100e+03   1.0000082e-02
   6.2357000e+03   9.9999331e-03
   6.7892100e+03   0.0000000e+00
   7.3918600e+03   0.0000000e+00
   8.0480000e+03   9.9999627e-03
   8.7623800e+03   0.0000000e+00
   9.5401800e+03   0.0000000e+00
   1.0387000e+04   0.0000000e+00
   1.1309000e+04   0.0000000e+00
   1.2312900e+04   0.0000000e+00
   1.3405800e+04   2.0000449e-02
   1.4595800e+04   9.9999979e-03
   1.5891400e+04   1.9999910e-02
   1.7302000e+04   0.0000000e+00
   1.8837800e+04   0.0000000e+00
   2.0510000e+04   9.9995878e-03
   2.2330500e+04   2.0000200e-02
   2.4312700e+04   0.0000000e+00
   2.6470800e+04   0.0000000e+00
   2.8820500e+04   0.0000000e+00
   3.1378800e+04   0.0000000e+00
   3.4164200e+04   0.0000000e+00
   3.7196700e+04   0.0000000e+00
   4.0498500e+04   1.0000113e-02
   4.4093400e+04   0.0000000e+00
   4.8007400e+04   0.0000000e+00
   5.2268700e+04   0.0000000e+00
   5.6908400e+04   0.0000000e+00
   6.1959900e+04   0.0000000e+00
   6.7459800e+04   0.0000000e+00
   7.3447900e+04   0.0000000e+00
   7.9967500e+04   0.0000000e+00
   8.7065800e+04   0.0000000e+00
   9.4794300e+04   0.0000000e+00
   1.0320900e+05   0.0000000e+00
   1.1237000e+05   0.0000000e+00
   1.2234500e+05   0.0000000e+00
   1.3320500e+05   1.0000042e-02
   1.4502900e+05   0.0000000e+00
   1.5790200e+05   0.0000000e+00
   1.7191800e+05   0.0000000e+00
   1.8717900e+05   0.0000000e+00
   2.0379400e+05   0.0000000e+00
   2.2188300e+05   0.0000000e+00
   2.4157900e+05   0.0000000e+00
   2.6302300e+05   9.9998703e-03
   2.8637000e+05   0.0000000e+00
   3.1179000e+05   0.0000000e+00
