   8.5553800e+01   1.0000013e-02
   9.1499500e+01   1.0000006e-02
   9.7858400e+01   0.0000000e+00
   1.0465900e+02   1.0000732e-02
   1.1193300e+02   0.0000000e+00
   1.1971200e+02   0.0000000e+00
   1.2803100e+02   2.0000568e-02
   1.3692900e+02   9.9998886e-03
   1.4644500e+02   1.0000536e-02
   1.5662300e+02   9.9993158e-03
   1.6750700e+02   9.9998285e-03
   1.7914800e+02   2.0001286e-02
   1.9159900e+02   1.9999263e-02
   2.0491400e+02   3.0000233e-02
   2.1915500e+02   5.0001393e-02
   2.3438600e+02   0.0000000e+00
   2.5067500e+02   2.0000005e-02
   2.6809600e+02   9.9995931e-03
   2.8672700e+02   4.0000862e-02
   3.0665400e+02   3.0000689e-02
   3.2796600e+02   2.9999286e-02
   3.5075800e+02   2.0000378e-02
   3.7513500e+02   0.0000000e+00
   4.0120500e+02   2.0000392e-02
   4.2908800e+02   2.9999815e-02
   4.5890800e+02   0.0000000e+00
   4.9080000e+02   2.9999991e-02
   5.2490900e+02   0.0000000e+00
   5.6138900e+02   4.0000519e-02
   6.0040400e+02   9.9999697e-03
   6.4213000e+02   3.9999217e-02
   6.8675500e+02   2.0000323e-02
   7.3448300e+02   1.9999958e-02
   7.8552700e+02   9.9999248e-03
   8.4011800e+02   0.0000000e+00
   8.9850400e+02   9.9999967e-03
   9.6094700e+02   1.0000086e-02
   1.0277300e+03   9.9994428e-03
   1.0991500e+03   1.0000291e-02
   1.1755400e+03   2.0000895e-02
   1.2572400e+03   1.9999080e-02
   1.3446100e+03   2.0000823e-02
   1.4380600e+03   0.0000000e+00
   1.5380000e+03   9.9994684e-03
   1.6448800e+03   3.0001569e-02
   1.7592000e+03   0.0000000e+00
   1.8814600e+03   9.9996162e-03
   2.0122100e+03   1.9999777e-02
   2.1520500e+03   0.0000000e+00
   2.3016100e+03   0.0000000e+00
   2.4615700e+03   9.9999482e-03
   2.6326400e+03   2.0000089e-02
   2.8156000e+03   1.9999431e-02
   3.0112700e+03   1.0000319e-02
   3.2205500e+03   1.9999348e-02
   3.4443600e+03   0.0000000e+00
   3.6837400e+03   0.0000000e+00
   3.9397400e+03   0.0000000e+00
   4.2135400e+03   1.0000086e-02
   4.5063700e+03   1.0000057e-02
   4.8195500e+03   9.9999351e-03
   5.1544900e+03   9.9999979e-03
   5.5127100e+03   0.0000000e+00
   5.8958200e+03   1.0000236e-02
   6.3055700e+03   9.9998646e-03
   6.7437800e+03   0.0000000e+00
   7.2124500e+03   0.0000000e+00
   7.7136900e+03   1.0000090e-02
   8.2497700e+03   1.9999929e-02
   8.8231000e+03   0.0000000e+00
   9.4362800e+03   1.0000468e-02
   1.0092100e+04   9.9990653e-03
   1.0793400e+04   0.0000000e+00
   1.1543500e+04   0.0000000e+00
   1.2345800e+04   0.0000000e+00
   1.3203800e+04   0.0000000e+00
   1.4121400e+04   0.0000000e+00
   1.5102800e+04   0.0000000e+00
   1.6152400e+04   9.9996678e-03
   1.7274900e+04   0.0000000e+00
   1.8475500e+04   0.0000000e+00
   1.9759400e+04   1.0000604e-02
   2.1132700e+04   9.9996533e-03
   2.2601300e+04   0.0000000e+00
   2.4172000e+04   0.0000000e+00
   2.5851900e+04   0.0000000e+00
   2.7648500e+04   0.0000000e+00
   2.9570000e+04   0.0000000e+00
   3.1625000e+04   0.0000000e+00
   3.3822900e+04   0.0000000e+00
   3.6173400e+04   1.0000265e-02
   3.8687400e+04   0.0000000e+00
   4.1376000e+04   0.0000000e+00
   4.4251500e+04   0.0000000e+00
   4.7326800e+04   0.0000000e+00
   5.0615900e+04   9.9999036e-03
   5.4133500e+04   0.0000000e+00
   5.7895600e+04   0.0000000e+00
   6.1919200e+04   1.0000034e-02
