   6.9109800e+01   9.9999511e-03
   7.5222800e+01   0.0000000e+00
   8.1876600e+01   0.0000000e+00
   8.9118900e+01   9.9998836e-03
   9.7001700e+01   0.0000000e+00
   1.0558200e+02   0.0000000e+00
   1.1492100e+02   1.9999637e-02
   1.2508600e+02   0.0000000e+00
   1.3615100e+02   0.0000000e+00
   1.4819400e+02   9.9997917e-03
   1.6130200e+02   0.0000000e+00
   1.7557000e+02   9.9994958e-03
   1.9109900e+02   1.0000322e-02
   2.0800300e+02   9.9996626e-03
   2.2640100e+02   9.9999831e-03
   2.4642700e+02   1.0000268e-02
   2.6822500e+02   1.9999582e-02
   2.9195000e+02   0.0000000e+00
   3.1777400e+02   1.0000226e-02
   3.4588300e+02   1.9999604e-02
   3.7647700e+02   2.0000114e-02
   4.0977800e+02   1.0000149e-02
   4.4602500e+02   2.9999577e-02
   4.8547700e+02   3.9999743e-02
   5.2841900e+02   2.0000147e-02
   5.7516000e+02   1.9999980e-02
   6.2603500e+02   9.9999497e-03
   6.8141000e+02   3.0000359e-02
   7.4168400e+02   1.9999773e-02
   8.0728800e+02   2.0000095e-02
   8.7869600e+02   3.0000065e-02
   9.5642000e+02   5.0000630e-02
   1.0410200e+03   9.9997959e-03
   1.1331000e+03   1.0000308e-02
   1.2333300e+03   9.9997785e-03
   1.3424200e+03   1.9999616e-02
   1.4611600e+03   2.0000791e-02
   1.5904100e+03   0.0000000e+00
   1.7310800e+03   2.0001228e-02
   1.8842100e+03   1.9999367e-02
   2.0508700e+03   2.0000271e-02
   2.2322800e+03   9.9998355e-03
   2.4297300e+03   1.0000056e-02
   2.6446500e+03   1.0000040e-02
   2.8785800e+03   0.0000000e+00
   3.1332000e+03   1.9999780e-02
   3.4103400e+03   1.0000089e-02
   3.7120000e+03   4.9999944e-02
   4.0403400e+03   2.9999728e-02
   4.3977200e+03   2.0000279e-02
   4.7867200e+03   1.9999849e-02
   5.2101200e+03   1.0000109e-02
   5.6709800e+03   2.9999488e-02
   6.1725900e+03   3.0000076e-02
   6.7185800e+03   1.0000118e-02
   7.3128700e+03   0.0000000e+00
   7.9597200e+03   2.9999715e-02
   8.6637800e+03   1.0000101e-02
   9.4301300e+03   2.0000978e-02
   1.0264300e+04   0.0000000e+00
   1.1172200e+04   9.9997934e-03
   1.2160400e+04   0.0000000e+00
   1.3236000e+04   0.0000000e+00
   1.4406800e+04   9.9997252e-03
   1.5681100e+04   0.0000000e+00
   1.7068200e+04   0.0000000e+00
   1.8577900e+04   1.0000089e-02
   2.0221200e+04   0.0000000e+00
   2.2009900e+04   9.9997187e-03
   2.3956700e+04   0.0000000e+00
   2.6075800e+04   1.0000015e-02
   2.8382300e+04   0.0000000e+00
   3.0892800e+04   0.0000000e+00
   3.3625400e+04   0.0000000e+00
   3.6599700e+04   9.9997607e-03
   3.9837000e+04   0.0000000e+00
   4.3360800e+04   0.0000000e+00
   4.7196200e+04   0.0000000e+00
   5.1370900e+04   0.0000000e+00
   5.5914800e+04   0.0000000e+00
   6.0860700e+04   0.0000000e+00
   6.6244000e+04   0.0000000e+00
   7.2103600e+04   0.0000000e+00
   7.8481400e+04   0.0000000e+00
   8.5423300e+04   0.0000000e+00
   9.2979400e+04   0.0000000e+00
   1.0120400e+05   0.0000000e+00
   1.1015600e+05   0.0000000e+00
   1.1989900e+05   0.0000000e+00
   1.3050500e+05   9.9994585e-03
   1.4204800e+05   0.0000000e+00
   1.5461300e+05   0.0000000e+00
   1.6828900e+05   0.0000000e+00
   1.8317500e+05   1.0000297e-02
   1.9937800e+05   9.9996093e-03
   2.1701300e+05   0.0000000e+00
   2.3620900e+05   0.0000000e+00
   2.5710200e+05   0.0000000e+00
   2.7984400e+05   9.9998902e-03
