   1.4891200e+02   9.9999723e-03
   1.6281000e+02   9.9999055e-03
   1.7800500e+02   0.0000000e+00
   1.9461800e+02   0.0000000e+00
   2.1278200e+02   0.0000000e+00
   2.3264100e+02   0.0000000e+00
   2.5435400e+02   0.0000000e+00
   2.7809300e+02   0.0000000e+00
   3.0404700e+02   1.0000026e-02
   3.3242400e+02   2.0000383e-02
   3.6345000e+02   3.9999982e-02
   3.9737100e+02   2.0000055e-02
   4.3445800e+02   9.9999478e-03
   4.7500600e+02   1.0000062e-02
   5.1933900e+02   2.9999828e-02
   5.6780900e+02   1.0000021e-02
   6.2080300e+02   2.9999999e-02
   6.7874300e+02   3.9999640e-02
   7.4209000e+02   4.0000074e-02
   8.1135000e+02   1.9999996e-02
   8.8707400e+02   1.9999905e-02
   9.6986500e+02   1.9999289e-02
   1.0603800e+03   3.0001073e-02
   1.1593500e+03   9.9997250e-03
   1.2675500e+03   0.0000000e+00
   1.3858500e+03   4.0002264e-02
   1.5152000e+03   3.9998808e-02
   1.6566100e+03   5.9998884e-02
   1.8112200e+03   2.0000813e-02
   1.9802700e+03   4.0000038e-02
   2.1650900e+03   0.0000000e+00
   2.3671600e+03   1.9999247e-02
   2.5880800e+03   2.0000195e-02
   2.8296300e+03   0.0000000e+00
   3.0937200e+03   3.0000086e-02
   3.3824600e+03   2.0000161e-02
   3.6981500e+03   3.9999779e-02
   4.0433000e+03   0.0000000e+00
   4.4206700e+03   4.9999745e-02
   4.8332500e+03   9.9999887e-03
   5.2843400e+03   9.9999698e-03
   5.7775300e+03   1.9999939e-02
   6.3167500e+03   1.0000065e-02
   6.9063000e+03   0.0000000e+00
   7.5508700e+03   1.0000048e-02
   8.2556000e+03   1.0000011e-02
   9.0261000e+03   0.0000000e+00
   9.8685100e+03   1.9999022e-02
   1.0789500e+04   2.0000128e-02
   1.1796500e+04   0.0000000e+00
   1.2897500e+04   1.0000544e-02
   1.4101300e+04   0.0000000e+00
   1.5417300e+04   0.0000000e+00
   1.6856200e+04   0.0000000e+00
   1.8429400e+04   1.0000386e-02
   2.0149500e+04   0.0000000e+00
   2.2030000e+04   2.0000199e-02
   2.4086100e+04   0.0000000e+00
   2.6334100e+04   1.0000075e-02
   2.8791900e+04   9.9997471e-03
   3.1479000e+04   0.0000000e+00
   3.4417000e+04   2.0000217e-02
   3.7629200e+04   0.0000000e+00
   4.1141100e+04   0.0000000e+00
   4.4980900e+04   0.0000000e+00
   4.9179000e+04   9.9999692e-03
   5.3768900e+04   9.9998173e-03
   5.8787100e+04   0.0000000e+00
   6.4273800e+04   0.0000000e+00
   7.0272500e+04   1.0000029e-02
   7.6831100e+04   0.0000000e+00
   8.4001800e+04   0.0000000e+00
   9.1841700e+04   9.9996214e-03
   1.0041300e+05   0.0000000e+00
   1.0978500e+05   0.0000000e+00
   1.2003100e+05   0.0000000e+00
   1.3123400e+05   0.0000000e+00
   1.4348200e+05   0.0000000e+00
   1.5687300e+05   0.0000000e+00
   1.7151500e+05   0.0000000e+00
   1.8752200e+05   0.0000000e+00
   2.0502400e+05   0.0000000e+00
   2.2415900e+05   0.0000000e+00
   2.4508000e+05   0.0000000e+00
   2.6795300e+05   0.0000000e+00
   2.9296100e+05   0.0000000e+00
   3.2030300e+05   0.0000000e+00
   3.5019800e+05   0.0000000e+00
   3.8288200e+05   0.0000000e+00
   4.1861600e+05   0.0000000e+00
   4.5768600e+05   0.0000000e+00
   5.0040200e+05   0.0000000e+00
   5.4710500e+05   0.0000000e+00
   5.9816700e+05   0.0000000e+00
   6.5399400e+05   0.0000000e+00
   7.1503200e+05   0.0000000e+00
   7.8176600e+05   0.0000000e+00
   8.5472900e+05   0.0000000e+00
   9.3450200e+05   1.0000067e-02
