   1.2084200e+02   1.0000589e-02
   1.3028400e+02   0.0000000e+00
   1.4046300e+02   0.0000000e+00
   1.5143700e+02   2.0000221e-02
   1.6326900e+02   2.0001062e-02
   1.7602600e+02   4.0000188e-02
   1.8977900e+02   2.9999024e-02
   2.0460600e+02   2.0000085e-02
   2.2059200e+02   1.0000040e-02
   2.3782700e+02   9.9997368e-03
   2.5640800e+02   1.0000372e-02
   2.7644200e+02   9.9997876e-03
   2.9804000e+02   3.0000052e-02
   3.2132600e+02   1.9999748e-02
   3.4643100e+02   4.0000154e-02
   3.7349800e+02   2.0000321e-02
   4.0268000e+02   0.0000000e+00
   4.3414100e+02   3.0000340e-02
   4.6806100e+02   2.0000133e-02
   5.0463100e+02   9.9999883e-03
   5.4405800e+02   1.9999799e-02
   5.8656500e+02   3.0000305e-02
   6.3239400e+02   0.0000000e+00
   6.8180300e+02   1.9999793e-02
   7.3507200e+02   2.0000177e-02
   7.9250400e+02   1.9999824e-02
   8.5442200e+02   1.0000132e-02
   9.2117900e+02   1.0000006e-02
   9.9315100e+02   3.0001481e-02
   1.0707500e+03   1.9998122e-02
   1.1544000e+03   1.0000654e-02
   1.2446000e+03   0.0000000e+00
   1.3418400e+03   0.0000000e+00
   1.4466800e+03   0.0000000e+00
   1.5597100e+03   1.9999907e-02
   1.6815700e+03   9.9998967e-03
   1.8129500e+03   2.9998644e-02
   1.9545900e+03   0.0000000e+00
   2.1073100e+03   3.9998794e-02
   2.2719500e+03   3.0000255e-02
   2.4494600e+03   0.0000000e+00
   2.6408400e+03   2.0000041e-02
   2.8471700e+03   9.9999951e-03
   3.0696200e+03   2.9999855e-02
   3.3094500e+03   1.0000065e-02
   3.5680200e+03   0.0000000e+00
   3.8467900e+03   9.9999597e-03
   4.1473400e+03   1.9999812e-02
   4.4713700e+03   2.0000008e-02
   4.8207200e+03   0.0000000e+00
   5.1973600e+03   2.0000415e-02
   5.6034400e+03   1.9999604e-02
   6.0412300e+03   0.0000000e+00
   6.5132400e+03   0.0000000e+00
   7.0221200e+03   1.0000006e-02
   7.5707600e+03   0.0000000e+00
   8.1622700e+03   0.0000000e+00
   8.7999900e+03   0.0000000e+00
   9.4875300e+03   2.0000132e-02
   1.0228800e+04   2.0000539e-02
   1.1028000e+04   0.0000000e+00
   1.1889600e+04   0.0000000e+00
   1.2818500e+04   0.0000000e+00
   1.3820100e+04   0.0000000e+00
   1.4899800e+04   9.9997587e-03
   1.6063900e+04   1.0000147e-02
   1.7319000e+04   1.0000432e-02
   1.8672200e+04   1.9999127e-02
   2.0131000e+04   0.0000000e+00
   2.1703900e+04   0.0000000e+00
   2.3399600e+04   0.0000000e+00
   2.5227800e+04   0.0000000e+00
   2.7198900e+04   0.0000000e+00
   2.9323900e+04   1.0000033e-02
   3.1615000e+04   1.0000027e-02
   3.4085100e+04   2.0000121e-02
   3.6748200e+04   0.0000000e+00
   3.9619400e+04   9.9997516e-03
   4.2714800e+04   0.0000000e+00
   4.6052200e+04   0.0000000e+00
   4.9650200e+04   0.0000000e+00
   5.3529400e+04   0.0000000e+00
   5.7711700e+04   0.0000000e+00
   6.2220700e+04   0.0000000e+00
   6.7082100e+04   0.0000000e+00
   7.2323200e+04   0.0000000e+00
   7.7973900e+04   0.0000000e+00
   8.4066000e+04   0.0000000e+00
   9.0634100e+04   0.0000000e+00
   9.7715400e+04   1.0000104e-02
   1.0535000e+05   0.0000000e+00
   1.1358100e+05   0.0000000e+00
   1.2245500e+05   0.0000000e+00
   1.3202200e+05   0.0000000e+00
   1.4233700e+05   0.0000000e+00
   1.5345800e+05   0.0000000e+00
   1.6544800e+05   0.0000000e+00
   1.7837500e+05   0.0000000e+00
   1.9231100e+05   0.0000000e+00
