   1.1305800e+02   1.9999487e-02
   1.2246200e+02   0.0000000e+00
   1.3264800e+02   1.0000180e-02
   1.4368200e+02   0.0000000e+00
   1.5563400e+02   3.0000543e-02
   1.6858000e+02   0.0000000e+00
   1.8260200e+02   1.9999964e-02
   1.9779100e+02   1.0000347e-02
   2.1424400e+02   0.0000000e+00
   2.3206400e+02   1.0000360e-02
   2.5136800e+02   2.0000023e-02
   2.7227700e+02   9.9999073e-03
   2.9492500e+02   1.9999909e-02
   3.1945700e+02   2.0000222e-02
   3.4603000e+02   9.9999913e-03
   3.7481300e+02   9.9999292e-03
   4.0599000e+02   1.0000133e-02
   4.3976100e+02   1.9999641e-02
   4.7634000e+02   2.0000304e-02
   5.1596300e+02   9.9999369e-03
   5.5888100e+02   9.9999407e-03
   6.0536900e+02   9.9999995e-03
   6.5572400e+02   0.0000000e+00
   7.1026800e+02   0.0000000e+00
   7.6934900e+02   0.0000000e+00
   8.3334400e+02   1.9999907e-02
   9.0266200e+02   0.0000000e+00
   9.7774600e+02   1.0000503e-02
   1.0590800e+03   2.9998345e-02
   1.1471700e+03   1.9999459e-02
   1.2425900e+03   1.0000008e-02
   1.3459500e+03   0.0000000e+00
   1.4579100e+03   9.9999727e-03
   1.5791800e+03   1.0000174e-02
   1.7105400e+03   0.0000000e+00
   1.8528200e+03   2.0000152e-02
   2.0069400e+03   2.0000080e-02
   2.1738800e+03   1.0000261e-02
   2.3547100e+03   9.9996715e-03
   2.5505700e+03   0.0000000e+00
   2.7627300e+03   2.0000318e-02
   2.9925400e+03   1.9999851e-02
   3.2414600e+03   0.0000000e+00
   3.5110900e+03   0.0000000e+00
   3.8031400e+03   0.0000000e+00
   4.1194900e+03   1.9999831e-02
   4.4621500e+03   4.0000620e-02
   4.8333200e+03   2.0000002e-02
   5.2353600e+03   0.0000000e+00
   5.6708400e+03   1.0000110e-02
   6.1425500e+03   9.9999644e-03
   6.6534900e+03   9.9999413e-03
   7.2069300e+03   1.0000046e-02
   7.8064100e+03   2.9999833e-02
   8.4557500e+03   0.0000000e+00
   9.1591100e+03   3.9999859e-02
   9.9209700e+03   9.9999721e-03
   1.0746200e+04   0.0000000e+00
   1.1640100e+04   9.9996664e-03
   1.2608300e+04   2.0000511e-02
   1.3657100e+04   9.9999240e-03
   1.4793100e+04   5.9999918e-02
   1.6023600e+04   1.0000322e-02
   1.7356500e+04   9.9998314e-03
   1.8800200e+04   9.9999068e-03
   2.0364000e+04   3.0000155e-02
   2.2057900e+04   2.0000054e-02
   2.3892700e+04   9.9999211e-03
   2.5880100e+04   9.9998727e-03
   2.8032800e+04   1.0000018e-02
   3.0364600e+04   4.0000589e-02
   3.2890400e+04   9.9998141e-03
   3.5626200e+04   9.9999340e-03
   3.8589600e+04   1.0000241e-02
   4.1799600e+04   0.0000000e+00
   4.5276500e+04   0.0000000e+00
   4.9042600e+04   0.0000000e+00
   5.3122000e+04   0.0000000e+00
   5.7540800e+04   0.0000000e+00
   6.2327100e+04   9.9999818e-03
   6.7511500e+04   0.0000000e+00
   7.3127100e+04   0.0000000e+00
   7.9209900e+04   1.0000085e-02
   8.5798700e+04   0.0000000e+00
   9.2935500e+04   0.0000000e+00
   1.0066600e+05   0.0000000e+00
   1.0903900e+05   0.0000000e+00
   1.1810900e+05   0.0000000e+00
   1.2793400e+05   0.0000000e+00
   1.3857500e+05   0.0000000e+00
   1.5010200e+05   0.0000000e+00
   1.6258800e+05   0.0000000e+00
   1.7611200e+05   0.0000000e+00
   1.9076100e+05   1.0000204e-02
   2.0662900e+05   0.0000000e+00
   2.2381700e+05   0.0000000e+00
   2.4243400e+05   0.0000000e+00
   2.6260000e+05   0.0000000e+00
   2.8444300e+05   9.9999227e-03
