   9.7689300e+01   1.0000523e-02
   1.0661300e+02   0.0000000e+00
   1.1635100e+02   0.0000000e+00
   1.2697900e+02   9.9994941e-03
   1.3857700e+02   9.9999719e-03
   1.5123500e+02   1.0000540e-02
   1.6505000e+02   3.9999794e-02
   1.8012600e+02   2.9999742e-02
   1.9657900e+02   1.9999931e-02
   2.1453500e+02   9.9998780e-03
   2.3413100e+02   2.9999639e-02
   2.5551700e+02   3.0000536e-02
   2.7885700e+02   3.0000412e-02
   3.0432900e+02   3.9999654e-02
   3.3212700e+02   1.9999728e-02
   3.6246400e+02   3.0000462e-02
   3.9557300e+02   3.9999208e-02
   4.3170500e+02   2.0000412e-02
   4.7113900e+02   1.9999957e-02
   5.1417400e+02   1.0000001e-02
   5.6114000e+02   9.9999943e-03
   6.1239600e+02   4.0000033e-02
   6.6833400e+02   9.9999259e-03
   7.2938100e+02   3.0000121e-02
   7.9600500e+02   1.0000097e-02
   8.6871500e+02   2.9999696e-02
   9.4806500e+02   2.9998586e-02
   1.0346600e+03   1.0000103e-02
   1.1291700e+03   1.0000784e-02
   1.2323200e+03   3.9998871e-02
   1.3448800e+03   1.9999212e-02
   1.4677200e+03   3.0000844e-02
   1.6017900e+03   1.9999699e-02
   1.7481000e+03   2.0000399e-02
   1.9077800e+03   1.9999820e-02
   2.0820400e+03   0.0000000e+00
   2.2722200e+03   1.9999892e-02
   2.4797700e+03   1.0000031e-02
   2.7062800e+03   0.0000000e+00
   2.9534800e+03   0.0000000e+00
   3.2232600e+03   0.0000000e+00
   3.5176800e+03   1.0000153e-02
   3.8390000e+03   0.0000000e+00
   4.1896600e+03   0.0000000e+00
   4.5723600e+03   0.0000000e+00
   4.9900100e+03   2.9999890e-02
   5.4458100e+03   1.9999770e-02
   5.9432400e+03   1.0000121e-02
   6.4861200e+03   0.0000000e+00
   7.0785800e+03   1.0000071e-02
   7.7251600e+03   0.0000000e+00
   8.4307900e+03   0.0000000e+00
   9.2008900e+03   9.9997024e-03
   1.0041300e+04   9.9999564e-03
   1.0958500e+04   0.0000000e+00
   1.1959500e+04   1.9999768e-02
   1.3051900e+04   1.9999990e-02
   1.4244100e+04   1.0000007e-02
   1.5545200e+04   2.0000842e-02
   1.6965200e+04   0.0000000e+00
   1.8514800e+04   0.0000000e+00
   2.0206000e+04   0.0000000e+00
   2.2051700e+04   0.0000000e+00
   2.4065900e+04   0.0000000e+00
   2.6264200e+04   0.0000000e+00
   2.8663200e+04   0.0000000e+00
   3.1281400e+04   1.0000243e-02
   3.4138800e+04   0.0000000e+00
   3.7257100e+04   0.0000000e+00
   4.0660300e+04   0.0000000e+00
   4.4374300e+04   0.0000000e+00
   4.8427600e+04   0.0000000e+00
   5.2851100e+04   0.0000000e+00
   5.7678600e+04   0.0000000e+00
   6.2947200e+04   0.0000000e+00
   6.8696900e+04   1.0000028e-02
   7.4971900e+04   0.0000000e+00
   8.1820100e+04   0.0000000e+00
   8.9293700e+04   1.0000073e-02
   9.7450100e+04   0.0000000e+00
   1.0635100e+05   0.0000000e+00
   1.1606600e+05   0.0000000e+00
   1.2666800e+05   0.0000000e+00
   1.3823800e+05   0.0000000e+00
   1.5086500e+05   0.0000000e+00
   1.6464500e+05   0.0000000e+00
   1.7968400e+05   0.0000000e+00
   1.9609700e+05   0.0000000e+00
   2.1400900e+05   1.0000389e-02
   2.3355800e+05   0.0000000e+00
   2.5489200e+05   0.0000000e+00
   2.7817400e+05   0.0000000e+00
   3.0358300e+05   0.0000000e+00
   3.3131300e+05   0.0000000e+00
   3.6157700e+05   0.0000000e+00
   3.9460400e+05   9.9999392e-03
   4.3064800e+05   0.0000000e+00
   4.6998500e+05   0.0000000e+00
   5.1291500e+05   0.0000000e+00
