   6.8280900e+01   1.0000032e-02
   7.4272100e+01   0.0000000e+00
   8.0789000e+01   0.0000000e+00
   8.7877700e+01   0.0000000e+00
   9.5588300e+01   0.0000000e+00
   1.0397600e+02   0.0000000e+00
   1.1309900e+02   0.0000000e+00
   1.2302200e+02   0.0000000e+00
   1.3381700e+02   0.0000000e+00
   1.4555800e+02   1.0000182e-02
   1.5833000e+02   2.0000919e-02
   1.7222300e+02   9.9997496e-03
   1.8733400e+02   3.9999275e-02
   2.0377100e+02   0.0000000e+00
   2.2165100e+02   9.9998115e-03
   2.4109900e+02   0.0000000e+00
   2.6225400e+02   9.9999823e-03
   2.8526500e+02   0.0000000e+00
   3.1029500e+02   1.9999757e-02
   3.3752100e+02   2.0000514e-02
   3.6713700e+02   9.9997527e-03
   3.9935000e+02   2.0000387e-02
   4.3439100e+02   0.0000000e+00
   4.7250600e+02   9.9999523e-03
   5.1396500e+02   4.0000002e-02
   5.5906200e+02   3.0000053e-02
   6.0811600e+02   2.9999949e-02
   6.6147400e+02   1.0000002e-02
   7.1951400e+02   2.9999758e-02
   7.8264600e+02   0.0000000e+00
   8.5131800e+02   2.0000165e-02
   9.2601600e+02   4.0001100e-02
   1.0072700e+03   3.9999551e-02
   1.0956500e+03   1.9998789e-02
   1.1917800e+03   2.0001657e-02
   1.2963600e+03   2.9998243e-02
   1.4101000e+03   3.0000689e-02
   1.5338300e+03   3.9999060e-02
   1.6684100e+03   0.0000000e+00
   1.8148000e+03   2.0000385e-02
   1.9740400e+03   2.0000212e-02
   2.1472500e+03   3.0000524e-02
   2.3356600e+03   9.9996003e-03
   2.5405900e+03   1.0000439e-02
   2.7635200e+03   0.0000000e+00
   3.0060000e+03   9.9997648e-03
   3.2697500e+03   0.0000000e+00
   3.5566500e+03   9.9999399e-03
   3.8687200e+03   1.0000152e-02
   4.2081800e+03   1.0000016e-02
   4.5774200e+03   9.9998239e-03
   4.9790500e+03   0.0000000e+00
   5.4159300e+03   9.9999391e-03
   5.8911400e+03   2.0000075e-02
   6.4080500e+03   0.0000000e+00
   6.9703200e+03   0.0000000e+00
   7.5819200e+03   0.0000000e+00
   8.2471800e+03   0.0000000e+00
   8.9708100e+03   4.0000057e-02
   9.7579400e+03   1.9999213e-02
   1.0614100e+04   2.0001722e-02
   1.1545500e+04   1.9999254e-02
   1.2558500e+04   0.0000000e+00
   1.3660400e+04   0.0000000e+00
   1.4859000e+04   2.0000292e-02
   1.6162800e+04   1.0000154e-02
   1.7581000e+04   0.0000000e+00
   1.9123600e+04   1.0000192e-02
   2.0801600e+04   0.0000000e+00
   2.2626800e+04   0.0000000e+00
   2.4612100e+04   1.0000244e-02
   2.6771700e+04   1.9999715e-02
   2.9120700e+04   9.9998182e-03
   3.1675800e+04   3.0000566e-02
   3.4455200e+04   0.0000000e+00
   3.7478400e+04   0.0000000e+00
   4.0766900e+04   0.0000000e+00
   4.4343900e+04   0.0000000e+00
   4.8234800e+04   0.0000000e+00
   5.2467100e+04   0.0000000e+00
   5.7070700e+04   2.0000104e-02
   6.2078300e+04   0.0000000e+00
   6.7525200e+04   0.0000000e+00
   7.3450100e+04   0.0000000e+00
   7.9894800e+04   0.0000000e+00
   8.6905100e+04   0.0000000e+00
   9.4530400e+04   0.0000000e+00
   1.0282500e+05   0.0000000e+00
   1.1184700e+05   0.0000000e+00
   1.2166100e+05   0.0000000e+00
   1.3233600e+05   9.9994977e-03
   1.4394700e+05   0.0000000e+00
   1.5657800e+05   0.0000000e+00
   1.7031600e+05   0.0000000e+00
   1.8526100e+05   0.0000000e+00
   2.0151600e+05   1.0000179e-02
   2.1919800e+05   0.0000000e+00
   2.3843100e+05   0.0000000e+00
   2.5935100e+05   1.0000291e-02
