   9.9370400e+01   9.9999227e-03
   1.0678500e+02   0.0000000e+00
   1.1475300e+02   0.0000000e+00
   1.2331500e+02   3.0002201e-02
   1.3251700e+02   2.0000161e-02
   1.4240500e+02   0.0000000e+00
   1.5303000e+02   1.0000395e-02
   1.6444900e+02   9.9995469e-03
   1.7671900e+02   2.0001250e-02
   1.8990600e+02   9.9999674e-03
   2.0407600e+02   9.9997689e-03
   2.1930300e+02   5.0001347e-02
   2.3566700e+02   1.9999338e-02
   2.5325100e+02   0.0000000e+00
   2.7214800e+02   1.9999359e-02
   2.9245400e+02   2.0000147e-02
   3.1427600e+02   1.9999895e-02
   3.3772600e+02   0.0000000e+00
   3.6292600e+02   2.9999766e-02
   3.9000600e+02   0.0000000e+00
   4.1910700e+02   0.0000000e+00
   4.5037900e+02   5.0000687e-02
   4.8398500e+02   2.9999864e-02
   5.2009800e+02   5.0000227e-02
   5.5890600e+02   9.9998790e-03
   6.0060900e+02   8.0001490e-02
   6.4542500e+02   9.9999756e-03
   6.9358400e+02   2.9999651e-02
   7.4533600e+02   1.0000133e-02
   8.0095100e+02   1.0000011e-02
   8.6071500e+02   1.9999877e-02
   9.2493800e+02   2.9999854e-02
   9.9395300e+02   1.0000233e-02
   1.0681200e+03   1.0000118e-02
   1.1478200e+03   9.9993264e-03
   1.2334600e+03   2.0000752e-02
   1.3255000e+03   9.9995812e-03
   1.4244000e+03   1.0000603e-02
   1.5306900e+03   1.9999313e-02
   1.6449000e+03   0.0000000e+00
   1.7676400e+03   9.9996624e-03
   1.8995300e+03   1.0000281e-02
   2.0412700e+03   0.0000000e+00
   2.1935800e+03   3.0000580e-02
   2.3572600e+03   1.0000015e-02
   2.5331500e+03   1.9999526e-02
   2.7221600e+03   0.0000000e+00
   2.9252800e+03   0.0000000e+00
   3.1435500e+03   9.9999965e-03
   3.3781100e+03   9.9999260e-03
   3.6301700e+03   2.0000011e-02
   3.9010400e+03   9.9999661e-03
   4.1921200e+03   0.0000000e+00
   4.5049200e+03   1.9999960e-02
   4.8410600e+03   1.0000219e-02
   5.2022900e+03   9.9998803e-03
   5.5904600e+03   1.0000014e-02
   6.0076000e+03   0.0000000e+00
   6.4558700e+03   0.0000000e+00
   6.9375800e+03   9.9998592e-03
   7.4552300e+03   0.0000000e+00
   8.0115200e+03   9.9998432e-03
   8.6093000e+03   1.0000112e-02
   9.2517000e+03   1.0000051e-02
   9.9420300e+03   0.0000000e+00
   1.0683900e+04   0.0000000e+00
   1.1481100e+04   0.0000000e+00
   1.2337700e+04   0.0000000e+00
   1.3258300e+04   1.0000141e-02
   1.4247600e+04   0.0000000e+00
   1.5310700e+04   0.0000000e+00
   1.6453100e+04   0.0000000e+00
   1.7680800e+04   2.0000324e-02
   1.9000100e+04   0.0000000e+00
   2.0417800e+04   0.0000000e+00
   2.1941300e+04   1.0000132e-02
   2.3578500e+04   9.9997908e-03
   2.5337800e+04   0.0000000e+00
   2.7228400e+04   0.0000000e+00
   2.9260100e+04   0.0000000e+00
   3.1443400e+04   0.0000000e+00
   3.3789600e+04   0.0000000e+00
   3.6310800e+04   1.0000070e-02
   3.9020200e+04   0.0000000e+00
   4.1931700e+04   0.0000000e+00
   4.5060500e+04   0.0000000e+00
   4.8422800e+04   0.0000000e+00
   5.2035900e+04   0.0000000e+00
   5.5918600e+04   1.0000147e-02
   6.0091100e+04   0.0000000e+00
   6.4574900e+04   0.0000000e+00
   6.9393200e+04   0.0000000e+00
   7.4571000e+04   0.0000000e+00
   8.0135300e+04   0.0000000e+00
   8.6114600e+04   0.0000000e+00
   9.2540200e+04   0.0000000e+00
   9.9445200e+04   0.0000000e+00
   1.0686500e+05   0.0000000e+00
   1.1483900e+05   0.0000000e+00
