   1.0818600e+02   9.9999742e-03
   1.1498200e+02   1.0000099e-02
   1.2220500e+02   9.9991414e-03
   1.2988100e+02   1.0000160e-02
   1.3804000e+02   0.0000000e+00
   1.4671200e+02   1.9999826e-02
   1.5592800e+02   0.0000000e+00
   1.6572300e+02   0.0000000e+00
   1.7613300e+02   0.0000000e+00
   1.8719700e+02   2.0001173e-02
   1.9895700e+02   0.0000000e+00
   2.1145500e+02   2.9999788e-02
   2.2473800e+02   1.9999272e-02
   2.3885500e+02   0.0000000e+00
   2.5386000e+02   2.0000090e-02
   2.6980700e+02   1.9999148e-02
   2.8675500e+02   3.0001056e-02
   3.0476900e+02   3.0000215e-02
   3.2391400e+02   0.0000000e+00
   3.4426100e+02   1.0000122e-02
   3.6588700e+02   3.9999745e-02
   3.8887100e+02   1.9999985e-02
   4.1329900e+02   0.0000000e+00
   4.3926200e+02   1.9999682e-02
   4.6685500e+02   2.0000134e-02
   4.9618200e+02   2.9999944e-02
   5.2735100e+02   9.9999812e-03
   5.6047800e+02   1.0000023e-02
   5.9568600e+02   9.9998161e-03
   6.3310500e+02   1.0000179e-02
   6.7287600e+02   9.9998480e-03
   7.1514400e+02   1.0000037e-02
   7.6006800e+02   3.0000149e-02
   8.0781400e+02   1.9999975e-02
   8.5855900e+02   3.0000123e-02
   9.1249200e+02   0.0000000e+00
   9.6981300e+02   1.9998503e-02
   1.0307300e+03   0.0000000e+00
   1.0954800e+03   1.0000647e-02
   1.1643000e+03   1.0000213e-02
   1.2374400e+03   9.9995759e-03
   1.3151700e+03   1.0000490e-02
   1.3977900e+03   9.9993664e-03
   1.4855900e+03   2.9999487e-02
   1.5789100e+03   1.0000633e-02
   1.6781000e+03   1.9999123e-02
   1.7835100e+03   2.0000709e-02
   1.8955500e+03   2.9998972e-02
   2.0146200e+03   1.0000467e-02
   2.1411800e+03   1.9999478e-02
   2.2756800e+03   9.9997814e-03
   2.4186300e+03   0.0000000e+00
   2.5705700e+03   1.9999028e-02
   2.7320400e+03   1.9999908e-02
   2.9036600e+03   3.0001338e-02
   3.0860700e+03   0.0000000e+00
   3.2799300e+03   9.9996248e-03
   3.4859600e+03   9.9999845e-03
   3.7049400e+03   2.0000302e-02
   3.9376800e+03   0.0000000e+00
   4.1850400e+03   0.0000000e+00
   4.4479300e+03   2.9999972e-02
   4.7273400e+03   0.0000000e+00
   5.0243000e+03   1.0000136e-02
   5.3399200e+03   0.0000000e+00
   5.6753600e+03   0.0000000e+00
   6.0318700e+03   0.0000000e+00
   6.4107800e+03   1.9999948e-02
   6.8134900e+03   2.0000051e-02
   7.2415000e+03   0.0000000e+00
   7.6964000e+03   0.0000000e+00
   8.1798700e+03   9.9999944e-03
   8.6937100e+03   0.0000000e+00
   9.2398300e+03   0.0000000e+00
   9.8202500e+03   9.9993852e-03
   1.0437100e+04   0.0000000e+00
   1.1092800e+04   0.0000000e+00
   1.1789600e+04   0.0000000e+00
   1.2530200e+04   9.9997907e-03
   1.3317300e+04   0.0000000e+00
   1.4153900e+04   0.0000000e+00
   1.5043000e+04   0.0000000e+00
   1.5988000e+04   0.0000000e+00
   1.6992300e+04   0.0000000e+00
   1.8059700e+04   0.0000000e+00
   1.9194200e+04   9.9997020e-03
   2.0399900e+04   0.0000000e+00
   2.1681400e+04   0.0000000e+00
   2.3043400e+04   0.0000000e+00
   2.4490900e+04   1.0000235e-02
   2.6029400e+04   0.0000000e+00
   2.7664500e+04   0.0000000e+00
   2.9402300e+04   1.0000064e-02
   3.1249300e+04   0.0000000e+00
   3.3212300e+04   0.0000000e+00
   3.5298600e+04   0.0000000e+00
   3.7516000e+04   0.0000000e+00
   3.9872700e+04   0.0000000e+00
   4.2377400e+04   1.9999606e-02
