   1.8693900e+02   1.9999303e-02
   2.0029600e+02   0.0000000e+00
   2.1460800e+02   2.0000674e-02
   2.2994300e+02   9.9998895e-03
   2.4637300e+02   1.9999728e-02
   2.6397700e+02   9.9999722e-03
   2.8283900e+02   2.0000180e-02
   3.0304900e+02   1.0000055e-02
   3.2470300e+02   9.9999326e-03
   3.4790400e+02   2.0000060e-02
   3.7276300e+02   9.9999243e-03
   3.9939800e+02   2.9999716e-02
   4.2793600e+02   0.0000000e+00
   4.5851400e+02   3.9999453e-02
   4.9127600e+02   1.0000182e-02
   5.2638000e+02   0.0000000e+00
   5.6399100e+02   1.9999950e-02
   6.0429000e+02   1.0000084e-02
   6.4746900e+02   0.0000000e+00
   6.9373300e+02   1.0000054e-02
   7.4330300e+02   1.9999797e-02
   7.9641400e+02   1.0000096e-02
   8.5332100e+02   2.9999626e-02
   9.1429300e+02   5.0000446e-02
   9.7962300e+02   1.9999893e-02
   1.0496200e+03   0.0000000e+00
   1.1246200e+03   2.0000479e-02
   1.2049800e+03   2.0000083e-02
   1.2910800e+03   9.9998078e-03
   1.3833300e+03   9.9996428e-03
   1.4821700e+03   2.0000680e-02
   1.5880800e+03   9.9996799e-03
   1.7015500e+03   1.9999667e-02
   1.8231300e+03   1.0000059e-02
   1.9534000e+03   2.0000418e-02
   2.0929800e+03   0.0000000e+00
   2.2425300e+03   3.0000614e-02
   2.4027700e+03   9.9996389e-03
   2.5744500e+03   1.0000342e-02
   2.7584100e+03   3.0000394e-02
   2.9555100e+03   1.9999907e-02
   3.1666900e+03   1.9999937e-02
   3.3929600e+03   2.0000136e-02
   3.6354000e+03   0.0000000e+00
   3.8951600e+03   1.9999825e-02
   4.1734800e+03   1.0000025e-02
   4.4716900e+03   2.0000163e-02
   4.7912100e+03   0.0000000e+00
   5.1335600e+03   0.0000000e+00
   5.5003700e+03   0.0000000e+00
   5.8933900e+03   0.0000000e+00
   6.3144900e+03   9.9999496e-03
   6.7656800e+03   0.0000000e+00
   7.2491100e+03   1.0000122e-02
   7.7670900e+03   0.0000000e+00
   8.3220700e+03   1.0000001e-02
   8.9167100e+03   0.0000000e+00
   9.5538400e+03   0.0000000e+00
   1.0236500e+04   1.9999109e-02
   1.0967900e+04   1.0000012e-02
   1.1751600e+04   3.0000214e-02
   1.2591300e+04   0.0000000e+00
   1.3491000e+04   0.0000000e+00
   1.4455000e+04   9.9994250e-03
   1.5487800e+04   2.0000725e-02
   1.6594500e+04   9.9997077e-03
   1.7780200e+04   0.0000000e+00
   1.9050700e+04   9.9997155e-03
   2.0411900e+04   0.0000000e+00
   2.1870400e+04   0.0000000e+00
   2.3433200e+04   0.0000000e+00
   2.5107500e+04   1.0000439e-02
   2.6901600e+04   0.0000000e+00
   2.8823800e+04   0.0000000e+00
   3.0883300e+04   0.0000000e+00
   3.3090100e+04   1.0000017e-02
   3.5454500e+04   9.9998218e-03
   3.7987800e+04   0.0000000e+00
   4.0702200e+04   0.0000000e+00
   4.3610500e+04   9.9999388e-03
   4.6726600e+04   1.0000073e-02
   5.0065400e+04   9.9998771e-03
   5.3642700e+04   0.0000000e+00
   5.7475700e+04   9.9999348e-03
   6.1582500e+04   1.0000034e-02
   6.5982800e+04   0.0000000e+00
   7.0697500e+04   9.9998484e-03
   7.5749000e+04   1.0000103e-02
   8.1161600e+04   0.0000000e+00
   8.6960900e+04   0.0000000e+00
   9.3174500e+04   0.0000000e+00
   9.9832100e+04   0.0000000e+00
   1.0696500e+05   1.0001257e-02
   1.1460900e+05   0.0000000e+00
   1.2279800e+05   0.0000000e+00
   1.3157200e+05   9.9997497e-03
   1.4097300e+05   0.0000000e+00
   1.5104600e+05   0.0000000e+00
   1.6183900e+05   0.0000000e+00
