   1.0799300e+02   2.0000695e-02
   1.1838200e+02   9.9999850e-03
   1.2977000e+02   1.0000383e-02
   1.4225400e+02   9.9997062e-03
   1.5593800e+02   0.0000000e+00
   1.7093900e+02   0.0000000e+00
   1.8738300e+02   9.9996211e-03
   2.0540800e+02   2.0000282e-02
   2.2516800e+02   0.0000000e+00
   2.4682800e+02   2.0000651e-02
   2.7057300e+02   5.9999225e-02
   2.9660100e+02   3.9999581e-02
   3.2513300e+02   1.0000008e-02
   3.5641000e+02   2.0000190e-02
   3.9069600e+02   5.0000250e-02
   4.2828000e+02   1.9999849e-02
   4.6947900e+02   3.0000245e-02
   5.1464200e+02   0.0000000e+00
   5.6414900e+02   2.9999686e-02
   6.1841800e+02   2.0000279e-02
   6.7790900e+02   0.0000000e+00
   7.4312100e+02   1.0000102e-02
   8.1460800e+02   1.9999962e-02
   8.9297100e+02   1.9999900e-02
   9.7887200e+02   1.0000359e-02
   1.0730400e+03   2.9999035e-02
   1.1762600e+03   3.9998978e-02
   1.2894100e+03   4.0000667e-02
   1.4134500e+03   3.9999927e-02
   1.5494200e+03   1.0000003e-02
   1.6984700e+03   1.0000105e-02
   1.8618600e+03   2.0000497e-02
   2.0409700e+03   9.9997348e-03
   2.2373000e+03   1.9999792e-02
   2.4525200e+03   1.0000176e-02
   2.6884500e+03   1.9999886e-02
   2.9470700e+03   1.0000009e-02
   3.2305700e+03   1.9999883e-02
   3.5413400e+03   3.0000218e-02
   3.8820100e+03   0.0000000e+00
   4.2554500e+03   1.9999897e-02
   4.6648100e+03   0.0000000e+00
   5.1135500e+03   9.9999892e-03
   5.6054600e+03   1.9999987e-02
   6.1446900e+03   2.9999862e-02
   6.7357900e+03   2.0000177e-02
   7.3837600e+03   1.0000030e-02
   8.0940600e+03   0.0000000e+00
   8.8726800e+03   0.0000000e+00
   9.7262100e+03   0.0000000e+00
   1.0661800e+04   1.0000585e-02
   1.1687500e+04   9.9999627e-03
   1.2811800e+04   0.0000000e+00
   1.4044200e+04   1.0000613e-02
   1.5395300e+04   0.0000000e+00
   1.6876200e+04   1.0000322e-02
   1.8499700e+04   0.0000000e+00
   2.0279300e+04   9.9999178e-03
   2.2230100e+04   2.0000214e-02
   2.4368600e+04   0.0000000e+00
   2.6712800e+04   0.0000000e+00
   2.9282500e+04   1.0000023e-02
   3.2099400e+04   0.0000000e+00
   3.5187300e+04   9.9999424e-03
   3.8572200e+04   9.9999088e-03
   4.2282700e+04   1.0000030e-02
   4.6350200e+04   0.0000000e+00
   5.0809000e+04   0.0000000e+00
   5.5696700e+04   0.0000000e+00
   6.1054500e+04   0.0000000e+00
   6.6927800e+04   0.0000000e+00
   7.3366100e+04   0.0000000e+00
   8.0423700e+04   0.0000000e+00
   8.8160200e+04   0.0000000e+00
   9.6641000e+04   1.0000411e-02
   1.0593800e+05   0.0000000e+00
   1.1612800e+05   0.0000000e+00
   1.2730000e+05   0.0000000e+00
   1.3954600e+05   0.0000000e+00
   1.5297000e+05   0.0000000e+00
   1.6768500e+05   0.0000000e+00
   1.8381600e+05   0.0000000e+00
   2.0149800e+05   0.0000000e+00
   2.2088200e+05   0.0000000e+00
   2.4213000e+05   0.0000000e+00
   2.6542200e+05   0.0000000e+00
   2.9095500e+05   0.0000000e+00
   3.1894400e+05   0.0000000e+00
   3.4962600e+05   0.0000000e+00
   3.8325900e+05   0.0000000e+00
   4.2012700e+05   0.0000000e+00
   4.6054200e+05   0.0000000e+00
   5.0484500e+05   0.0000000e+00
   5.5341000e+05   0.0000000e+00
   6.0664600e+05   0.0000000e+00
   6.6500400e+05   0.0000000e+00
   7.2897600e+05   9.9999652e-03
   7.9910100e+05   0.0000000e+00
   8.7597200e+05   1.0000015e-02
