   1.4799700e+02   2.9999508e-02
   1.6025100e+02   1.0000102e-02
   1.7352000e+02   1.9999295e-02
   1.8788700e+02   1.0000527e-02
   2.0344500e+02   1.9999563e-02
   2.2029000e+02   3.9999773e-02
   2.3853000e+02   9.9998002e-03
   2.5828000e+02   1.0000115e-02
   2.7966600e+02   3.0000588e-02
   3.0282300e+02   2.0000101e-02
   3.2789700e+02   9.9999966e-03
   3.5504700e+02   1.9999959e-02
   3.8444500e+02   1.9999855e-02
   4.1627700e+02   3.0000051e-02
   4.5074500e+02   3.0000058e-02
   4.8806700e+02   9.9999494e-03
   5.2847900e+02   2.9999785e-02
   5.7223700e+02   1.0000113e-02
   6.1961900e+02   5.0000211e-02
   6.7092400e+02   0.0000000e+00
   7.2647600e+02   2.0000091e-02
   7.8662900e+02   1.9999869e-02
   8.5176200e+02   2.0000188e-02
   9.2228900e+02   0.0000000e+00
   9.9865500e+02   0.0000000e+00
   1.0813400e+03   3.0001362e-02
   1.1708800e+03   4.0000213e-02
   1.2678300e+03   2.0000580e-02
   1.3728100e+03   1.0000073e-02
   1.4864800e+03   1.9999885e-02
   1.6095600e+03   2.9999477e-02
   1.7428300e+03   1.0000192e-02
   1.8871400e+03   3.9998437e-02
   2.0433900e+03   0.0000000e+00
   2.2125900e+03   0.0000000e+00
   2.3957900e+03   0.0000000e+00
   2.5941600e+03   2.0000178e-02
   2.8089600e+03   0.0000000e+00
   3.0415400e+03   1.9999874e-02
   3.2933800e+03   0.0000000e+00
   3.5660800e+03   9.9998796e-03
   3.8613500e+03   2.9999807e-02
   4.1810700e+03   2.0000286e-02
   4.5272700e+03   0.0000000e+00
   4.9021300e+03   1.0000037e-02
   5.3080300e+03   2.0000122e-02
   5.7475400e+03   2.0000031e-02
   6.2234400e+03   9.9999118e-03
   6.7387400e+03   0.0000000e+00
   7.2967100e+03   0.0000000e+00
   7.9008800e+03   1.0000036e-02
   8.5550800e+03   0.0000000e+00
   9.2634500e+03   3.0001243e-02
   1.0030500e+04   0.0000000e+00
   1.0861000e+04   1.0000036e-02
   1.1760300e+04   0.0000000e+00
   1.2734000e+04   0.0000000e+00
   1.3788400e+04   4.0000373e-02
   1.4930100e+04   0.0000000e+00
   1.6166300e+04   0.0000000e+00
   1.7504900e+04   0.0000000e+00
   1.8954300e+04   0.0000000e+00
   2.0523800e+04   0.0000000e+00
   2.2223200e+04   0.0000000e+00
   2.4063200e+04   0.0000000e+00
   2.6055700e+04   9.9998726e-03
   2.8213100e+04   0.0000000e+00
   3.0549200e+04   0.0000000e+00
   3.3078700e+04   0.0000000e+00
   3.5817600e+04   9.9999549e-03
   3.8783300e+04   1.0000052e-02
   4.1994600e+04   0.0000000e+00
   4.5471800e+04   0.0000000e+00
   4.9236900e+04   0.0000000e+00
   5.3313700e+04   0.0000000e+00
   5.7728100e+04   9.9999810e-03
   6.2508000e+04   0.0000000e+00
   6.7683700e+04   0.0000000e+00
   7.3288000e+04   0.0000000e+00
   7.9356300e+04   9.9999483e-03
   8.5927000e+04   0.0000000e+00
   9.3041800e+04   1.0000360e-02
   1.0074600e+05   0.0000000e+00
   1.0908800e+05   0.0000000e+00
   1.1812000e+05   0.0000000e+00
   1.2790000e+05   0.0000000e+00
   1.3849100e+05   0.0000000e+00
   1.4995800e+05   0.0000000e+00
   1.6237400e+05   0.0000000e+00
   1.7581900e+05   0.0000000e+00
   1.9037700e+05   0.0000000e+00
   2.0614000e+05   0.0000000e+00
   2.2320900e+05   0.0000000e+00
   2.4169100e+05   0.0000000e+00
   2.6170300e+05   0.0000000e+00
   2.8337200e+05   9.9998602e-03
   3.0683500e+05   0.0000000e+00
   3.3224100e+05   0.0000000e+00
   3.5975100e+05   0.0000000e+00
