   7.2944500e+01   3.0000026e-02
   7.8259300e+01   0.0000000e+00
   8.3961300e+01   0.0000000e+00
   9.0078800e+01   0.0000000e+00
   9.6642000e+01   0.0000000e+00
   1.0368300e+02   1.0000705e-02
   1.1123800e+02   0.0000000e+00
   1.1934300e+02   0.0000000e+00
   1.2803800e+02   0.0000000e+00
   1.3736700e+02   1.0000312e-02
   1.4737600e+02   1.0000063e-02
   1.5811400e+02   0.0000000e+00
   1.6963400e+02   2.0000458e-02
   1.8199400e+02   1.9999660e-02
   1.9525400e+02   0.0000000e+00
   2.0948000e+02   2.0000177e-02
   2.2474300e+02   5.0000080e-02
   2.4111800e+02   9.9999516e-03
   2.5868600e+02   1.9999801e-02
   2.7753400e+02   2.0000610e-02
   2.9775600e+02   5.0000683e-02
   3.1945100e+02   0.0000000e+00
   3.4272600e+02   0.0000000e+00
   3.6769700e+02   0.0000000e+00
   3.9448800e+02   0.0000000e+00
   4.2323100e+02   1.0000007e-02
   4.5406800e+02   1.9999534e-02
   4.8715100e+02   1.0000219e-02
   5.2264600e+02   9.9998842e-03
   5.6072600e+02   0.0000000e+00
   6.0158100e+02   0.0000000e+00
   6.4541300e+02   0.0000000e+00
   6.9243800e+02   2.0000131e-02
   7.4289000e+02   1.9999818e-02
   7.9701700e+02   4.0000458e-02
   8.5508900e+02   3.9999691e-02
   9.1739100e+02   1.0000031e-02
   9.8423300e+02   3.9997161e-02
   1.0559400e+03   3.0001137e-02
   1.1328800e+03   0.0000000e+00
   1.2154200e+03   1.0000372e-02
   1.3039800e+03   0.0000000e+00
   1.3989900e+03   0.0000000e+00
   1.5009200e+03   4.0000607e-02
   1.6102800e+03   1.0000306e-02
   1.7276100e+03   0.0000000e+00
   1.8534800e+03   0.0000000e+00
   1.9885300e+03   9.9996031e-03
   2.1334100e+03   1.0000487e-02
   2.2888600e+03   9.9995133e-03
   2.4556200e+03   1.0000071e-02
   2.6345400e+03   1.0000252e-02
   2.8265000e+03   1.9999904e-02
   3.0324400e+03   2.0000350e-02
   3.2533900e+03   1.9999634e-02
   3.4904300e+03   1.0000168e-02
   3.7447500e+03   2.9999304e-02
   4.0175900e+03   1.0000184e-02
   4.3103200e+03   0.0000000e+00
   4.6243700e+03   0.0000000e+00
   4.9613000e+03   2.0000302e-02
   5.3227900e+03   2.9999777e-02
   5.7106100e+03   0.0000000e+00
   6.1266900e+03   2.0000193e-02
   6.5730900e+03   9.9999933e-03
   7.0520100e+03   1.9999797e-02
   7.5658200e+03   0.0000000e+00
   8.1170800e+03   0.0000000e+00
   8.7084900e+03   2.0000072e-02
   9.3430000e+03   9.9994149e-03
   1.0023700e+04   1.0000856e-02
   1.0754100e+04   0.0000000e+00
   1.1537600e+04   1.0000715e-02
   1.2378300e+04   1.0000087e-02
   1.3280200e+04   0.0000000e+00
   1.4247800e+04   9.9999654e-03
   1.5285900e+04   1.9999268e-02
   1.6399600e+04   1.0000094e-02
   1.7594500e+04   9.9996148e-03
   1.8876400e+04   1.0000341e-02
   2.0251800e+04   0.0000000e+00
   2.1727400e+04   9.9995261e-03
   2.3310400e+04   0.0000000e+00
   2.5008900e+04   0.0000000e+00
   2.6831000e+04   1.0000353e-02
   2.8786000e+04   0.0000000e+00
   3.0883300e+04   0.0000000e+00
   3.3133500e+04   0.0000000e+00
   3.5547600e+04   0.0000000e+00
   3.8137700e+04   0.0000000e+00
   4.0916400e+04   0.0000000e+00
   4.3897600e+04   9.9999575e-03
   4.7096000e+04   0.0000000e+00
   5.0527500e+04   0.0000000e+00
   5.4209000e+04   0.0000000e+00
   5.8158700e+04   0.0000000e+00
   6.2396200e+04   0.0000000e+00
   6.6942400e+04   0.0000000e+00
   7.1819900e+04   9.9998808e-03
