   2.2262400e+02   1.0000213e-02
   2.4227700e+02   0.0000000e+00
   2.6366400e+02   1.0000231e-02
   2.8694000e+02   2.9999839e-02
   3.1227000e+02   9.9999249e-03
   3.3983600e+02   1.0000110e-02
   3.6983600e+02   0.0000000e+00
   4.0248400e+02   0.0000000e+00
   4.3801400e+02   1.9999718e-02
   4.7668000e+02   1.0000017e-02
   5.1876000e+02   1.0000117e-02
   5.6455500e+02   3.9999874e-02
   6.1439200e+02   5.0000331e-02
   6.6862900e+02   3.9999679e-02
   7.2765300e+02   4.0000034e-02
   7.9188800e+02   1.0000053e-02
   8.6179400e+02   9.9999620e-03
   9.3787000e+02   2.9999205e-02
   1.0206600e+03   9.9999287e-03
   1.1107600e+03   4.0002204e-02
   1.2088200e+03   1.9999908e-02
   1.3155300e+03   2.9999747e-02
   1.4316600e+03   0.0000000e+00
   1.5580400e+03   2.0000104e-02
   1.6955800e+03   4.9999856e-02
   1.8452600e+03   0.0000000e+00
   2.0081600e+03   1.9999601e-02
   2.1854300e+03   9.9998539e-03
   2.3783500e+03   0.0000000e+00
   2.5883100e+03   1.9999334e-02
   2.8167900e+03   1.0000086e-02
   3.0654500e+03   1.0000068e-02
   3.3360600e+03   0.0000000e+00
   3.6305600e+03   9.9998649e-03
   3.9510500e+03   4.0000284e-02
   4.2998400e+03   9.9998476e-03
   4.6794100e+03   2.0000289e-02
   5.0925000e+03   3.0000000e-02
   5.5420500e+03   0.0000000e+00
   6.0312800e+03   2.9999844e-02
   6.5637000e+03   1.0000093e-02
   7.1431300e+03   0.0000000e+00
   7.7737000e+03   4.0000106e-02
   8.4599400e+03   0.0000000e+00
   9.2067600e+03   1.9999906e-02
   1.0019500e+04   0.0000000e+00
   1.0904000e+04   0.0000000e+00
   1.1866600e+04   0.0000000e+00
   1.2914100e+04   1.9999704e-02
   1.4054100e+04   0.0000000e+00
   1.5294800e+04   1.9998896e-02
   1.6644900e+04   0.0000000e+00
   1.8114300e+04   1.0000148e-02
   1.9713400e+04   9.9997983e-03
   2.1453600e+04   2.0000342e-02
   2.3347500e+04   0.0000000e+00
   2.5408500e+04   1.0000057e-02
   2.7651500e+04   0.0000000e+00
   3.0092500e+04   1.0000102e-02
   3.2749000e+04   1.0000085e-02
   3.5640000e+04   9.9997215e-03
   3.8786100e+04   2.0000474e-02
   4.2210100e+04   9.9998091e-03
   4.5936200e+04   1.9999956e-02
   4.9991300e+04   0.0000000e+00
   5.4404400e+04   0.0000000e+00
   5.9207100e+04   0.0000000e+00
   6.4433700e+04   0.0000000e+00
   7.0121700e+04   0.0000000e+00
   7.6311800e+04   0.0000000e+00
   8.3048400e+04   1.9999880e-02
   9.0379600e+04   0.0000000e+00
   9.8358100e+04   0.0000000e+00
   1.0704100e+05   0.0000000e+00
   1.1649000e+05   0.0000000e+00
   1.2677300e+05   0.0000000e+00
   1.3796500e+05   9.9999333e-03
   1.5014400e+05   0.0000000e+00
   1.6339800e+05   0.0000000e+00
   1.7782200e+05   1.0000270e-02
   1.9352000e+05   0.0000000e+00
   2.1060300e+05   0.0000000e+00
   2.2919400e+05   0.0000000e+00
   2.4942700e+05   0.0000000e+00
   2.7144600e+05   0.0000000e+00
   2.9540800e+05   0.0000000e+00
   3.2148600e+05   0.0000000e+00
   3.4986500e+05   0.0000000e+00
   3.8075000e+05   0.0000000e+00
   4.1436200e+05   0.0000000e+00
   4.5094100e+05   0.0000000e+00
   4.9074800e+05   0.0000000e+00
   5.3407000e+05   0.0000000e+00
   5.8121600e+05   0.0000000e+00
   6.3252400e+05   0.0000000e+00
   6.8836100e+05   0.0000000e+00
   7.4912700e+05   0.0000000e+00
   8.1525800e+05   0.0000000e+00
   8.8722700e+05   9.9999470e-03
