   7.3968900e+01   2.9999592e-02
   7.9767200e+01   2.0000283e-02
   8.6020200e+01   2.9999674e-02
   9.2763200e+01   4.0000790e-02
   1.0003500e+02   1.0000432e-02
   1.0787700e+02   1.9999116e-02
   1.1633300e+02   2.9999139e-02
   1.2545200e+02   3.9999500e-02
   1.3528600e+02   1.9999969e-02
   1.4589100e+02   1.0000581e-02
   1.5732800e+02   1.0000139e-02
   1.6966100e+02   1.9999169e-02
   1.8296000e+02   1.9999776e-02
   1.9730200e+02   0.0000000e+00
   2.1276900e+02   0.0000000e+00
   2.2944700e+02   2.0000825e-02
   2.4743400e+02   0.0000000e+00
   2.6683000e+02   2.0000333e-02
   2.8774700e+02   3.9999457e-02
   3.1030300e+02   1.9999606e-02
   3.3462700e+02   2.0000562e-02
   3.6085900e+02   2.9999495e-02
   3.8914600e+02   1.0000027e-02
   4.1965100e+02   1.9999880e-02
   4.5254700e+02   2.0000060e-02
   4.8802200e+02   2.0000122e-02
   5.2627800e+02   1.0000088e-02
   5.6753300e+02   0.0000000e+00
   6.1202100e+02   1.0000021e-02
   6.5999700e+02   4.0000151e-02
   7.1173400e+02   0.0000000e+00
   7.6752600e+02   3.0000031e-02
   8.2769200e+02   0.0000000e+00
   8.9257500e+02   9.9999665e-03
   9.6254300e+02   2.0001010e-02
   1.0380000e+03   0.0000000e+00
   1.1193600e+03   1.0000429e-02
   1.2071100e+03   2.0001091e-02
   1.3017400e+03   0.0000000e+00
   1.4037800e+03   9.9998850e-03
   1.5138200e+03   1.0000226e-02
   1.6324900e+03   1.0000024e-02
   1.7604600e+03   2.9999820e-02
   1.8984600e+03   1.0000064e-02
   2.0472800e+03   1.9999339e-02
   2.2077600e+03   0.0000000e+00
   2.3808300e+03   9.9999153e-03
   2.5674600e+03   0.0000000e+00
   2.7687200e+03   0.0000000e+00
   2.9857600e+03   1.9999853e-02
   3.2198100e+03   2.0000075e-02
   3.4722100e+03   9.9998388e-03
   3.7443900e+03   0.0000000e+00
   4.0379100e+03   0.0000000e+00
   4.3544400e+03   9.9999308e-03
   4.6957800e+03   0.0000000e+00
   5.0638800e+03   2.0000234e-02
   5.4608400e+03   0.0000000e+00
   5.8889100e+03   2.0000074e-02
   6.3505400e+03   0.0000000e+00
   6.8483600e+03   9.9998545e-03
   7.3851900e+03   0.0000000e+00
   7.9641200e+03   9.9999750e-03
   8.5884200e+03   0.0000000e+00
   9.2616600e+03   0.0000000e+00
   9.9876800e+03   0.0000000e+00
   1.0770600e+04   0.0000000e+00
   1.1614900e+04   0.0000000e+00
   1.2525400e+04   9.9994366e-03
   1.3507200e+04   1.0000707e-02
   1.4566100e+04   9.9997702e-03
   1.5707900e+04   0.0000000e+00
   1.6939200e+04   0.0000000e+00
   1.8267100e+04   1.9999347e-02
   1.9699000e+04   0.0000000e+00
   2.1243200e+04   0.0000000e+00
   2.2908500e+04   2.0000184e-02
   2.4704300e+04   0.0000000e+00
   2.6640800e+04   0.0000000e+00
   2.8729200e+04   0.0000000e+00
   3.0981200e+04   1.0000003e-02
   3.3409800e+04   1.0000075e-02
   3.6028800e+04   0.0000000e+00
   3.8853100e+04   0.0000000e+00
   4.1898800e+04   0.0000000e+00
   4.5183200e+04   0.0000000e+00
   4.8725100e+04   0.0000000e+00
   5.2544600e+04   0.0000000e+00
   5.6663500e+04   0.0000000e+00
   6.1105400e+04   0.0000000e+00
   6.5895400e+04   0.0000000e+00
   7.1060900e+04   0.0000000e+00
   7.6631300e+04   0.0000000e+00
   8.2638400e+04   0.0000000e+00
   8.9116400e+04   0.0000000e+00
   9.6102100e+04   0.0000000e+00
   1.0363600e+05   0.0000000e+00
   1.1175900e+05   1.0000243e-02
   1.2052000e+05   0.0000000e+00
