   9.1477000e+01   1.0000015e-02
   9.9944700e+01   1.9999553e-02
   1.0919600e+02   1.0000138e-02
   1.1930400e+02   0.0000000e+00
   1.3034800e+02   1.9998703e-02
   1.4241300e+02   2.0000588e-02
   1.5559600e+02   1.0000061e-02
   1.6999900e+02   9.9999133e-03
   1.8573500e+02   1.0000137e-02
   2.0292800e+02   9.9998690e-03
   2.2171200e+02   0.0000000e+00
   2.4223500e+02   3.0000404e-02
   2.6465800e+02   2.9999516e-02
   2.8915600e+02   9.9999650e-03
   3.1592200e+02   1.0000103e-02
   3.4516600e+02   2.0000208e-02
   3.7711700e+02   0.0000000e+00
   4.1202500e+02   0.0000000e+00
   4.5016400e+02   3.0000025e-02
   4.9183400e+02   1.9999920e-02
   5.3736100e+02   5.0000658e-02
   5.8710300e+02   5.0000113e-02
   6.4144900e+02   0.0000000e+00
   7.0082500e+02   5.0000216e-02
   7.6569800e+02   2.0000071e-02
   8.3657600e+02   0.0000000e+00
   9.1401400e+02   0.0000000e+00
   9.9862100e+02   2.0000102e-02
   1.0910600e+03   1.9998949e-02
   1.1920500e+03   3.0001627e-02
   1.3024000e+03   1.0000163e-02
   1.4229600e+03   9.9994232e-03
   1.5546700e+03   3.9999928e-02
   1.6985800e+03   1.0000543e-02
   1.8558200e+03   1.9999315e-02
   2.0276000e+03   2.0000246e-02
   2.2152900e+03   9.9999765e-03
   2.4203500e+03   2.9999628e-02
   2.6443900e+03   9.9999484e-03
   2.8891700e+03   2.0000046e-02
   3.1566100e+03   2.0000330e-02
   3.4488100e+03   9.9999057e-03
   3.7680500e+03   2.9999672e-02
   4.1168400e+03   4.0000062e-02
   4.4979200e+03   1.0000093e-02
   4.9142800e+03   0.0000000e+00
   5.3691800e+03   2.9999765e-02
   5.8661800e+03   2.0000036e-02
   6.4091900e+03   0.0000000e+00
   7.0024600e+03   0.0000000e+00
   7.6506500e+03   9.9999969e-03
   8.3588400e+03   1.0000022e-02
   9.1325900e+03   0.0000000e+00
   9.9779600e+03   1.0000250e-02
   1.0901600e+04   0.0000000e+00
   1.1910700e+04   0.0000000e+00
   1.3013200e+04   0.0000000e+00
   1.4217800e+04   0.0000000e+00
   1.5533900e+04   9.9999187e-03
   1.6971800e+04   0.0000000e+00
   1.8542800e+04   0.0000000e+00
   2.0259300e+04   9.9998872e-03
   2.2134600e+04   1.9999866e-02
   2.4183500e+04   0.0000000e+00
   2.6422100e+04   1.0000045e-02
   2.8867900e+04   0.0000000e+00
   3.1540000e+04   0.0000000e+00
   3.4459600e+04   0.0000000e+00
   3.7649400e+04   9.9998242e-03
   4.1134400e+04   0.0000000e+00
   4.4942100e+04   9.9999652e-03
   4.9102200e+04   0.0000000e+00
   5.3647400e+04   0.0000000e+00
   5.8613300e+04   9.9999776e-03
   6.4038900e+04   0.0000000e+00
   6.9966800e+04   0.0000000e+00
   7.6443300e+04   1.0000086e-02
   8.3519400e+04   0.0000000e+00
   9.1250500e+04   9.9999637e-03
   9.9697200e+04   0.0000000e+00
   1.0892600e+05   0.0000000e+00
   1.1900900e+05   0.0000000e+00
   1.3002500e+05   1.0000099e-02
   1.4206100e+05   0.0000000e+00
   1.5521100e+05   0.0000000e+00
   1.6957800e+05   0.0000000e+00
   1.8527500e+05   0.0000000e+00
   2.0242500e+05   0.0000000e+00
   2.2116300e+05   0.0000000e+00
   2.4163500e+05   0.0000000e+00
   2.6400200e+05   0.0000000e+00
   2.8844000e+05   0.0000000e+00
   3.1514000e+05   0.0000000e+00
   3.4431100e+05   0.0000000e+00
   3.7618300e+05   0.0000000e+00
   4.1100400e+05   0.0000000e+00
   4.4905000e+05   0.0000000e+00
   4.9061600e+05   0.0000000e+00
   5.3603100e+05   9.9999621e-03
