   1.0024700e+02   2.9998598e-02
   1.1040400e+02   0.0000000e+00
   1.2159100e+02   9.9998730e-03
   1.3391100e+02   0.0000000e+00
   1.4748000e+02   1.9999562e-02
   1.6242300e+02   1.9999534e-02
   1.7888000e+02   1.0000016e-02
   1.9700500e+02   2.0000527e-02
   2.1696700e+02   3.9999888e-02
   2.3895100e+02   1.9999521e-02
   2.6316200e+02   1.0000068e-02
   2.8982700e+02   1.0000139e-02
   3.1919400e+02   1.9999905e-02
   3.5153600e+02   1.9999890e-02
   3.8715500e+02   2.0000356e-02
   4.2638400e+02   9.9999824e-03
   4.6958700e+02   3.9999459e-02
   5.1716700e+02   5.0000259e-02
   5.6956900e+02   5.9999818e-02
   6.2728000e+02   5.0000086e-02
   6.9083900e+02   9.9999871e-03
   7.6083800e+02   2.0000132e-02
   8.3793000e+02   3.0000051e-02
   9.2283300e+02   4.0000611e-02
   1.0163400e+03   3.0000031e-02
   1.1193200e+03   0.0000000e+00
   1.2327300e+03   0.0000000e+00
   1.3576400e+03   0.0000000e+00
   1.4952000e+03   2.9999878e-02
   1.6467000e+03   0.0000000e+00
   1.8135500e+03   5.0000728e-02
   1.9973100e+03   2.0000345e-02
   2.1996900e+03   1.9999802e-02
   2.4225700e+03   0.0000000e+00
   2.6680300e+03   2.0000186e-02
   2.9383700e+03   1.0000036e-02
   3.2361000e+03   1.0000097e-02
   3.5640000e+03   0.0000000e+00
   3.9251200e+03   0.0000000e+00
   4.3228300e+03   2.0000062e-02
   4.7608400e+03   9.9999929e-03
   5.2432300e+03   1.9999708e-02
   5.7744900e+03   2.0000064e-02
   6.3595900e+03   9.9999399e-03
   7.0039700e+03   1.0000101e-02
   7.7136500e+03   0.0000000e+00
   8.4952300e+03   2.0000137e-02
   9.3560100e+03   9.9999673e-03
   1.0304000e+04   0.0000000e+00
   1.1348000e+04   1.0000565e-02
   1.2497900e+04   0.0000000e+00
   1.3764200e+04   0.0000000e+00
   1.5158900e+04   0.0000000e+00
   1.6694800e+04   0.0000000e+00
   1.8386400e+04   0.0000000e+00
   2.0249400e+04   1.0000165e-02
   2.2301200e+04   0.0000000e+00
   2.4560900e+04   0.0000000e+00
   2.7049500e+04   0.0000000e+00
   2.9790300e+04   0.0000000e+00
   3.2808700e+04   0.0000000e+00
   3.6133100e+04   9.9998187e-03
   3.9794200e+04   0.0000000e+00
   4.3826400e+04   2.0000069e-02
   4.8267100e+04   9.9999076e-03
   5.3157700e+04   0.0000000e+00
   5.8543900e+04   0.0000000e+00
   6.4475800e+04   0.0000000e+00
   7.1008800e+04   9.9999757e-03
   7.8203700e+04   1.0000088e-02
   8.6127700e+04   0.0000000e+00
   9.4854500e+04   2.0000859e-02
   1.0446600e+05   0.0000000e+00
   1.1505100e+05   0.0000000e+00
   1.2670800e+05   0.0000000e+00
   1.3954700e+05   0.0000000e+00
   1.5368600e+05   0.0000000e+00
   1.6925800e+05   0.0000000e+00
   1.8640800e+05   1.0000138e-02
   2.0529600e+05   0.0000000e+00
   2.2609800e+05   0.0000000e+00
   2.4900700e+05   0.0000000e+00
   2.7423700e+05   0.0000000e+00
   3.0202400e+05   0.0000000e+00
   3.3262700e+05   0.0000000e+00
   3.6633000e+05   0.0000000e+00
   4.0344800e+05   0.0000000e+00
   4.4432700e+05   0.0000000e+00
   4.8934900e+05   0.0000000e+00
   5.3893200e+05   1.0000016e-02
   5.9353900e+05   0.0000000e+00
   6.5367900e+05   0.0000000e+00
   7.1991200e+05   0.0000000e+00
   7.9285700e+05   0.0000000e+00
   8.7319300e+05   0.0000000e+00
   9.6166900e+05   0.0000000e+00
   1.0591100e+06   0.0000000e+00
   1.1664200e+06   0.0000000e+00
   1.2846100e+06   0.0000000e+00
