   1.5210500e+02   9.9996567e-03
   1.6313600e+02   9.9996322e-03
   1.7496700e+02   0.0000000e+00
   1.8765700e+02   1.0000138e-02
   2.0126700e+02   2.0000226e-02
   2.1586400e+02   0.0000000e+00
   2.3151900e+02   1.0000048e-02
   2.4831000e+02   1.0000182e-02
   2.6631900e+02   2.0000296e-02
   2.8563400e+02   2.9999256e-02
   3.0634900e+02   1.0000033e-02
   3.2856700e+02   9.9998637e-03
   3.5239600e+02   0.0000000e+00
   3.7795400e+02   0.0000000e+00
   4.0536500e+02   9.9999817e-03
   4.3476400e+02   9.9999305e-03
   4.6629500e+02   1.9999965e-02
   5.0011300e+02   3.0000252e-02
   5.3638400e+02   1.9999899e-02
   5.7528500e+02   1.0000127e-02
   6.1700800e+02   3.9999611e-02
   6.6175600e+02   2.0000060e-02
   7.0975000e+02   3.0000248e-02
   7.6122500e+02   2.9999594e-02
   8.1643200e+02   2.0000096e-02
   8.7564400e+02   9.9999723e-03
   9.3915000e+02   1.9999480e-02
   1.0072600e+03   2.9999370e-02
   1.0803100e+03   2.0000091e-02
   1.1586600e+03   3.0002868e-02
   1.2427000e+03   1.9998619e-02
   1.3328200e+03   2.9999108e-02
   1.4294800e+03   2.0001324e-02
   1.5331600e+03   0.0000000e+00
   1.6443500e+03   1.0000309e-02
   1.7636100e+03   9.9995801e-03
   1.8915100e+03   9.9998733e-03
   2.0286900e+03   9.9999406e-03
   2.1758200e+03   1.0000530e-02
   2.3336300e+03   9.9996469e-03
   2.5028700e+03   9.9999731e-03
   2.6843900e+03   1.0000232e-02
   2.8790800e+03   0.0000000e+00
   3.0878800e+03   2.0000123e-02
   3.3118300e+03   9.9999744e-03
   3.5520200e+03   9.9999823e-03
   3.8096300e+03   0.0000000e+00
   4.0859300e+03   9.9999522e-03
   4.3822600e+03   2.9999729e-02
   4.7000800e+03   0.0000000e+00
   5.0409500e+03   2.0000294e-02
   5.4065500e+03   2.0000041e-02
   5.7986600e+03   9.9998104e-03
   6.2192000e+03   3.0000192e-02
   6.6702500e+03   3.0000038e-02
   7.1540100e+03   0.0000000e+00
   7.6728600e+03   2.9999799e-02
   8.2293300e+03   0.0000000e+00
   8.8261600e+03   1.0000019e-02
   9.4662800e+03   9.9997130e-03
   1.0152800e+04   1.0000901e-02
   1.0889200e+04   1.9999074e-02
   1.1678900e+04   9.9998514e-03
   1.2525900e+04   9.9995764e-03
   1.3434300e+04   0.0000000e+00
   1.4408700e+04   9.9991601e-03
   1.5453600e+04   0.0000000e+00
   1.6574400e+04   0.0000000e+00
   1.7776500e+04   1.9999360e-02
   1.9065700e+04   0.0000000e+00
   2.0448500e+04   0.0000000e+00
   2.1931500e+04   0.0000000e+00
   2.3522100e+04   0.0000000e+00
   2.5228000e+04   0.0000000e+00
   2.7057700e+04   9.9997238e-03
   2.9020000e+04   0.0000000e+00
   3.1124700e+04   9.9999293e-03
   3.3382000e+04   0.0000000e+00
   3.5803000e+04   9.9999480e-03
   3.8399600e+04   0.0000000e+00
   4.1184600e+04   0.0000000e+00
   4.4171500e+04   0.0000000e+00
   4.7375000e+04   0.0000000e+00
   5.0810900e+04   0.0000000e+00
   5.4496000e+04   0.0000000e+00
   5.8448300e+04   0.0000000e+00
   6.2687200e+04   0.0000000e+00
   6.7233600e+04   0.0000000e+00
   7.2109700e+04   0.0000000e+00
   7.7339500e+04   0.0000000e+00
   8.2948500e+04   0.0000000e+00
   8.8964400e+04   0.0000000e+00
   9.5416500e+04   0.0000000e+00
   1.0233700e+05   0.0000000e+00
   1.0975900e+05   0.0000000e+00
   1.1771900e+05   0.0000000e+00
   1.2625600e+05   0.0000000e+00
   1.3541300e+05   0.0000000e+00
   1.4523400e+05   9.9999249e-03
