   1.7235300e+02   9.9996898e-03
   1.8324700e+02   0.0000000e+00
   1.9483000e+02   0.0000000e+00
   2.0714500e+02   1.0000346e-02
   2.2023900e+02   1.9999744e-02
   2.3416000e+02   9.9999108e-03
   2.4896100e+02   2.0000311e-02
   2.6469800e+02   1.9999568e-02
   2.8142900e+02   3.9999990e-02
   2.9921800e+02   1.0000305e-02
   3.1813200e+02   6.0000229e-02
   3.3824100e+02   9.9999819e-03
   3.5962100e+02   1.9999598e-02
   3.8235200e+02   1.9999769e-02
   4.0652000e+02   2.0000045e-02
   4.3221600e+02   3.0000917e-02
   4.5953700e+02   1.9999934e-02
   4.8858400e+02   1.9999923e-02
   5.1946700e+02   9.9999321e-03
   5.5230200e+02   2.0000163e-02
   5.8721300e+02   5.9999259e-02
   6.2433000e+02   1.0000099e-02
   6.6379400e+02   3.9999904e-02
   7.0575200e+02   0.0000000e+00
   7.5036200e+02   1.9999998e-02
   7.9779200e+02   9.9999733e-03
   8.4822000e+02   1.0000081e-02
   9.0183600e+02   9.9998697e-03
   9.5884000e+02   0.0000000e+00
   1.0194500e+03   2.0000372e-02
   1.0838900e+03   0.0000000e+00
   1.1524000e+03   1.9999315e-02
   1.2252400e+03   3.0001187e-02
   1.3026900e+03   1.9999398e-02
   1.3850300e+03   2.0000622e-02
   1.4725800e+03   9.9998636e-03
   1.5656600e+03   0.0000000e+00
   1.6646200e+03   3.0000011e-02
   1.7698400e+03   0.0000000e+00
   1.8817100e+03   3.0001926e-02
   2.0006600e+03   0.0000000e+00
   2.1271200e+03   1.9999438e-02
   2.2615700e+03   9.9997956e-03
   2.4045200e+03   0.0000000e+00
   2.5565100e+03   0.0000000e+00
   2.7181100e+03   2.9999916e-02
   2.8899200e+03   0.0000000e+00
   3.0725900e+03   2.0000387e-02
   3.2668100e+03   0.0000000e+00
   3.4733000e+03   1.0000195e-02
   3.6928500e+03   1.9999752e-02
   3.9262700e+03   0.0000000e+00
   4.1744500e+03   0.0000000e+00
   4.4383100e+03   9.9998764e-03
   4.7188500e+03   1.0000105e-02
   5.0171300e+03   0.0000000e+00
   5.3342600e+03   0.0000000e+00
   5.6714400e+03   1.0000043e-02
   6.0299300e+03   1.9999559e-02
   6.4110700e+03   1.0000233e-02
   6.8163200e+03   9.9998562e-03
   7.2471700e+03   0.0000000e+00
   7.7052600e+03   0.0000000e+00
   8.1923100e+03   0.0000000e+00
   8.7101400e+03   1.9999863e-02
   9.2607000e+03   0.0000000e+00
   9.8460700e+03   0.0000000e+00
   1.0468400e+04   0.0000000e+00
   1.1130100e+04   0.0000000e+00
   1.1833700e+04   1.0000012e-02
   1.2581700e+04   0.0000000e+00
   1.3377000e+04   9.9993903e-03
   1.4222500e+04   1.0000027e-02
   1.5121500e+04   0.0000000e+00
   1.6077300e+04   0.0000000e+00
   1.7093600e+04   9.9992965e-03
   1.8174000e+04   0.0000000e+00
   1.9322800e+04   0.0000000e+00
   2.0544200e+04   0.0000000e+00
   2.1842800e+04   0.0000000e+00
   2.3223500e+04   9.9997018e-03
   2.4691400e+04   0.0000000e+00
   2.6252100e+04   0.0000000e+00
   2.7911500e+04   0.0000000e+00
   2.9675800e+04   0.0000000e+00
   3.1551600e+04   0.0000000e+00
   3.3545900e+04   0.0000000e+00
   3.5666400e+04   0.0000000e+00
   3.7920800e+04   0.0000000e+00
   4.0317800e+04   9.9997432e-03
   4.2866200e+04   0.0000000e+00
   4.5575800e+04   0.0000000e+00
   4.8456600e+04   0.0000000e+00
   5.1519500e+04   1.0000237e-02
   5.4776100e+04   0.0000000e+00
   5.8238400e+04   0.0000000e+00
   6.1919700e+04   0.0000000e+00
   6.5833600e+04   9.9999784e-03
   6.9994900e+04   0.0000000e+00
