   1.2753900e+02   1.0000085e-02
   1.3846100e+02   0.0000000e+00
   1.5031800e+02   0.0000000e+00
   1.6319100e+02   0.0000000e+00
   1.7716600e+02   0.0000000e+00
   1.9233700e+02   0.0000000e+00
   2.0880800e+02   2.0000659e-02
   2.2669000e+02   2.0000243e-02
   2.4610300e+02   9.9999189e-03
   2.6717800e+02   3.0000027e-02
   2.9005800e+02   2.9999551e-02
   3.1489700e+02   0.0000000e+00
   3.4186400e+02   2.9999264e-02
   3.7113900e+02   4.0000177e-02
   4.0292200e+02   1.0000136e-02
   4.3742700e+02   1.9999810e-02
   4.7488600e+02   9.9999340e-03
   5.1555300e+02   4.0000209e-02
   5.5970300e+02   2.9999627e-02
   6.0763300e+02   4.0000646e-02
   6.5966900e+02   9.9999803e-03
   7.1616000e+02   4.0000062e-02
   7.7748900e+02   5.9999299e-02
   8.4406900e+02   3.0000192e-02
   9.1635200e+02   9.9999224e-03
   9.9482400e+02   1.0000392e-02
   1.0800200e+03   0.0000000e+00
   1.1725000e+03   3.0000500e-02
   1.2729100e+03   4.0001110e-02
   1.3819200e+03   2.9999545e-02
   1.5002600e+03   1.0000305e-02
   1.6287400e+03   2.0000316e-02
   1.7682200e+03   2.9999482e-02
   1.9196400e+03   0.0000000e+00
   2.0840300e+03   3.0000450e-02
   2.2625000e+03   9.9999800e-03
   2.4562500e+03   9.9998791e-03
   2.6665900e+03   0.0000000e+00
   2.8949400e+03   1.9999966e-02
   3.1428500e+03   9.9999774e-03
   3.4119900e+03   1.0000057e-02
   3.7041800e+03   9.9999818e-03
   4.0213900e+03   0.0000000e+00
   4.3657700e+03   9.9998577e-03
   4.7396300e+03   3.0000588e-02
   5.1455200e+03   0.0000000e+00
   5.5861600e+03   0.0000000e+00
   6.0645300e+03   9.9999956e-03
   6.5838700e+03   1.0000081e-02
   7.1476900e+03   0.0000000e+00
   7.7597800e+03   3.0000221e-02
   8.4243000e+03   0.0000000e+00
   9.1457200e+03   0.0000000e+00
   9.9289200e+03   1.0000143e-02
   1.0779200e+04   0.0000000e+00
   1.1702300e+04   0.0000000e+00
   1.2704400e+04   1.0000450e-02
   1.3792400e+04   9.9998422e-03
   1.4973500e+04   1.9998986e-02
   1.6255700e+04   1.0000206e-02
   1.7647800e+04   0.0000000e+00
   1.9159100e+04   0.0000000e+00
   2.0799800e+04   0.0000000e+00
   2.2581000e+04   1.9999486e-02
   2.4514700e+04   0.0000000e+00
   2.6614100e+04   0.0000000e+00
   2.8893200e+04   0.0000000e+00
   3.1367500e+04   0.0000000e+00
   3.4053700e+04   1.9999941e-02
   3.6969900e+04   1.9999750e-02
   4.0135800e+04   0.0000000e+00
   4.3572900e+04   0.0000000e+00
   4.7304300e+04   0.0000000e+00
   5.1355200e+04   0.0000000e+00
   5.5753000e+04   0.0000000e+00
   6.0527500e+04   0.0000000e+00
   6.5710800e+04   0.0000000e+00
   7.1338000e+04   0.0000000e+00
   7.7447100e+04   0.0000000e+00
   8.4079300e+04   0.0000000e+00
   9.1279500e+04   2.0000064e-02
   9.9096300e+04   0.0000000e+00
   1.0758200e+05   0.0000000e+00
   1.1679500e+05   0.0000000e+00
   1.2679700e+05   0.0000000e+00
   1.3765600e+05   0.0000000e+00
   1.4944400e+05   0.0000000e+00
   1.6224200e+05   0.0000000e+00
   1.7613500e+05   0.0000000e+00
   1.9121900e+05   0.0000000e+00
   2.0759400e+05   0.0000000e+00
   2.2537100e+05   0.0000000e+00
   2.4467100e+05   0.0000000e+00
   2.6562400e+05   0.0000000e+00
   2.8837100e+05   0.0000000e+00
   3.1306600e+05   0.0000000e+00
   3.3987500e+05   0.0000000e+00
   3.6898100e+05   0.0000000e+00
   4.0057800e+05   1.0000062e-02
