   1.6769000e+02   2.9999979e-02
   1.8327400e+02   9.9998449e-03
   2.0030600e+02   9.9999408e-03
   2.1892100e+02   0.0000000e+00
   2.3926600e+02   2.0000170e-02
   2.6150200e+02   2.0000616e-02
   2.8580500e+02   0.0000000e+00
   3.1236500e+02   4.9999840e-02
   3.4139400e+02   1.0000033e-02
   3.7312100e+02   0.0000000e+00
   4.0779700e+02   4.0000202e-02
   4.4569500e+02   9.9997892e-03
   4.8711400e+02   5.0000063e-02
   5.3238300e+02   2.0000335e-02
   5.8186000e+02   2.9999931e-02
   6.3593400e+02   2.9999834e-02
   6.9503300e+02   2.0000073e-02
   7.5962500e+02   1.9999916e-02
   8.3021900e+02   2.0000042e-02
   9.0737400e+02   2.9999884e-02
   9.9169900e+02   2.9999696e-02
   1.0838600e+03   1.0000323e-02
   1.1845900e+03   5.0001117e-02
   1.2946800e+03   9.9993010e-03
   1.4149900e+03   9.9999964e-03
   1.5464900e+03   2.9999825e-02
   1.6902100e+03   1.0000184e-02
   1.8472900e+03   1.0000308e-02
   2.0189700e+03   6.0000321e-02
   2.2066000e+03   1.9999399e-02
   2.4116600e+03   4.0001153e-02
   2.6357900e+03   9.9999123e-03
   2.8807400e+03   9.9997716e-03
   3.1484500e+03   1.0000132e-02
   3.4410500e+03   3.0000203e-02
   3.7608400e+03   0.0000000e+00
   4.1103400e+03   1.0000078e-02
   4.4923300e+03   0.0000000e+00
   4.9098200e+03   1.9999756e-02
   5.3661000e+03   1.0000031e-02
   5.8647900e+03   2.0000188e-02
   6.4098300e+03   9.9999184e-03
   7.0055100e+03   0.0000000e+00
   7.6565600e+03   9.9999814e-03
   8.3681100e+03   9.9999030e-03
   9.1457800e+03   1.0000002e-02
   9.9957300e+03   1.0000362e-02
   1.0924700e+04   0.0000000e+00
   1.1939900e+04   0.0000000e+00
   1.3049500e+04   0.0000000e+00
   1.4262300e+04   1.9999358e-02
   1.5587700e+04   0.0000000e+00
   1.7036300e+04   2.0000721e-02
   1.8619600e+04   0.0000000e+00
   2.0350000e+04   9.9995316e-03
   2.2241100e+04   0.0000000e+00
   2.4308100e+04   0.0000000e+00
   2.6567100e+04   1.0000117e-02
   2.9036100e+04   9.9999466e-03
   3.1734500e+04   0.0000000e+00
   3.4683700e+04   1.0000095e-02
   3.7907000e+04   0.0000000e+00
   4.1429800e+04   0.0000000e+00
   4.5280000e+04   0.0000000e+00
   4.9488000e+04   0.0000000e+00
   5.4087100e+04   1.0000021e-02
   5.9113600e+04   0.0000000e+00
   6.4607200e+04   0.0000000e+00
   7.0611300e+04   0.0000000e+00
   7.7173500e+04   0.0000000e+00
   8.4345500e+04   0.0000000e+00
   9.2184000e+04   1.0000088e-02
   1.0075100e+05   0.0000000e+00
   1.1011400e+05   0.0000000e+00
   1.2034700e+05   0.0000000e+00
   1.3153200e+05   0.0000000e+00
   1.4375500e+05   0.0000000e+00
   1.5711500e+05   0.0000000e+00
   1.7171600e+05   0.0000000e+00
   1.8767400e+05   9.9999020e-03
   2.0511500e+05   0.0000000e+00
   2.2417700e+05   0.0000000e+00
   2.4501100e+05   0.0000000e+00
   2.6778100e+05   0.0000000e+00
   2.9266600e+05   0.0000000e+00
   3.1986500e+05   9.9999750e-03
   3.4959100e+05   0.0000000e+00
   3.8207900e+05   0.0000000e+00
   4.1758700e+05   0.0000000e+00
   4.5639500e+05   0.0000000e+00
   4.9880900e+05   0.0000000e+00
   5.4516500e+05   0.0000000e+00
   5.9582900e+05   0.0000000e+00
   6.5120100e+05   0.0000000e+00
   7.1172000e+05   0.0000000e+00
   7.7786200e+05   0.0000000e+00
   8.5015100e+05   0.0000000e+00
   9.2915900e+05   0.0000000e+00
   1.0155100e+06   0.0000000e+00
