   1.9670800e+02   9.9997035e-03
   2.1694200e+02   1.9999934e-02
   2.3925800e+02   3.0000305e-02
   2.6387000e+02   9.9998612e-03
   2.9101300e+02   2.0000331e-02
   3.2094900e+02   5.0000227e-02
   3.5396400e+02   9.9999899e-03
   3.9037500e+02   4.9999440e-02
   4.3053100e+02   2.9999837e-02
   4.7481800e+02   2.0000036e-02
   5.2366100e+02   4.0000599e-02
   5.7752900e+02   2.9999852e-02
   6.3693700e+02   2.9999774e-02
   7.0245600e+02   6.0000657e-02
   7.7471600e+02   5.9999788e-02
   8.5440800e+02   0.0000000e+00
   9.4229800e+02   3.0000357e-02
   1.0392300e+03   3.9999308e-02
   1.1461300e+03   3.0000362e-02
   1.2640300e+03   9.9995262e-03
   1.3940500e+03   1.0000596e-02
   1.5374600e+03   9.9998245e-03
   1.6956100e+03   2.9999717e-02
   1.8700300e+03   4.9999173e-02
   2.0623900e+03   1.9999890e-02
   2.2745400e+03   1.0000235e-02
   2.5085200e+03   1.9999803e-02
   2.7665600e+03   1.0000123e-02
   3.0511500e+03   9.9999876e-03
   3.3650100e+03   2.9999435e-02
   3.7111500e+03   2.0000368e-02
   4.0929100e+03   9.9999407e-03
   4.5139300e+03   0.0000000e+00
   4.9782600e+03   1.0000084e-02
   5.4903600e+03   2.9999792e-02
   6.0551300e+03   0.0000000e+00
   6.6780000e+03   0.0000000e+00
   7.3649500e+03   9.9999412e-03
   8.1225500e+03   0.0000000e+00
   8.9580900e+03   0.0000000e+00
   9.8795800e+03   0.0000000e+00
   1.0895900e+04   1.9999667e-02
   1.2016700e+04   9.9999007e-03
   1.3252800e+04   9.9995082e-03
   1.4616000e+04   1.0000654e-02
   1.6119600e+04   0.0000000e+00
   1.7777700e+04   9.9998436e-03
   1.9606400e+04   0.0000000e+00
   2.1623300e+04   0.0000000e+00
   2.3847600e+04   0.0000000e+00
   2.6300700e+04   0.0000000e+00
   2.9006200e+04   9.9997810e-03
   3.1989900e+04   0.0000000e+00
   3.5280600e+04   0.0000000e+00
   3.8909800e+04   0.0000000e+00
   4.2912300e+04   1.0000155e-02
   4.7326600e+04   9.9999750e-03
   5.2194900e+04   1.0000002e-02
   5.7564000e+04   1.0000001e-02
   6.3485400e+04   9.9999587e-03
   7.0015900e+04   0.0000000e+00
   7.7218200e+04   0.0000000e+00
   8.5161400e+04   0.0000000e+00
   9.3921600e+04   1.0000032e-02
   1.0358300e+05   0.0000000e+00
   1.1423800e+05   0.0000000e+00
   1.2599000e+05   0.0000000e+00
   1.3895000e+05   0.0000000e+00
   1.5324300e+05   0.0000000e+00
   1.6900600e+05   0.0000000e+00
   1.8639100e+05   0.0000000e+00
   2.0556500e+05   0.0000000e+00
   2.2671100e+05   0.0000000e+00
   2.5003200e+05   0.0000000e+00
   2.7575100e+05   0.0000000e+00
   3.0411700e+05   0.0000000e+00
   3.3540000e+05   0.0000000e+00
   3.6990200e+05   0.0000000e+00
   4.0795200e+05   0.0000000e+00
   4.4991700e+05   0.0000000e+00
   4.9619800e+05   0.0000000e+00
   5.4724100e+05   0.0000000e+00
   6.0353300e+05   0.0000000e+00
   6.6561700e+05   0.0000000e+00
   7.3408600e+05   0.0000000e+00
   8.0959900e+05   0.0000000e+00
   8.9288000e+05   0.0000000e+00
   9.8472700e+05   0.0000000e+00
   1.0860200e+06   0.0000000e+00
   1.1977400e+06   0.0000000e+00
   1.3209400e+06   0.0000000e+00
   1.4568300e+06   0.0000000e+00
   1.6066800e+06   0.0000000e+00
   1.7719600e+06   0.0000000e+00
   1.9542300e+06   0.0000000e+00
   2.1552600e+06   0.0000000e+00
   2.3769600e+06   0.0000000e+00
   2.6214700e+06   0.0000000e+00
   2.8911300e+06   9.9999858e-03
