   3.6245700e+02   1.0000079e-02
   3.9215700e+02   0.0000000e+00
   4.2429000e+02   0.0000000e+00
   4.5905600e+02   9.9999854e-03
   4.9667100e+02   3.0000531e-02
   5.3736900e+02   0.0000000e+00
   5.8140100e+02   0.0000000e+00
   6.2904100e+02   1.9999766e-02
   6.8058400e+02   9.9999711e-03
   7.3635100e+02   2.0000147e-02
   7.9668800e+02   1.0000070e-02
   8.6196900e+02   0.0000000e+00
   9.3259800e+02   2.0001242e-02
   1.0090200e+03   9.9989365e-03
   1.0916900e+03   1.0000733e-02
   1.1811500e+03   0.0000000e+00
   1.2779300e+03   1.9999296e-02
   1.3826400e+03   3.0001613e-02
   1.4959400e+03   1.0000223e-02
   1.6185200e+03   1.9999759e-02
   1.7511400e+03   0.0000000e+00
   1.8946300e+03   0.0000000e+00
   2.0498700e+03   0.0000000e+00
   2.2178400e+03   4.0000045e-02
   2.3995700e+03   9.9999752e-03
   2.5961900e+03   2.9999823e-02
   2.8089200e+03   4.9999268e-02
   3.0390800e+03   9.9998961e-03
   3.2881000e+03   3.0000222e-02
   3.5575300e+03   1.0000192e-02
   3.8490400e+03   1.9999984e-02
   4.1644300e+03   2.9999713e-02
   4.5056600e+03   0.0000000e+00
   4.8748500e+03   1.0000111e-02
   5.2743000e+03   5.0000633e-02
   5.7064800e+03   1.9999612e-02
   6.1740600e+03   0.0000000e+00
   6.6799700e+03   9.9998656e-03
   7.2273200e+03   1.0000058e-02
   7.8195300e+03   2.9999876e-02
   8.4602600e+03   1.0000056e-02
   9.1535000e+03   2.0000042e-02
   9.9035400e+03   1.9999081e-02
   1.0715000e+04   3.0000382e-02
   1.1593000e+04   1.0000745e-02
   1.2543000e+04   0.0000000e+00
   1.3570700e+04   3.0000426e-02
   1.4682700e+04   9.9999867e-03
   1.5885800e+04   2.0000230e-02
   1.7187500e+04   0.0000000e+00
   1.8595800e+04   2.0000789e-02
   2.0119600e+04   1.0000012e-02
   2.1768200e+04   1.0000082e-02
   2.3551900e+04   9.9997797e-03
   2.5481700e+04   1.0000142e-02
   2.7569700e+04   9.9997346e-03
   2.9828700e+04   0.0000000e+00
   3.2272900e+04   1.0000203e-02
   3.4917400e+04   1.9999804e-02
   3.7778500e+04   2.0000207e-02
   4.0874100e+04   0.0000000e+00
   4.4223300e+04   1.9999699e-02
   4.7846900e+04   0.0000000e+00
   5.1767500e+04   0.0000000e+00
   5.6009300e+04   9.9999813e-03
   6.0598700e+04   0.0000000e+00
   6.5564200e+04   1.9999891e-02
   7.0936500e+04   0.0000000e+00
   7.6749100e+04   1.9999956e-02
   8.3037900e+04   0.0000000e+00
   8.9842000e+04   0.0000000e+00
   9.7203700e+04   1.0000514e-02
   1.0516900e+05   0.0000000e+00
   1.1378600e+05   0.0000000e+00
   1.2311000e+05   0.0000000e+00
   1.3319700e+05   0.0000000e+00
   1.4411200e+05   0.0000000e+00
   1.5592000e+05   0.0000000e+00
   1.6869600e+05   2.0000084e-02
   1.8251900e+05   1.0000255e-02
   1.9747500e+05   0.0000000e+00
   2.1365600e+05   0.0000000e+00
   2.3116300e+05   0.0000000e+00
   2.5010400e+05   0.0000000e+00
   2.7059800e+05   1.0000090e-02
   2.9277100e+05   0.0000000e+00
   3.1676000e+05   0.0000000e+00
   3.4271600e+05   0.0000000e+00
   3.7079800e+05   0.0000000e+00
   4.0118100e+05   0.0000000e+00
   4.3405400e+05   9.9999144e-03
   4.6962000e+05   0.0000000e+00
   5.0810100e+05   0.0000000e+00
   5.4973400e+05   0.0000000e+00
   5.9478000e+05   0.0000000e+00
   6.4351600e+05   0.0000000e+00
   6.9624600e+05   0.0000000e+00
   7.5329600e+05   0.0000000e+00
   8.1502100e+05   1.0000020e-02
