   1.3883500e+02   9.9997812e-03
   1.5015300e+02   0.0000000e+00
   1.6239400e+02   1.0000105e-02
   1.7563300e+02   0.0000000e+00
   1.8995100e+02   4.0001577e-02
   2.0543700e+02   0.0000000e+00
   2.2218500e+02   0.0000000e+00
   2.4029800e+02   9.9996164e-03
   2.5988700e+02   0.0000000e+00
   2.8107400e+02   1.0000013e-02
   3.0398800e+02   1.0000008e-02
   3.2877000e+02   9.9998798e-03
   3.5557200e+02   1.0000251e-02
   3.8456000e+02   0.0000000e+00
   4.1591000e+02   2.9999825e-02
   4.4981600e+02   5.0000909e-02
   4.8648700e+02   4.0000283e-02
   5.2614700e+02   9.9999882e-03
   5.6904000e+02   2.9999534e-02
   6.1542900e+02   1.0000082e-02
   6.6560100e+02   4.0000210e-02
   7.1986300e+02   4.9999737e-02
   7.7854800e+02   4.9999609e-02
   8.4201700e+02   2.0000116e-02
   9.1066100e+02   1.0000054e-02
   9.8490100e+02   2.9998861e-02
   1.0651900e+03   1.0000234e-02
   1.1520300e+03   2.0000640e-02
   1.2459500e+03   1.9999336e-02
   1.3475200e+03   3.9998582e-02
   1.4573700e+03   0.0000000e+00
   1.5761800e+03   2.0000768e-02
   1.7046800e+03   2.9999871e-02
   1.8436500e+03   2.0000120e-02
   1.9939500e+03   2.9999578e-02
   2.1565000e+03   1.0000337e-02
   2.3323100e+03   1.9999394e-02
   2.5224400e+03   3.0000408e-02
   2.7280800e+03   2.9999981e-02
   2.9504800e+03   9.9999385e-03
   3.1910100e+03   1.9999953e-02
   3.4511500e+03   0.0000000e+00
   3.7325000e+03   0.0000000e+00
   4.0367800e+03   1.9999984e-02
   4.3658700e+03   0.0000000e+00
   4.7217900e+03   1.0000164e-02
   5.1067300e+03   9.9998911e-03
   5.5230400e+03   0.0000000e+00
   5.9733000e+03   0.0000000e+00
   6.4602600e+03   2.0000019e-02
   6.9869200e+03   0.0000000e+00
   7.5565100e+03   3.0000045e-02
   8.1725400e+03   1.0000013e-02
   8.8387900e+03   9.9999317e-03
   9.5593500e+03   3.0001702e-02
   1.0338700e+04   0.0000000e+00
   1.1181500e+04   0.0000000e+00
   1.2093000e+04   1.0000378e-02
   1.3078900e+04   0.0000000e+00
   1.4145100e+04   0.0000000e+00
   1.5298300e+04   0.0000000e+00
   1.6545400e+04   0.0000000e+00
   1.7894300e+04   0.0000000e+00
   1.9353100e+04   0.0000000e+00
   2.0930800e+04   9.9997711e-03
   2.2637100e+04   2.0000606e-02
   2.4482600e+04   0.0000000e+00
   2.6478500e+04   0.0000000e+00
   2.8637100e+04   0.0000000e+00
   3.0971600e+04   1.0000018e-02
   3.3496500e+04   0.0000000e+00
   3.6227300e+04   0.0000000e+00
   3.9180600e+04   0.0000000e+00
   4.2374700e+04   0.0000000e+00
   4.5829200e+04   1.0000163e-02
   4.9565400e+04   0.0000000e+00
   5.3606100e+04   0.0000000e+00
   5.7976200e+04   0.0000000e+00
   6.2702600e+04   0.0000000e+00
   6.7814300e+04   0.0000000e+00
   7.3342700e+04   0.0000000e+00
   7.9321800e+04   0.0000000e+00
   8.5788400e+04   0.0000000e+00
   9.2782100e+04   0.0000000e+00
   1.0034600e+05   0.0000000e+00
   1.0852600e+05   0.0000000e+00
   1.1737400e+05   0.0000000e+00
   1.2694300e+05   0.0000000e+00
   1.3729100e+05   0.0000000e+00
   1.4848400e+05   0.0000000e+00
   1.6058800e+05   0.0000000e+00
   1.7368000e+05   0.0000000e+00
   1.8783900e+05   0.0000000e+00
   2.0315200e+05   0.0000000e+00
   2.1971400e+05   0.0000000e+00
   2.3762500e+05   0.0000000e+00
   2.5699700e+05   0.0000000e+00
   2.7794800e+05   0.0000000e+00
   3.0060800e+05   0.0000000e+00
