   1.8947500e+02   1.9998961e-02
   2.0307400e+02   0.0000000e+00
   2.1765000e+02   0.0000000e+00
   2.3327200e+02   3.0001229e-02
   2.5001600e+02   0.0000000e+00
   2.6796100e+02   1.9999820e-02
   2.8719400e+02   1.0000181e-02
   3.0780800e+02   2.9999643e-02
   3.2990100e+02   2.0000041e-02
   3.5358000e+02   2.9999334e-02
   3.7895800e+02   1.9999915e-02
   4.0615800e+02   3.0000478e-02
   4.3531100e+02   3.0000137e-02
   4.6655600e+02   9.9998545e-03
   5.0004300e+02   1.9999937e-02
   5.3593400e+02   3.0000616e-02
   5.7440200e+02   0.0000000e+00
   6.1563000e+02   0.0000000e+00
   6.5981700e+02   2.9999985e-02
   7.0717600e+02   5.0000711e-02
   7.5793500e+02   9.9998830e-03
   8.1233600e+02   3.9999840e-02
   8.7064200e+02   1.9999932e-02
   9.3313300e+02   2.0000136e-02
   1.0001100e+03   9.9994565e-03
   1.0718900e+03   3.0001445e-02
   1.1488300e+03   2.0000343e-02
   1.2312900e+03   4.0001407e-02
   1.3196700e+03   0.0000000e+00
   1.4143900e+03   9.9991207e-03
   1.5159000e+03   2.0000801e-02
   1.6247100e+03   1.0000410e-02
   1.7413300e+03   9.9995748e-03
   1.8663100e+03   1.0000275e-02
   2.0002700e+03   1.9999875e-02
   2.1438400e+03   0.0000000e+00
   2.2977100e+03   2.0001061e-02
   2.4626400e+03   9.9995429e-03
   2.6393900e+03   2.0000615e-02
   2.8288400e+03   0.0000000e+00
   3.0318800e+03   0.0000000e+00
   3.2495000e+03   1.9999496e-02
   3.4827300e+03   1.0000125e-02
   3.7327100e+03   1.0000034e-02
   4.0006300e+03   2.0000055e-02
   4.2877800e+03   1.0000015e-02
   4.5955400e+03   1.0000029e-02
   4.9253900e+03   2.9999636e-02
   5.2789100e+03   0.0000000e+00
   5.6578100e+03   9.9998850e-03
   6.0639000e+03   1.0000173e-02
   6.4991500e+03   9.9999318e-03
   6.9656300e+03   0.0000000e+00
   7.4655900e+03   2.0000012e-02
   8.0014400e+03   1.0000175e-02
   8.5757600e+03   0.0000000e+00
   9.1912900e+03   0.0000000e+00
   9.8510000e+03   1.0000515e-02
   1.0558100e+04   0.0000000e+00
   1.1315900e+04   0.0000000e+00
   1.2128100e+04   0.0000000e+00
   1.2998600e+04   0.0000000e+00
   1.3931600e+04   1.9998900e-02
   1.4931500e+04   0.0000000e+00
   1.6003300e+04   0.0000000e+00
   1.7151900e+04   1.0000041e-02
   1.8383000e+04   0.0000000e+00
   1.9702500e+04   0.0000000e+00
   2.1116600e+04   0.0000000e+00
   2.2632300e+04   0.0000000e+00
   2.4256800e+04   1.9999389e-02
   2.5997800e+04   9.9998940e-03
   2.7863800e+04   1.0000240e-02
   2.9863800e+04   0.0000000e+00
   3.2007300e+04   0.0000000e+00
   3.4304600e+04   0.0000000e+00
   3.6766900e+04   0.0000000e+00
   3.9405900e+04   0.0000000e+00
   4.2234300e+04   0.0000000e+00
   4.5265700e+04   0.0000000e+00
   4.8514700e+04   0.0000000e+00
   5.1996800e+04   0.0000000e+00
   5.5729000e+04   1.0000000e-02
   5.9729000e+04   1.0000004e-02
   6.4016100e+04   0.0000000e+00
   6.8610900e+04   0.0000000e+00
   7.3535500e+04   0.0000000e+00
   7.8813600e+04   0.0000000e+00
   8.4470500e+04   0.0000000e+00
   9.0533500e+04   0.0000000e+00
   9.7031600e+04   0.0000000e+00
   1.0399600e+05   0.0000000e+00
   1.1146100e+05   0.0000000e+00
   1.1946100e+05   0.0000000e+00
   1.2803500e+05   0.0000000e+00
   1.3722500e+05   0.0000000e+00
   1.4707400e+05   0.0000000e+00
   1.5763100e+05   0.0000000e+00
   1.6894500e+05   2.9999481e-02
