   1.4732800e+02   9.9994099e-03
   1.6049300e+02   1.0000470e-02
   1.7483600e+02   1.0000001e-02
   1.9046000e+02   9.9998627e-03
   2.0748000e+02   0.0000000e+00
   2.2602100e+02   9.9999288e-03
   2.4621900e+02   0.0000000e+00
   2.6822200e+02   2.0000496e-02
   2.9219200e+02   1.9999668e-02
   3.1830300e+02   2.0000106e-02
   3.4674800e+02   2.0000125e-02
   3.7773500e+02   2.0000059e-02
   4.1149100e+02   4.9999256e-02
   4.4826300e+02   1.0000088e-02
   4.8832200e+02   9.9999095e-03
   5.3196000e+02   3.9999947e-02
   5.7949800e+02   6.9999654e-02
   6.3128400e+02   5.0000784e-02
   6.8769900e+02   4.9999604e-02
   7.4915400e+02   2.9999821e-02
   8.1610100e+02   2.0000233e-02
   8.8903200e+02   1.9999908e-02
   9.6847900e+02   7.0003141e-02
   1.0550300e+03   2.9999613e-02
   1.1493100e+03   1.9998668e-02
   1.2520100e+03   1.0000448e-02
   1.3639000e+03   0.0000000e+00
   1.4857800e+03   1.0000339e-02
   1.6185600e+03   9.9999468e-03
   1.7632000e+03   1.0000227e-02
   1.9207700e+03   2.9998724e-02
   2.0924100e+03   4.0000714e-02
   2.2794000e+03   1.0000183e-02
   2.4831000e+03   1.9999168e-02
   2.7049900e+03   3.0000143e-02
   2.9467200e+03   1.9999914e-02
   3.2100500e+03   2.0000462e-02
   3.4969200e+03   2.0000094e-02
   3.8094200e+03   1.9999743e-02
   4.1498400e+03   1.0000082e-02
   4.5206900e+03   9.9998381e-03
   4.9246700e+03   2.0000066e-02
   5.3647600e+03   0.0000000e+00
   5.8441800e+03   0.0000000e+00
   6.3664400e+03   0.0000000e+00
   6.9353700e+03   0.0000000e+00
   7.5551400e+03   0.0000000e+00
   8.2303000e+03   0.0000000e+00
   8.9657900e+03   0.0000000e+00
   9.7670100e+03   0.0000000e+00
   1.0639800e+04   9.9998488e-03
   1.1590600e+04   1.0000131e-02
   1.2626400e+04   0.0000000e+00
   1.3754800e+04   1.0000144e-02
   1.4984000e+04   0.0000000e+00
   1.6323000e+04   2.0000236e-02
   1.7781700e+04   0.0000000e+00
   1.9370700e+04   0.0000000e+00
   2.1101800e+04   0.0000000e+00
   2.2987500e+04   1.0000230e-02
   2.5041800e+04   0.0000000e+00
   2.7279600e+04   0.0000000e+00
   2.9717400e+04   0.0000000e+00
   3.2373100e+04   0.0000000e+00
   3.5266100e+04   0.0000000e+00
   3.8417600e+04   9.9998650e-03
   4.1850700e+04   0.0000000e+00
   4.5590700e+04   0.0000000e+00
   4.9664800e+04   0.0000000e+00
   5.4103100e+04   0.0000000e+00
   5.8937900e+04   0.0000000e+00
   6.4204900e+04   0.0000000e+00
   6.9942500e+04   0.0000000e+00
   7.6192800e+04   0.0000000e+00
   8.3001700e+04   0.0000000e+00
   9.0419100e+04   0.0000000e+00
   9.8499300e+04   1.0000483e-02
   1.0730200e+05   0.0000000e+00
   1.1689000e+05   0.0000000e+00
   1.2733600e+05   0.0000000e+00
   1.3871600e+05   0.0000000e+00
   1.5111200e+05   0.0000000e+00
   1.6461600e+05   0.0000000e+00
   1.7932600e+05   0.0000000e+00
   1.9535200e+05   0.0000000e+00
   2.1280900e+05   0.0000000e+00
   2.3182700e+05   0.0000000e+00
   2.5254300e+05   0.0000000e+00
   2.7511200e+05   0.0000000e+00
   2.9969700e+05   0.0000000e+00
   3.2647900e+05   0.0000000e+00
   3.5565400e+05   0.0000000e+00
   3.8743700e+05   0.0000000e+00
   4.2206000e+05   0.0000000e+00
   4.5977700e+05   0.0000000e+00
   5.0086500e+05   0.0000000e+00
   5.4562400e+05   0.0000000e+00
   5.9438300e+05   0.0000000e+00
   6.4749900e+05   1.0000172e-02
