   1.9605400e+02   1.9999356e-02
   2.1182400e+02   9.9999335e-03
   2.2886300e+02   1.0000128e-02
   2.4727300e+02   1.0000180e-02
   2.6716400e+02   0.0000000e+00
   2.8865400e+02   2.0000570e-02
   3.1187400e+02   1.9999933e-02
   3.3696100e+02   3.9999933e-02
   3.6406600e+02   1.9999722e-02
   3.9335100e+02   3.0000824e-02
   4.2499300e+02   9.9998836e-03
   4.5917900e+02   9.9999049e-03
   4.9611500e+02   0.0000000e+00
   5.3602300e+02   4.9999336e-02
   5.7914000e+02   2.0000022e-02
   6.2572600e+02   1.0000107e-02
   6.7606000e+02   1.9999959e-02
   7.3044200e+02   9.9999187e-03
   7.8919800e+02   9.9999691e-03
   8.5268100e+02   0.0000000e+00
   9.2127100e+02   4.0000068e-02
   9.9537800e+02   1.0000512e-02
   1.0754500e+03   3.9995956e-02
   1.1619500e+03   0.0000000e+00
   1.2554200e+03   5.0001967e-02
   1.3564100e+03   4.0000272e-02
   1.4655200e+03   2.9998456e-02
   1.5834000e+03   1.0000099e-02
   1.7107700e+03   4.0001593e-02
   1.8483900e+03   9.9997262e-03
   1.9970700e+03   9.9997436e-03
   2.1577100e+03   2.0000471e-02
   2.3312800e+03   1.0000112e-02
   2.5188100e+03   1.9999734e-02
   2.7214200e+03   9.9999620e-03
   2.9403300e+03   1.9999989e-02
   3.1768500e+03   1.0000157e-02
   3.4324000e+03   1.9999883e-02
   3.7085000e+03   0.0000000e+00
   4.0068100e+03   0.0000000e+00
   4.3291200e+03   0.0000000e+00
   4.6773500e+03   1.0000123e-02
   5.0536000e+03   1.9999967e-02
   5.4601100e+03   9.9999772e-03
   5.8993200e+03   0.0000000e+00
   6.3738600e+03   9.9999471e-03
   6.8865700e+03   0.0000000e+00
   7.4405300e+03   3.9999680e-02
   8.0390400e+03   0.0000000e+00
   8.6857000e+03   0.0000000e+00
   9.3843800e+03   2.0001077e-02
   1.0139300e+04   9.9999900e-03
   1.0954900e+04   1.9999803e-02
   1.1836100e+04   0.0000000e+00
   1.2788200e+04   1.9998453e-02
   1.3816800e+04   0.0000000e+00
   1.4928300e+04   1.9999564e-02
   1.6129100e+04   9.9998273e-03
   1.7426500e+04   1.0000091e-02
   1.8828300e+04   9.9996983e-03
   2.0342800e+04   0.0000000e+00
   2.1979200e+04   0.0000000e+00
   2.3747200e+04   1.9999794e-02
   2.5657400e+04   0.0000000e+00
   2.7721300e+04   0.0000000e+00
   2.9951200e+04   0.0000000e+00
   3.2360500e+04   1.0000095e-02
   3.4963600e+04   0.0000000e+00
   3.7776000e+04   0.0000000e+00
   4.0814700e+04   1.0000200e-02
   4.4097900e+04   9.9999115e-03
   4.7645100e+04   0.0000000e+00
   5.1477700e+04   0.0000000e+00
   5.5618500e+04   0.0000000e+00
   6.0092500e+04   9.9999238e-03
   6.4926300e+04   0.0000000e+00
   7.0149000e+04   0.0000000e+00
   7.5791800e+04   0.0000000e+00
   8.1888400e+04   0.0000000e+00
   8.8475500e+04   0.0000000e+00
   9.5592500e+04   0.0000000e+00
   1.0328200e+05   0.0000000e+00
   1.1159000e+05   0.0000000e+00
   1.2056600e+05   0.0000000e+00
   1.3026500e+05   0.0000000e+00
   1.4074300e+05   9.9996921e-03
   1.5206400e+05   0.0000000e+00
   1.6429600e+05   0.0000000e+00
   1.7751200e+05   0.0000000e+00
   1.9179100e+05   0.0000000e+00
   2.0721900e+05   0.0000000e+00
   2.2388800e+05   0.0000000e+00
   2.4189700e+05   0.0000000e+00
   2.6135600e+05   0.0000000e+00
   2.8237900e+05   0.0000000e+00
   3.0509300e+05   0.0000000e+00
   3.2963500e+05   0.0000000e+00
   3.5615100e+05   0.0000000e+00
   3.8480000e+05   0.0000000e+00
