   2.7822300e+02   9.9997421e-03
   3.0060300e+02   0.0000000e+00
   3.2478400e+02   9.9999878e-03
   3.5091000e+02   0.0000000e+00
   3.7913800e+02   0.0000000e+00
   4.0963600e+02   1.0000108e-02
   4.4258800e+02   9.9999254e-03
   4.7819000e+02   0.0000000e+00
   5.1665600e+02   1.0000117e-02
   5.5821700e+02   2.0000152e-02
   6.0312100e+02   9.9998633e-03
   6.5163600e+02   1.0000130e-02
   7.0405500e+02   0.0000000e+00
   7.6069000e+02   2.0000034e-02
   8.2188100e+02   2.9999964e-02
   8.8799400e+02   9.9999828e-03
   9.5942500e+02   9.9997191e-03
   1.0366000e+03   2.0001092e-02
   1.1199900e+03   1.9999259e-02
   1.2100800e+03   9.9999329e-03
   1.3074200e+03   0.0000000e+00
   1.4125900e+03   9.9999513e-03
   1.5262200e+03   9.9998989e-03
   1.6489900e+03   3.0000655e-02
   1.7816400e+03   2.0000306e-02
   1.9249600e+03   1.9999289e-02
   2.0798000e+03   3.0001360e-02
   2.2471100e+03   1.0000005e-02
   2.4278700e+03   2.9999838e-02
   2.6231700e+03   0.0000000e+00
   2.8341800e+03   9.9997955e-03
   3.0621600e+03   3.0000777e-02
   3.3084900e+03   2.9998972e-02
   3.5746200e+03   3.0000379e-02
   3.8621700e+03   1.0000075e-02
   4.1728500e+03   2.0000058e-02
   4.5085200e+03   1.9999945e-02
   4.8711900e+03   9.9998744e-03
   5.2630300e+03   1.0000126e-02
   5.6864000e+03   1.9999958e-02
   6.1438200e+03   5.0000237e-02
   6.6380400e+03   0.0000000e+00
   7.1720100e+03   9.9999274e-03
   7.7489300e+03   1.0000119e-02
   8.3722700e+03   1.9999837e-02
   9.0457400e+03   1.9999970e-02
   9.7733900e+03   0.0000000e+00
   1.0559600e+04   2.9999109e-02
   1.1409000e+04   1.0000532e-02
   1.2326800e+04   9.9991784e-03
   1.3318300e+04   1.0000533e-02
   1.4389700e+04   1.9999632e-02
   1.5547200e+04   9.9997101e-03
   1.6797800e+04   2.0000862e-02
   1.8149100e+04   0.0000000e+00
   1.9609000e+04   0.0000000e+00
   2.1186400e+04   0.0000000e+00
   2.2890600e+04   0.0000000e+00
   2.4732000e+04   1.0000142e-02
   2.6721500e+04   9.9999684e-03
   2.8871000e+04   0.0000000e+00
   3.1193400e+04   9.9998646e-03
   3.3702600e+04   0.0000000e+00
   3.6413700e+04   1.0000142e-02
   3.9342900e+04   9.9997241e-03
   4.2507600e+04   0.0000000e+00
   4.5927000e+04   1.9999856e-02
   4.9621400e+04   9.9999958e-03
   5.3613000e+04   2.0000017e-02
   5.7925700e+04   1.0000182e-02
   6.2585400e+04   1.9999859e-02
   6.7619800e+04   9.9999561e-03
   7.3059200e+04   1.0000068e-02
   7.8936200e+04   0.0000000e+00
   8.5285900e+04   1.0000002e-02
   9.2146400e+04   0.0000000e+00
   9.9558800e+04   0.0000000e+00
   1.0756700e+05   1.0000186e-02
   1.1622000e+05   0.0000000e+00
   1.2556900e+05   0.0000000e+00
   1.3567000e+05   0.0000000e+00
   1.4658400e+05   0.0000000e+00
   1.5837500e+05   1.0000097e-02
   1.7111500e+05   0.0000000e+00
   1.8487900e+05   1.0000052e-02
   1.9975100e+05   0.0000000e+00
   2.1582000e+05   9.9995510e-03
   2.3318000e+05   0.0000000e+00
   2.5193800e+05   0.0000000e+00
   2.7220400e+05   0.0000000e+00
   2.9410000e+05   0.0000000e+00
   3.1775800e+05   0.0000000e+00
   3.4331900e+05   0.0000000e+00
   3.7093600e+05   0.0000000e+00
   4.0077500e+05   0.0000000e+00
   4.3301300e+05   0.0000000e+00
   4.6784500e+05   0.0000000e+00
   5.0547900e+05   1.0000168e-02
   5.4614100e+05   0.0000000e+00
