   1.6591900e+02   9.9998250e-03
   1.7882200e+02   1.0000218e-02
   1.9272900e+02   0.0000000e+00
   2.0771700e+02   0.0000000e+00
   2.2387100e+02   2.9999867e-02
   2.4128100e+02   3.9999969e-02
   2.6004500e+02   1.9999738e-02
   2.8026800e+02   0.0000000e+00
   3.0206400e+02   1.9999979e-02
   3.2555500e+02   2.0000081e-02
   3.5087300e+02   2.0000143e-02
   3.7816000e+02   2.9999101e-02
   4.0756800e+02   1.0000025e-02
   4.3926400e+02   2.0000070e-02
   4.7342500e+02   5.0000685e-02
   5.1024300e+02   0.0000000e+00
   5.4992400e+02   1.9999691e-02
   5.9269000e+02   1.0000107e-02
   6.3878300e+02   2.9999940e-02
   6.8846000e+02   9.9999335e-03
   7.4200000e+02   1.0000161e-02
   7.9970500e+02   2.9999632e-02
   8.6189600e+02   1.0000124e-02
   9.2892500e+02   2.0001100e-02
   1.0011700e+03   1.9997641e-02
   1.0790200e+03   1.0000746e-02
   1.1629400e+03   1.0000041e-02
   1.2533800e+03   9.9996422e-03
   1.3508500e+03   1.0000609e-02
   1.4559100e+03   0.0000000e+00
   1.5691300e+03   1.0000102e-02
   1.6911600e+03   3.0000238e-02
   1.8226800e+03   2.9998562e-02
   1.9644200e+03   3.0000056e-02
   2.1171900e+03   2.9999889e-02
   2.2818400e+03   2.0000452e-02
   2.4593000e+03   2.0000441e-02
   2.6505600e+03   0.0000000e+00
   2.8566800e+03   0.0000000e+00
   3.0788400e+03   4.0000607e-02
   3.3182800e+03   1.0000109e-02
   3.5763400e+03   1.0000136e-02
   3.8544700e+03   9.9998099e-03
   4.1542200e+03   1.0000083e-02
   4.4772900e+03   2.9999876e-02
   4.8254800e+03   0.0000000e+00
   5.2007500e+03   9.9999049e-03
   5.6052000e+03   1.0000037e-02
   6.0411100e+03   2.0000094e-02
   6.5109200e+03   2.9999784e-02
   7.0172600e+03   0.0000000e+00
   7.5629800e+03   1.0000125e-02
   8.1511500e+03   0.0000000e+00
   8.7850500e+03   0.0000000e+00
   9.4682500e+03   2.0000518e-02
   1.0204600e+04   1.0000074e-02
   1.0998200e+04   0.0000000e+00
   1.1853500e+04   1.9999465e-02
   1.2775300e+04   0.0000000e+00
   1.3768800e+04   0.0000000e+00
   1.4839600e+04   0.0000000e+00
   1.5993700e+04   9.9999903e-03
   1.7237500e+04   0.0000000e+00
   1.8578000e+04   1.0000140e-02
   2.0022800e+04   0.0000000e+00
   2.1579900e+04   9.9997896e-03
   2.3258100e+04   0.0000000e+00
   2.5066900e+04   0.0000000e+00
   2.7016300e+04   0.0000000e+00
   2.9117300e+04   9.9999753e-03
   3.1381700e+04   0.0000000e+00
   3.3822200e+04   0.0000000e+00
   3.6452500e+04   0.0000000e+00
   3.9287400e+04   0.0000000e+00
   4.2342700e+04   0.0000000e+00
   4.5635600e+04   0.0000000e+00
   4.9184600e+04   0.0000000e+00
   5.3009700e+04   9.9998294e-03
   5.7132100e+04   0.0000000e+00
   6.1575200e+04   0.0000000e+00
   6.6363800e+04   0.0000000e+00
   7.1524800e+04   0.0000000e+00
   7.7087200e+04   0.0000000e+00
   8.3082100e+04   2.0000128e-02
   8.9543300e+04   1.0000082e-02
   9.6507000e+04   0.0000000e+00
   1.0401200e+05   0.0000000e+00
   1.1210100e+05   0.0000000e+00
   1.2081900e+05   0.0000000e+00
   1.3021500e+05   9.9994047e-03
   1.4034100e+05   0.0000000e+00
   1.5125600e+05   0.0000000e+00
   1.6301800e+05   0.0000000e+00
   1.7569600e+05   1.0000285e-02
   1.8936000e+05   0.0000000e+00
   2.0408600e+05   0.0000000e+00
   2.1995700e+05   0.0000000e+00
   2.3706300e+05   0.0000000e+00
   2.5549900e+05   0.0000000e+00
