   9.5756400e+01   1.0000256e-02
   1.0477100e+02   0.0000000e+00
   1.1463400e+02   1.9999176e-02
   1.2542500e+02   1.0000573e-02
   1.3723300e+02   0.0000000e+00
   1.5015100e+02   0.0000000e+00
   1.6428600e+02   1.0000223e-02
   1.7975200e+02   2.0000450e-02
   1.9667400e+02   0.0000000e+00
   2.1518800e+02   0.0000000e+00
   2.3544600e+02   9.9997984e-03
   2.5761000e+02   2.0000018e-02
   2.8186100e+02   2.0000056e-02
   3.0839500e+02   2.0000145e-02
   3.3742700e+02   1.9999504e-02
   3.6919100e+02   1.0000274e-02
   4.0394700e+02   1.9999547e-02
   4.4197300e+02   5.0000380e-02
   4.8358000e+02   1.0000121e-02
   5.2910400e+02   2.9999458e-02
   5.7891200e+02   1.0000002e-02
   6.3341000e+02   3.0000423e-02
   6.9303900e+02   9.9999448e-03
   7.5828000e+02   2.9999919e-02
   8.2966300e+02   3.9999905e-02
   9.0776600e+02   4.0000159e-02
   9.9322200e+02   3.9999005e-02
   1.0867200e+03   3.9999095e-02
   1.1890200e+03   2.0001327e-02
   1.3009600e+03   3.0000006e-02
   1.4234300e+03   2.0000170e-02
   1.5574300e+03   9.9997550e-03
   1.7040400e+03   1.0000278e-02
   1.8644600e+03   9.9996120e-03
   2.0399700e+03   2.0000006e-02
   2.2320100e+03   2.0000188e-02
   2.4421300e+03   0.0000000e+00
   2.6720300e+03   1.9999971e-02
   2.9235700e+03   1.0000009e-02
   3.1987900e+03   3.0000136e-02
   3.4999200e+03   1.9999620e-02
   3.8293900e+03   0.0000000e+00
   4.1898900e+03   2.0000046e-02
   4.5843200e+03   0.0000000e+00
   5.0158800e+03   9.9998753e-03
   5.4880600e+03   0.0000000e+00
   6.0047000e+03   9.9999655e-03
   6.5699700e+03   1.0000056e-02
   7.1884600e+03   3.0000043e-02
   7.8651700e+03   0.0000000e+00
   8.6055800e+03   0.0000000e+00
   9.4157000e+03   2.0000464e-02
   1.0302100e+04   0.0000000e+00
   1.1271900e+04   0.0000000e+00
   1.2333000e+04   0.0000000e+00
   1.3494000e+04   9.9999540e-03
   1.4764300e+04   0.0000000e+00
   1.6154200e+04   9.9997886e-03
   1.7674900e+04   0.0000000e+00
   1.9338800e+04   2.0000747e-02
   2.1159400e+04   9.9999555e-03
   2.3151300e+04   1.9999787e-02
   2.5330700e+04   1.0000035e-02
   2.7715300e+04   0.0000000e+00
   3.0324400e+04   0.0000000e+00
   3.3179000e+04   2.0000520e-02
   3.6302500e+04   0.0000000e+00
   3.9719900e+04   1.0000079e-02
   4.3459100e+04   0.0000000e+00
   4.7550300e+04   0.0000000e+00
   5.2026600e+04   0.0000000e+00
   5.6924200e+04   0.0000000e+00
   6.2283000e+04   0.0000000e+00
   6.8146200e+04   0.0000000e+00
   7.4561400e+04   0.0000000e+00
   8.1580500e+04   9.9999444e-03
   8.9260300e+04   0.0000000e+00
   9.7663200e+04   9.9999124e-03
   1.0685700e+05   0.0000000e+00
   1.1691600e+05   0.0000000e+00
   1.2792300e+05   9.9996407e-03
   1.3996500e+05   0.0000000e+00
   1.5314100e+05   0.0000000e+00
   1.6755800e+05   0.0000000e+00
   1.8333100e+05   0.0000000e+00
   2.0059000e+05   0.0000000e+00
   2.1947300e+05   0.0000000e+00
   2.4013400e+05   0.0000000e+00
   2.6274000e+05   9.9996508e-03
   2.8747300e+05   0.0000000e+00
   3.1453600e+05   0.0000000e+00
   3.4414600e+05   0.0000000e+00
   3.7654300e+05   0.0000000e+00
   4.1199000e+05   0.0000000e+00
   4.5077400e+05   0.0000000e+00
   4.9320900e+05   0.0000000e+00
   5.3963900e+05   0.0000000e+00
   5.9044000e+05   0.0000000e+00
   6.4602300e+05   9.9999321e-03
