   1.7755400e+02   2.0000506e-02
   1.9256500e+02   1.0000250e-02
   2.0884500e+02   1.9999054e-02
   2.2650000e+02   1.0000259e-02
   2.4564900e+02   3.9999319e-02
   2.6641600e+02   2.9999960e-02
   2.8893900e+02   3.9999701e-02
   3.1336600e+02   3.0000938e-02
   3.3985900e+02   4.0000116e-02
   3.6859100e+02   4.0000129e-02
   3.9975200e+02   2.9999754e-02
   4.3354700e+02   2.9999699e-02
   4.7019900e+02   3.0000000e-02
   5.0995000e+02   2.0000217e-02
   5.5306200e+02   4.9999931e-02
   5.9981800e+02   9.9999669e-03
   6.5052700e+02   9.9999777e-03
   7.0552300e+02   3.0000268e-02
   7.6516900e+02   9.9998340e-03
   8.2985600e+02   1.0000038e-02
   9.0001300e+02   2.0000035e-02
   9.7610100e+02   1.9999717e-02
   1.0586200e+03   1.0000372e-02
   1.1481200e+03   4.9998615e-02
   1.2451800e+03   0.0000000e+00
   1.3504500e+03   1.0000173e-02
   1.4646200e+03   0.0000000e+00
   1.5884400e+03   0.0000000e+00
   1.7227200e+03   0.0000000e+00
   1.8683700e+03   9.9998145e-03
   2.0263200e+03   9.9996204e-03
   2.1976200e+03   3.0000254e-02
   2.3834100e+03   3.0000730e-02
   2.5849100e+03   1.9999997e-02
   2.8034400e+03   9.9997884e-03
   3.0404400e+03   1.0000325e-02
   3.2974900e+03   2.9999834e-02
   3.5762600e+03   3.0000049e-02
   3.8786000e+03   1.0000032e-02
   4.2065000e+03   9.9999988e-03
   4.5621200e+03   1.9999745e-02
   4.9478000e+03   2.9999926e-02
   5.3660900e+03   9.9999430e-03
   5.8197400e+03   0.0000000e+00
   6.3117500e+03   0.0000000e+00
   6.8453500e+03   0.0000000e+00
   7.4240600e+03   0.0000000e+00
   8.0517000e+03   9.9998807e-03
   8.7323900e+03   0.0000000e+00
   9.4706400e+03   0.0000000e+00
   1.0271300e+04   0.0000000e+00
   1.1139600e+04   1.0000503e-02
   1.2081400e+04   0.0000000e+00
   1.3102800e+04   9.9998504e-03
   1.4210500e+04   9.9994650e-03
   1.5411800e+04   1.0000551e-02
   1.6714800e+04   0.0000000e+00
   1.8127800e+04   0.0000000e+00
   1.9660400e+04   0.0000000e+00
   2.1322500e+04   9.9998874e-03
   2.3125100e+04   0.0000000e+00
   2.5080100e+04   0.0000000e+00
   2.7200400e+04   0.0000000e+00
   2.9500000e+04   0.0000000e+00
   3.1993900e+04   0.0000000e+00
   3.4698700e+04   0.0000000e+00
   3.7632100e+04   1.0000154e-02
   4.0813600e+04   0.0000000e+00
   4.4264000e+04   0.0000000e+00
   4.8006100e+04   0.0000000e+00
   5.2064600e+04   1.0000039e-02
   5.6466200e+04   0.0000000e+00
   6.1239900e+04   0.0000000e+00
   6.6417100e+04   1.0000090e-02
   7.2032100e+04   0.0000000e+00
   7.8121700e+04   0.0000000e+00
   8.4726200e+04   0.0000000e+00
   9.1889000e+04   1.0000028e-02
   9.9657400e+04   0.0000000e+00
   1.0808200e+05   0.0000000e+00
   1.1722000e+05   0.0000000e+00
   1.2713000e+05   0.0000000e+00
   1.3787700e+05   0.0000000e+00
   1.4953400e+05   0.0000000e+00
   1.6217500e+05   0.0000000e+00
   1.7588600e+05   0.0000000e+00
   1.9075500e+05   0.0000000e+00
   2.0688200e+05   0.0000000e+00
   2.2437200e+05   0.0000000e+00
   2.4334000e+05   0.0000000e+00
   2.6391300e+05   9.9998348e-03
   2.8622400e+05   0.0000000e+00
   3.1042100e+05   0.0000000e+00
   3.3666500e+05   0.0000000e+00
   3.6512700e+05   0.0000000e+00
   3.9599500e+05   0.0000000e+00
   4.2947200e+05   0.0000000e+00
   4.6578000e+05   0.0000000e+00
   5.0515800e+05   9.9999088e-03
