   1.3272900e+02   2.0000330e-02
   1.4114300e+02   0.0000000e+00
   1.5009100e+02   1.9999189e-02
   1.5960500e+02   9.9994910e-03
   1.6972200e+02   1.0000114e-02
   1.8048100e+02   0.0000000e+00
   1.9192200e+02   0.0000000e+00
   2.0408800e+02   1.0000492e-02
   2.1702600e+02   0.0000000e+00
   2.3078300e+02   4.0001200e-02
   2.4541300e+02   2.0000079e-02
   2.6097000e+02   9.9999126e-03
   2.7751300e+02   2.0000169e-02
   2.9510500e+02   4.0000056e-02
   3.1381200e+02   0.0000000e+00
   3.3370500e+02   1.9999188e-02
   3.5485800e+02   1.0000085e-02
   3.7735300e+02   5.0000392e-02
   4.0127400e+02   0.0000000e+00
   4.2671100e+02   1.0000142e-02
   4.5376100e+02   0.0000000e+00
   4.8252500e+02   3.0000252e-02
   5.1311300e+02   3.0000238e-02
   5.4564000e+02   0.0000000e+00
   5.8022800e+02   3.0000613e-02
   6.1701000e+02   2.9999334e-02
   6.5612200e+02   1.0000163e-02
   6.9771500e+02   0.0000000e+00
   7.4194300e+02   0.0000000e+00
   7.8897600e+02   2.9999998e-02
   8.3899000e+02   2.9999765e-02
   8.9217400e+02   1.0000006e-02
   9.4873000e+02   9.9998386e-03
   1.0088700e+03   1.9998956e-02
   1.0728200e+03   3.0001115e-02
   1.1408300e+03   0.0000000e+00
   1.2131500e+03   2.9998921e-02
   1.2900500e+03   0.0000000e+00
   1.3718300e+03   0.0000000e+00
   1.4587900e+03   3.0001807e-02
   1.5512700e+03   1.9998749e-02
   1.6496000e+03   9.9999977e-03
   1.7541700e+03   2.0000210e-02
   1.8653700e+03   2.0000332e-02
   1.9836200e+03   9.9997124e-03
   2.1093600e+03   2.0000768e-02
   2.2430800e+03   9.9999383e-03
   2.3852700e+03   9.9997027e-03
   2.5364700e+03   1.0000029e-02
   2.6972600e+03   2.0000871e-02
   2.8682500e+03   0.0000000e+00
   3.0500700e+03   2.9999021e-02
   3.2434100e+03   1.0000336e-02
   3.4490200e+03   9.9996989e-03
   3.6676500e+03   2.0000324e-02
   3.9001500e+03   9.9998354e-03
   4.1473800e+03   2.0000247e-02
   4.4102900e+03   0.0000000e+00
   4.6898600e+03   1.0000161e-02
   4.9871600e+03   0.0000000e+00
   5.3033000e+03   0.0000000e+00
   5.6394800e+03   0.0000000e+00
   5.9969700e+03   0.0000000e+00
   6.3771300e+03   0.0000000e+00
   6.7813800e+03   1.0000041e-02
   7.2112600e+03   1.0000039e-02
   7.6683900e+03   0.0000000e+00
   8.1544900e+03   0.0000000e+00
   8.6714100e+03   0.0000000e+00
   9.2211000e+03   1.0000077e-02
   9.8056400e+03   0.0000000e+00
   1.0427200e+04   0.0000000e+00
   1.1088200e+04   1.0000088e-02
   1.1791100e+04   0.0000000e+00
   1.2538600e+04   1.9999155e-02
   1.3333400e+04   9.9998148e-03
   1.4178600e+04   0.0000000e+00
   1.5077400e+04   1.0000249e-02
   1.6033200e+04   9.9994164e-03
   1.7049500e+04   0.0000000e+00
   1.8130300e+04   0.0000000e+00
   1.9279600e+04   0.0000000e+00
   2.0501800e+04   9.9997852e-03
   2.1801400e+04   0.0000000e+00
   2.3183400e+04   0.0000000e+00
   2.4653000e+04   0.0000000e+00
   2.6215800e+04   0.0000000e+00
   2.7877700e+04   0.0000000e+00
   2.9644900e+04   1.9999762e-02
   3.1524100e+04   0.0000000e+00
   3.3522400e+04   0.0000000e+00
   3.5647400e+04   0.0000000e+00
   3.7907200e+04   0.0000000e+00
   4.0310100e+04   0.0000000e+00
   4.2865400e+04   0.0000000e+00
   4.5582700e+04   0.0000000e+00
   4.8472300e+04   0.0000000e+00
   5.1545000e+04   0.0000000e+00
   5.4812500e+04   0.0000000e+00
