   1.5685400e+02   2.0000241e-02
   1.6676900e+02   1.0000363e-02
   1.7731100e+02   0.0000000e+00
   1.8851900e+02   9.9996450e-03
   2.0043500e+02   2.0000482e-02
   2.1310500e+02   0.0000000e+00
   2.2657600e+02   9.9999928e-03
   2.4089800e+02   1.9999599e-02
   2.5612500e+02   0.0000000e+00
   2.7231500e+02   9.9998751e-03
   2.8952800e+02   0.0000000e+00
   3.0782900e+02   2.9999761e-02
   3.2728700e+02   2.9999876e-02
   3.4797500e+02   3.0000344e-02
   3.6997100e+02   1.9999848e-02
   3.9335700e+02   2.0000461e-02
   4.1822200e+02   1.9999891e-02
   4.4465800e+02   2.9999725e-02
   4.7276500e+02   3.0000249e-02
   5.0264900e+02   1.0000043e-02
   5.3442200e+02   0.0000000e+00
   5.6820300e+02   2.0000238e-02
   6.0412000e+02   2.0000059e-02
   6.4230700e+02   4.9999306e-02
   6.8290700e+02   2.9999943e-02
   7.2607400e+02   2.0000146e-02
   7.7197000e+02   2.0000085e-02
   8.2076700e+02   2.9999825e-02
   8.7264800e+02   1.0000027e-02
   9.2780900e+02   1.9999800e-02
   9.8645600e+02   1.9999796e-02
   1.0488100e+03   1.0000559e-02
   1.1151100e+03   1.9998066e-02
   1.1855900e+03   0.0000000e+00
   1.2605400e+03   2.0000158e-02
   1.3402200e+03   1.9998591e-02
   1.4249300e+03   0.0000000e+00
   1.5150000e+03   1.0000591e-02
   1.6107700e+03   3.0000652e-02
   1.7125900e+03   0.0000000e+00
   1.8208400e+03   0.0000000e+00
   1.9359400e+03   9.9998439e-03
   2.0583100e+03   1.9998842e-02
   2.1884100e+03   2.0001197e-02
   2.3267500e+03   9.9996276e-03
   2.4738200e+03   9.9998615e-03
   2.6301900e+03   3.0000619e-02
   2.7964500e+03   2.0000465e-02
   2.9732200e+03   3.0000110e-02
   3.1611600e+03   0.0000000e+00
   3.3609700e+03   1.0000000e-02
   3.5734200e+03   0.0000000e+00
   3.7993000e+03   1.0000142e-02
   4.0394600e+03   0.0000000e+00
   4.2948000e+03   0.0000000e+00
   4.5662700e+03   0.0000000e+00
   4.8549100e+03   0.0000000e+00
   5.1618000e+03   0.0000000e+00
   5.4880800e+03   9.9998435e-03
   5.8349800e+03   0.0000000e+00
   6.2038200e+03   0.0000000e+00
   6.5959600e+03   2.0000195e-02
   7.0129000e+03   0.0000000e+00
   7.4561900e+03   9.9999728e-03
   7.9275000e+03   0.0000000e+00
   8.4286100e+03   0.0000000e+00
   8.9613800e+03   2.0000117e-02
   9.5278400e+03   9.9999853e-03
   1.0130100e+04   2.9998503e-02
   1.0770400e+04   9.9998627e-03
   1.1451200e+04   0.0000000e+00
   1.2175100e+04   0.0000000e+00
   1.2944700e+04   0.0000000e+00
   1.3762900e+04   0.0000000e+00
   1.4632900e+04   0.0000000e+00
   1.5557800e+04   1.0000818e-02
   1.6541300e+04   0.0000000e+00
   1.7586900e+04   0.0000000e+00
   1.8698500e+04   0.0000000e+00
   1.9880500e+04   0.0000000e+00
   2.1137100e+04   2.0000081e-02
   2.2473200e+04   0.0000000e+00
   2.3893800e+04   0.0000000e+00
   2.5404100e+04   0.0000000e+00
   2.7009900e+04   0.0000000e+00
   2.8717300e+04   0.0000000e+00
   3.0532500e+04   0.0000000e+00
   3.2462500e+04   0.0000000e+00
   3.4514500e+04   0.0000000e+00
   3.6696100e+04   0.0000000e+00
   3.9015700e+04   0.0000000e+00
   4.1482000e+04   0.0000000e+00
   4.4104100e+04   0.0000000e+00
   4.6891900e+04   0.0000000e+00
   4.9856000e+04   0.0000000e+00
   5.3007400e+04   0.0000000e+00
   5.6358100e+04   0.0000000e+00
   5.9920500e+04   9.9999458e-03
   6.3708100e+04   0.0000000e+00
