   1.8087700e+02   2.9999354e-02
   1.9365900e+02   0.0000000e+00
   2.0734500e+02   9.9995065e-03
   2.2199700e+02   1.0000498e-02
   2.3768600e+02   0.0000000e+00
   2.5448300e+02   9.9995191e-03
   2.7246600e+02   1.0000123e-02
   2.9172100e+02   1.0000244e-02
   3.1233700e+02   9.9998520e-03
   3.3440900e+02   9.9999281e-03
   3.5804100e+02   1.9999839e-02
   3.8334300e+02   3.0000844e-02
   4.1043400e+02   4.9998835e-02
   4.3943800e+02   2.0000383e-02
   4.7049300e+02   2.0000005e-02
   5.0374200e+02   9.9998342e-03
   5.3934000e+02   0.0000000e+00
   5.7745500e+02   2.0000082e-02
   6.1826300e+02   3.9999416e-02
   6.6195400e+02   1.9999894e-02
   7.0873300e+02   2.9999963e-02
   7.5881800e+02   5.0000486e-02
   8.1244300e+02   2.9999963e-02
   8.6985700e+02   2.9999815e-02
   9.3132800e+02   1.0000083e-02
   9.9714400e+02   3.9999673e-02
   1.0676100e+03   1.0000520e-02
   1.1430600e+03   1.9998006e-02
   1.2238300e+03   3.0001219e-02
   1.3103200e+03   1.0000152e-02
   1.4029200e+03   9.9997561e-03
   1.5020600e+03   0.0000000e+00
   1.6082100e+03   0.0000000e+00
   1.7218600e+03   9.9999058e-03
   1.8435400e+03   9.9999932e-03
   1.9738200e+03   1.0000233e-02
   2.1133100e+03   0.0000000e+00
   2.2626500e+03   2.0000292e-02
   2.4225500e+03   1.0000134e-02
   2.5937500e+03   9.9996609e-03
   2.7770400e+03   0.0000000e+00
   2.9732900e+03   0.0000000e+00
   3.1834100e+03   0.0000000e+00
   3.4083800e+03   9.9998087e-03
   3.6492400e+03   1.0000149e-02
   3.9071300e+03   9.9999863e-03
   4.1832400e+03   9.9999082e-03
   4.4788600e+03   0.0000000e+00
   4.7953800e+03   2.9999860e-02
   5.1342600e+03   0.0000000e+00
   5.4970900e+03   1.9999989e-02
   5.8855600e+03   1.9999846e-02
   6.3014800e+03   1.0000106e-02
   6.7468000e+03   9.9998884e-03
   7.2235800e+03   0.0000000e+00
   7.7340600e+03   1.0000135e-02
   8.2806200e+03   0.0000000e+00
   8.8658000e+03   0.0000000e+00
   9.4923300e+03   9.9994367e-03
   1.0163100e+04   0.0000000e+00
   1.0881300e+04   0.0000000e+00
   1.1650300e+04   0.0000000e+00
   1.2473600e+04   0.0000000e+00
   1.3355100e+04   2.0000349e-02
   1.4298900e+04   1.0000191e-02
   1.5309400e+04   0.0000000e+00
   1.6391300e+04   9.9996039e-03
   1.7549600e+04   9.9999682e-03
   1.8789800e+04   0.0000000e+00
   2.0117700e+04   0.0000000e+00
   2.1539400e+04   0.0000000e+00
   2.3061500e+04   1.9999678e-02
   2.4691200e+04   0.0000000e+00
   2.6436100e+04   1.0000008e-02
   2.8304300e+04   9.9998999e-03
   3.0304500e+04   2.0000252e-02
   3.2446100e+04   9.9999331e-03
   3.4739000e+04   1.0000197e-02
   3.7194000e+04   0.0000000e+00
   3.9822400e+04   0.0000000e+00
   4.2636600e+04   0.0000000e+00
   4.5649700e+04   0.0000000e+00
   4.8875700e+04   0.0000000e+00
   5.2329600e+04   0.0000000e+00
   5.6027700e+04   0.0000000e+00
   5.9987100e+04   0.0000000e+00
   6.4226200e+04   2.0000131e-02
   6.8765000e+04   1.9999953e-02
   7.3624500e+04   0.0000000e+00
   7.8827500e+04   0.0000000e+00
   8.4398100e+04   0.0000000e+00
   9.0362300e+04   0.0000000e+00
   9.6748100e+04   0.0000000e+00
   1.0358500e+05   0.0000000e+00
   1.1090500e+05   0.0000000e+00
   1.1874300e+05   0.0000000e+00
   1.2713400e+05   0.0000000e+00
   1.3611900e+05   0.0000000e+00
   1.4573800e+05   0.0000000e+00
