   1.7931300e+02   1.9999636e-02
   1.9443800e+02   2.0001091e-02
   2.1084000e+02   0.0000000e+00
   2.2862400e+02   1.0000160e-02
   2.4790900e+02   1.9999657e-02
   2.6882000e+02   0.0000000e+00
   2.9149500e+02   2.0000051e-02
   3.1608300e+02   5.0000048e-02
   3.4274500e+02   1.0000026e-02
   3.7165600e+02   4.0000405e-02
   4.0300600e+02   4.0000060e-02
   4.3700000e+02   1.9999783e-02
   4.7386100e+02   2.0000169e-02
   5.1383200e+02   9.9999529e-03
   5.5717400e+02   1.9999905e-02
   6.0417200e+02   0.0000000e+00
   6.5513500e+02   1.9999895e-02
   7.1039600e+02   3.0000150e-02
   7.7031900e+02   1.9999921e-02
   8.3529600e+02   9.9999630e-03
   9.0575400e+02   2.0000210e-02
   9.8215600e+02   2.9999304e-02
   1.0650000e+03   2.0001349e-02
   1.1548400e+03   9.9998184e-03
   1.2522500e+03   3.0000504e-02
   1.3578800e+03   9.9992822e-03
   1.4724100e+03   2.0000050e-02
   1.5966100e+03   5.0001431e-02
   1.7312900e+03   5.0001321e-02
   1.8773300e+03   1.9999447e-02
   2.0356800e+03   2.9999626e-02
   2.2073900e+03   3.0000730e-02
   2.3935900e+03   0.0000000e+00
   2.5954900e+03   1.9999803e-02
   2.8144200e+03   4.0000001e-02
   3.0518200e+03   1.0000229e-02
   3.3092500e+03   1.9999413e-02
   3.5883800e+03   0.0000000e+00
   3.8910700e+03   2.9999477e-02
   4.2192800e+03   0.0000000e+00
   4.5751800e+03   1.0000218e-02
   4.9611100e+03   0.0000000e+00
   5.3795800e+03   0.0000000e+00
   5.8333500e+03   0.0000000e+00
   6.3254000e+03   0.0000000e+00
   6.8589600e+03   0.0000000e+00
   7.4375200e+03   1.9999923e-02
   8.0648800e+03   0.0000000e+00
   8.7451600e+03   1.0000076e-02
   9.4828300e+03   0.0000000e+00
   1.0282700e+04   2.0000943e-02
   1.1150100e+04   9.9997722e-03
   1.2090600e+04   0.0000000e+00
   1.3110400e+04   0.0000000e+00
   1.4216300e+04   0.0000000e+00
   1.5415500e+04   0.0000000e+00
   1.6715800e+04   1.0000030e-02
   1.8125800e+04   0.0000000e+00
   1.9654700e+04   0.0000000e+00
   2.1312600e+04   1.0000316e-02
   2.3110400e+04   0.0000000e+00
   2.5059700e+04   0.0000000e+00
   2.7173600e+04   0.0000000e+00
   2.9465700e+04   0.0000000e+00
   3.1951100e+04   0.0000000e+00
   3.4646300e+04   9.9998391e-03
   3.7568700e+04   0.0000000e+00
   4.0737700e+04   0.0000000e+00
   4.4173900e+04   0.0000000e+00
   4.7900000e+04   1.0000197e-02
   5.1940500e+04   0.0000000e+00
   5.6321700e+04   1.0000006e-02
   6.1072500e+04   0.0000000e+00
   6.6224000e+04   0.0000000e+00
   7.1810100e+04   1.0000057e-02
   7.7867400e+04   0.0000000e+00
   8.4435500e+04   0.0000000e+00
   9.1557800e+04   9.9999721e-03
   9.9280800e+04   0.0000000e+00
   1.0765500e+05   0.0000000e+00
   1.1673600e+05   0.0000000e+00
   1.2658300e+05   0.0000000e+00
   1.3726000e+05   0.0000000e+00
   1.4883800e+05   1.0000258e-02
   1.6139300e+05   0.0000000e+00
   1.7500700e+05   0.0000000e+00
   1.8976900e+05   0.0000000e+00
   2.0577600e+05   0.0000000e+00
   2.2313300e+05   1.0000260e-02
   2.4195500e+05   0.0000000e+00
   2.6236400e+05   0.0000000e+00
   2.8449500e+05   0.0000000e+00
   3.0849200e+05   0.0000000e+00
   3.3451400e+05   0.0000000e+00
   3.6273000e+05   0.0000000e+00
   3.9332700e+05   0.0000000e+00
   4.2650400e+05   0.0000000e+00
   4.6248000e+05   1.0000080e-02
   5.0149100e+05   1.0000150e-02
