   2.9448500e+02   9.9996890e-03
   3.1598000e+02   0.0000000e+00
   3.3904500e+02   9.9998749e-03
   3.6379300e+02   0.0000000e+00
   3.9034800e+02   9.9999603e-03
   4.1884100e+02   1.0000000e-02
   4.4941400e+02   0.0000000e+00
   4.8221900e+02   0.0000000e+00
   5.1741800e+02   1.9999742e-02
   5.5518600e+02   1.0000155e-02
   5.9571200e+02   0.0000000e+00
   6.3919500e+02   2.0000185e-02
   6.8585300e+02   2.9999852e-02
   7.3591600e+02   1.0000089e-02
   7.8963400e+02   2.9999657e-02
   8.4727200e+02   2.0000007e-02
   9.0911800e+02   0.0000000e+00
   9.7547800e+02   1.9999360e-02
   1.0466800e+03   2.9999300e-02
   1.1230800e+03   3.0000499e-02
   1.2050600e+03   7.0005910e-02
   1.2930300e+03   1.9999311e-02
   1.3874100e+03   9.9997340e-03
   1.4886800e+03   2.0000931e-02
   1.5973500e+03   9.9993996e-03
   1.7139400e+03   4.0000670e-02
   1.8390500e+03   0.0000000e+00
   1.9732900e+03   3.0000219e-02
   2.1173300e+03   1.9999697e-02
   2.2718800e+03   4.0001437e-02
   2.4377200e+03   2.0000100e-02
   2.6156600e+03   3.9998313e-02
   2.8065800e+03   2.0000557e-02
   3.0114500e+03   1.0000095e-02
   3.2312700e+03   2.9999505e-02
   3.4671300e+03   1.0000001e-02
   3.7202100e+03   0.0000000e+00
   3.9917600e+03   0.0000000e+00
   4.2831400e+03   9.9998842e-03
   4.5957800e+03   3.0000411e-02
   4.9312500e+03   9.9999509e-03
   5.2912000e+03   0.0000000e+00
   5.6774300e+03   1.0000037e-02
   6.0918500e+03   1.0000006e-02
   6.5365200e+03   1.9999678e-02
   7.0136400e+03   0.0000000e+00
   7.5256000e+03   0.0000000e+00
   8.0749200e+03   0.0000000e+00
   8.6643400e+03   3.0000139e-02
   9.2967900e+03   9.9999970e-03
   9.9754000e+03   0.0000000e+00
   1.0703500e+04   1.0000015e-02
   1.1484800e+04   0.0000000e+00
   1.2323200e+04   1.9999573e-02
   1.3222700e+04   0.0000000e+00
   1.4187900e+04   0.0000000e+00
   1.5223500e+04   9.9997555e-03
   1.6334700e+04   2.0000960e-02
   1.7527100e+04   9.9994310e-03
   1.8806400e+04   0.0000000e+00
   2.0179200e+04   0.0000000e+00
   2.1652200e+04   2.9998521e-02
   2.3232600e+04   1.0000315e-02
   2.4928500e+04   0.0000000e+00
   2.6748100e+04   0.0000000e+00
   2.8700600e+04   0.0000000e+00
   3.0795600e+04   0.0000000e+00
   3.3043500e+04   0.0000000e+00
   3.5455400e+04   0.0000000e+00
   3.8043500e+04   1.9999623e-02
   4.0820400e+04   0.0000000e+00
   4.3800100e+04   0.0000000e+00
   4.6997200e+04   1.0000233e-02
   5.0427800e+04   0.0000000e+00
   5.4108700e+04   9.9999527e-03
   5.8058300e+04   0.0000000e+00
   6.2296200e+04   0.0000000e+00
   6.6843500e+04   0.0000000e+00
   7.1722700e+04   9.9999465e-03
   7.6958000e+04   0.0000000e+00
   8.2575500e+04   0.0000000e+00
   8.8603000e+04   0.0000000e+00
   9.5070500e+04   9.9998889e-03
   1.0201000e+05   0.0000000e+00
   1.0945600e+05   0.0000000e+00
   1.1744600e+05   0.0000000e+00
   1.2601900e+05   9.9993298e-03
   1.3521700e+05   0.0000000e+00
   1.4508700e+05   0.0000000e+00
   1.5567800e+05   2.0000754e-02
   1.6704200e+05   0.0000000e+00
   1.7923500e+05   9.9999387e-03
   1.9231800e+05   0.0000000e+00
   2.0635600e+05   0.0000000e+00
   2.2141900e+05   0.0000000e+00
   2.3758100e+05   0.0000000e+00
   2.5492300e+05   0.0000000e+00
   2.7353100e+05   0.0000000e+00
   2.9349700e+05   9.9997422e-03
