   1.7849000e+02   9.9998601e-03
   1.9045900e+02   2.0000313e-02
   2.0323100e+02   2.9999453e-02
   2.1685900e+02   1.0000596e-02
   2.3140200e+02   9.9998065e-03
   2.4691900e+02   0.0000000e+00
   2.6347700e+02   0.0000000e+00
   2.8114500e+02   3.0000025e-02
   2.9999800e+02   2.9999677e-02
   3.2011500e+02   9.9998932e-03
   3.4158100e+02   0.0000000e+00
   3.6448700e+02   3.0000355e-02
   3.8892900e+02   9.9997240e-03
   4.1500900e+02   3.0000462e-02
   4.4283900e+02   1.0000069e-02
   4.7253500e+02   1.9999884e-02
   5.0422200e+02   1.0000000e-02
   5.3803400e+02   6.0001040e-02
   5.7411400e+02   1.9999557e-02
   6.1261200e+02   0.0000000e+00
   6.5369300e+02   4.9999954e-02
   6.9752800e+02   1.0000074e-02
   7.4430300e+02   3.9999724e-02
   7.9421400e+02   9.9999351e-03
   8.4747200e+02   5.0000284e-02
   9.0430200e+02   2.0000129e-02
   9.6494300e+02   1.0000014e-02
   1.0296500e+03   1.0000581e-02
   1.0987000e+03   9.9991554e-03
   1.1723700e+03   3.0001235e-02
   1.2509900e+03   1.0000191e-02
   1.3348800e+03   0.0000000e+00
   1.4243900e+03   1.0000371e-02
   1.5199100e+03   4.9999200e-02
   1.6218300e+03   0.0000000e+00
   1.7305900e+03   3.0000202e-02
   1.8466400e+03   1.9999783e-02
   1.9704700e+03   0.0000000e+00
   2.1026000e+03   1.0000284e-02
   2.2436000e+03   0.0000000e+00
   2.3940500e+03   1.0000021e-02
   2.5545900e+03   0.0000000e+00
   2.7258900e+03   0.0000000e+00
   2.9086900e+03   9.9999989e-03
   3.1037400e+03   1.0000001e-02
   3.3118700e+03   9.9997072e-03
   3.5339500e+03   0.0000000e+00
   3.7709300e+03   0.0000000e+00
   4.0238000e+03   5.0000578e-02
   4.2936300e+03   9.9999511e-03
   4.5815500e+03   0.0000000e+00
   4.8887800e+03   9.9999624e-03
   5.2166100e+03   0.0000000e+00
   5.5664300e+03   1.9999881e-02
   5.9397000e+03   0.0000000e+00
   6.3380000e+03   1.9999866e-02
   6.7630100e+03   1.0000161e-02
   7.2165300e+03   0.0000000e+00
   7.7004500e+03   1.0000060e-02
   8.2168300e+03   0.0000000e+00
   8.7678300e+03   0.0000000e+00
   9.3557800e+03   9.9999980e-03
   9.9831600e+03   0.0000000e+00
   1.0652600e+04   0.0000000e+00
   1.1367000e+04   9.9994542e-03
   1.2129200e+04   1.0000509e-02
   1.2942600e+04   0.0000000e+00
   1.3810500e+04   0.0000000e+00
   1.4736600e+04   0.0000000e+00
   1.5724800e+04   0.0000000e+00
   1.6779200e+04   0.0000000e+00
   1.7904400e+04   0.0000000e+00
   1.9105000e+04   0.0000000e+00
   2.0386200e+04   0.0000000e+00
   2.1753200e+04   0.0000000e+00
   2.3211900e+04   1.0000361e-02
   2.4768500e+04   9.9998637e-03
   2.6429400e+04   0.0000000e+00
   2.8201700e+04   2.0000575e-02
   3.0092900e+04   0.0000000e+00
   3.2110800e+04   1.0000076e-02
   3.4264100e+04   0.0000000e+00
   3.6561800e+04   0.0000000e+00
   3.9013500e+04   0.0000000e+00
   4.1629700e+04   1.0000014e-02
   4.4421300e+04   0.0000000e+00
   4.7400100e+04   0.0000000e+00
   5.0578600e+04   0.0000000e+00
   5.3970300e+04   1.0000175e-02
   5.7589500e+04   0.0000000e+00
   6.1451300e+04   0.0000000e+00
   6.5572100e+04   0.0000000e+00
   6.9969200e+04   0.0000000e+00
   7.4661200e+04   0.0000000e+00
   7.9667800e+04   0.0000000e+00
   8.5010200e+04   9.9999925e-03
   9.0710800e+04   0.0000000e+00
   9.6793600e+04   0.0000000e+00
   1.0328400e+05   0.0000000e+00
