   1.6528300e+02   1.0000458e-02
   1.7942100e+02   9.9996224e-03
   1.9476700e+02   2.0000996e-02
   2.1142700e+02   9.9999095e-03
   2.2951100e+02   1.0000012e-02
   2.4914200e+02   1.9999904e-02
   2.7045200e+02   4.0000196e-02
   2.9358500e+02   9.9998029e-03
   3.1869600e+02   1.0000222e-02
   3.4595600e+02   9.9996742e-03
   3.7554600e+02   3.0000922e-02
   4.0766900e+02   1.9999673e-02
   4.4253800e+02   4.0000101e-02
   4.8039000e+02   0.0000000e+00
   5.2148000e+02   4.9999746e-02
   5.6608400e+02   5.0000429e-02
   6.1450400e+02   4.0000025e-02
   6.6706500e+02   3.9999451e-02
   7.2412100e+02   0.0000000e+00
   7.8605800e+02   1.0000063e-02
   8.5329300e+02   5.0000227e-02
   9.2627900e+02   3.0000977e-02
   1.0055100e+03   1.9998784e-02
   1.0915100e+03   9.9998830e-03
   1.1848700e+03   2.0000612e-02
   1.2862200e+03   1.0000389e-02
   1.3962400e+03   9.9995143e-03
   1.5156600e+03   3.9999774e-02
   1.6453000e+03   2.0000125e-02
   1.7860300e+03   4.0000838e-02
   1.9388000e+03   0.0000000e+00
   2.1046300e+03   2.0000222e-02
   2.2846500e+03   0.0000000e+00
   2.4800700e+03   0.0000000e+00
   2.6922000e+03   9.9997971e-03
   2.9224700e+03   0.0000000e+00
   3.1724400e+03   9.9999259e-03
   3.4437900e+03   0.0000000e+00
   3.7383500e+03   0.0000000e+00
   4.0581100e+03   1.0000100e-02
   4.4052200e+03   9.9998182e-03
   4.7820100e+03   1.0000129e-02
   5.1910400e+03   9.9999932e-03
   5.6350500e+03   3.0000070e-02
   6.1170400e+03   2.9999710e-02
   6.6402500e+03   0.0000000e+00
   7.2082200e+03   3.0000090e-02
   7.8247700e+03   0.0000000e+00
   8.4940600e+03   9.9999589e-03
   9.2205900e+03   0.0000000e+00
   1.0009300e+04   0.0000000e+00
   1.0865400e+04   1.0000437e-02
   1.1794800e+04   0.0000000e+00
   1.2803600e+04   0.0000000e+00
   1.3898800e+04   9.9998527e-03
   1.5087600e+04   9.9999942e-03
   1.6378100e+04   0.0000000e+00
   1.7779000e+04   0.0000000e+00
   1.9299700e+04   9.9995279e-03
   2.0950400e+04   1.0000131e-02
   2.2742400e+04   0.0000000e+00
   2.4687700e+04   0.0000000e+00
   2.6799300e+04   0.0000000e+00
   2.9091600e+04   1.9999836e-02
   3.1579900e+04   0.0000000e+00
   3.4281000e+04   0.0000000e+00
   3.7213200e+04   0.0000000e+00
   4.0396200e+04   0.0000000e+00
   4.3851500e+04   0.0000000e+00
   4.7602300e+04   0.0000000e+00
   5.1673900e+04   2.0000092e-02
   5.6093800e+04   9.9999271e-03
   6.0891700e+04   0.0000000e+00
   6.6100000e+04   9.9999891e-03
   7.1753800e+04   0.0000000e+00
   7.7891200e+04   0.0000000e+00
   8.4553600e+04   0.0000000e+00
   9.1785800e+04   0.0000000e+00
   9.9636600e+04   0.0000000e+00
   1.0815900e+05   0.0000000e+00
   1.1741000e+05   0.0000000e+00
   1.2745300e+05   0.0000000e+00
   1.3835400e+05   0.0000000e+00
   1.5018800e+05   0.0000000e+00
   1.6303500e+05   0.0000000e+00
   1.7698000e+05   9.9994871e-03
   1.9211700e+05   0.0000000e+00
   2.0855000e+05   0.0000000e+00
   2.2638800e+05   0.0000000e+00
   2.4575200e+05   0.0000000e+00
   2.6677200e+05   0.0000000e+00
   2.8959000e+05   0.0000000e+00
   3.1436000e+05   0.0000000e+00
   3.4124800e+05   0.0000000e+00
   3.7043700e+05   0.0000000e+00
   4.0212200e+05   0.0000000e+00
   4.3651700e+05   9.9999687e-03
   4.7385400e+05   0.0000000e+00
   5.1438500e+05   0.0000000e+00
