   2.3689500e+02   3.0000385e-02
   2.5895800e+02   1.0000191e-02
   2.8307600e+02   1.9999499e-02
   3.0943900e+02   9.9999913e-03
   3.3825800e+02   1.9999995e-02
   3.6976100e+02   2.0000011e-02
   4.0419800e+02   2.9999859e-02
   4.4184200e+02   6.0001450e-02
   4.8299300e+02   2.9999665e-02
   5.2797500e+02   0.0000000e+00
   5.7714700e+02   1.9999833e-02
   6.3089800e+02   2.0000224e-02
   6.8965600e+02   4.9999450e-02
   7.5388500e+02   1.0000085e-02
   8.2409700e+02   4.0000242e-02
   9.0084800e+02   1.9999857e-02
   9.8474600e+02   2.0000347e-02
   1.0764600e+03   3.9998547e-02
   1.1767100e+03   2.9999824e-02
   1.2863000e+03   2.0000490e-02
   1.4061000e+03   6.9997751e-02
   1.5370500e+03   0.0000000e+00
   1.6802000e+03   2.0000987e-02
   1.8366900e+03   9.9996514e-03
   2.0077400e+03   1.0000150e-02
   2.1947300e+03   1.9999825e-02
   2.3991300e+03   0.0000000e+00
   2.6225700e+03   3.0000251e-02
   2.8668200e+03   2.9999530e-02
   3.1338100e+03   9.9999700e-03
   3.4256700e+03   1.0000207e-02
   3.7447200e+03   3.9999184e-02
   4.0934700e+03   1.0000078e-02
   4.4747100e+03   9.9999263e-03
   4.8914500e+03   1.0000089e-02
   5.3470100e+03   0.0000000e+00
   5.8449900e+03   9.9999476e-03
   6.3893500e+03   9.9999833e-03
   6.9844100e+03   0.0000000e+00
   7.6348900e+03   9.9999923e-03
   8.3459500e+03   2.0000138e-02
   9.1232400e+03   0.0000000e+00
   9.9729100e+03   0.0000000e+00
   1.0901700e+04   9.9999131e-03
   1.1917000e+04   0.0000000e+00
   1.3026900e+04   0.0000000e+00
   1.4240100e+04   2.0001135e-02
   1.5566400e+04   0.0000000e+00
   1.7016100e+04   2.0000493e-02
   1.8600900e+04   0.0000000e+00
   2.0333200e+04   1.0000043e-02
   2.2226900e+04   0.0000000e+00
   2.4297000e+04   1.9999577e-02
   2.6559800e+04   1.0000023e-02
   2.9033400e+04   1.0000122e-02
   3.1737400e+04   0.0000000e+00
   3.4693100e+04   0.0000000e+00
   3.7924200e+04   0.0000000e+00
   4.1456200e+04   1.0000144e-02
   4.5317200e+04   9.9999683e-03
   4.9537700e+04   0.0000000e+00
   5.4151300e+04   0.0000000e+00
   5.9194500e+04   0.0000000e+00
   6.4707500e+04   0.0000000e+00
   7.0733900e+04   1.0000063e-02
   7.7321600e+04   9.9998795e-03
   8.4522700e+04   0.0000000e+00
   9.2394600e+04   0.0000000e+00
   1.0100000e+05   0.0000000e+00
   1.1040600e+05   0.0000000e+00
   1.2068800e+05   0.0000000e+00
   1.3192800e+05   0.0000000e+00
   1.4421500e+05   0.0000000e+00
   1.5764700e+05   0.0000000e+00
   1.7232900e+05   0.0000000e+00
   1.8837800e+05   0.0000000e+00
   2.0592200e+05   0.0000000e+00
   2.2510000e+05   0.0000000e+00
   2.4606500e+05   0.0000000e+00
   2.6898100e+05   1.0000383e-02
   2.9403300e+05   0.0000000e+00
   3.2141700e+05   0.0000000e+00
   3.5135100e+05   0.0000000e+00
   3.8407400e+05   0.0000000e+00
   4.1984300e+05   0.0000000e+00
   4.5894500e+05   0.0000000e+00
   5.0168800e+05   0.0000000e+00
   5.4841100e+05   0.0000000e+00
   5.9948600e+05   0.0000000e+00
   6.5531800e+05   1.0000032e-02
   7.1635000e+05   0.0000000e+00
   7.8306600e+05   0.0000000e+00
   8.5599500e+05   0.0000000e+00
   9.3571600e+05   0.0000000e+00
   1.0228600e+06   0.0000000e+00
   1.1181200e+06   0.0000000e+00
   1.2222600e+06   0.0000000e+00
   1.3360900e+06   0.0000000e+00
   1.4605300e+06   9.9997823e-03
