   1.7020500e+02   1.0000381e-02
   1.8247500e+02   0.0000000e+00
   1.9562900e+02   9.9998269e-03
   2.0973100e+02   0.0000000e+00
   2.2485000e+02   0.0000000e+00
   2.4105900e+02   9.9999248e-03
   2.5843600e+02   1.9999163e-02
   2.7706500e+02   0.0000000e+00
   2.9703800e+02   0.0000000e+00
   3.1845100e+02   1.9999933e-02
   3.4140700e+02   2.0000080e-02
   3.6601800e+02   3.0000009e-02
   3.9240300e+02   4.0000081e-02
   4.2069000e+02   0.0000000e+00
   4.5101600e+02   9.9999109e-03
   4.8352800e+02   5.0000235e-02
   5.1838400e+02   1.0000094e-02
   5.5575300e+02   1.9999792e-02
   5.9581500e+02   1.9999839e-02
   6.3876500e+02   1.0000119e-02
   6.8481200e+02   1.0000021e-02
   7.3417800e+02   1.9999821e-02
   7.8710200e+02   4.0000282e-02
   8.4384200e+02   1.0000026e-02
   9.0467200e+02   3.9999529e-02
   9.6988600e+02   1.9999459e-02
   1.0398000e+03   1.0000564e-02
   1.1147600e+03   0.0000000e+00
   1.1951200e+03   1.9999550e-02
   1.2812700e+03   2.9999175e-02
   1.3736300e+03   3.9999723e-02
   1.4726500e+03   2.0000226e-02
   1.5788100e+03   9.9998815e-03
   1.6926200e+03   1.0000357e-02
   1.8146400e+03   1.9999803e-02
   1.9454500e+03   3.9999674e-02
   2.0856900e+03   1.9999858e-02
   2.2360400e+03   0.0000000e+00
   2.3972300e+03   2.0000165e-02
   2.5700400e+03   1.0000226e-02
   2.7553100e+03   1.9999842e-02
   2.9539300e+03   9.9995761e-03
   3.1668600e+03   2.0000099e-02
   3.3951500e+03   1.0000191e-02
   3.6399000e+03   0.0000000e+00
   3.9022900e+03   4.9999387e-02
   4.1835900e+03   1.9999911e-02
   4.4851700e+03   9.9999643e-03
   4.8084900e+03   1.0000033e-02
   5.1551200e+03   0.0000000e+00
   5.5267400e+03   0.0000000e+00
   5.9251400e+03   0.0000000e+00
   6.3522700e+03   0.0000000e+00
   6.8101800e+03   1.9999835e-02
   7.3011000e+03   1.0000133e-02
   7.8274200e+03   2.9999818e-02
   8.3916700e+03   0.0000000e+00
   8.9966000e+03   1.9999822e-02
   9.6451300e+03   0.0000000e+00
   1.0340400e+04   9.9999137e-03
   1.1085800e+04   0.0000000e+00
   1.1885000e+04   9.9994024e-03
   1.2741700e+04   0.0000000e+00
   1.3660200e+04   0.0000000e+00
   1.4644900e+04   0.0000000e+00
   1.5700700e+04   9.9999284e-03
   1.6832500e+04   0.0000000e+00
   1.8045900e+04   0.0000000e+00
   1.9346700e+04   0.0000000e+00
   2.0741400e+04   9.9994830e-03
   2.2236500e+04   0.0000000e+00
   2.3839500e+04   0.0000000e+00
   2.5558000e+04   0.0000000e+00
   2.7400400e+04   1.9999888e-02
   2.9375600e+04   0.0000000e+00
   3.1493200e+04   9.9998224e-03
   3.3763400e+04   0.0000000e+00
   3.6197300e+04   1.0000186e-02
   3.8806700e+04   0.0000000e+00
   4.1604100e+04   0.0000000e+00
   4.4603200e+04   0.0000000e+00
   4.7818600e+04   0.0000000e+00
   5.1265600e+04   0.0000000e+00
   5.4961200e+04   0.0000000e+00
   5.8923200e+04   0.0000000e+00
   6.3170800e+04   0.0000000e+00
   6.7724500e+04   0.0000000e+00
   7.2606600e+04   0.0000000e+00
   7.7840500e+04   0.0000000e+00
   8.3451800e+04   0.0000000e+00
   8.9467600e+04   0.0000000e+00
   9.5917000e+04   0.0000000e+00
   1.0283100e+05   0.0000000e+00
   1.1024400e+05   0.0000000e+00
   1.1819100e+05   0.0000000e+00
   1.2671100e+05   9.9998119e-03
   1.3584500e+05   0.0000000e+00
   1.4563800e+05   0.0000000e+00
   1.5613700e+05   9.9996623e-03
