   1.3160400e+02   1.0000062e-02
   1.4494300e+02   2.0000180e-02
   1.5963400e+02   0.0000000e+00
   1.7581400e+02   2.9998643e-02
   1.9363300e+02   2.9999911e-02
   2.1325900e+02   1.0000340e-02
   2.3487500e+02   1.9999921e-02
   2.5868100e+02   1.0000005e-02
   2.8490000e+02   1.9999691e-02
   3.1377600e+02   2.9999738e-02
   3.4557900e+02   1.0000068e-02
   3.8060600e+02   4.0000106e-02
   4.1918300e+02   4.0000023e-02
   4.6167000e+02   2.9999788e-02
   5.0846300e+02   2.0000324e-02
   5.6000000e+02   9.9999141e-03
   6.1675900e+02   3.0000176e-02
   6.7927200e+02   4.9999552e-02
   7.4812000e+02   6.0000085e-02
   8.2394700e+02   6.0000416e-02
   9.0746000e+02   2.0000031e-02
   9.9943700e+02   4.0001414e-02
   1.1007400e+03   1.9998803e-02
   1.2123000e+03   1.0000417e-02
   1.3351800e+03   0.0000000e+00
   1.4705100e+03   9.9996301e-03
   1.6195500e+03   9.9998539e-03
   1.7837000e+03   3.0001590e-02
   1.9645000e+03   9.9997821e-03
   2.1636100e+03   1.0000190e-02
   2.3829100e+03   1.9999740e-02
   2.6244300e+03   1.9999769e-02
   2.8904300e+03   0.0000000e+00
   3.1834000e+03   1.9999493e-02
   3.5060500e+03   1.0000218e-02
   3.8614200e+03   9.9999938e-03
   4.2528000e+03   9.9997832e-03
   4.6838400e+03   1.0000018e-02
   5.1585800e+03   0.0000000e+00
   5.6814400e+03   1.9999962e-02
   6.2572900e+03   1.0000064e-02
   6.8915100e+03   2.0000011e-02
   7.5900100e+03   0.0000000e+00
   8.3593000e+03   1.0000107e-02
   9.2065800e+03   0.0000000e+00
   1.0139700e+04   9.9997368e-03
   1.1167400e+04   2.0000107e-02
   1.2299300e+04   1.0000653e-02
   1.3546000e+04   0.0000000e+00
   1.4918900e+04   1.0000451e-02
   1.6431100e+04   0.0000000e+00
   1.8096500e+04   1.0000022e-02
   1.9930700e+04   9.9999798e-03
   2.1950800e+04   9.9997641e-03
   2.4175600e+04   1.0000180e-02
   2.6626000e+04   0.0000000e+00
   2.9324700e+04   0.0000000e+00
   3.2296900e+04   0.0000000e+00
   3.5570500e+04   0.0000000e+00
   3.9175700e+04   0.0000000e+00
   4.3146500e+04   9.9998366e-03
   4.7519600e+04   2.0000275e-02
   5.2336100e+04   0.0000000e+00
   5.7640700e+04   0.0000000e+00
   6.3482900e+04   0.0000000e+00
   6.9917400e+04   0.0000000e+00
   7.7003900e+04   0.0000000e+00
   8.4808800e+04   9.9999543e-03
   9.3404700e+04   0.0000000e+00
   1.0287200e+05   1.0000244e-02
   1.1329900e+05   0.0000000e+00
   1.2478200e+05   0.0000000e+00
   1.3743000e+05   0.0000000e+00
   1.5135900e+05   0.0000000e+00
   1.6670000e+05   0.0000000e+00
   1.8359700e+05   0.0000000e+00
   2.0220500e+05   0.0000000e+00
   2.2270000e+05   0.0000000e+00
   2.4527200e+05   0.0000000e+00
   2.7013200e+05   0.0000000e+00
   2.9751200e+05   0.0000000e+00
   3.2766700e+05   0.0000000e+00
   3.6087800e+05   0.0000000e+00
   3.9745500e+05   0.0000000e+00
   4.3774000e+05   0.0000000e+00
   4.8210800e+05   0.0000000e+00
   5.3097200e+05   0.0000000e+00
   5.8479000e+05   0.0000000e+00
   6.4406200e+05   0.0000000e+00
   7.0934200e+05   0.0000000e+00
   7.8123900e+05   0.0000000e+00
   8.6042200e+05   0.0000000e+00
   9.4763200e+05   0.0000000e+00
   1.0436800e+06   0.0000000e+00
   1.1494600e+06   0.0000000e+00
   1.2659700e+06   0.0000000e+00
   1.3942800e+06   0.0000000e+00
   1.5356000e+06   0.0000000e+00
   1.6912500e+06   1.0000060e-02
