   1.0839200e+02   9.9999011e-03
   1.1630200e+02   0.0000000e+00
   1.2479000e+02   0.0000000e+00
   1.3389600e+02   0.0000000e+00
   1.4366700e+02   0.0000000e+00
   1.5415200e+02   0.0000000e+00
   1.6540100e+02   0.0000000e+00
   1.7747200e+02   9.9998297e-03
   1.9042300e+02   9.9997422e-03
   2.0431900e+02   1.0000360e-02
   2.1923000e+02   9.9996459e-03
   2.3522800e+02   0.0000000e+00
   2.5239400e+02   2.0000271e-02
   2.7081300e+02   0.0000000e+00
   2.9057600e+02   2.9999774e-02
   3.1178100e+02   0.0000000e+00
   3.3453400e+02   0.0000000e+00
   3.5894700e+02   3.0000348e-02
   3.8514200e+02   2.9999782e-02
   4.1324800e+02   0.0000000e+00
   4.4340500e+02   0.0000000e+00
   4.7576300e+02   1.0000159e-02
   5.1048300e+02   2.9999878e-02
   5.4773600e+02   2.9999435e-02
   5.8770700e+02   5.0000425e-02
   6.3059600e+02   3.0000246e-02
   6.7661500e+02   1.0000028e-02
   7.2599200e+02   9.9999750e-03
   7.7897200e+02   1.9999844e-02
   8.3581800e+02   1.0000008e-02
   8.9681300e+02   3.9999941e-02
   9.6225900e+02   1.9999643e-02
   1.0324800e+03   3.0001281e-02
   1.1078300e+03   2.9998026e-02
   1.1886700e+03   0.0000000e+00
   1.2754200e+03   2.9998322e-02
   1.3684900e+03   1.0000283e-02
   1.4683600e+03   2.0000771e-02
   1.5755200e+03   0.0000000e+00
   1.6904900e+03   3.0000993e-02
   1.8138600e+03   2.0000180e-02
   1.9462300e+03   2.0000239e-02
   2.0882600e+03   0.0000000e+00
   2.2406500e+03   1.9999399e-02
   2.4041600e+03   0.0000000e+00
   2.5796100e+03   9.9999718e-03
   2.7678600e+03   2.0000181e-02
   2.9698500e+03   2.0000126e-02
   3.1865800e+03   9.9998013e-03
   3.4191200e+03   1.0000213e-02
   3.6686400e+03   9.9998774e-03
   3.9363600e+03   9.9999515e-03
   4.2236200e+03   1.0000183e-02
   4.5318500e+03   2.9999332e-02
   4.8625600e+03   1.0000239e-02
   5.2174200e+03   0.0000000e+00
   5.5981600e+03   2.0000321e-02
   6.0067000e+03   0.0000000e+00
   6.4450400e+03   2.0000174e-02
   6.9153800e+03   1.0000040e-02
   7.4200400e+03   0.0000000e+00
   7.9615200e+03   0.0000000e+00
   8.5425300e+03   0.0000000e+00
   9.1659300e+03   0.0000000e+00
   9.8348300e+03   9.9994396e-03
   1.0552500e+04   0.0000000e+00
   1.1322600e+04   1.0000213e-02
   1.2148900e+04   0.0000000e+00
   1.3035500e+04   2.0000417e-02
   1.3986800e+04   0.0000000e+00
   1.5007500e+04   1.0000096e-02
   1.6102700e+04   9.9998895e-03
   1.7277800e+04   9.9994552e-03
   1.8538600e+04   0.0000000e+00
   1.9891500e+04   0.0000000e+00
   2.1343100e+04   0.0000000e+00
   2.2900700e+04   0.0000000e+00
   2.4571900e+04   9.9996346e-03
   2.6365000e+04   2.0000827e-02
   2.8289100e+04   1.9999680e-02
   3.0353500e+04   2.0000116e-02
   3.2568600e+04   9.9998464e-03
   3.4945300e+04   0.0000000e+00
   3.7495500e+04   0.0000000e+00
   4.0231800e+04   0.0000000e+00
   4.3167800e+04   0.0000000e+00
   4.6318000e+04   0.0000000e+00
   4.9698100e+04   0.0000000e+00
   5.3324900e+04   0.0000000e+00
   5.7216300e+04   0.0000000e+00
   6.1391800e+04   0.0000000e+00
   6.5871900e+04   0.0000000e+00
   7.0679000e+04   0.0000000e+00
   7.5836900e+04   0.0000000e+00
   8.1371200e+04   0.0000000e+00
   8.7309400e+04   1.0000006e-02
   9.3680900e+04   0.0000000e+00
   1.0051700e+05   0.0000000e+00
   1.0785300e+05   1.9998221e-02
