   1.6165700e+02   1.9999159e-02
   1.7596900e+02   2.0000358e-02
   1.9154900e+02   0.0000000e+00
   2.0850800e+02   0.0000000e+00
   2.2696900e+02   3.9999901e-02
   2.4706400e+02   1.9999792e-02
   2.6893800e+02   2.0000073e-02
   2.9274900e+02   9.9999908e-03
   3.1866800e+02   3.0000228e-02
   3.4688200e+02   1.0000073e-02
   3.7759400e+02   3.0000077e-02
   4.1102500e+02   5.9998740e-02
   4.4741500e+02   0.0000000e+00
   4.8702800e+02   6.0000186e-02
   5.3014800e+02   3.0000282e-02
   5.7708600e+02   2.9999817e-02
   6.2817900e+02   0.0000000e+00
   6.8379600e+02   9.9999808e-03
   7.4433700e+02   9.9999495e-03
   8.1023800e+02   3.0000067e-02
   8.8197400e+02   9.9999774e-03
   9.6006100e+02   9.9997924e-03
   1.0450600e+03   0.0000000e+00
   1.1375900e+03   2.0000273e-02
   1.2383100e+03   2.9998495e-02
   1.3479400e+03   0.0000000e+00
   1.4672800e+03   0.0000000e+00
   1.5971900e+03   2.9999990e-02
   1.7386000e+03   9.9999701e-03
   1.8925300e+03   0.0000000e+00
   2.0600900e+03   0.0000000e+00
   2.2424900e+03   1.9999728e-02
   2.4410300e+03   1.9999918e-02
   2.6571500e+03   1.0000197e-02
   2.8924100e+03   9.9998216e-03
   3.1484900e+03   1.0000097e-02
   3.4272500e+03   9.9997481e-03
   3.7306800e+03   1.0000234e-02
   4.0609900e+03   1.9999628e-02
   4.4205300e+03   9.9999938e-03
   4.8119100e+03   3.0000629e-02
   5.2379500e+03   1.9999961e-02
   5.7017000e+03   2.0000017e-02
   6.2065100e+03   0.0000000e+00
   6.7560100e+03   9.9999315e-03
   7.3541600e+03   1.0000096e-02
   8.0052800e+03   0.0000000e+00
   8.7140400e+03   0.0000000e+00
   9.4855500e+03   2.0000692e-02
   1.0325400e+04   1.9998314e-02
   1.1239500e+04   1.0000864e-02
   1.2234700e+04   1.9999663e-02
   1.3317900e+04   1.9999658e-02
   1.4497000e+04   9.9998640e-03
   1.5780500e+04   1.0000319e-02
   1.7177700e+04   9.9996250e-03
   1.8698500e+04   9.9999484e-03
   2.0354000e+04   0.0000000e+00
   2.2156100e+04   0.0000000e+00
   2.4117800e+04   0.0000000e+00
   2.6253100e+04   0.0000000e+00
   2.8577400e+04   1.0000185e-02
   3.1107600e+04   1.9999531e-02
   3.3861700e+04   9.9999789e-03
   3.6859700e+04   0.0000000e+00
   4.0123200e+04   0.0000000e+00
   4.3675600e+04   9.9999967e-03
   4.7542500e+04   0.0000000e+00
   5.1751700e+04   0.0000000e+00
   5.6333700e+04   1.9999977e-02
   6.1321300e+04   0.0000000e+00
   6.6750400e+04   0.0000000e+00
   7.2660300e+04   0.0000000e+00
   7.9093400e+04   0.0000000e+00
   8.6096100e+04   1.0000068e-02
   9.3718800e+04   0.0000000e+00
   1.0201600e+05   0.0000000e+00
   1.1104900e+05   9.9991101e-03
   1.2088000e+05   0.0000000e+00
   1.3158300e+05   1.0000080e-02
   1.4323300e+05   0.0000000e+00
   1.5591400e+05   9.9999075e-03
   1.6971800e+05   0.0000000e+00
   1.8474400e+05   0.0000000e+00
   2.0110100e+05   0.0000000e+00
   2.1890600e+05   0.0000000e+00
   2.3828700e+05   0.0000000e+00
   2.5938400e+05   0.0000000e+00
   2.8234900e+05   0.0000000e+00
   3.0734800e+05   0.0000000e+00
   3.3455900e+05   0.0000000e+00
   3.6418000e+05   0.0000000e+00
   3.9642300e+05   0.0000000e+00
   4.3152100e+05   0.0000000e+00
   4.6972700e+05   0.0000000e+00
   5.1131500e+05   0.0000000e+00
   5.5658500e+05   0.0000000e+00
   6.0586400e+05   0.0000000e+00
   6.5950500e+05   9.9999298e-03
