   2.0671700e+02   1.9999983e-02
   2.2149000e+02   1.9999153e-02
   2.3731800e+02   2.0000080e-02
   2.5427800e+02   2.0000103e-02
   2.7245000e+02   2.0000416e-02
   2.9192100e+02   9.9999702e-03
   3.1278300e+02   2.9999961e-02
   3.3513600e+02   2.9999530e-02
   3.5908600e+02   2.9999904e-02
   3.8474800e+02   2.0000013e-02
   4.1224400e+02   3.0000136e-02
   4.4170500e+02   3.0000582e-02
   4.7327200e+02   2.9999742e-02
   5.0709400e+02   9.9998984e-03
   5.4333300e+02   1.0000201e-02
   5.8216300e+02   9.9999790e-03
   6.2376700e+02   9.9999138e-03
   6.6834400e+02   4.9999741e-02
   7.1610700e+02   2.0000176e-02
   7.6728400e+02   0.0000000e+00
   8.2211700e+02   4.0000335e-02
   8.8087000e+02   3.9999821e-02
   9.4382100e+02   2.9999562e-02
   1.0112700e+03   9.9999276e-03
   1.0835400e+03   0.0000000e+00
   1.1609800e+03   1.0000125e-02
   1.2439500e+03   9.9990583e-03
   1.3328400e+03   3.0002709e-02
   1.4281000e+03   9.9991549e-03
   1.5301500e+03   1.0000710e-02
   1.6395100e+03   9.9993951e-03
   1.7566700e+03   2.9999917e-02
   1.8822100e+03   1.0000580e-02
   2.0167300e+03   0.0000000e+00
   2.1608500e+03   0.0000000e+00
   2.3152800e+03   0.0000000e+00
   2.4807400e+03   1.9999311e-02
   2.6580200e+03   1.0000254e-02
   2.8479800e+03   0.0000000e+00
   3.0515100e+03   9.9997525e-03
   3.2695800e+03   1.9999988e-02
   3.5032400e+03   0.0000000e+00
   3.7536000e+03   0.0000000e+00
   4.0218500e+03   0.0000000e+00
   4.3092700e+03   1.0000279e-02
   4.6172400e+03   2.0000010e-02
   4.9472100e+03   0.0000000e+00
   5.3007600e+03   9.9997885e-03
   5.6795700e+03   0.0000000e+00
   6.0854600e+03   0.0000000e+00
   6.5203600e+03   1.0000071e-02
   6.9863400e+03   2.0000108e-02
   7.4856200e+03   2.9999515e-02
   8.0205700e+03   9.9999874e-03
   8.5937600e+03   1.0000122e-02
   9.2079200e+03   9.9999707e-03
   9.8659600e+03   0.0000000e+00
   1.0571000e+04   1.0000554e-02
   1.1326500e+04   9.9994085e-03
   1.2135900e+04   1.0000056e-02
   1.3003200e+04   1.0000290e-02
   1.3932500e+04   0.0000000e+00
   1.4928200e+04   9.9996285e-03
   1.5995000e+04   0.0000000e+00
   1.7138100e+04   1.0000235e-02
   1.8362900e+04   0.0000000e+00
   1.9675200e+04   0.0000000e+00
   2.1081300e+04   0.0000000e+00
   2.2587800e+04   0.0000000e+00
   2.4202100e+04   0.0000000e+00
   2.5931700e+04   1.9999920e-02
   2.7784900e+04   0.0000000e+00
   2.9770500e+04   9.9998032e-03
   3.1898000e+04   0.0000000e+00
   3.4177600e+04   1.0000010e-02
   3.6620100e+04   0.0000000e+00
   3.9237200e+04   0.0000000e+00
   4.2041300e+04   9.9997548e-03
   4.5045700e+04   1.0000058e-02
   4.8264900e+04   0.0000000e+00
   5.1714200e+04   0.0000000e+00
   5.5409900e+04   1.0000094e-02
   5.9369800e+04   9.9998977e-03
   6.3612600e+04   0.0000000e+00
   6.8158700e+04   0.0000000e+00
   7.3029600e+04   0.0000000e+00
   7.8248700e+04   0.0000000e+00
   8.3840700e+04   0.0000000e+00
   8.9832400e+04   0.0000000e+00
   9.6252200e+04   0.0000000e+00
   1.0313100e+05   0.0000000e+00
   1.1050100e+05   0.0000000e+00
   1.1839800e+05   0.0000000e+00
   1.2685900e+05   0.0000000e+00
   1.3592500e+05   0.0000000e+00
   1.4563900e+05   0.0000000e+00
   1.5604700e+05   0.0000000e+00
   1.6719900e+05   0.0000000e+00
   1.7914800e+05   0.0000000e+00
