   1.8240400e+02   2.0000160e-02
   1.9565300e+02   0.0000000e+00
   2.0986500e+02   0.0000000e+00
   2.2510800e+02   2.0000543e-02
   2.4145900e+02   1.9999809e-02
   2.5899700e+02   9.9999325e-03
   2.7780900e+02   0.0000000e+00
   2.9798700e+02   1.0000380e-02
   3.1963200e+02   3.9999543e-02
   3.4284800e+02   2.0000297e-02
   3.6775100e+02   1.9999701e-02
   3.9446200e+02   0.0000000e+00
   4.2311400e+02   1.9999556e-02
   4.5384600e+02   6.0000256e-02
   4.8681100e+02   0.0000000e+00
   5.2217100e+02   1.9999666e-02
   5.6009800e+02   4.0000502e-02
   6.0078100e+02   1.9999797e-02
   6.4441800e+02   3.9999952e-02
   6.9122500e+02   0.0000000e+00
   7.4143200e+02   4.0000274e-02
   7.9528600e+02   1.9999918e-02
   8.5305100e+02   2.0000019e-02
   9.1501200e+02   2.9999764e-02
   9.8147300e+02   9.9997126e-03
   1.0527600e+03   2.0000805e-02
   1.1292300e+03   4.9999310e-02
   1.2112500e+03   1.0000159e-02
   1.2992300e+03   0.0000000e+00
   1.3936000e+03   9.9996655e-03
   1.4948200e+03   0.0000000e+00
   1.6034000e+03   1.9999676e-02
   1.7198600e+03   3.9999634e-02
   1.8447800e+03   1.0000380e-02
   1.9787800e+03   2.9998388e-02
   2.1225000e+03   0.0000000e+00
   2.2766700e+03   2.0000675e-02
   2.4420400e+03   1.9999354e-02
   2.6194100e+03   0.0000000e+00
   2.8096700e+03   1.0000042e-02
   3.0137500e+03   0.0000000e+00
   3.2326500e+03   2.0000646e-02
   3.4674600e+03   1.9999434e-02
   3.7193100e+03   0.0000000e+00
   3.9894600e+03   2.0000471e-02
   4.2792400e+03   9.9999808e-03
   4.5900600e+03   9.9997997e-03
   4.9234500e+03   1.0000200e-02
   5.2810700e+03   1.0000038e-02
   5.6646600e+03   1.0000004e-02
   6.0761100e+03   9.9998758e-03
   6.5174400e+03   9.9999850e-03
   6.9908300e+03   1.0000067e-02
   7.4986100e+03   0.0000000e+00
   8.0432700e+03   2.0000012e-02
   8.6274900e+03   0.0000000e+00
   9.2541400e+03   1.0000008e-02
   9.9263100e+03   9.9999871e-03
   1.0647300e+04   0.0000000e+00
   1.1420700e+04   0.0000000e+00
   1.2250200e+04   0.0000000e+00
   1.3140000e+04   0.0000000e+00
   1.4094400e+04   0.0000000e+00
   1.5118100e+04   0.0000000e+00
   1.6216300e+04   0.0000000e+00
   1.7394100e+04   0.0000000e+00
   1.8657500e+04   0.0000000e+00
   2.0012700e+04   0.0000000e+00
   2.1466300e+04   1.0000023e-02
   2.3025500e+04   0.0000000e+00
   2.4698000e+04   0.0000000e+00
   2.6491900e+04   0.0000000e+00
   2.8416100e+04   1.0000039e-02
   3.0480100e+04   0.0000000e+00
   3.2694000e+04   9.9999329e-03
   3.5068700e+04   0.0000000e+00
   3.7615900e+04   0.0000000e+00
   4.0348200e+04   0.0000000e+00
   4.3278800e+04   0.0000000e+00
   4.6422400e+04   0.0000000e+00
   4.9794300e+04   0.0000000e+00
   5.3411000e+04   1.0000032e-02
   5.7290500e+04   2.0000123e-02
   6.1451800e+04   0.0000000e+00
   6.5915300e+04   0.0000000e+00
   7.0703100e+04   0.0000000e+00
   7.5838500e+04   1.0000021e-02
   8.1347000e+04   2.0000300e-02
   8.7255700e+04   0.0000000e+00
   9.3593400e+04   0.0000000e+00
   1.0039200e+05   0.0000000e+00
   1.0768300e+05   0.0000000e+00
   1.1550500e+05   0.0000000e+00
   1.2389500e+05   0.0000000e+00
   1.3289400e+05   0.0000000e+00
   1.4254600e+05   0.0000000e+00
   1.5290000e+05   0.0000000e+00
   1.6400600e+05   0.0000000e+00
   1.7591900e+05   0.0000000e+00
