68.2428	0.00349055
73.9725	0
80.1834	0.00297075
86.9157	0
94.2132	0
102.123	0.00116626
110.698	0
119.992	0.000992585
130.067	0.0018314
140.988	0
152.825	0.000779339
165.656	0.000718973
179.565	0.00132657
194.642	0.000611907
210.984	0
228.699	0.00156235
247.9	0.00096089
268.714	0.000443231
291.276	0
315.732	0.00188613
342.241	0.000348008
370.976	0.000963155
402.124	0.000296184
435.887	0.00136621
472.484	0.000252077
512.155	0.000697656
555.156	0.000429078
601.767	0
652.293	0.000730362
707.06	0.000336895
766.426	0.0001554
830.776	0.000143363
900.529	0.000264517
976.138	0
1058.1	0.000337689
1146.94	0.000519221
1243.23	0
1347.62	0
1460.76	8.15344e-05
1583.41	0.000225657
1716.36	0.000346963
1860.46	6.40176e-05
2016.67	5.90589e-05
2185.99	0
2369.53	0
2568.48	0
2784.14	4.2779e-05
3017.9	0.000118396
3271.28	7.2817e-05
3545.94	0
3843.66	9.29601e-05
4166.38	0.000114346
4516.2	0
4895.38	0
5306.41	0
5751.94	2.07065e-05
6234.88	1.91026e-05
6758.37	0
7325.81	0
7940.89	1.49986e-05
8607.62	1.38369e-05
9330.33	0
10113.7	0
10962.9	1.08642e-05
11883.3	0
12881.1	0
13962.6	8.53012e-06
15134.9	0
16405.6	1.45197e-05
17783.1	0
19276.2	0
20894.6	1.14003e-05
22649	5.25863e-06
24550.6	0
26611.9	0
28846.3	8.25774e-06
31268.3	0
33893.6	0
36739.3	3.24183e-06
39824	0
43167.7	2.75907e-06
46792.1	0
50720.8	0
54979.4	0
59595.5	0
64599.3	1.84371e-06
70023.1	1.7009e-06
75902.3	0
82275.2	0
89183.1	0
96671.1	0
104788	0
113586	0
123123	0
133460	0
144666	0
156812	0
169978	0
184250	6.46419e-07
199719	0
