131.82	0.000891084
143.042	0
155.219	0.00075675
168.434	0.000697379
182.773	0
198.333	0.000592247
215.218	0.000545782
233.541	0
253.423	0.000463503
274.998	0.000854279
298.409	0.000393628
323.814	0.00145099
351.381	0.00100286
381.296	0.000924183
413.757	0.00113557
448.981	0.000523239
487.205	0.000964377
528.682	0.000444359
573.691	0.000818993
622.532	0.00075474
675.53	0.000347763
733.04	0.00016024
795.447	0.000147668
863.166	0.000136083
936.651	0.000250814
1016.39	0.000346704
1102.92	0.000319504
1196.82	0.000392583
1298.71	9.04457e-05
1409.27	8.33498e-05
1529.24	7.68107e-05
1659.44	0.000212354
1800.71	0
1954.01	6.01135e-05
2120.36	5.53973e-05
2300.88	0.000102102
2496.76	0
2709.32	0.00017342
2939.97	7.99071e-05
3190.26	3.6819e-05
3461.86	3.39304e-05
3756.58	3.12684e-05
4076.39	5.76305e-05
4423.43	2.65546e-05
4800.01	2.44712e-05
5208.66	4.51027e-05
5652.09	2.07821e-05
6133.27	0
6655.42	0
7222.02	1.62645e-05
7836.86	2.99769e-05
8504.04	1.38125e-05
9228.02	1.27289e-05
10013.6	0
10866.1	0
11791.2	0
12795	1.83606e-05
13884.3	0
15066.3	7.79634e-06
16349	0
17740.8	6.62101e-06
19251.2	0
20890.1	0
22668.6	0
24598.4	0
26692.6	0
28965	0
31430.9	0
34106.7	3.44396e-06
37010.4	3.17377e-06
40161.2	0
43580.3	0
47290.4	0
51316.4	2.28898e-06
55685.2	0
60425.9	0
65570.2	0
71152.4	0
77209.9	1.52134e-06
83783	0
90915.8	1.29199e-06
98655.8	0
107055	0
116169	0
126059	9.31808e-07
136790	0
148436	0
161073	7.2925e-07
174785	0
189666	0
205812	0
223334	0
242347	0
262979	0
285368	0
309662	0
336025	3.49565e-07
364632	0
395674	2.96866e-07
429359	0
