51.5738	0.00244849
55.658	0.00226882
60.0656	0
64.8222	0.00194807
69.9555	0.00180512
75.4953	0
81.4738	0
87.9258	0
94.8886	0.0013308
102.403	0
110.512	0.00228532
119.264	0.00105881
128.708	0.00196223
138.901	0.00181825
149.9	0.000842412
161.771	0.000780596
174.582	0.00216995
188.407	0.00201072
203.327	0.00186317
219.429	0.000575485
236.805	0.00159977
255.558	0.000988252
275.796	0.000915735
297.636	0.000848539
321.206	0.00196568
346.642	0.00109287
374.093	0.000337557
403.718	0.000625575
435.688	0.000289835
470.191	0.00107427
507.425	0.00074658
547.609	0.000691796
590.974	0.00106839
637.773	0
688.279	0.000366938
742.784	0.000340012
801.605	0.000315062
865.085	0.000437915
933.591	0.00013526
1007.52	0
1087.31	0.000232276
1173.41	0.000215232
1266.34	9.9719e-05
1366.62	0
1474.84	8.56213e-05
1591.64	7.93385e-05
1717.68	0
1853.7	6.8122e-05
2000.5	6.31233e-05
2158.92	0.000116983
2329.88	0
2514.39	5.02221e-05
2713.5	9.30737e-05
2928.39	0
3160.29	0
3410.55	0
3680.63	0
3972.1	3.17912e-05
4286.66	5.89167e-05
4626.12	8.18902e-05
4992.46	2.52937e-05
5387.82	2.34377e-05
5814.48	2.17178e-05
6274.93	2.01242e-05
6771.85	1.86475e-05
7308.11	0
7886.85	0
8511.41	0
9185.43	0
9912.83	0
10697.8	0
11545	1.09379e-05
12459.2	0
13445.9	0
14510.7	0
15659.8	0
16899.9	7.47211e-06
18238.2	0
19682.5	0
21241.2	0
22923.3	0
24738.6	0
26697.6	0
28811.8	0
31093.5	4.06124e-06
33555.8	0
36213.1	0
39080.8	0
42175.6	0
45515.5	0
49119.9	0
53009.7	0
57207.6	2.20736e-06
61737.9	0
66626.9	0
71903.2	0
77597.2	0
83742.2	0
90373.7	0
97530.5	0
