174.448	0.00174544
185.906	0.00163786
198.117	0.000768454
211.13	0.00144218
224.998	0
239.777	0.00126988
255.527	0.000595805
272.311	0.000559082
290.197	0
309.258	0.000492287
329.572	0.00092389
351.219	0.000866946
374.289	0.000406755
398.874	0.00076337
425.073	0.000358159
452.994	0.000336084
482.748	0.000630739
514.457	0.000295931
548.249	0.00138846
584.26	0.000781728
622.636	0
663.534	0.000229444
707.117	0.000215302
753.564	0.000404064
803.061	0.000568739
855.809	0.00071158
912.022	0.000667721
971.927	0.000469924
1035.77	0.000146987
1103.8	0
1176.3	0.000258852
1253.57	0.000364346
1335.91	0.000113963
1423.65	0.000106939
1517.17	0.000100348
1616.82	0.000282488
1723.02	8.8359e-05
1836.19	0.000165826
1956.8	7.78025e-05
2085.33	0
2222.3	0.000137015
2368.27	0.00012857
2523.83	6.03226e-05
2689.61	0.000113209
2866.27	0
3054.54	0
3255.17	9.35397e-05
3468.99	4.38872e-05
3696.84	0
3939.67	3.86439e-05
4198.44	0
4474.21	3.4027e-05
4768.1	0
5081.28	2.99617e-05
5415.04	0
5770.72	0
6149.77	0
6553.71	2.32302e-05
6984.18	4.35968e-05
7442.93	0
7931.81	1.91941e-05
8452.81	0
9008.02	3.38019e-05
9599.7	1.58592e-05
10230.3	1.48818e-05
10902.2	0
11618.3	0
12381.5	1.22961e-05
13194.7	0
14061.4	1.08271e-05
14985	0
15969.3	9.53356e-06
17018.2	8.94595e-06
18136	0
19327.3	0
20596.8	0
21949.7	6.93606e-06
23391.4	0
24927.8	0
26565.2	5.73096e-06
28310.1	0
30169.6	0
32151.3	0
34263.1	0
36513.7	0
38912	0
41467.9	0
44191.7	6.89017e-06
47094.4	3.23274e-06
50187.7	3.03349e-06
53484.3	0
56997.3	0
60741.1	0
64730.9	0
68982.6	2.20699e-06
73513.7	0
78342.4	0
83488.2	0
88972	1.71114e-06
94816.1	0
