51.0289	0.00165716
57.0633	0
63.8114	0
71.3574	0
79.7958	0.00105974
89.232	0
99.7842	0.000847458
111.584	0.00075784
124.78	0.00338849
139.535	0.0018181
156.036	0.000541944
174.488	0
195.122	0.000866768
218.197	0.00387554
244	0.00069314
272.854	0.00030992
305.12	0.00138573
341.202	0.000991353
381.551	0.000664888
426.671	0.000594576
477.127	0
533.55	0.000316982
596.645	0.000425192
667.202	0.000633713
746.102	0
834.332	0.000101354
932.996	9.06359e-05
1043.33	0.000405256
1166.71	0
1304.68	6.48153e-05
1458.96	0
1631.49	5.18317e-05
1824.42	9.2701e-05
2040.17	0.000124347
2281.43	3.70657e-05
2551.22	9.94382e-05
2852.92	8.89226e-05
3190.29	7.95191e-05
3567.56	7.11099e-05
3989.44	4.23934e-05
4461.21	3.79103e-05
4988.77	1.69507e-05
5578.72	1.51581e-05
6238.43	0
6976.16	0
7801.12	1.08398e-05
8723.65	9.69353e-06
9755.26	8.66844e-06
10908.9	7.75175e-06
12198.9	0
13641.5	6.19895e-06
15254.7	0
17058.6	4.9572e-06
19075.9	4.43298e-06
21331.7	0
23854.3	0
26675.2	3.1701e-06
29829.6	0
33357.2	2.53508e-06
37301.8	0
41712.9	0
46645.7	1.81288e-06
52161.8	0
58330.2	1.44973e-06
65228.1	0
72941.6	0
81567.3	0
91213.1	0
102000	0
114061	0
127550	0
142633	5.92869e-07
159500	5.30174e-07
178362	0
199454	0
223041	0
249417	0
278911	0
311894	0
348777	0
390022	0
436144	0
487720	0
545396	0
609892	0
682015	0
762666	0
852855	0
953710	0
1.06649e+06	0
1.19261e+06	0
1.33364e+06	0
1.49135e+06	0
1.66771e+06	0
1.86493e+06	0
2.08546e+06	0
2.33208e+06	0
2.60786e+06	0
2.91625e+06	2.89971e-08
3.26112e+06	0
