48.9937	0.00226617
53.4064	0
58.2166	0.00190715
63.46	0
69.1757	0
75.4061	0
82.1978	0
89.6011	0.00123914
97.6712	0.00113675
106.468	0.00104283
116.058	0.000956663
126.511	0.000877619
137.905	0.00161021
150.326	0.00147717
163.865	0.00271023
178.624	0.000621573
194.712	0.000570216
212.25	0.000523101
231.366	0.00047988
252.205	0.00220115
274.92	0.00121157
299.682	0.000740973
326.673	0.00169937
356.096	0.000935377
388.168	0
423.13	0.000787191
461.24	0.000722149
502.783	0.000883308
548.067	0.000810324
597.43	0.000743371
651.239	0.000511462
709.894	0.000312802
773.832	0.000286956
843.529	0.000394869
919.504	0.000120748
1002.32	0.000110771
1092.6	0.000101618
1191.01	9.32221e-05
1298.28	8.55196e-05
1415.21	0
1542.67	0.000143942
1681.62	0
1833.08	0.000181708
1998.18	5.55647e-05
2178.15	5.09736e-05
2374.33	9.35238e-05
2588.18	8.57963e-05
2821.29	0
3075.39	3.61021e-05
3352.38	3.31191e-05
3654.32	0
3983.46	2.78722e-05
4342.24	5.11386e-05
4733.33	0
5159.65	4.3037e-05
5624.37	1.97405e-05
6130.94	0
6683.14	3.32263e-05
7285.07	0
7941.22	1.39812e-05
8656.47	0
9436.13	0
10286	1.07941e-05
11212.5	0
12222.3	0
13323.2	0
14523.1	0
15831.2	0
17257.1	0
18811.4	0
20505.7	5.4145e-06
22352.6	0
24365.8	4.55671e-06
26560.4	0
28952.6	0
31560.3	0
34402.8	0
37501.4	5.92127e-06
40879.1	0
44560.9	0
48574.4	0
52949.4	0
57718.4	0
62916.9	0
68583.7	0
74760.9	0
81494.4	0
88834.3	0
96835.4	0
105557	0
115064	0
125428	0
136725	0
149039	7.44957e-07
162463	0
177096	0
193046	0
210433	5.27616e-07
229386	0
250047	0
