83.3976	0.00162584
89.5483	0.00151417
96.1526	0
103.244	0.00393992
110.858	0.0012231
119.034	0.00341728
127.813	0.00106085
137.24	0.000987987
147.361	0
158.229	0
169.899	0.00239421
182.429	0.00148651
195.883	0.000692202
210.33	0.000644658
225.842	0.000600379
242.498	0.00167743
260.383	0.00208295
279.586	0.00145491
300.206	0.00180664
322.347	0.000841274
346.12	0.00078349
371.647	0.00109451
399.057	0.000679558
428.487	0.000632882
460.089	0.000294706
494.021	0.000823392
530.456	0.000511225
569.577	0.000238055
611.585	0.000221704
656.69	0
705.121	0.000576884
757.125	0
812.964	0.000166786
872.921	0.00015533
937.3	0.000144661
1006.43	0.000134725
1080.65	0.000250943
1160.35	0
1245.93	0.000108827
1337.82	0.000202705
1436.48	0.000283173
1542.43	0
1656.18	0.000327479
1778.33	0.000304986
1909.48	0
2050.31	0
2201.52	6.15897e-05
2363.88	0.000114719
2538.22	5.34196e-05
2725.42	0
2926.42	4.63333e-05
3142.25	4.31509e-05
3374	0
3622.83	3.74268e-05
3890.02	0
4176.91	3.2462e-05
4484.97	3.02323e-05
4815.74	0
5170.9	5.24438e-05
5552.27	2.44208e-05
5961.75	0
6401.44	0
6873.55	0
7380.48	0
7924.8	0
8509.27	0
9136.84	0
9810.69	1.38207e-05
10534.2	0
11311.2	0
12145.4	2.2328e-05
13041.1	1.03972e-05
14002.9	0
15035.6	9.01798e-06
16144.5	0
17335.2	0
18613.7	7.28447e-06
19986.5	0
21460.5	6.31816e-06
23043.2	5.8842e-06
24742.7	0
26567.5	0
28526.9	0
30630.8	0
32889.9	1.23677e-05
35315.5	0
37920.1	0
40716.7	0
43719.6	0
46944	2.88835e-06
50406.2	0
54123.7	0
58115.4	0
62401.5	0
67003.7	0
71945.3	0
77251.3	0
82948.7	0
89066.3	0
95635	0
