47.6299	0.0022585
52.0576	0
56.8969	0
62.1861	0
67.967	0
74.2853	0
81.1909	0
88.7384	0.00121224
96.9876	0.00110913
106.004	0.00202959
115.858	0
126.628	0.00169903
138.4	0.00388629
151.265	0.0028446
165.327	0.00195199
180.696	0.000595321
197.494	0.00108937
215.853	0.000996718
235.919	0.00136791
257.85	0.00208595
281.82	0.00152682
308.018	0.00069848
336.652	0.000639071
367.947	0.000584716
402.152	0.000534983
439.536	0
480.396	0.000223924
525.054	0.000614635
573.863	0.000187453
627.21	0.000171509
685.516	0.000156921
749.242	0.000430724
818.892	0.000656815
895.017	0.00048076
978.219	0.000329902
1069.15	0.000301843
1168.54	9.20566e-05
1277.17	0.000168454
1395.9	0
1525.66	0.000282034
1667.49	0
1822.5	5.90244e-05
1991.92	5.40042e-05
2177.09	9.88218e-05
2379.48	0.000135625
2600.68	0.000124089
2842.44	7.56901e-05
3106.67	3.46262e-05
3395.47	9.50432e-05
3711.12	0
4056.11	2.6521e-05
4433.17	0
4845.28	0
5295.7	2.03131e-05
5787.99	1.85854e-05
6326.05	0
6914.12	0
7556.87	0
8259.36	0
9027.16	0
9866.33	1.0903e-05
10783.5	0
11786	0
12881.6	0
14079.1	7.64058e-06
15387.9	6.99071e-06
16818.3	0
18381.8	0
20090.6	0
21958.2	0
23999.5	0
26230.5	0
28668.9	0
31334	0
34246.8	0
37430.4	0
40910	0
44713	0
48869.5	0
53412.5	0
58377.8	0
63804.6	0
69735.9	0
76218.7	0
83304	0
91048	0
99511.9	0
108763	0
118873	0
129924	8.27963e-07
142002	0
155202	0
169630	0
185399	0
202634	0
221471	0
242059	0
264561	0
289155	3.72023e-07
316035	0
