62.1358	0.00333508
68.1326	0
74.7083	0.00138691
81.9185	0
89.8247	0.00115351
98.4938	0.00105198
108	0
118.423	0.00262484
129.852	0
142.385	0
156.126	0
171.194	0
187.717	0
205.834	0.0035237
225.699	0.00137724
247.482	0
271.367	0.000763644
297.557	0
326.275	0.000952698
357.765	0.000868844
392.293	0.000528247
430.154	0.000481752
471.67	0.000439349
517.191	0.000801358
567.107	0.000548118
621.839	0.000499874
681.854	0
747.662	0.000554336
819.82	0.000252772
898.943	0.000691572
985.702	0.000105117
1080.83	9.58648e-05
1185.15	0.000262281
1299.53	7.97319e-05
1424.95	0.000145428
1562.47	0.000265256
1713.27	0.000241909
1878.62	0
2059.93	0.000100599
2258.74	4.58724e-05
2476.74	0
2715.77	0.000114458
2977.88	0
3265.28	0
3580.42	0
3925.97	5.27838e-05
4304.88	0
4720.35	2.19505e-05
5175.92	0
5675.46	7.30259e-05
6223.21	3.32992e-05
6823.83	3.03683e-05
7482.41	0
8204.55	0
8996.39	0
9864.66	0
10816.7	0
11860.7	8.73593e-06
13005.4	0
14260.5	7.26578e-06
15636.8	6.62626e-06
17146	0
18800.8	0
20615.3	0
22604.9	4.58369e-06
24786.6	4.18024e-06
27178.8	0
29801.9	3.47676e-06
32678.1	0
35831.9	2.89166e-06
39290.2	0
43082.1	0
47240.1	0
51799.3	0
56798.6	1.82423e-06
62280.4	1.66367e-06
68291.2	0
74882.1	0
82109.1	0
90033.7	1.15083e-06
98723	0
108251	0
118699	0
130154	0
142716	7.26015e-07
156490	6.62113e-07
171593	0
188154	0
206313	0
226224	0
248058	0
271998	0
298250	0
327034	0
358597	0
393206	0
431155	0
472767	0
518395	1.99874e-07
568426	0
