55.3631	0.00329557
61.4319	0.001485
68.1659	0
75.638	0.0012061
83.9292	0
93.1293	0.00097957
103.338	0.0052968
114.665	0.00159118
127.235	0.00143399
141.182	0.00193849
156.658	0.000582331
173.83	0.00104961
192.885	0.000945918
214.028	0.000852472
237.49	0.00192065
263.523	0.000346182
292.409	0.00124793
324.462	0.00140581
360.029	0.00152032
399.494	0.000456711
443.285	0.00102898
491.877	0.000927332
545.795	0.000334289
605.624	0.000301265
672.01	0
745.674	0.000122341
827.413	0
918.111	0.000198727
1018.75	0.000179095
1130.42	0
1254.34	7.27289e-05
1391.84	0
1544.4	5.90691e-05
1713.7	0.000106468
1901.55	4.79749e-05
2109.99	4.32356e-05
2341.28	7.79288e-05
2597.93	3.51152e-05
2882.7	9.49387e-05
3198.7	0
3549.33	0
3938.39	2.31634e-05
4370.11	2.08751e-05
4849.15	0
5380.7	1.69544e-05
5970.52	1.52795e-05
6624.99	1.37701e-05
7351.2	0
8157.01	2.23677e-05
9051.16	0
10043.3	9.08331e-06
11144.2	8.18599e-06
12365.8	0
13721.4	6.64852e-06
15225.4	0
16894.4	0
18746.3	0
20801.2	0
23081.4	0
25611.5	0
28419	3.21006e-06
31534.2	2.89294e-06
34990.9	0
38826.5	2.3496e-06
43082.5	0
47805.1	0
53045.4	0
58860.1	3.09978e-06
65312.1	0
72471.5	0
80415.6	0
89230.5	0
99011.7	0
109865	0
121908	0
135271	1.3488e-06
150099	0
166553	5.47734e-07
184810	0
205068	4.4486e-07
227547	0
252490	0
280167	0
310879	2.93448e-07
344956	0
382769	0
424727	0
471285	0
522946	0
580269	0
643877	0
714457	0
792773	0
879675	0
976102	0
1.0831e+06	0
1.20183e+06	0
1.33357e+06	0
1.47975e+06	6.16501e-08
1.64195e+06	0
