61.2148	0.00173652
66.9735	0
73.2738	0
80.1669	0
87.7084	0.00242396
95.9594	0
104.987	0.00101252
114.863	0.000925459
125.668	0
137.49	0.0015463
150.424	0
164.575	0
180.057	0.00177112
196.996	0.000539611
215.527	0.00197285
235.803	0.00135241
257.985	0.00164817
282.255	0.00112984
308.807	0.00103269
337.857	0.00125853
369.64	0.000287579
404.413	0.00157711
442.458	0
484.081	0.00065878
529.619	0.00100356
579.442	0.000733816
633.952	0.00016768
693.589	0.000459786
758.837	0.000140084
830.223	0.000128039
908.324	0.000234059
993.772	0.000213934
1087.26	9.77696e-05
1189.54	0.000357452
1301.44	0
1423.87	0.000298625
1557.82	0.000136474
1704.37	6.23697e-05
1864.7	0.000114014
2040.12	0
2232.04	4.7625e-05
2442.01	0.00013059
2671.74	0
2923.08	3.63661e-05
3198.06	3.32392e-05
3498.91	9.11435e-05
3828.06	0
4188.18	0
4582.17	2.31988e-05
5013.23	0
5484.83	0
6000.8	0
6565.32	3.23826e-05
7182.93	0
7858.65	1.35266e-05
8597.93	1.23635e-05
9406.76	0
10291.7	0
11259.8	0
12319.1	1.72579e-05
13478	7.88701e-06
14745.9	1.44177e-05
16133.1	0
17650.7	0
19311.2	5.50462e-06
21127.9	0
23115.4	0
25289.9	4.20329e-06
27669	3.84187e-06
30271.9	0
33119.7	3.2096e-06
36235.3	0
39644.1	0
43373.5	2.45083e-06
47453.8	0
51917.9	0
56801.9	0
62145.4	0
67991.6	0
74387.7	0
81385.6	0
89041.7	0
97418.1	0
106582	0
116609	0
127579	0
139580	0
152711	0
167077	0
182794	0
199990	0
218804	0
239387	0
261907	0
286545	0
313501	0
342993	0
375259	0
410561	0
449184	0
