52.9737	0.00200851
57.9525	0.00183596
63.3992	0
69.3579	0.00153405
75.8766	0
83.008	0.00128179
90.8096	0
99.3444	0.00214201
108.681	0.00195799
118.896	0.000894886
130.071	0
142.296	0.00224319
155.669	0.00068349
170.3	0
186.306	0.000571095
203.816	0.000522031
222.972	0
243.929	0.000436187
266.855	0.000398713
291.935	0.000728918
319.373	0.000666295
349.39	0.00121811
382.228	0
418.152	0.000254449
457.452	0.000232589
500.447	0.000850427
547.482	0.000194341
598.938	0.00106587
655.23	0.000324767
716.812	0.000890596
784.183	0.000271361
857.886	0
938.515	0
1026.72	0.000414517
1123.22	0.000189452
1228.79	0.000173176
1344.28	0.000158298
1470.62	0.000144699
1608.84	0.000198401
1760.05	0.000120904
1925.47	5.52584e-05
2106.44	5.05111e-05
2304.41	9.23432e-05
2521	0
2757.94	0
3017.14	7.05292e-05
3300.72	9.67049e-05
3610.94	2.94656e-05
3950.32	5.38683e-05
4321.59	0
4727.76	0
5172.11	4.11432e-05
5658.22	1.88042e-05
6190.01	0
6771.79	0
7408.24	1.43622e-05
8104.52	0
8866.23	0
9699.54	0
10611.2	0
11608.5	1.83312e-05
12699.5	1.67563e-05
13893.1	7.65837e-06
15198.8	7.00043e-06
16627.3	6.39901e-06
18190.1	0
19899.7	5.34674e-06
21770	0
23816.1	0
26054.5	0
28503.2	1.11986e-05
31182.1	0
34112.8	0
37319	2.85105e-06
40826.4	2.60612e-06
44663.6	0
48861.3	0
53453.6	0
58477.5	0
63973.6	0
69986.3	1.52028e-06
76564	0
83760	0
91632.3	0
100245	1.06139e-06
109666	9.70203e-07
119973	0
131249	0
143585	7.41015e-07
157080	6.77353e-07
171843	0
187994	0
205663	0
224992	0
246139	0
269272	0
294580	0
322267	0
352555	0
385691	0
