115.777	0.00215048
125.077	0
135.125	0
145.979	0
157.705	0
170.374	0
184.06	0.00202904
198.845	0
214.818	0.00173852
232.074	0.000536416
250.716	0.00198612
270.856	0
292.614	0
316.119	0.000787603
341.513	0.00145808
368.946	0.00101225
398.583	0.000936981
430.601	0.000578207
465.19	0.000267607
502.558	0.000495418
542.928	0.00022929
586.541	0.000424482
633.658	0.00039292
684.559	0
739.548	0.00067332
798.955	0.000311627
863.135	0.000288456
932.469	0.000267008
1007.37	0.000247154
1088.29	0.000457553
1175.72	0
1270.16	0.000490049
1372.19	0
1482.42	0.000167953
1601.5	0.000155465
1730.14	0.000143905
1869.13	0.000133205
2019.27	0.0001233
2181.48	5.7066e-05
2356.71	0
2546.02	0
2750.54	9.0519e-05
2971.49	4.18942e-05
3210.19	3.87791e-05
3468.06	7.17913e-05
3746.64	6.64532e-05
4047.61	3.0756e-05
4372.75	5.69382e-05
4724.01	0
5103.48	2.43928e-05
5513.44	2.25791e-05
5956.33	4.18003e-05
6434.79	3.86922e-05
6951.69	5.37229e-05
7510.11	0
8113.39	0
8765.13	0
9469.22	0
10229.9	1.21691e-05
11051.6	1.12642e-05
11939.4	0
12898.5	0
13934.6	8.93375e-06
15053.9	8.26947e-06
16263.2	0
17569.6	7.08542e-06
18981	6.55858e-06
20505.7	0
22152.9	0
23932.4	5.20166e-06
25854.9	0
27931.8	4.45687e-06
30175.5	4.12547e-06
32599.4	0
35218.1	0
38047.2	3.27194e-06
41103.4	0
44405.2	0
47972.3	0
51825.8	0
55988.9	0
60486.5	2.05812e-06
65345.3	0
70594.4	0
76265.2	0
82391.5	0
89009.9	0
96159.9	0
103884	1.19833e-06
112229	0
121245	0
130984	0
141506	0
152873	0
165153	0
178419	0
192752	0
208235	0
224962	0
243033	0
