64.8878	0.00425469
69.5885	0.00198364
74.6298	0
80.0362	0.0017247
85.8343	0.0016082
92.0524	0
98.721	0
105.873	0.00130382
113.543	0
121.768	0.00226724
130.589	0.00105705
140.05	0.000985643
150.195	0.00183813
161.076	0
172.745	0.00239727
185.259	0.00149023
198.68	0.00208434
213.073	0.00194354
228.508	0.000604086
245.062	0.00112656
262.816	0
281.855	0.00146925
302.273	0.00137001
324.171	0.000425821
347.655	0.000794113
372.84	0.000370236
399.85	0.0013809
428.817	0.00128762
459.882	0.000300161
493.197	0.00111954
528.926	0
567.243	0.0004867
608.336	0.000226912
652.406	0.000211584
699.669	0.000197292
750.355	0.000551894
804.713	0.000343076
863.01	0
925.529	0.000298292
992.577	0.000139071
1064.48	0.000129677
1141.6	0
1224.3	0.000112749
1312.99	0
1408.11	0
1510.12	9.14093e-05
1619.52	0.000170469
1736.84	0
1862.66	0.000148217
1997.6	0.000138205
2142.31	0
2297.51	6.0082e-05
2463.95	0
2642.44	0
2833.87	4.87103e-05
3039.17	4.54199e-05
3259.33	4.23518e-05
3495.45	0
3748.67	0
4020.24	3.43359e-05
4311.48	3.20166e-05
4623.82	2.98538e-05
4958.79	0
5318.02	0
5703.27	2.42034e-05
6116.44	0
6559.53	0
7034.73	3.9245e-05
7544.35	0
8090.88	1.7061e-05
8677.02	1.59086e-05
9305.61	0
9979.74	1.38319e-05
10702.7	3.86927e-05
11478	1.20263e-05
12309.6	2.24279e-05
13201.3	0
14157.6	0
15183.3	0
16283.2	0
17462.8	7.90473e-06
18727.9	0
20084.6	0
21539.6	0
23100	5.97571e-06
24773.4	5.57205e-06
26568.1	1.03913e-05
28492.8	0
30556.9	0
32770.5	4.21228e-06
35144.6	0
37690.5	0
40421	0
43349.2	0
46489.6	2.96924e-06
49857.4	0
53469.3	2.58165e-06
57342.8	2.40726e-06
61496.9	2.24465e-06
65951.9	0
