137.203	0.000882716
148.532	0
160.796	0.0015064
174.073	0.00139151
188.446	0.00192806
204.005	0.000593669
220.85	0.000548389
239.085	0.00253282
258.826	0.00140378
280.197	0.00129671
303.332	0.000798541
328.378	0.000737636
355.492	0.000681376
384.844	0.00125881
416.62	0.0011628
451.02	0.000537057
488.259	0.000744143
528.574	0.000458258
572.218	0.000634959
619.465	0.00039102
670.613	0.000541795
725.985	0.000166824
785.928	0.0001541
850.821	0.000142347
921.072	0.00026298
997.123	0.000364383
1079.45	0.000336591
1168.58	0
1265.07	0.00019147
1369.53	0.000176867
1482.61	8.16884e-05
1605.02	0.000226374
1737.55	0.000139405
1881.01	0.000193159
2036.32	5.94756e-05
2204.46	0
2386.48	5.07491e-05
2583.53	0
2796.85	0
3027.78	8.00004e-05
3277.78	3.69494e-05
3548.42	0.000102394
3841.4	0
4158.58	5.82466e-05
4501.95	2.69021e-05
4873.67	0
5276.08	4.59097e-05
5711.72	2.12041e-05
6183.32	0
6693.87	0
7246.57	0
7844.91	1.54382e-05
8492.65	0
9193.88	1.31731e-05
9953	0
10774.8	0
11664.5	0
12627.6	0
13670.2	0
14799	0
16020.9	0
17343.7	0
18775.7	6.45044e-06
20326	5.95845e-06
22004.3	5.504e-06
23821.2	0
25788	0
27917.3	0
30222.4	4.00735e-06
32717.8	3.7017e-06
35419.3	3.41937e-06
38343.8	0
41509.8	0
44937.2	0
48647.6	2.48957e-06
52664.3	0
57012.7	0
61720.2	0
66816.3	0
72333.3	0
78305.7	0
84771.3	2.85738e-06
91770.7	0
99348.1	0
107551	0
116431	0
126045	0
136452	0
147719	0
159916	0
173120	0
187414	0
202889	0
219641	0
237776	0
257409	0
278663	0
301672	0
326580	0
353545	0
