58.5134	0.00405587
63.4446	0.00187032
68.7913	0
74.5885	0.00318176
80.8743	0.00146723
87.6899	0
95.0798	0.00124802
103.093	0
111.78	0
121.201	0
131.415	0.000902955
142.489	0
154.497	0.000768048
167.517	0.00141671
181.635	0
196.942	0.00180756
213.539	0.00111138
231.534	0.001025
251.046	0.000472668
272.203	0.00043593
295.142	0.00160819
320.015	0.0011124
346.984	0.00102594
376.225	0.0006308
407.931	0.000290886
442.309	0.000268278
479.583	0.000494852
520	0.000228195
563.822	0.000841837
611.337	0.000582305
662.856	0.000179015
718.717	0.000330203
779.286	0.000609078
844.959	0.000140435
916.167	0.000647598
993.375	0
1077.09	0.000330506
1167.86	0.000304818
1266.28	0
1372.99	0
1488.7	0.000398541
1614.16	0
1750.19	0.000203398
1897.68	6.25297e-05
2057.61	0.000230679
2231.01	0
2419.02	4.90535e-05
2622.88	4.52409e-05
2843.92	0
3083.59	3.84816e-05
3343.45	0
3625.22	0
3930.72	3.01882e-05
4261.98	5.56837e-05
4621.15	2.56779e-05
5010.59	0
5432.85	4.36829e-05
5890.7	0
6387.12	0
6925.39	1.71343e-05
7509.01	1.58025e-05
8141.82	0
8827.96	0
9571.93	1.23968e-05
10378.6	1.14333e-05
11253.2	2.10893e-05
12201.6	0
13229.8	8.96923e-06
14344.8	0
15553.6	1.52584e-05
16864.4	7.03621e-06
18285.6	0
19826.6	5.98496e-06
21497.5	0
23309.1	0
25273.5	4.6951e-06
27403.3	0
29712.7	0
32216.7	3.68323e-06
34931.7	0
37875.5	0
41067.4	0
44528.3	0
48280.9	0
52349.7	0
56761.3	0
61544.8	0
66731.4	0
72355.1	0
78452.7	0
85064.2	1.39496e-06
92232.8	0
100006	0
108433	0
117571	0
127480	0
138223	0
149871	0
162501	7.30218e-07
176196	0
