74.6464	0.00303021
81.2466	0
88.4304	0
96.2494	0.00117504
104.76	0.00107959
114.023	0
124.104	0.000911308
135.078	0.00502366
147.021	0.00461556
160.021	0.000706767
174.169	0.0012987
189.569	0.000596601
206.331	0.00109627
224.575	0.00151082
244.432	0.000462695
266.044	0
289.567	0.000390573
315.171	0.00143538
343.038	0.00197816
373.369	0.00121164
406.382	0.00111321
442.315	0.000511389
481.424	0
523.991	0.000215838
570.322	0.000198304
620.749	0.000728779
675.636	0.000334788
735.375	0.000461386
800.397	0.000423905
871.167	0.000129823
948.195	0.000357829
1032.03	0.000547934
1123.29	0.000201369
1222.61	0
1330.71	0.000169981
1448.37	7.8086e-05
1576.43	0.00028697
1715.82	0
1867.53	0
2032.66	5.56401e-05
2212.38	5.11201e-05
2408	0
2620.92	0
2852.66	0.000118939
3104.89	0
3379.42	3.34665e-05
3678.23	0
4003.45	5.64999e-05
4357.44	2.5955e-05
4742.72	2.38465e-05
5162.07	2.19093e-05
5618.49	2.01295e-05
6115.28	0
6655.99	0
7244.51	1.56115e-05
7885.06	1.43432e-05
8582.25	0
9341.09	0
10167	0
11066	0
12044.4	9.39e-06
13109.4	0
14268.5	0
15530.1	0
16903.3	0
18397.9	6.1473e-06
20024.6	0
21795.2	5.1891e-06
23722.3	0
25819.8	0
28102.8	0
30587.6	0
33292.2	0
36235.8	0
39439.8	0
42927	0
46722.6	0
50853.8	0
55350.3	0
60244.3	0
65571.1	0
71368.8	0
77679.2	1.45595e-06
84547.6	0
92023.2	0
100160	0
109016	0
118655	0
129146	0
140566	0
152994	0
166522	0
181246	0
197271	5.73308e-07
214714	0
233699	0
254362	0
276853	0
301332	3.75324e-07
327976	0
