   5.9323000e+01   3.0000263e-02
   6.7161800e+01   0.0000000e+00
   7.6036300e+01   0.0000000e+00
   8.6083400e+01   0.0000000e+00
   9.7458200e+01   1.0000024e-02
   1.1033600e+02   0.0000000e+00
   1.2491500e+02   2.0000155e-02
   1.4142100e+02   2.0000135e-02
   1.6010800e+02   2.9999843e-02
   1.8126400e+02   3.0000599e-02
   2.0521600e+02   3.9999354e-02
   2.3233200e+02   2.0000313e-02
   2.6303200e+02   4.9999982e-02
   2.9778800e+02   1.9999723e-02
   3.3713600e+02   5.0000230e-02
   3.8168400e+02   3.0000402e-02
   4.3211900e+02   3.9999604e-02
   4.8921700e+02   5.0000518e-02
   5.5386100e+02   3.9999920e-02
   6.2704600e+02   2.9999807e-02
   7.0990100e+02   3.0000114e-02
   8.0370500e+02   3.0000156e-02
   9.0990400e+02   1.9999114e-02
   1.0301300e+03   3.0000440e-02
   1.1662500e+03   4.0001408e-02
   1.3203600e+03   2.9998746e-02
   1.4948200e+03   3.0001449e-02
   1.6923500e+03   6.9999992e-02
   1.9159700e+03   3.9998521e-02
   2.1691300e+03   0.0000000e+00
   2.4557600e+03   1.9999714e-02
   2.7802500e+03   9.9999583e-03
   3.1476200e+03   1.0000131e-02
   3.5635400e+03   0.0000000e+00
   4.0344100e+03   9.9999688e-03
   4.5675000e+03   0.0000000e+00
   5.1710400e+03   0.0000000e+00
   5.8543200e+03   0.0000000e+00
   6.6278900e+03   9.9999188e-03
   7.5036700e+03   1.0000072e-02
   8.4951800e+03   9.9999806e-03
   9.6177000e+03   0.0000000e+00
   1.0888500e+04   1.0000192e-02
   1.2327300e+04   2.0000123e-02
   1.3956200e+04   0.0000000e+00
   1.5800300e+04   0.0000000e+00
   1.7888100e+04   0.0000000e+00
   2.0251800e+04   0.0000000e+00
   2.2927800e+04   0.0000000e+00
   2.5957400e+04   9.9999420e-03
   2.9387300e+04   0.0000000e+00
   3.3270400e+04   0.0000000e+00
   3.7666700e+04   0.0000000e+00
   4.2643800e+04   0.0000000e+00
   4.8278600e+04   1.0000092e-02
   5.4658000e+04   0.0000000e+00
   6.1880300e+04   0.0000000e+00
   7.0056900e+04   1.0000075e-02
   7.9314000e+04   0.0000000e+00
   8.9794200e+04   0.0000000e+00
   1.0165900e+05   0.0000000e+00
   1.1509200e+05   0.0000000e+00
   1.3030000e+05   0.0000000e+00
   1.4751700e+05   0.0000000e+00
   1.6701000e+05   0.0000000e+00
   1.8907800e+05   9.9999709e-03
   2.1406200e+05   0.0000000e+00
   2.4234700e+05   0.0000000e+00
   2.7437000e+05   9.9999408e-03
   3.1062400e+05   0.0000000e+00
   3.5166900e+05   0.0000000e+00
   3.9813800e+05   0.0000000e+00
   4.5074600e+05   0.0000000e+00
   5.1030600e+05   0.0000000e+00
   5.7773600e+05   0.0000000e+00
   6.5407600e+05   0.0000000e+00
   7.4050300e+05   0.0000000e+00
   8.3835000e+05   0.0000000e+00
   9.4912700e+05   0.0000000e+00
   1.0745400e+06   0.0000000e+00
   1.2165300e+06   0.0000000e+00
   1.3772700e+06   0.0000000e+00
   1.5592600e+06   0.0000000e+00
   1.7653000e+06   0.0000000e+00
   1.9985600e+06   0.0000000e+00
   2.2626400e+06   0.0000000e+00
   2.5616200e+06   0.0000000e+00
   2.9001000e+06   0.0000000e+00
   3.2833100e+06   0.0000000e+00
   3.7171500e+06   0.0000000e+00
   4.2083200e+06   0.0000000e+00
   4.7643900e+06   0.0000000e+00
   5.3939400e+06   0.0000000e+00
   6.1066800e+06   0.0000000e+00
   6.9135900e+06   0.0000000e+00
   7.8271300e+06   0.0000000e+00
   8.8613800e+06   0.0000000e+00
   1.0032300e+07   0.0000000e+00
   1.1357900e+07   1.0000041e-02
