   1.2045000e+02   1.0000360e-02
   1.2785000e+02   0.0000000e+00
   1.3570400e+02   0.0000000e+00
   1.4404100e+02   9.9999894e-03
   1.5289000e+02   0.0000000e+00
   1.6228300e+02   0.0000000e+00
   1.7225200e+02   0.0000000e+00
   1.8283400e+02   0.0000000e+00
   1.9406700e+02   0.0000000e+00
   2.0598900e+02   1.0000259e-02
   2.1864400e+02   0.0000000e+00
   2.3207600e+02   1.9999577e-02
   2.4633300e+02   1.9999773e-02
   2.6146600e+02   1.0000101e-02
   2.7752900e+02   0.0000000e+00
   2.9457900e+02   2.9999940e-02
   3.1267600e+02   0.0000000e+00
   3.3188400e+02   3.0000171e-02
   3.5227300e+02   2.0000476e-02
   3.7391500e+02   1.0000011e-02
   3.9688600e+02   1.9999848e-02
   4.2126800e+02   0.0000000e+00
   4.4714800e+02   1.0000014e-02
   4.7461800e+02   2.0000289e-02
   5.0377600e+02   9.9997321e-03
   5.3472400e+02   0.0000000e+00
   5.6757500e+02   1.9999866e-02
   6.0244300e+02   1.9999834e-02
   6.3945300e+02   1.0000017e-02
   6.7873700e+02   5.0000906e-02
   7.2043500e+02   1.0000011e-02
   7.6469400e+02   1.0000019e-02
   8.1167200e+02   2.0000002e-02
   8.6153600e+02   1.9999843e-02
   9.1446300e+02   2.0000061e-02
   9.7064200e+02   1.9999291e-02
   1.0302700e+03   3.0003124e-02
   1.0935700e+03   1.9999486e-02
   1.1607500e+03   2.0000244e-02
   1.2320600e+03   2.0000023e-02
   1.3077500e+03   1.0000000e-02
   1.3880900e+03   9.9993571e-03
   1.4733600e+03   5.0003248e-02
   1.5638800e+03   1.9998988e-02
   1.6599500e+03   3.0000884e-02
   1.7619300e+03   3.9999334e-02
   1.8701700e+03   9.9998762e-03
   1.9850600e+03   1.0000022e-02
   2.1070100e+03   1.9999774e-02
   2.2364500e+03   2.0000906e-02
   2.3738500e+03   1.9999418e-02
   2.5196800e+03   3.9999129e-02
   2.6744700e+03   1.0000432e-02
   2.8387800e+03   1.9999220e-02
   3.0131700e+03   9.9999754e-03
   3.1982800e+03   0.0000000e+00
   3.3947700e+03   0.0000000e+00
   3.6033200e+03   9.9997609e-03
   3.8246800e+03   2.0000458e-02
   4.0596500e+03   0.0000000e+00
   4.3090500e+03   0.0000000e+00
   4.5737700e+03   0.0000000e+00
   4.8547500e+03   0.0000000e+00
   5.1530000e+03   3.0000199e-02
   5.4695700e+03   0.0000000e+00
   5.8055800e+03   0.0000000e+00
   6.1622400e+03   2.0000005e-02
   6.5408100e+03   0.0000000e+00
   6.9426400e+03   0.0000000e+00
   7.3691500e+03   0.0000000e+00
   7.8218600e+03   0.0000000e+00
   8.3023900e+03   0.0000000e+00
   8.8124400e+03   9.9999924e-03
   9.3538200e+03   0.0000000e+00
   9.9284600e+03   0.0000000e+00
   1.0538400e+04   0.0000000e+00
   1.1185800e+04   1.0000203e-02
   1.1873000e+04   9.9999281e-03
   1.2602400e+04   0.0000000e+00
   1.3376600e+04   0.0000000e+00
   1.4198400e+04   0.0000000e+00
   1.5070700e+04   0.0000000e+00
   1.5996500e+04   0.0000000e+00
   1.6979200e+04   0.0000000e+00
   1.8022300e+04   1.0000186e-02
   1.9129500e+04   0.0000000e+00
   2.0304700e+04   1.0000057e-02
   2.1552100e+04   0.0000000e+00
   2.2876100e+04   0.0000000e+00
   2.4281500e+04   0.0000000e+00
   2.5773200e+04   0.0000000e+00
   2.7356500e+04   9.9999229e-03
   2.9037100e+04   1.0000222e-02
   3.0821000e+04   0.0000000e+00
   3.2714500e+04   0.0000000e+00
   3.4724200e+04   0.0000000e+00
   3.6857500e+04   0.0000000e+00
   3.9121800e+04   0.0000000e+00
   4.1525200e+04   0.0000000e+00
