   6.8242800e+01   1.9999804e-02
   7.3972500e+01   0.0000000e+00
   8.0183400e+01   1.9999980e-02
   8.6915700e+01   0.0000000e+00
   9.4213200e+01   0.0000000e+00
   1.0212300e+02   1.0000679e-02
   1.1069800e+02   0.0000000e+00
   1.1999200e+02   1.0000294e-02
   1.3006700e+02   2.0000719e-02
   1.4098800e+02   0.0000000e+00
   1.5282500e+02   9.9996987e-03
   1.6565600e+02   1.0000195e-02
   1.7956500e+02   2.0000696e-02
   1.9464200e+02   9.9997842e-03
   2.1098400e+02   0.0000000e+00
   2.2869900e+02   2.9998682e-02
   2.4790000e+02   1.9999964e-02
   2.6871400e+02   1.0000178e-02
   2.9127600e+02   0.0000000e+00
   3.1573200e+02   4.9999420e-02
   3.4224100e+02   1.0000010e-02
   3.7097600e+02   3.0000352e-02
   4.0212400e+02   1.0000060e-02
   4.3588700e+02   4.9999187e-02
   4.7248400e+02   1.0000147e-02
   5.1215500e+02   2.9999906e-02
   5.5515600e+02   1.9999755e-02
   6.0176700e+02   0.0000000e+00
   6.5229300e+02   3.9999736e-02
   7.0706000e+02   2.0000109e-02
   7.6642600e+02   9.9999900e-03
   8.3077600e+02   9.9999993e-03
   9.0052900e+02   1.9999866e-02
   9.7613800e+02   0.0000000e+00
   1.0581000e+03   3.0000291e-02
   1.1469400e+03   4.9995790e-02
   1.2432300e+03   0.0000000e+00
   1.3476200e+03   0.0000000e+00
   1.4607600e+03   1.0000194e-02
   1.5834100e+03   3.0001098e-02
   1.7163600e+03   4.9997368e-02
   1.8604600e+03   1.0000189e-02
   2.0166700e+03   9.9998529e-03
   2.1859900e+03   0.0000000e+00
   2.3695300e+03   0.0000000e+00
   2.5684800e+03   0.0000000e+00
   2.7841400e+03   1.0000019e-02
   3.0179000e+03   2.9999178e-02
   3.2712800e+03   1.9999917e-02
   3.5459400e+03   0.0000000e+00
   3.8436600e+03   3.0000083e-02
   4.1663800e+03   4.0000518e-02
   4.5162000e+03   0.0000000e+00
   4.8953800e+03   0.0000000e+00
   5.3064100e+03   0.0000000e+00
   5.7519400e+03   9.9999971e-03
   6.2348800e+03   1.0000020e-02
   6.7583700e+03   0.0000000e+00
   7.3258100e+03   0.0000000e+00
   7.9408900e+03   1.0000017e-02
   8.6076200e+03   1.0000066e-02
   9.3303300e+03   0.0000000e+00
   1.0113700e+04   0.0000000e+00
   1.0962900e+04   9.9994097e-03
   1.1883300e+04   0.0000000e+00
   1.2881100e+04   0.0000000e+00
   1.3962600e+04   9.9998597e-03
   1.5134900e+04   0.0000000e+00
   1.6405600e+04   2.0000887e-02
   1.7783100e+04   0.0000000e+00
   1.9276200e+04   0.0000000e+00
   2.0894600e+04   2.0000686e-02
   2.2649000e+04   9.9998108e-03
   2.4550600e+04   0.0000000e+00
   2.6611900e+04   0.0000000e+00
   2.8846300e+04   2.0000246e-02
   3.1268300e+04   0.0000000e+00
   3.3893600e+04   0.0000000e+00
   3.6739300e+04   1.0000073e-02
   3.9824000e+04   0.0000000e+00
   4.3167700e+04   9.9999733e-03
   4.6792100e+04   0.0000000e+00
   5.0720800e+04   0.0000000e+00
   5.4979400e+04   0.0000000e+00
   5.9595500e+04   0.0000000e+00
   6.4599300e+04   9.9999143e-03
   7.0023100e+04   9.9999313e-03
   7.5902300e+04   0.0000000e+00
   8.2275200e+04   0.0000000e+00
   8.9183100e+04   0.0000000e+00
   9.6671100e+04   0.0000000e+00
   1.0478800e+05   0.0000000e+00
   1.1358600e+05   0.0000000e+00
   1.2312300e+05   0.0000000e+00
   1.3346000e+05   0.0000000e+00
   1.4466600e+05   0.0000000e+00
   1.5681200e+05   0.0000000e+00
   1.6997800e+05   0.0000000e+00
   1.8425000e+05   9.9994555e-03
