   7.1255900e+01   1.0000045e-02
   7.6987800e+01   9.9999233e-03
   8.3180700e+01   0.0000000e+00
   8.9871800e+01   2.0000135e-02
   9.7101200e+01   9.9998548e-03
   1.0491200e+02   9.9997930e-03
   1.1335100e+02   9.9999841e-03
   1.2246900e+02   2.0000939e-02
   1.3232100e+02   0.0000000e+00
   1.4296500e+02   1.9999650e-02
   1.5446500e+02   1.9999528e-02
   1.6689000e+02   1.0000175e-02
   1.8031500e+02   0.0000000e+00
   1.9482000e+02   9.9997278e-03
   2.1049100e+02   2.9999948e-02
   2.2742300e+02   0.0000000e+00
   2.4571700e+02   6.0001077e-02
   2.6548300e+02   4.0000642e-02
   2.8683900e+02   1.9999584e-02
   3.0991200e+02   2.0000367e-02
   3.3484200e+02   9.9996784e-03
   3.6177600e+02   4.0000699e-02
   3.9087800e+02   3.0000489e-02
   4.2232100e+02   0.0000000e+00
   4.5629200e+02   4.0000742e-02
   4.9299700e+02   3.0000005e-02
   5.3265400e+02   3.9999988e-02
   5.7550100e+02   1.9999687e-02
   6.2179400e+02   0.0000000e+00
   6.7181200e+02   0.0000000e+00
   7.2585300e+02   1.9999934e-02
   7.8424100e+02   3.0000072e-02
   8.4732600e+02   2.0000121e-02
   9.1548600e+02   9.9999945e-03
   9.8912800e+02   0.0000000e+00
   1.0686900e+03   2.0000835e-02
   1.1546600e+03   9.9998323e-03
   1.2475400e+03   1.0000683e-02
   1.3479000e+03   9.9994790e-03
   1.4563200e+03   1.0000217e-02
   1.5734700e+03   2.9999748e-02
   1.7000400e+03   9.9998301e-03
   1.8367900e+03   9.9998087e-03
   1.9845400e+03   3.0000347e-02
   2.1441800e+03   0.0000000e+00
   2.3166600e+03   2.0000714e-02
   2.5030200e+03   2.9999459e-02
   2.7043600e+03   9.9999657e-03
   2.9219000e+03   2.0000024e-02
   3.1569400e+03   0.0000000e+00
   3.4108900e+03   0.0000000e+00
   3.6852600e+03   0.0000000e+00
   3.9817100e+03   1.9999933e-02
   4.3020000e+03   9.9998415e-03
   4.6480500e+03   0.0000000e+00
   5.0219400e+03   0.0000000e+00
   5.4259100e+03   0.0000000e+00
   5.8623800e+03   9.9999248e-03
   6.3339500e+03   0.0000000e+00
   6.8434600e+03   0.0000000e+00
   7.3939500e+03   1.0000096e-02
   7.9887300e+03   1.9999758e-02
   8.6313400e+03   2.0000235e-02
   9.3256600e+03   1.9999408e-02
   1.0075800e+04   0.0000000e+00
   1.0886300e+04   0.0000000e+00
   1.1762000e+04   0.0000000e+00
   1.2708200e+04   0.0000000e+00
   1.3730400e+04   0.0000000e+00
   1.4834900e+04   9.9997466e-03
   1.6028200e+04   0.0000000e+00
   1.7317600e+04   0.0000000e+00
   1.8710600e+04   1.0000050e-02
   2.0215700e+04   0.0000000e+00
   2.1841900e+04   0.0000000e+00
   2.3598800e+04   0.0000000e+00
   2.5497100e+04   9.9999582e-03
   2.7548100e+04   0.0000000e+00
   2.9764100e+04   0.0000000e+00
   3.2158400e+04   0.0000000e+00
   3.4745200e+04   1.0000258e-02
   3.7540200e+04   0.0000000e+00
   4.0559900e+04   0.0000000e+00
   4.3822600e+04   0.0000000e+00
   4.7347700e+04   0.0000000e+00
   5.1156400e+04   9.9998615e-03
   5.5271400e+04   0.0000000e+00
   5.9717500e+04   0.0000000e+00
   6.4521200e+04   0.0000000e+00
   6.9711400e+04   0.0000000e+00
   7.5319000e+04   0.0000000e+00
   8.1377700e+04   0.0000000e+00
   8.7923800e+04   0.0000000e+00
   9.4996400e+04   0.0000000e+00
   1.0263800e+05   0.0000000e+00
   1.1089400e+05   0.0000000e+00
   1.1981500e+05   0.0000000e+00
   1.2945300e+05   0.0000000e+00
   1.3986600e+05   0.0000000e+00
