   6.9931700e+01   9.9999914e-03
   7.5569500e+01   9.9999621e-03
   8.1661800e+01   2.0000146e-02
   8.8245300e+01   0.0000000e+00
   9.5359500e+01   1.9999339e-02
   1.0304700e+02   2.0001178e-02
   1.1135500e+02   9.9997496e-03
   1.2033200e+02   0.0000000e+00
   1.3003300e+02   0.0000000e+00
   1.4051600e+02   0.0000000e+00
   1.5184400e+02   1.0000429e-02
   1.6408600e+02   2.9999120e-02
   1.7731400e+02   1.0000124e-02
   1.9160900e+02   0.0000000e+00
   2.0705600e+02   3.0000827e-02
   2.2374900e+02   2.9999539e-02
   2.4178700e+02   3.0000702e-02
   2.6128000e+02   1.0000008e-02
   2.8234400e+02   1.9999877e-02
   3.0510600e+02   2.9999731e-02
   3.2970300e+02   0.0000000e+00
   3.5628300e+02   4.9999849e-02
   3.8500600e+02   1.0000114e-02
   4.1604500e+02   0.0000000e+00
   4.4958600e+02   9.9999955e-03
   4.8583100e+02   2.0000002e-02
   5.2499800e+02   1.9999698e-02
   5.6732200e+02   2.0000104e-02
   6.1305900e+02   1.0000007e-02
   6.6248300e+02   2.0000175e-02
   7.1589200e+02   2.9999910e-02
   7.7360600e+02   2.9999961e-02
   8.3597300e+02   1.0000003e-02
   9.0336800e+02   1.9999953e-02
   9.7619600e+02   0.0000000e+00
   1.0549000e+03   2.9998540e-02
   1.1399400e+03   0.0000000e+00
   1.2318400e+03   2.0000140e-02
   1.3311500e+03   3.9997978e-02
   1.4384600e+03   3.0000743e-02
   1.5544300e+03   1.0000310e-02
   1.6797500e+03   0.0000000e+00
   1.8151700e+03   0.0000000e+00
   1.9615000e+03   0.0000000e+00
   2.1196400e+03   9.9998634e-03
   2.2905200e+03   1.0000078e-02
   2.4751800e+03   0.0000000e+00
   2.6747200e+03   3.0001131e-02
   2.8903600e+03   2.9999105e-02
   3.1233700e+03   9.9999348e-03
   3.3751700e+03   1.0000287e-02
   3.6472800e+03   9.9997251e-03
   3.9413100e+03   1.0000196e-02
   4.2590600e+03   1.0000017e-02
   4.6024200e+03   9.9999732e-03
   4.9734600e+03   9.9999336e-03
   5.3744100e+03   0.0000000e+00
   5.8076900e+03   1.0000029e-02
   6.2759000e+03   1.9999849e-02
   6.7818500e+03   0.0000000e+00
   7.3285900e+03   2.9999949e-02
   7.9194100e+03   1.0000135e-02
   8.5578700e+03   9.9999764e-03
   9.2477900e+03   9.9999280e-03
   9.9933300e+03   1.0000298e-02
   1.0799000e+04   0.0000000e+00
   1.1669600e+04   1.0000140e-02
   1.2610400e+04   9.9997046e-03
   1.3627000e+04   0.0000000e+00
   1.4725600e+04   0.0000000e+00
   1.5912700e+04   0.0000000e+00
   1.7195600e+04   1.0000103e-02
   1.8581900e+04   0.0000000e+00
   2.0079900e+04   0.0000000e+00
   2.1698800e+04   0.0000000e+00
   2.3448100e+04   0.0000000e+00
   2.5338400e+04   0.0000000e+00
   2.7381200e+04   0.0000000e+00
   2.9588600e+04   0.0000000e+00
   3.1974000e+04   1.0000007e-02
   3.4551700e+04   1.9999918e-02
   3.7337200e+04   0.0000000e+00
   4.0347300e+04   0.0000000e+00
   4.3600000e+04   0.0000000e+00
   4.7115000e+04   0.0000000e+00
   5.0913300e+04   0.0000000e+00
   5.5017900e+04   0.0000000e+00
   5.9453400e+04   0.0000000e+00
   6.4246400e+04   0.0000000e+00
   6.9425900e+04   0.0000000e+00
   7.5022900e+04   0.0000000e+00
   8.1071100e+04   0.0000000e+00
   8.7607000e+04   9.9999357e-03
   9.4669700e+04   0.0000000e+00
   1.0230200e+05   0.0000000e+00
   1.1054900e+05   0.0000000e+00
   1.1946200e+05   0.0000000e+00
   1.2909200e+05   0.0000000e+00
   1.3950000e+05   9.9997520e-03
