   1.5474800e+02   2.0000394e-02
   1.6996900e+02   0.0000000e+00
   1.8668700e+02   1.9999890e-02
   2.0504900e+02   9.9998793e-03
   2.2521700e+02   2.0000022e-02
   2.4736900e+02   4.0000407e-02
   2.7170000e+02   2.0000055e-02
   2.9842400e+02   2.9999505e-02
   3.2777600e+02   3.0000448e-02
   3.6001600e+02   2.9999564e-02
   3.9542600e+02   4.0000534e-02
   4.3432000e+02   3.0000059e-02
   4.7703900e+02   1.9999697e-02
   5.2395900e+02   4.0000182e-02
   5.7549500e+02   2.0000075e-02
   6.3210000e+02   1.9999924e-02
   6.9427200e+02   3.0000284e-02
   7.6256000e+02   1.9999967e-02
   8.3756400e+02   3.9999847e-02
   9.1994500e+02   0.0000000e+00
   1.0104300e+03   9.9996156e-03
   1.1098100e+03   2.0000077e-02
   1.2189700e+03   0.0000000e+00
   1.3388700e+03   1.0000091e-02
   1.4705600e+03   2.9999638e-02
   1.6152000e+03   3.0000375e-02
   1.7740700e+03   9.9997602e-03
   1.9485600e+03   0.0000000e+00
   2.1402200e+03   3.0000201e-02
   2.3507300e+03   0.0000000e+00
   2.5819400e+03   1.0000183e-02
   2.8359000e+03   2.9999479e-02
   3.1148300e+03   0.0000000e+00
   3.4212000e+03   1.9999810e-02
   3.7577000e+03   0.0000000e+00
   4.1273000e+03   1.0000134e-02
   4.5332600e+03   0.0000000e+00
   4.9791400e+03   1.0000001e-02
   5.4688800e+03   2.0000032e-02
   6.0067900e+03   2.0000084e-02
   6.5976100e+03   2.0000023e-02
   7.2465400e+03   9.9998825e-03
   7.9592900e+03   0.0000000e+00
   8.7421600e+03   9.9999998e-03
   9.6020200e+03   0.0000000e+00
   1.0546500e+04   0.0000000e+00
   1.1583800e+04   2.0000686e-02
   1.2723200e+04   2.9999312e-02
   1.3974600e+04   1.9999800e-02
   1.5349100e+04   0.0000000e+00
   1.6858800e+04   0.0000000e+00
   1.8517000e+04   0.0000000e+00
   2.0338300e+04   1.0000299e-02
   2.2338800e+04   9.9999845e-03
   2.4536000e+04   0.0000000e+00
   2.6949300e+04   0.0000000e+00
   2.9600000e+04   0.0000000e+00
   3.2511400e+04   9.9998155e-03
   3.5709100e+04   1.0000045e-02
   3.9221400e+04   0.0000000e+00
   4.3079200e+04   9.9997679e-03
   4.7316300e+04   0.0000000e+00
   5.1970300e+04   1.9999935e-02
   5.7082000e+04   0.0000000e+00
   6.2696500e+04   0.0000000e+00
   6.8863200e+04   0.0000000e+00
   7.5636500e+04   1.0000027e-02
   8.3076000e+04   0.0000000e+00
   9.1247200e+04   1.9999714e-02
   1.0022200e+05   2.0000699e-02
   1.1008000e+05   0.0000000e+00
   1.2090700e+05   0.0000000e+00
   1.3279900e+05   0.0000000e+00
   1.4586100e+05   0.0000000e+00
   1.6020800e+05   0.0000000e+00
   1.7596600e+05   0.0000000e+00
   1.9327300e+05   0.0000000e+00
   2.1228300e+05   0.0000000e+00
   2.3316300e+05   0.0000000e+00
   2.5609700e+05   0.0000000e+00
   2.8128600e+05   0.0000000e+00
   3.0895300e+05   0.0000000e+00
   3.3934100e+05   0.0000000e+00
   3.7271800e+05   0.0000000e+00
   4.0937700e+05   0.0000000e+00
   4.4964300e+05   0.0000000e+00
   4.9386900e+05   9.9999525e-03
   5.4244500e+05   9.9999802e-03
   5.9579900e+05   0.0000000e+00
   6.5440100e+05   0.0000000e+00
   7.1876700e+05   0.0000000e+00
   7.8946400e+05   0.0000000e+00
   8.6711400e+05   0.0000000e+00
   9.5240200e+05   0.0000000e+00
   1.0460800e+06   0.0000000e+00
   1.1489700e+06   0.0000000e+00
   1.2619800e+06   0.0000000e+00
   1.3861100e+06   0.0000000e+00
   1.5224400e+06   1.0000350e-02
