   5.2850100e+01   9.9999688e-03
   5.8539400e+01   1.0000011e-02
   6.4841200e+01   1.0000044e-02
   7.1821400e+01   0.0000000e+00
   7.9552900e+01   0.0000000e+00
   8.8116800e+01   2.0000050e-02
   9.7602600e+01   0.0000000e+00
   1.0811000e+02   9.9999864e-03
   1.1974800e+02   2.9997995e-02
   1.3263800e+02   2.0000595e-02
   1.4691700e+02   4.0000878e-02
   1.6273300e+02   2.9999575e-02
   1.8025100e+02   1.9999897e-02
   1.9965500e+02   3.0000144e-02
   2.2114800e+02   4.9998790e-02
   2.4495400e+02   3.0000622e-02
   2.7132400e+02   2.9999829e-02
   3.0053200e+02   3.9999689e-02
   3.3288400e+02   9.9999718e-03
   3.6871900e+02   2.0000152e-02
   4.0841200e+02   4.0000311e-02
   4.5237800e+02   0.0000000e+00
   5.0107600e+02   3.0000042e-02
   5.5501700e+02   1.0000023e-02
   6.1476500e+02   2.9999735e-02
   6.8094400e+02   1.0000058e-02
   7.5424800e+02   5.0000043e-02
   8.3544300e+02   1.0000074e-02
   9.2537900e+02   1.0000354e-02
   1.0250000e+03   0.0000000e+00
   1.1353400e+03   1.0000053e-02
   1.2575600e+03   9.9995382e-03
   1.3929300e+03   2.0000031e-02
   1.5428800e+03   9.9998969e-03
   1.7089700e+03   3.0001435e-02
   1.8929500e+03   1.9999414e-02
   2.0967200e+03   9.9998784e-03
   2.3224300e+03   1.9999950e-02
   2.5724400e+03   1.0000219e-02
   2.8493700e+03   9.9998274e-03
   3.1561000e+03   2.0000278e-02
   3.4958600e+03   0.0000000e+00
   3.8721900e+03   9.9999499e-03
   4.2890300e+03   0.0000000e+00
   4.7507500e+03   0.0000000e+00
   5.2621600e+03   3.0000384e-02
   5.8286400e+03   9.9999216e-03
   6.4560900e+03   0.0000000e+00
   7.1510900e+03   1.0000039e-02
   7.9209100e+03   0.0000000e+00
   8.7736000e+03   2.0000025e-02
   9.7180800e+03   1.9999408e-02
   1.0764200e+04   0.0000000e+00
   1.1923000e+04   9.9998897e-03
   1.3206500e+04   0.0000000e+00
   1.4628200e+04   0.0000000e+00
   1.6202900e+04   0.0000000e+00
   1.7947200e+04   0.0000000e+00
   1.9879200e+04   0.0000000e+00
   2.2019200e+04   0.0000000e+00
   2.4389600e+04   0.0000000e+00
   2.7015100e+04   0.0000000e+00
   2.9923300e+04   9.9998611e-03
   3.3144500e+04   0.0000000e+00
   3.6712600e+04   3.9999995e-02
   4.0664700e+04   0.0000000e+00
   4.5042200e+04   0.0000000e+00
   4.9891000e+04   0.0000000e+00
   5.5261800e+04   2.0000181e-02
   6.1210800e+04   0.0000000e+00
   6.7800100e+04   0.0000000e+00
   7.5098800e+04   9.9999986e-03
   8.3183200e+04   2.0000054e-02
   9.2137900e+04   0.0000000e+00
   1.0205700e+05   0.0000000e+00
   1.1304300e+05   0.0000000e+00
   1.2521200e+05   0.0000000e+00
   1.3869100e+05   0.0000000e+00
   1.5362100e+05   0.0000000e+00
   1.7015900e+05   9.9996533e-03
   1.8847600e+05   0.0000000e+00
   2.0876600e+05   0.0000000e+00
   2.3124000e+05   0.0000000e+00
   2.5613300e+05   0.0000000e+00
   2.8370500e+05   0.0000000e+00
   3.1424600e+05   0.0000000e+00
   3.4807500e+05   0.0000000e+00
   3.8554500e+05   0.0000000e+00
   4.2704900e+05   0.0000000e+00
   4.7302100e+05   0.0000000e+00
   5.2394200e+05   0.0000000e+00
   5.8034500e+05   0.0000000e+00
   6.4281900e+05   0.0000000e+00
   7.1201800e+05   0.0000000e+00
   7.8866700e+05   0.0000000e+00
   8.7356700e+05   0.0000000e+00
   9.6760700e+05   0.0000000e+00
   1.0717700e+06   0.0000000e+00
   1.1871500e+06   9.9994780e-03
