   1.0283600e+02   1.9998898e-02
   1.1025900e+02   0.0000000e+00
   1.1821900e+02   2.0000368e-02
   1.2675300e+02   9.9990336e-03
   1.3590200e+02   0.0000000e+00
   1.4571300e+02   1.9998925e-02
   1.5623100e+02   2.0000292e-02
   1.6750900e+02   1.0000036e-02
   1.7960100e+02   1.0000125e-02
   1.9256600e+02   3.0000582e-02
   2.0646700e+02   9.9998835e-03
   2.2137100e+02   4.9999822e-02
   2.3735100e+02   1.0000225e-02
   2.5448500e+02   1.9999603e-02
   2.7285500e+02   1.0000246e-02
   2.9255200e+02   2.9999386e-02
   3.1367000e+02   2.0000154e-02
   3.3631300e+02   1.9999708e-02
   3.6059000e+02   3.0000096e-02
   3.8662000e+02   1.0000046e-02
   4.1452900e+02   9.9998178e-03
   4.4445200e+02   0.0000000e+00
   4.7653600e+02   0.0000000e+00
   5.1093500e+02   1.0000051e-02
   5.4781800e+02   3.0000584e-02
   5.8736400e+02   1.9999566e-02
   6.2976300e+02   1.0000102e-02
   6.7522400e+02   0.0000000e+00
   7.2396600e+02   1.0000038e-02
   7.7622700e+02   1.9999859e-02
   8.3226000e+02   1.0000150e-02
   8.9233900e+02   2.9999934e-02
   9.5675400e+02   1.0000135e-02
   1.0258200e+03   2.9999728e-02
   1.0998700e+03   1.0000509e-02
   1.1792700e+03   1.9998263e-02
   1.2643900e+03   1.0000819e-02
   1.3556700e+03   0.0000000e+00
   1.4535300e+03   9.9994845e-03
   1.5584500e+03   1.0000024e-02
   1.6709500e+03   1.9999882e-02
   1.7915700e+03   0.0000000e+00
   1.9209000e+03   1.9999486e-02
   2.0595600e+03   0.0000000e+00
   2.2082400e+03   1.9999280e-02
   2.3676400e+03   0.0000000e+00
   2.5385600e+03   9.9999892e-03
   2.7218100e+03   0.0000000e+00
   2.9182800e+03   0.0000000e+00
   3.1289500e+03   0.0000000e+00
   3.3548100e+03   3.0000774e-02
   3.5969900e+03   0.0000000e+00
   3.8566400e+03   3.0000106e-02
   4.1350400e+03   2.0000306e-02
   4.4335400e+03   9.9999058e-03
   4.7535800e+03   1.0000112e-02
   5.0967300e+03   9.9998306e-03
   5.4646400e+03   0.0000000e+00
   5.8591200e+03   2.9999928e-02
   6.2820700e+03   0.0000000e+00
   6.7355500e+03   1.0000038e-02
   7.2217700e+03   1.0000065e-02
   7.7430900e+03   1.9999712e-02
   8.3020300e+03   1.0000040e-02
   8.9013300e+03   1.0000033e-02
   9.5438900e+03   9.9995286e-03
   1.0232800e+04   0.0000000e+00
   1.0971500e+04   1.0000030e-02
   1.1763500e+04   0.0000000e+00
   1.2612700e+04   9.9991963e-03
   1.3523100e+04   0.0000000e+00
   1.4499300e+04   0.0000000e+00
   1.5546000e+04   9.9998569e-03
   1.6668200e+04   9.9997832e-03
   1.7871400e+04   0.0000000e+00
   1.9161500e+04   0.0000000e+00
   2.0544700e+04   1.0000276e-02
   2.2027800e+04   9.9999004e-03
   2.3617900e+04   0.0000000e+00
   2.5322800e+04   0.0000000e+00
   2.7150800e+04   9.9998606e-03
   2.9110700e+04   0.0000000e+00
   3.1212100e+04   9.9999788e-03
   3.3465200e+04   0.0000000e+00
   3.5881000e+04   9.9998840e-03
   3.8471100e+04   0.0000000e+00
   4.1248200e+04   0.0000000e+00
   4.4225800e+04   0.0000000e+00
   4.7418300e+04   0.0000000e+00
   5.0841300e+04   0.0000000e+00
   5.4511400e+04   1.0000016e-02
   5.8446400e+04   0.0000000e+00
   6.2665400e+04   0.0000000e+00
   6.7189000e+04   0.0000000e+00
   7.2039200e+04   0.0000000e+00
   7.7239500e+04   0.0000000e+00
   8.2815100e+04   1.0000094e-02
   8.8793300e+04   0.0000000e+00
   9.5203000e+04   9.9994472e-03
