   1.7444800e+02   1.9999252e-02
   1.8590600e+02   1.9999908e-02
   1.9811700e+02   9.9998919e-03
   2.1113000e+02   2.0000152e-02
   2.2499800e+02   0.0000000e+00
   2.3977700e+02   2.0000610e-02
   2.5552700e+02   9.9999911e-03
   2.7231100e+02   9.9997407e-03
   2.9019700e+02   0.0000000e+00
   3.0925800e+02   1.0000318e-02
   3.2957200e+02   1.9999447e-02
   3.5121900e+02   2.0000444e-02
   3.7428900e+02   1.0000072e-02
   3.9887400e+02   1.9999531e-02
   4.2507300e+02   1.0000157e-02
   4.5299400e+02   9.9998433e-03
   4.8274800e+02   2.0000103e-02
   5.1445700e+02   1.0000100e-02
   5.4824900e+02   4.9999833e-02
   5.8426000e+02   2.9999594e-02
   6.2263600e+02   0.0000000e+00
   6.6353400e+02   9.9998579e-03
   7.0711700e+02   1.0000132e-02
   7.5356400e+02   1.9999956e-02
   8.0306100e+02   2.9999845e-02
   8.5580900e+02   4.0000047e-02
   9.1202200e+02   3.9999827e-02
   9.7192700e+02   3.0001358e-02
   1.0357700e+03   9.9995256e-03
   1.1038000e+03   0.0000000e+00
   1.1763000e+03   2.0001494e-02
   1.2535700e+03   3.0000250e-02
   1.3359100e+03   9.9991136e-03
   1.4236500e+03   1.0000935e-02
   1.5171700e+03   9.9996782e-03
   1.6168200e+03   3.0000226e-02
   1.7230200e+03   9.9995880e-03
   1.8361900e+03   2.0000274e-02
   1.9568000e+03   9.9999553e-03
   2.0853300e+03   0.0000000e+00
   2.2223000e+03   2.0000080e-02
   2.3682700e+03   2.0000349e-02
   2.5238300e+03   1.0000281e-02
   2.6896100e+03   1.9999502e-02
   2.8662700e+03   0.0000000e+00
   3.0545400e+03   0.0000000e+00
   3.2551700e+03   2.0000659e-02
   3.4689900e+03   9.9996985e-03
   3.6968400e+03   0.0000000e+00
   3.9396700e+03   9.9998820e-03
   4.1984400e+03   0.0000000e+00
   4.4742100e+03   1.0000195e-02
   4.7681000e+03   0.0000000e+00
   5.0812800e+03   1.0000017e-02
   5.4150400e+03   0.0000000e+00
   5.7707200e+03   0.0000000e+00
   6.1497700e+03   0.0000000e+00
   6.5537100e+03   9.9999042e-03
   6.9841800e+03   2.0000032e-02
   7.4429300e+03   0.0000000e+00
   7.9318100e+03   1.0000126e-02
   8.4528100e+03   0.0000000e+00
   9.0080200e+03   1.9999908e-02
   9.5997000e+03   1.0000812e-02
   1.0230300e+04   9.9990814e-03
   1.0902200e+04   0.0000000e+00
   1.1618300e+04   0.0000000e+00
   1.2381500e+04   9.9991885e-03
   1.3194700e+04   0.0000000e+00
   1.4061400e+04   9.9999096e-03
   1.4985000e+04   0.0000000e+00
   1.5969300e+04   9.9997511e-03
   1.7018200e+04   9.9997829e-03
   1.8136000e+04   0.0000000e+00
   1.9327300e+04   0.0000000e+00
   2.0596800e+04   0.0000000e+00
   2.1949700e+04   9.9997177e-03
   2.3391400e+04   0.0000000e+00
   2.4927800e+04   0.0000000e+00
   2.6565200e+04   9.9999521e-03
   2.8310100e+04   0.0000000e+00
   3.0169600e+04   0.0000000e+00
   3.2151300e+04   0.0000000e+00
   3.4263100e+04   0.0000000e+00
   3.6513700e+04   0.0000000e+00
   3.8912000e+04   0.0000000e+00
   4.1467900e+04   0.0000000e+00
   4.4191700e+04   2.0000096e-02
   4.7094400e+04   9.9998346e-03
   5.0187700e+04   1.0000203e-02
   5.3484300e+04   0.0000000e+00
   5.6997300e+04   0.0000000e+00
   6.0741100e+04   0.0000000e+00
   6.4730900e+04   0.0000000e+00
   6.8982600e+04   1.0000092e-02
   7.3513700e+04   0.0000000e+00
   7.8342400e+04   0.0000000e+00
   8.3488200e+04   0.0000000e+00
   8.8972000e+04   1.0000073e-02
