   1.2905100e+02   1.0000326e-02
   1.3984600e+02   9.9995080e-03
   1.5154300e+02   1.0000759e-02
   1.6422000e+02   0.0000000e+00
   1.7795600e+02   0.0000000e+00
   1.9284100e+02   4.0001331e-02
   2.0897200e+02   9.9996135e-03
   2.2645100e+02   3.0000340e-02
   2.4539300e+02   1.9999795e-02
   2.6591900e+02   2.9999801e-02
   2.8816200e+02   3.0000320e-02
   3.1226600e+02   4.0000168e-02
   3.3838600e+02   2.0000200e-02
   3.6669100e+02   0.0000000e+00
   3.9736300e+02   2.0000069e-02
   4.3060100e+02   9.9999655e-03
   4.6661900e+02   1.0000015e-02
   5.0565000e+02   4.0000258e-02
   5.4794600e+02   9.9998898e-03
   5.9377900e+02   1.0000105e-02
   6.4344700e+02   2.0000040e-02
   6.9726900e+02   2.9999543e-02
   7.5559200e+02   5.0000462e-02
   8.1879500e+02   1.0000010e-02
   8.8728400e+02   0.0000000e+00
   9.6150200e+02   3.0000770e-02
   1.0419300e+03   1.9999269e-02
   1.1290800e+03   1.9999275e-02
   1.2235200e+03   0.0000000e+00
   1.3258700e+03   1.9999262e-02
   1.4367700e+03   4.9999807e-02
   1.5569500e+03   5.0002652e-02
   1.6871900e+03   2.9998584e-02
   1.8283100e+03   1.9999880e-02
   1.9812400e+03   1.0000397e-02
   2.1469700e+03   0.0000000e+00
   2.3265500e+03   1.0000132e-02
   2.5211600e+03   0.0000000e+00
   2.7320500e+03   2.9999420e-02
   2.9605700e+03   0.0000000e+00
   3.2082100e+03   0.0000000e+00
   3.4765700e+03   9.9999432e-03
   3.7673700e+03   0.0000000e+00
   4.0824900e+03   3.0000443e-02
   4.4239800e+03   1.0000009e-02
   4.7940300e+03   2.9999853e-02
   5.1950300e+03   9.9998952e-03
   5.6295700e+03   1.0000174e-02
   6.1004700e+03   0.0000000e+00
   6.6107500e+03   9.9999498e-03
   7.1637100e+03   0.0000000e+00
   7.7629300e+03   0.0000000e+00
   8.4122700e+03   0.0000000e+00
   9.1159200e+03   0.0000000e+00
   9.8784300e+03   1.9999452e-02
   1.0704700e+04   9.9999167e-03
   1.1600100e+04   9.9999118e-03
   1.2570400e+04   1.0000280e-02
   1.3621900e+04   0.0000000e+00
   1.4761300e+04   0.0000000e+00
   1.5996100e+04   0.0000000e+00
   1.7334100e+04   9.9997863e-03
   1.8784000e+04   0.0000000e+00
   2.0355200e+04   0.0000000e+00
   2.2057900e+04   0.0000000e+00
   2.3902900e+04   0.0000000e+00
   2.5902300e+04   0.0000000e+00
   2.8068900e+04   0.0000000e+00
   3.0416800e+04   0.0000000e+00
   3.2961000e+04   0.0000000e+00
   3.5718100e+04   1.0000041e-02
   3.8705800e+04   1.0000007e-02
   4.1943400e+04   0.0000000e+00
   4.5451800e+04   0.0000000e+00
   4.9253700e+04   0.0000000e+00
   5.3373500e+04   0.0000000e+00
   5.7838000e+04   0.0000000e+00
   6.2676000e+04   0.0000000e+00
   6.7918600e+04   0.0000000e+00
   7.3599700e+04   0.0000000e+00
   7.9756000e+04   1.0000012e-02
   8.6427300e+04   0.0000000e+00
   9.3656700e+04   0.0000000e+00
   1.0149100e+05   0.0000000e+00
   1.0998000e+05   0.0000000e+00
   1.1917900e+05   0.0000000e+00
   1.2914800e+05   0.0000000e+00
   1.3995100e+05   2.9999083e-02
   1.5165700e+05   0.0000000e+00
   1.6434300e+05   0.0000000e+00
   1.7809000e+05   0.0000000e+00
   1.9298600e+05   0.0000000e+00
   2.0912900e+05   0.0000000e+00
   2.2662200e+05   0.0000000e+00
   2.4557800e+05   0.0000000e+00
   2.6611900e+05   0.0000000e+00
   2.8837900e+05   0.0000000e+00
   3.1250100e+05   1.0000171e-02
   3.3864100e+05   0.0000000e+00
