   1.2347500e+02   1.0000586e-02
   1.3530300e+02   9.9998453e-03
   1.4826300e+02   9.9995631e-03
   1.6246400e+02   0.0000000e+00
   1.7802600e+02   1.0000254e-02
   1.9507900e+02   2.0000000e-02
   2.1376500e+02   2.0000138e-02
   2.3424100e+02   1.9999826e-02
   2.5667800e+02   1.9999703e-02
   2.8126400e+02   3.0000725e-02
   3.0820600e+02   2.9999961e-02
   3.3772800e+02   8.0000256e-02
   3.7007800e+02   9.9998454e-03
   4.0552600e+02   4.9999997e-02
   4.4437000e+02   3.0000110e-02
   4.8693500e+02   9.9999982e-03
   5.3357700e+02   6.0000585e-02
   5.8468700e+02   0.0000000e+00
   6.4069200e+02   3.0000049e-02
   7.0206200e+02   2.9999871e-02
   7.6931000e+02   1.0000028e-02
   8.4300000e+02   4.9999808e-02
   9.2374800e+02   0.0000000e+00
   1.0122300e+03   3.0000491e-02
   1.1091900e+03   1.0000399e-02
   1.2154400e+03   0.0000000e+00
   1.3318600e+03   2.9998978e-02
   1.4594300e+03   1.0000397e-02
   1.5992300e+03   1.9999334e-02
   1.7524100e+03   3.0000275e-02
   1.9202700e+03   1.0000174e-02
   2.1042100e+03   9.9997219e-03
   2.3057600e+03   1.9999845e-02
   2.5266200e+03   1.0000097e-02
   2.7686400e+03   1.0000029e-02
   3.0338400e+03   0.0000000e+00
   3.3244400e+03   1.0000067e-02
   3.6428800e+03   1.9999985e-02
   3.9918200e+03   1.0000161e-02
   4.3741900e+03   0.0000000e+00
   4.7931800e+03   1.9999864e-02
   5.2523000e+03   9.9999678e-03
   5.7554000e+03   2.9999934e-02
   6.3066900e+03   2.0000060e-02
   6.9107900e+03   0.0000000e+00
   7.5727500e+03   1.0000023e-02
   8.2981200e+03   0.0000000e+00
   9.0929700e+03   0.0000000e+00
   9.9639600e+03   0.0000000e+00
   1.0918400e+04   0.0000000e+00
   1.1964200e+04   1.9999763e-02
   1.3110200e+04   4.0000369e-02
   1.4366000e+04   0.0000000e+00
   1.5742100e+04   1.0000091e-02
   1.7250000e+04   0.0000000e+00
   1.8902300e+04   1.0000052e-02
   2.0712900e+04   0.0000000e+00
   2.2696900e+04   1.0000164e-02
   2.4871000e+04   0.0000000e+00
   2.7253300e+04   0.0000000e+00
   2.9863800e+04   2.0000285e-02
   3.2724400e+04   0.0000000e+00
   3.5858900e+04   0.0000000e+00
   3.9293700e+04   0.0000000e+00
   4.3057600e+04   0.0000000e+00
   4.7181900e+04   0.0000000e+00
   5.1701300e+04   0.0000000e+00
   5.6653600e+04   0.0000000e+00
   6.2080300e+04   0.0000000e+00
   6.8026800e+04   0.0000000e+00
   7.4542800e+04   0.0000000e+00
   8.1683100e+04   0.0000000e+00
   8.9507200e+04   0.0000000e+00
   9.8080800e+04   0.0000000e+00
   1.0747600e+05   9.9992622e-03
   1.1777000e+05   0.0000000e+00
   1.2905100e+05   0.0000000e+00
   1.4141300e+05   0.0000000e+00
   1.5495800e+05   0.0000000e+00
   1.6980100e+05   0.0000000e+00
   1.8606600e+05   0.0000000e+00
   2.0388900e+05   0.0000000e+00
   2.2341800e+05   0.0000000e+00
   2.4481900e+05   0.0000000e+00
   2.6826900e+05   0.0000000e+00
   2.9396600e+05   0.0000000e+00
   3.2212400e+05   0.0000000e+00
   3.5297900e+05   0.0000000e+00
   3.8679000e+05   0.0000000e+00
   4.2384000e+05   0.0000000e+00
   4.6443800e+05   0.0000000e+00
   5.0892500e+05   0.0000000e+00
   5.5767300e+05   0.0000000e+00
   6.1109100e+05   0.0000000e+00
   6.6962600e+05   0.0000000e+00
   7.3376700e+05   0.0000000e+00
   8.0405200e+05   1.0000017e-02
   8.8107000e+05   0.0000000e+00
   9.6546500e+05   9.9995992e-03
