   9.2198500e+01   2.0001271e-02
   1.0033300e+02   9.9993287e-03
   1.0918400e+02   0.0000000e+00
   1.1881700e+02   9.9997232e-03
   1.2929900e+02   1.9999893e-02
   1.4070600e+02   1.9999329e-02
   1.5311900e+02   1.0000321e-02
   1.6662800e+02   9.9997779e-03
   1.8132800e+02   9.9998687e-03
   1.9732500e+02   3.0000756e-02
   2.1473400e+02   2.9999340e-02
   2.3367800e+02   1.0000162e-02
   2.5429400e+02   2.9999418e-02
   2.7672800e+02   2.0000266e-02
   3.0114200e+02   1.0000195e-02
   3.2771000e+02   1.9999762e-02
   3.5662100e+02   1.0000008e-02
   3.8808300e+02   3.0000329e-02
   4.2232100e+02   1.9999908e-02
   4.5957900e+02   4.9999689e-02
   5.0012400e+02   1.9999929e-02
   5.4424600e+02   1.0000084e-02
   5.9226100e+02   3.9999465e-02
   6.4451100e+02   2.0000231e-02
   7.0137200e+02   3.0000135e-02
   7.6324900e+02   0.0000000e+00
   8.3058400e+02   9.9999757e-03
   9.0386000e+02   9.9999998e-03
   9.8360100e+02   2.0000737e-02
   1.0703800e+03   1.9999707e-02
   1.1648100e+03   3.9999124e-02
   1.2675700e+03   3.0000522e-02
   1.3794000e+03   1.9999386e-02
   1.5010900e+03   0.0000000e+00
   1.6335200e+03   3.0001460e-02
   1.7776400e+03   9.9995332e-03
   1.9344600e+03   1.0000409e-02
   2.1051300e+03   1.0000038e-02
   2.2908500e+03   3.9999228e-02
   2.4929500e+03   9.9998212e-03
   2.7128800e+03   0.0000000e+00
   2.9522200e+03   9.9999257e-03
   3.2126700e+03   2.9999932e-02
   3.4961000e+03   2.0000360e-02
   3.8045400e+03   9.9998232e-03
   4.1401800e+03   1.0000088e-02
   4.5054400e+03   0.0000000e+00
   4.9029200e+03   0.0000000e+00
   5.3354700e+03   1.0000046e-02
   5.8061800e+03   0.0000000e+00
   6.3184100e+03   1.0000071e-02
   6.8758400e+03   9.9999223e-03
   7.4824400e+03   1.0000026e-02
   8.1425600e+03   9.9999348e-03
   8.8609100e+03   0.0000000e+00
   9.6426500e+03   1.9998867e-02
   1.0493300e+04   0.0000000e+00
   1.1419100e+04   9.9998050e-03
   1.2426500e+04   0.0000000e+00
   1.3522800e+04   9.9998692e-03
   1.4715800e+04   0.0000000e+00
   1.6014100e+04   0.0000000e+00
   1.7426900e+04   9.9997262e-03
   1.8964300e+04   1.0000119e-02
   2.0637400e+04   0.0000000e+00
   2.2458100e+04   0.0000000e+00
   2.4439400e+04   0.0000000e+00
   2.6595500e+04   0.0000000e+00
   2.8941800e+04   0.0000000e+00
   3.1495100e+04   0.0000000e+00
   3.4273700e+04   0.0000000e+00
   3.7297400e+04   0.0000000e+00
   4.0587900e+04   0.0000000e+00
   4.4168700e+04   0.0000000e+00
   4.8065300e+04   0.0000000e+00
   5.2305800e+04   9.9998984e-03
   5.6920300e+04   0.0000000e+00
   6.1942000e+04   1.0000073e-02
   6.7406700e+04   0.0000000e+00
   7.3353400e+04   0.0000000e+00
   7.9824800e+04   0.0000000e+00
   8.6867200e+04   0.0000000e+00
   9.4530800e+04   0.0000000e+00
   1.0287100e+05   0.0000000e+00
   1.1194600e+05   0.0000000e+00
   1.2182200e+05   1.0000509e-02
   1.3257000e+05   9.9994706e-03
   1.4426500e+05   0.0000000e+00
   1.5699300e+05   0.0000000e+00
   1.7084300e+05   0.0000000e+00
   1.8591500e+05   0.0000000e+00
   2.0231700e+05   1.0000045e-02
   2.2016600e+05   0.0000000e+00
   2.3959000e+05   0.0000000e+00
   2.6072700e+05   0.0000000e+00
   2.8372900e+05   0.0000000e+00
   3.0876000e+05   0.0000000e+00
   3.3599900e+05   0.0000000e+00
   3.6564200e+05   0.0000000e+00
