   1.3439600e+02   1.9998645e-02
   1.4367900e+02   0.0000000e+00
   1.5360400e+02   0.0000000e+00
   1.6421500e+02   1.9999184e-02
   1.7555800e+02   0.0000000e+00
   1.8768500e+02   2.0000457e-02
   2.0065000e+02   3.9999128e-02
   2.1451000e+02   2.0000447e-02
   2.2932800e+02   9.9998372e-03
   2.4516900e+02   2.0000569e-02
   2.6210500e+02   1.9999507e-02
   2.8021000e+02   4.9999839e-02
   2.9956600e+02   3.9999776e-02
   3.2025900e+02   0.0000000e+00
   3.4238200e+02   2.0000279e-02
   3.6603300e+02   2.9999466e-02
   3.9131700e+02   1.0000010e-02
   4.1834800e+02   2.9999881e-02
   4.4724600e+02   1.9999756e-02
   4.7814000e+02   2.0000315e-02
   5.1116900e+02   3.0000012e-02
   5.4647900e+02   9.9999743e-03
   5.8422800e+02   2.0000162e-02
   6.2458500e+02   2.9999749e-02
   6.6772900e+02   0.0000000e+00
   7.1385400e+02   3.9999335e-02
   7.6316400e+02   1.0000183e-02
   8.1588200e+02   9.9998817e-03
   8.7224000e+02   0.0000000e+00
   9.3249200e+02   0.0000000e+00
   9.9690500e+02   2.0000531e-02
   1.0657700e+03   0.0000000e+00
   1.1393900e+03   1.9998614e-02
   1.2180900e+03   0.0000000e+00
   1.3022400e+03   9.9994717e-03
   1.3921900e+03   2.0000379e-02
   1.4883600e+03   1.9999732e-02
   1.5911700e+03   0.0000000e+00
   1.7010800e+03   0.0000000e+00
   1.8185900e+03   1.9999583e-02
   1.9442100e+03   9.9999914e-03
   2.0785100e+03   3.0000610e-02
   2.2220900e+03   0.0000000e+00
   2.3755800e+03   2.0000180e-02
   2.5396800e+03   0.0000000e+00
   2.7151200e+03   1.9999769e-02
   2.9026700e+03   0.0000000e+00
   3.1031700e+03   2.0000217e-02
   3.3175300e+03   1.0000223e-02
   3.5467000e+03   1.9999612e-02
   3.7916900e+03   0.0000000e+00
   4.0536100e+03   0.0000000e+00
   4.3336200e+03   0.0000000e+00
   4.6329700e+03   2.0000516e-02
   4.9530100e+03   1.9999517e-02
   5.2951400e+03   1.0000206e-02
   5.6609200e+03   0.0000000e+00
   6.0519500e+03   1.0000246e-02
   6.4700100e+03   1.9999625e-02
   6.9169300e+03   0.0000000e+00
   7.3947300e+03   1.0000076e-02
   7.9055400e+03   0.0000000e+00
   8.4516300e+03   0.0000000e+00
   9.0354400e+03   0.0000000e+00
   9.6595800e+03   0.0000000e+00
   1.0326800e+04   2.0001524e-02
   1.1040200e+04   1.9999414e-02
   1.1802800e+04   0.0000000e+00
   1.2618100e+04   0.0000000e+00
   1.3489700e+04   1.0000778e-02
   1.4421600e+04   0.0000000e+00
   1.5417800e+04   0.0000000e+00
   1.6482800e+04   0.0000000e+00
   1.7621300e+04   0.0000000e+00
   1.8838600e+04   0.0000000e+00
   2.0139900e+04   1.0000001e-02
   2.1531100e+04   9.9999954e-03
   2.3018400e+04   0.0000000e+00
   2.4608400e+04   0.0000000e+00
   2.6308300e+04   0.0000000e+00
   2.8125600e+04   0.0000000e+00
   3.0068400e+04   0.0000000e+00
   3.2145400e+04   0.0000000e+00
   3.4366000e+04   0.0000000e+00
   3.6739900e+04   9.9996933e-03
   3.9277700e+04   1.0000068e-02
   4.1990900e+04   0.0000000e+00
   4.4891500e+04   1.0000105e-02
   4.7992500e+04   0.0000000e+00
   5.1307700e+04   9.9997845e-03
   5.4851800e+04   0.0000000e+00
   5.8640800e+04   0.0000000e+00
   6.2691600e+04   0.0000000e+00
   6.7022100e+04   0.0000000e+00
   7.1651800e+04   0.0000000e+00
   7.6601300e+04   0.0000000e+00
   8.1892600e+04   0.0000000e+00
   8.7549500e+04   0.0000000e+00
   9.3597200e+04   1.0000588e-02
