   9.5228300e+01   3.9997637e-02
   1.0226100e+02   0.0000000e+00
   1.0981400e+02   1.9999179e-02
   1.1792400e+02   0.0000000e+00
   1.2663400e+02   9.9994390e-03
   1.3598600e+02   0.0000000e+00
   1.4603000e+02   0.0000000e+00
   1.5681500e+02   3.9997995e-02
   1.6839600e+02   3.0000158e-02
   1.8083300e+02   5.0001926e-02
   1.9418900e+02   2.9998217e-02
   2.0853000e+02   3.0001864e-02
   2.2393200e+02   2.9999105e-02
   2.4047000e+02   3.9999960e-02
   2.5823000e+02   1.0000174e-02
   2.7730200e+02   2.9999718e-02
   2.9778200e+02   5.0000426e-02
   3.1977500e+02   0.0000000e+00
   3.4339200e+02   9.9998930e-03
   3.6875300e+02   2.9999613e-02
   3.9598700e+02   2.0000170e-02
   4.2523300e+02   1.0000079e-02
   4.5663900e+02   0.0000000e+00
   4.9036400e+02   9.9999981e-03
   5.2658000e+02   0.0000000e+00
   5.6547100e+02   2.0000008e-02
   6.0723400e+02   1.9999834e-02
   6.5208100e+02   1.0000087e-02
   7.0024100e+02   1.9999818e-02
   7.5195700e+02   2.0000013e-02
   8.0749300e+02   4.0000220e-02
   8.6713100e+02   1.9999932e-02
   9.3117300e+02   0.0000000e+00
   9.9994500e+02   4.0002010e-02
   1.0738000e+03   1.9998588e-02
   1.1531000e+03   9.9996575e-03
   1.2382600e+03   2.0001662e-02
   1.3297200e+03   0.0000000e+00
   1.4279200e+03   0.0000000e+00
   1.5333800e+03   2.0000290e-02
   1.6466300e+03   9.9997957e-03
   1.7682400e+03   2.0000868e-02
   1.8988400e+03   2.0000047e-02
   2.0390800e+03   9.9995525e-03
   2.1896700e+03   0.0000000e+00
   2.3513900e+03   0.0000000e+00
   2.5250600e+03   9.9995238e-03
   2.7115400e+03   0.0000000e+00
   2.9118100e+03   9.9998895e-03
   3.1268600e+03   0.0000000e+00
   3.3577900e+03   0.0000000e+00
   3.6057900e+03   9.9997514e-03
   3.8720900e+03   0.0000000e+00
   4.1580700e+03   9.9998331e-03
   4.4651600e+03   0.0000000e+00
   4.7949400e+03   0.0000000e+00
   5.1490700e+03   1.9999686e-02
   5.5293500e+03   0.0000000e+00
   5.9377300e+03   0.0000000e+00
   6.3762600e+03   9.9999862e-03
   6.8471800e+03   1.0000015e-02
   7.3528800e+03   0.0000000e+00
   7.8959300e+03   9.9999145e-03
   8.4790800e+03   1.0000079e-02
   9.1053100e+03   0.0000000e+00
   9.7777900e+03   0.0000000e+00
   1.0499900e+04   0.0000000e+00
   1.1275400e+04   0.0000000e+00
   1.2108100e+04   0.0000000e+00
   1.3002400e+04   0.0000000e+00
   1.3962700e+04   0.0000000e+00
   1.4993900e+04   0.0000000e+00
   1.6101300e+04   0.0000000e+00
   1.7290500e+04   0.0000000e+00
   1.8567500e+04   9.9999721e-03
   1.9938800e+04   0.0000000e+00
   2.1411300e+04   0.0000000e+00
   2.2992700e+04   0.0000000e+00
   2.4690800e+04   0.0000000e+00
   2.6514400e+04   0.0000000e+00
   2.8472600e+04   9.9997603e-03
   3.0575400e+04   0.0000000e+00
   3.2833600e+04   0.0000000e+00
   3.5258500e+04   0.0000000e+00
   3.7862600e+04   9.9998205e-03
   4.0658900e+04   0.0000000e+00
   4.3661800e+04   0.0000000e+00
   4.6886400e+04   0.0000000e+00
   5.0349200e+04   1.0000096e-02
   5.4067800e+04   0.0000000e+00
   5.8061000e+04   9.9999778e-03
   6.2349100e+04   0.0000000e+00
   6.6953900e+04   1.0000022e-02
   7.1898800e+04   0.0000000e+00
   7.7208900e+04   1.0000009e-02
   8.2911200e+04   0.0000000e+00
   8.9034600e+04   1.0000062e-02
   9.5610300e+04   0.0000000e+00
   1.0267200e+05   9.9989141e-03
