   1.1277500e+02   9.9997446e-03
   1.2215800e+02   0.0000000e+00
   1.3232200e+02   0.0000000e+00
   1.4333100e+02   0.0000000e+00
   1.5525700e+02   0.0000000e+00
   1.6817500e+02   1.0000209e-02
   1.8216800e+02   0.0000000e+00
   1.9732500e+02   2.9999955e-02
   2.1374300e+02   0.0000000e+00
   2.3152700e+02   9.9995967e-03
   2.5079000e+02   2.0000393e-02
   2.7165700e+02   0.0000000e+00
   2.9426000e+02   1.9999673e-02
   3.1874300e+02   0.0000000e+00
   3.4526400e+02   1.9999938e-02
   3.7399100e+02   2.9999744e-02
   4.0510800e+02   1.9999792e-02
   4.3881400e+02   2.0000105e-02
   4.7532500e+02   2.0000206e-02
   5.1487400e+02   0.0000000e+00
   5.5771300e+02   0.0000000e+00
   6.0411700e+02   2.9999717e-02
   6.5438100e+02   6.0000594e-02
   7.0882800e+02   2.9999617e-02
   7.6780400e+02   0.0000000e+00
   8.3168800e+02   2.0000253e-02
   9.0088800e+02   2.9999640e-02
   9.7584400e+02   1.0000343e-02
   1.0570400e+03   3.0000361e-02
   1.1449900e+03   4.9996544e-02
   1.2402500e+03   1.0000658e-02
   1.3434500e+03   1.0000074e-02
   1.4552300e+03   3.0000113e-02
   1.5763100e+03   9.9997154e-03
   1.7074600e+03   1.0000265e-02
   1.8495300e+03   9.9995687e-03
   2.0034100e+03   1.9999966e-02
   2.1701000e+03   0.0000000e+00
   2.3506600e+03   4.0001480e-02
   2.5462500e+03   9.9997225e-03
   2.7581000e+03   1.9999733e-02
   2.9875800e+03   0.0000000e+00
   3.2361600e+03   0.0000000e+00
   3.5054200e+03   0.0000000e+00
   3.7970800e+03   2.0000012e-02
   4.1130100e+03   1.0000113e-02
   4.4552300e+03   4.0000046e-02
   4.8259200e+03   2.9999832e-02
   5.2274500e+03   0.0000000e+00
   5.6623900e+03   1.0000017e-02
   6.1335200e+03   0.0000000e+00
   6.6438500e+03   9.9999711e-03
   7.1966400e+03   0.0000000e+00
   7.7954200e+03   0.0000000e+00
   8.4440300e+03   0.0000000e+00
   9.1466000e+03   0.0000000e+00
   9.9076300e+03   0.0000000e+00
   1.0732000e+04   0.0000000e+00
   1.1624900e+04   0.0000000e+00
   1.2592100e+04   9.9999298e-03
   1.3639800e+04   2.0000343e-02
   1.4774700e+04   0.0000000e+00
   1.6004000e+04   4.0000332e-02
   1.7335600e+04   1.0000130e-02
   1.8778000e+04   1.0000047e-02
   2.0340400e+04   0.0000000e+00
   2.2032800e+04   2.9999951e-02
   2.3866000e+04   9.9998661e-03
   2.5851700e+04   0.0000000e+00
   2.8002700e+04   1.9999885e-02
   3.0332600e+04   0.0000000e+00
   3.2856300e+04   1.0000158e-02
   3.5590100e+04   0.0000000e+00
   3.8551300e+04   0.0000000e+00
   4.1758900e+04   1.0000063e-02
   4.5233400e+04   0.0000000e+00
   4.8997000e+04   9.9999820e-03
   5.3073700e+04   0.0000000e+00
   5.7489600e+04   0.0000000e+00
   6.2272900e+04   0.0000000e+00
   6.7454200e+04   0.0000000e+00
   7.3066600e+04   0.0000000e+00
   7.9146000e+04   0.0000000e+00
   8.5731200e+04   9.9999642e-03
   9.2864300e+04   0.0000000e+00
   1.0059100e+05   0.0000000e+00
   1.0896000e+05   0.0000000e+00
   1.1802600e+05   0.0000000e+00
   1.2784600e+05   0.0000000e+00
   1.3848400e+05   0.0000000e+00
   1.5000600e+05   0.0000000e+00
   1.6248700e+05   9.9996663e-03
   1.7600600e+05   1.0000470e-02
   1.9065100e+05   0.0000000e+00
   2.0651400e+05   0.0000000e+00
   2.2369600e+05   0.0000000e+00
   2.4230800e+05   2.0000135e-02
   2.6246900e+05   0.0000000e+00
   2.8430800e+05   0.0000000e+00
