   5.2973700e+01   9.9999696e-03
   5.7952500e+01   9.9999233e-03
   6.3399200e+01   0.0000000e+00
   6.9357900e+01   1.0000012e-02
   7.5876600e+01   0.0000000e+00
   8.3008000e+01   1.0000013e-02
   9.0809600e+01   0.0000000e+00
   9.9344400e+01   1.9999091e-02
   1.0868100e+02   2.0000868e-02
   1.1889600e+02   1.0000351e-02
   1.3007100e+02   0.0000000e+00
   1.4229600e+02   2.9998180e-02
   1.5566900e+02   1.0000142e-02
   1.7030000e+02   0.0000000e+00
   1.8630600e+02   9.9998734e-03
   2.0381600e+02   1.0000026e-02
   2.2297200e+02   0.0000000e+00
   2.4392900e+02   1.0000023e-02
   2.6685500e+02   9.9997220e-03
   2.9193500e+02   2.0000052e-02
   3.1937300e+02   2.0000177e-02
   3.4939000e+02   4.0000296e-02
   3.8222800e+02   0.0000000e+00
   4.1815200e+02   9.9998457e-03
   4.5745200e+02   1.0000164e-02
   5.0044700e+02   3.9999834e-02
   5.4748200e+02   1.0000010e-02
   5.9893800e+02   5.9999954e-02
   6.5523000e+02   1.9999801e-02
   7.1681200e+02   6.0000343e-02
   7.8418300e+02   2.0000120e-02
   8.5788600e+02   0.0000000e+00
   9.3851500e+02   0.0000000e+00
   1.0267200e+03   4.0000890e-02
   1.1232200e+03   2.0000448e-02
   1.2287900e+03   2.0000096e-02
   1.3442800e+03   1.9999369e-02
   1.4706200e+03   2.0000296e-02
   1.6088400e+03   3.0000215e-02
   1.7600500e+03   1.9999940e-02
   1.9254700e+03   1.0000113e-02
   2.1064400e+03   9.9996825e-03
   2.3044100e+03   2.0000614e-02
   2.5210000e+03   0.0000000e+00
   2.7579400e+03   0.0000000e+00
   3.0171400e+03   2.0000671e-02
   3.3007200e+03   2.9999794e-02
   3.6109400e+03   1.0000035e-02
   3.9503200e+03   1.9999684e-02
   4.3215900e+03   0.0000000e+00
   4.7277600e+03   0.0000000e+00
   5.1721100e+03   2.0000121e-02
   5.6582200e+03   9.9998855e-03
   6.1900100e+03   0.0000000e+00
   6.7717900e+03   0.0000000e+00
   7.4082400e+03   1.0000113e-02
   8.1045200e+03   0.0000000e+00
   8.8662300e+03   0.0000000e+00
   9.6995400e+03   0.0000000e+00
   1.0611200e+04   0.0000000e+00
   1.1608500e+04   1.9999339e-02
   1.2699500e+04   2.0000320e-02
   1.3893100e+04   9.9995337e-03
   1.5198800e+04   1.0000114e-02
   1.6627300e+04   1.0000373e-02
   1.8190100e+04   0.0000000e+00
   1.9899700e+04   1.0000008e-02
   2.1770000e+04   0.0000000e+00
   2.3816100e+04   0.0000000e+00
   2.6054500e+04   0.0000000e+00
   2.8503200e+04   2.9999930e-02
   3.1182100e+04   0.0000000e+00
   3.4112800e+04   0.0000000e+00
   3.7319000e+04   9.9997728e-03
   4.0826400e+04   1.0000204e-02
   4.4663600e+04   0.0000000e+00
   4.8861300e+04   0.0000000e+00
   5.3453600e+04   0.0000000e+00
   5.8477500e+04   0.0000000e+00
   6.3973600e+04   0.0000000e+00
   6.9986300e+04   9.9999458e-03
   7.6564000e+04   0.0000000e+00
   8.3760000e+04   0.0000000e+00
   9.1632300e+04   0.0000000e+00
   1.0024500e+05   9.9993552e-03
   1.0966600e+05   9.9998823e-03
   1.1997300e+05   0.0000000e+00
   1.3124900e+05   0.0000000e+00
   1.4358500e+05   9.9999974e-03
   1.5708000e+05   9.9997623e-03
   1.7184300e+05   0.0000000e+00
   1.8799400e+05   0.0000000e+00
   2.0566300e+05   0.0000000e+00
   2.2499200e+05   0.0000000e+00
   2.4613900e+05   0.0000000e+00
   2.6927200e+05   0.0000000e+00
   2.9458000e+05   0.0000000e+00
   3.2226700e+05   0.0000000e+00
   3.5255500e+05   0.0000000e+00
