   1.3720300e+02   1.0000290e-02
   1.4853200e+02   0.0000000e+00
   1.6079600e+02   2.0000473e-02
   1.7407300e+02   2.0000173e-02
   1.8844600e+02   2.9998686e-02
   2.0400500e+02   1.0000354e-02
   2.2085000e+02   9.9998734e-03
   2.3908500e+02   5.0000400e-02
   2.5882600e+02   3.0000182e-02
   2.8019700e+02   2.9999386e-02
   3.0333200e+02   2.0000258e-02
   3.2837800e+02   2.0000263e-02
   3.5549200e+02   1.9999748e-02
   3.8484400e+02   3.9999947e-02
   4.1662000e+02   4.0000320e-02
   4.5102000e+02   1.9999466e-02
   4.8825900e+02   3.0000125e-02
   5.2857400e+02   2.0000212e-02
   5.7221800e+02   2.9999908e-02
   6.1946500e+02   1.9999891e-02
   6.7061300e+02   3.0000273e-02
   7.2598500e+02   9.9999310e-03
   7.8592800e+02   1.0000011e-02
   8.5082100e+02   1.0000019e-02
   9.2107200e+02   1.9999892e-02
   9.9712300e+02   2.9998559e-02
   1.0794500e+03   3.0000356e-02
   1.1685800e+03   0.0000000e+00
   1.2650700e+03   2.0000956e-02
   1.3695300e+03   2.0000120e-02
   1.4826100e+03   9.9994770e-03
   1.6050200e+03   3.0001346e-02
   1.7375500e+03   1.9999041e-02
   1.8810100e+03   2.9999524e-02
   2.0363200e+03   1.0000227e-02
   2.2044600e+03   0.0000000e+00
   2.3864800e+03   1.0000110e-02
   2.5835300e+03   0.0000000e+00
   2.7968500e+03   0.0000000e+00
   3.0277800e+03   2.0000100e-02
   3.2777800e+03   9.9999856e-03
   3.5484200e+03   2.9999394e-02
   3.8414000e+03   0.0000000e+00
   4.1585800e+03   2.0000135e-02
   4.5019500e+03   1.0000049e-02
   4.8736700e+03   0.0000000e+00
   5.2760800e+03   2.0000102e-02
   5.7117200e+03   9.9998536e-03
   6.1833200e+03   0.0000000e+00
   6.6938700e+03   0.0000000e+00
   7.2465700e+03   0.0000000e+00
   7.8449100e+03   9.9999397e-03
   8.4926500e+03   0.0000000e+00
   9.1938800e+03   9.9999637e-03
   9.9530000e+03   0.0000000e+00
   1.0774800e+04   0.0000000e+00
   1.1664500e+04   0.0000000e+00
   1.2627600e+04   0.0000000e+00
   1.3670200e+04   0.0000000e+00
   1.4799000e+04   0.0000000e+00
   1.6020900e+04   0.0000000e+00
   1.7343700e+04   0.0000000e+00
   1.8775700e+04   1.0000117e-02
   2.0326000e+04   1.0000067e-02
   2.2004300e+04   1.0000218e-02
   2.3821200e+04   0.0000000e+00
   2.5788000e+04   0.0000000e+00
   2.7917300e+04   0.0000000e+00
   3.0222400e+04   9.9999412e-03
   3.2717800e+04   1.0000143e-02
   3.5419300e+04   9.9999476e-03
   3.8343800e+04   0.0000000e+00
   4.1509800e+04   0.0000000e+00
   4.4937200e+04   0.0000000e+00
   4.8647600e+04   9.9998558e-03
   5.2664300e+04   0.0000000e+00
   5.7012700e+04   0.0000000e+00
   6.1720200e+04   0.0000000e+00
   6.6816300e+04   0.0000000e+00
   7.2333300e+04   0.0000000e+00
   7.8305700e+04   0.0000000e+00
   8.4771300e+04   1.9999946e-02
   9.1770700e+04   0.0000000e+00
   9.9348100e+04   0.0000000e+00
   1.0755100e+05   0.0000000e+00
   1.1643100e+05   0.0000000e+00
   1.2604500e+05   0.0000000e+00
   1.3645200e+05   0.0000000e+00
   1.4771900e+05   0.0000000e+00
   1.5991600e+05   0.0000000e+00
   1.7312000e+05   0.0000000e+00
   1.8741400e+05   0.0000000e+00
   2.0288900e+05   0.0000000e+00
   2.1964100e+05   0.0000000e+00
   2.3777600e+05   0.0000000e+00
   2.5740900e+05   0.0000000e+00
   2.7866300e+05   0.0000000e+00
   3.0167200e+05   0.0000000e+00
   3.2658000e+05   0.0000000e+00
