   5.5363100e+01   2.0000155e-02
   6.1431900e+01   9.9999900e-03
   6.8165900e+01   0.0000000e+00
   7.5638000e+01   1.0000016e-02
   8.3929200e+01   0.0000000e+00
   9.3129300e+01   1.0000136e-02
   1.0333800e+02   5.9996854e-02
   1.1466500e+02   2.0001133e-02
   1.2723500e+02   1.9999859e-02
   1.4118200e+02   3.0000071e-02
   1.5665800e+02   9.9997879e-03
   1.7383000e+02   2.0000319e-02
   1.9288500e+02   1.9999544e-02
   2.1402800e+02   2.0000698e-02
   2.3749000e+02   5.0000281e-02
   2.6352300e+02   9.9998133e-03
   2.9240900e+02   3.9999900e-02
   3.2446200e+02   5.0000444e-02
   3.6002900e+02   5.9999429e-02
   3.9949400e+02   1.9999831e-02
   4.4328500e+02   5.0000196e-02
   4.9187700e+02   4.9999887e-02
   5.4579500e+02   2.0000177e-02
   6.0562400e+02   1.9999778e-02
   6.7201000e+02   0.0000000e+00
   7.4567400e+02   1.0000031e-02
   8.2741300e+02   0.0000000e+00
   9.1811100e+02   1.9999687e-02
   1.0187500e+03   1.9999539e-02
   1.1304200e+03   0.0000000e+00
   1.2543400e+03   1.0000224e-02
   1.3918400e+03   0.0000000e+00
   1.5444000e+03   1.0000399e-02
   1.7137000e+03   2.0000014e-02
   1.9015500e+03   9.9998882e-03
   2.1099900e+03   9.9999619e-03
   2.3412800e+03   2.0000427e-02
   2.5979300e+03   9.9997555e-03
   2.8827000e+03   3.0000629e-02
   3.1987000e+03   0.0000000e+00
   3.5493300e+03   0.0000000e+00
   3.9383900e+03   1.0000103e-02
   4.3701100e+03   1.0000008e-02
   4.8491500e+03   0.0000000e+00
   5.3807000e+03   1.0000044e-02
   5.9705200e+03   9.9999744e-03
   6.6249900e+03   9.9999843e-03
   7.3512000e+03   0.0000000e+00
   8.1570100e+03   2.0000079e-02
   9.0511600e+03   0.0000000e+00
   1.0043300e+04   9.9998160e-03
   1.1144200e+04   1.0000005e-02
   1.2365800e+04   0.0000000e+00
   1.3721400e+04   9.9993741e-03
   1.5225400e+04   0.0000000e+00
   1.6894400e+04   0.0000000e+00
   1.8746300e+04   0.0000000e+00
   2.0801200e+04   0.0000000e+00
   2.3081400e+04   0.0000000e+00
   2.5611500e+04   0.0000000e+00
   2.8419000e+04   9.9999789e-03
   3.1534200e+04   1.0000026e-02
   3.4990900e+04   0.0000000e+00
   3.8826500e+04   9.9998976e-03
   4.3082500e+04   0.0000000e+00
   4.7805100e+04   0.0000000e+00
   5.3045400e+04   0.0000000e+00
   5.8860100e+04   1.9999781e-02
   6.5312100e+04   0.0000000e+00
   7.2471500e+04   0.0000000e+00
   8.0415600e+04   0.0000000e+00
   8.9230500e+04   0.0000000e+00
   9.9011700e+04   0.0000000e+00
   1.0986500e+05   0.0000000e+00
   1.2190800e+05   0.0000000e+00
   1.3527100e+05   2.0000006e-02
   1.5009900e+05   0.0000000e+00
   1.6655300e+05   9.9999796e-03
   1.8481000e+05   0.0000000e+00
   2.0506800e+05   1.0000008e-02
   2.2754700e+05   0.0000000e+00
   2.5249000e+05   0.0000000e+00
   2.8016700e+05   0.0000000e+00
   3.1087900e+05   9.9998275e-03
   3.4495600e+05   0.0000000e+00
   3.8276900e+05   0.0000000e+00
   4.2472700e+05   0.0000000e+00
   4.7128500e+05   0.0000000e+00
   5.2294600e+05   0.0000000e+00
   5.8026900e+05   0.0000000e+00
   6.4387700e+05   0.0000000e+00
   7.1445700e+05   0.0000000e+00
   7.9277300e+05   0.0000000e+00
   8.7967500e+05   0.0000000e+00
   9.7610200e+05   0.0000000e+00
   1.0831000e+06   0.0000000e+00
   1.2018300e+06   0.0000000e+00
   1.3335700e+06   0.0000000e+00
   1.4797500e+06   9.9996462e-03
