   4.7398600e+01   9.9998963e-03
   5.1707600e+01   0.0000000e+00
   5.6408400e+01   0.0000000e+00
   6.1536600e+01   0.0000000e+00
   6.7130900e+01   1.0000071e-02
   7.3233900e+01   0.0000000e+00
   7.9891600e+01   0.0000000e+00
   8.7154700e+01   9.9999969e-03
   9.5078000e+01   0.0000000e+00
   1.0372200e+02   9.9995488e-03
   1.1315100e+02   0.0000000e+00
   1.2343800e+02   1.0000137e-02
   1.3466000e+02   9.9999756e-03
   1.4690200e+02   1.0000024e-02
   1.6025700e+02   1.9999886e-02
   1.7482600e+02   9.9996372e-03
   1.9071900e+02   3.0000978e-02
   2.0805800e+02   1.9999285e-02
   2.2697200e+02   0.0000000e+00
   2.4760700e+02   2.9999752e-02
   2.7011700e+02   2.0000326e-02
   2.9467400e+02   5.9999859e-02
   3.2146300e+02   1.9999678e-02
   3.5068700e+02   4.9999610e-02
   3.8256800e+02   1.0000085e-02
   4.1734800e+02   0.0000000e+00
   4.5529000e+02   5.9998944e-02
   4.9668000e+02   2.0000106e-02
   5.4183400e+02   4.0000229e-02
   5.9109300e+02   1.0000026e-02
   6.4483000e+02   9.9999752e-03
   7.0345200e+02   9.9998900e-03
   7.6740300e+02   5.0000385e-02
   8.3716900e+02   2.0000041e-02
   9.1327700e+02   2.0000042e-02
   9.9630400e+02   1.0000134e-02
   1.0868800e+03   3.0000198e-02
   1.1856900e+03   0.0000000e+00
   1.2934800e+03   4.9999386e-02
   1.4110700e+03   9.9998493e-03
   1.5393500e+03   3.0001221e-02
   1.6793000e+03   1.9999071e-02
   1.8319600e+03   2.0000490e-02
   1.9985100e+03   0.0000000e+00
   2.1802000e+03   9.9998044e-03
   2.3784000e+03   9.9998723e-03
   2.5946200e+03   0.0000000e+00
   2.8305000e+03   0.0000000e+00
   3.0878300e+03   9.9997323e-03
   3.3685400e+03   1.0000083e-02
   3.6747800e+03   0.0000000e+00
   4.0088600e+03   0.0000000e+00
   4.3733100e+03   9.9999322e-03
   4.7708900e+03   1.0000079e-02
   5.2046200e+03   9.9998360e-03
   5.6777700e+03   1.0000162e-02
   6.1939500e+03   1.0000037e-02
   6.7570500e+03   2.9999531e-02
   7.3713300e+03   0.0000000e+00
   8.0414700e+03   0.0000000e+00
   8.7725300e+03   0.0000000e+00
   9.5700500e+03   0.0000000e+00
   1.0440100e+04   0.0000000e+00
   1.1389200e+04   9.9999760e-03
   1.2424600e+04   0.0000000e+00
   1.3554100e+04   0.0000000e+00
   1.4786300e+04   1.0000436e-02
   1.6130600e+04   0.0000000e+00
   1.7597000e+04   0.0000000e+00
   1.9196800e+04   9.9999960e-03
   2.0942000e+04   1.0000216e-02
   2.2845900e+04   0.0000000e+00
   2.4922800e+04   9.9997576e-03
   2.7188500e+04   0.0000000e+00
   2.9660300e+04   9.9998151e-03
   3.2356700e+04   1.0000057e-02
   3.5298300e+04   0.0000000e+00
   3.8507300e+04   0.0000000e+00
   4.2008100e+04   1.0000013e-02
   4.5827100e+04   1.9999613e-02
   4.9993200e+04   1.0000136e-02
   5.4538200e+04   0.0000000e+00
   5.9496300e+04   0.0000000e+00
   6.4905200e+04   0.0000000e+00
   7.0805800e+04   0.0000000e+00
   7.7242800e+04   0.0000000e+00
   8.4265000e+04   0.0000000e+00
   9.1925600e+04   0.0000000e+00
   1.0028300e+05   9.9991581e-03
   1.0939900e+05   0.0000000e+00
   1.1934500e+05   0.0000000e+00
   1.3019500e+05   0.0000000e+00
   1.4203100e+05   0.0000000e+00
   1.5494300e+05   0.0000000e+00
   1.6902900e+05   0.0000000e+00
   1.8439600e+05   0.0000000e+00
   2.0115900e+05   0.0000000e+00
   2.1944700e+05   0.0000000e+00
   2.3939700e+05   0.0000000e+00
