   5.3021600e+01   1.9999792e-02
   5.7228000e+01   1.0000108e-02
   6.1768200e+01   0.0000000e+00
   6.6668500e+01   0.0000000e+00
   7.1957600e+01   0.0000000e+00
   7.7666400e+01   0.0000000e+00
   8.3828000e+01   0.0000000e+00
   9.0478400e+01   1.0000026e-02
   9.7656500e+01   9.9999307e-03
   1.0540400e+02   1.9999563e-02
   1.1376600e+02   1.0000447e-02
   1.2279200e+02   9.9993313e-03
   1.3253300e+02   1.0000501e-02
   1.4304800e+02   5.0001651e-02
   1.5439700e+02   0.0000000e+00
   1.6664500e+02   1.0000206e-02
   1.7986600e+02   4.0001093e-02
   1.9413600e+02   9.9995767e-03
   2.0953700e+02   2.0000501e-02
   2.2616100e+02   9.9997943e-03
   2.4410300e+02   5.0000494e-02
   2.6346900e+02   9.9999139e-03
   2.8437100e+02   5.0001267e-02
   3.0693200e+02   3.9999501e-02
   3.3128200e+02   2.9999852e-02
   3.5756400e+02   0.0000000e+00
   3.8593100e+02   7.0000709e-02
   4.1654900e+02   2.0000177e-02
   4.4959600e+02   2.9999641e-02
   4.8526400e+02   4.9999662e-02
   5.2376200e+02   0.0000000e+00
   5.6531500e+02   0.0000000e+00
   6.1016400e+02   1.9999981e-02
   6.5857100e+02   0.0000000e+00
   7.1081800e+02   1.9999874e-02
   7.6721000e+02   2.0000227e-02
   8.2807700e+02   3.0000016e-02
   8.9377200e+02   4.0000057e-02
   9.6467900e+02   9.9998466e-03
   1.0412100e+03   0.0000000e+00
   1.1238100e+03   0.0000000e+00
   1.2129700e+03   9.9999329e-03
   1.3092000e+03   3.0001499e-02
   1.4130700e+03   1.9999088e-02
   1.5251700e+03   0.0000000e+00
   1.6461700e+03   1.0000146e-02
   1.7767700e+03   0.0000000e+00
   1.9177300e+03   9.9998731e-03
   2.0698700e+03   9.9998799e-03
   2.2340800e+03   0.0000000e+00
   2.4113200e+03   0.0000000e+00
   2.6026200e+03   1.0000115e-02
   2.8091000e+03   0.0000000e+00
   3.0319600e+03   1.0000042e-02
   3.2725000e+03   1.9999853e-02
   3.5321200e+03   0.0000000e+00
   3.8123400e+03   0.0000000e+00
   4.1147900e+03   9.9998692e-03
   4.4412300e+03   1.0000186e-02
   4.7935800e+03   0.0000000e+00
   5.1738700e+03   1.0000075e-02
   5.5843400e+03   9.9999846e-03
   6.0273700e+03   0.0000000e+00
   6.5055500e+03   0.0000000e+00
   7.0216600e+03   0.0000000e+00
   7.5787200e+03   0.0000000e+00
   8.1799800e+03   0.0000000e+00
   8.8289300e+03   1.0000042e-02
   9.5293700e+03   0.0000000e+00
   1.0285400e+04   0.0000000e+00
   1.1101400e+04   0.0000000e+00
   1.1982100e+04   1.0000122e-02
   1.2932700e+04   0.0000000e+00
   1.3958700e+04   0.0000000e+00
   1.5066100e+04   0.0000000e+00
   1.6261300e+04   0.0000000e+00
   1.7551400e+04   0.0000000e+00
   1.8943900e+04   0.0000000e+00
   2.0446800e+04   0.0000000e+00
   2.2068900e+04   0.0000000e+00
   2.3819700e+04   0.0000000e+00
   2.5709400e+04   1.0000262e-02
   2.7749100e+04   0.0000000e+00
   2.9950600e+04   9.9999594e-03
   3.2326700e+04   0.0000000e+00
   3.4891300e+04   1.0000066e-02
   3.7659400e+04   0.0000000e+00
   4.0647000e+04   1.0000266e-02
   4.3871800e+04   9.9998594e-03
   4.7352300e+04   0.0000000e+00
   5.1109000e+04   0.0000000e+00
   5.5163700e+04   0.0000000e+00
   5.9540100e+04   0.0000000e+00
   6.4263600e+04   1.0000155e-02
   6.9362000e+04   0.0000000e+00
   7.4864800e+04   9.9998806e-03
   8.0804100e+04   0.0000000e+00
   8.7214700e+04   0.0000000e+00
   9.4133800e+04   1.0000219e-02
