   4.8263100e+01   1.9999886e-02
   5.3644100e+01   4.0000150e-02
   5.9625100e+01   1.9999973e-02
   6.6272900e+01   9.9999770e-03
   7.3661900e+01   1.0000109e-02
   8.1874800e+01   9.9999979e-03
   9.1003300e+01   2.0000769e-02
   1.0115000e+02   3.9998053e-02
   1.1242700e+02   1.0000072e-02
   1.2496200e+02   2.9998940e-02
   1.3889400e+02   2.0000169e-02
   1.5438000e+02   3.0001054e-02
   1.7159300e+02   0.0000000e+00
   1.9072400e+02   2.0000434e-02
   2.1198900e+02   9.9998267e-03
   2.3562400e+02   3.0000431e-02
   2.6189500e+02   1.9999592e-02
   2.9109400e+02   3.0000769e-02
   3.2355000e+02   1.9999593e-02
   3.5962300e+02   1.0000063e-02
   3.9971900e+02   9.9999865e-03
   4.4428500e+02   3.0000031e-02
   4.9382000e+02   5.0000207e-02
   5.4887800e+02   0.0000000e+00
   6.1007400e+02   3.0000289e-02
   6.7809400e+02   2.9999951e-02
   7.5369700e+02   3.9999820e-02
   8.3772900e+02   3.0000162e-02
   9.3113100e+02   2.0000730e-02
   1.0349500e+03   3.0000015e-02
   1.1503400e+03   9.9996012e-03
   1.2785900e+03   3.0001039e-02
   1.4211500e+03   2.9998396e-02
   1.5795900e+03   0.0000000e+00
   1.7557100e+03   0.0000000e+00
   1.9514600e+03   2.9999204e-02
   2.1690300e+03   0.0000000e+00
   2.4108700e+03   0.0000000e+00
   2.6796600e+03   0.0000000e+00
   2.9784300e+03   2.0000249e-02
   3.3105100e+03   9.9999894e-03
   3.6796100e+03   1.9999852e-02
   4.0898600e+03   0.0000000e+00
   4.5458500e+03   1.0000105e-02
   5.0526900e+03   0.0000000e+00
   5.6160300e+03   1.9999982e-02
   6.2421800e+03   0.0000000e+00
   6.9381400e+03   2.0000007e-02
   7.7117000e+03   0.0000000e+00
   8.5715100e+03   0.0000000e+00
   9.5271800e+03   0.0000000e+00
   1.0589400e+04   0.0000000e+00
   1.1770000e+04   0.0000000e+00
   1.3082300e+04   1.0000016e-02
   1.4540900e+04   0.0000000e+00
   1.6162200e+04   1.9999108e-02
   1.7964100e+04   2.0000138e-02
   1.9967000e+04   1.0000024e-02
   2.2193200e+04   9.9999907e-03
   2.4667600e+04   0.0000000e+00
   2.7417900e+04   0.0000000e+00
   3.0474800e+04   0.0000000e+00
   3.3872600e+04   0.0000000e+00
   3.7649100e+04   1.0000139e-02
   4.1846800e+04   0.0000000e+00
   4.6512400e+04   1.0000127e-02
   5.1698300e+04   0.0000000e+00
   5.7462300e+04   0.0000000e+00
   6.3869000e+04   0.0000000e+00
   7.0990000e+04   0.0000000e+00
   7.8904900e+04   0.0000000e+00
   8.7702300e+04   0.0000000e+00
   9.7480500e+04   0.0000000e+00
   1.0834900e+05   0.0000000e+00
   1.2042900e+05   0.0000000e+00
   1.3385600e+05   0.0000000e+00
   1.4878000e+05   0.0000000e+00
   1.6536800e+05   0.0000000e+00
   1.8380600e+05   0.0000000e+00
   2.0429900e+05   0.0000000e+00
   2.2707700e+05   0.0000000e+00
   2.5239500e+05   0.0000000e+00
   2.8053500e+05   0.0000000e+00
   3.1181300e+05   0.0000000e+00
   3.4657800e+05   0.0000000e+00
   3.8522000e+05   9.9998586e-03
   4.2816900e+05   0.0000000e+00
   4.7590700e+05   1.0000088e-02
   5.2896800e+05   0.0000000e+00
   5.8794500e+05   0.0000000e+00
   6.5349700e+05   0.0000000e+00
   7.2635800e+05   0.0000000e+00
   8.0734200e+05   0.0000000e+00
   8.9735500e+05   0.0000000e+00
   9.9740500e+05   0.0000000e+00
   1.1086100e+06   0.0000000e+00
   1.2322100e+06   0.0000000e+00
   1.3696000e+06   0.0000000e+00
   1.5223000e+06   1.9999296e-02
