   7.3947600e+01   1.9999916e-02
   8.1867700e+01   1.0000124e-02
   9.0636200e+01   1.0000199e-02
   1.0034400e+02   2.9999176e-02
   1.1109100e+02   2.9999022e-02
   1.2298900e+02   1.0000191e-02
   1.3616200e+02   3.0000746e-02
   1.5074600e+02   1.9999296e-02
   1.6689100e+02   3.0000149e-02
   1.8476600e+02   1.0000322e-02
   2.0455600e+02   1.9999200e-02
   2.2646400e+02   0.0000000e+00
   2.5072000e+02   9.9998961e-03
   2.7757300e+02   1.0000191e-02
   3.0730300e+02   2.9999475e-02
   3.4021600e+02   7.0000412e-02
   3.7665500e+02   4.0000465e-02
   4.1699700e+02   3.9999689e-02
   4.6165900e+02   3.0000075e-02
   5.1110500e+02   0.0000000e+00
   5.6584600e+02   3.0000081e-02
   6.2645100e+02   3.0000031e-02
   6.9354700e+02   4.0000430e-02
   7.6783000e+02   2.9999929e-02
   8.5006800e+02   9.9999464e-03
   9.4111400e+02   5.9998920e-02
   1.0419100e+03   3.0001651e-02
   1.1535100e+03   0.0000000e+00
   1.2770500e+03   2.0000245e-02
   1.4138300e+03   2.0000269e-02
   1.5652600e+03   0.0000000e+00
   1.7329000e+03   2.0000777e-02
   1.9185100e+03   0.0000000e+00
   2.1239900e+03   3.0000016e-02
   2.3514800e+03   0.0000000e+00
   2.6033300e+03   1.0000015e-02
   2.8821600e+03   0.0000000e+00
   3.1908500e+03   3.0000376e-02
   3.5326100e+03   2.0000034e-02
   3.9109700e+03   9.9999222e-03
   4.3298500e+03   1.0000027e-02
   4.7936000e+03   1.0000035e-02
   5.3070200e+03   3.0000168e-02
   5.8754300e+03   9.9998885e-03
   6.5047100e+03   2.0000089e-02
   7.2014000e+03   9.9999816e-03
   7.9727000e+03   1.0000086e-02
   8.8266200e+03   9.9999348e-03
   9.7719900e+03   2.9999506e-02
   1.0818600e+04   0.0000000e+00
   1.1977300e+04   0.0000000e+00
   1.3260200e+04   9.9997986e-03
   1.4680400e+04   0.0000000e+00
   1.6252700e+04   0.0000000e+00
   1.7993500e+04   0.0000000e+00
   1.9920700e+04   0.0000000e+00
   2.2054300e+04   0.0000000e+00
   2.4416400e+04   0.0000000e+00
   2.7031500e+04   0.0000000e+00
   2.9926700e+04   0.0000000e+00
   3.3132000e+04   0.0000000e+00
   3.6680600e+04   0.0000000e+00
   4.0609300e+04   0.0000000e+00
   4.4958700e+04   0.0000000e+00
   4.9774000e+04   0.0000000e+00
   5.5105000e+04   0.0000000e+00
   6.1007100e+04   0.0000000e+00
   6.7541200e+04   0.0000000e+00
   7.4775200e+04   0.0000000e+00
   8.2784000e+04   0.0000000e+00
   9.1650500e+04   0.0000000e+00
   1.0146700e+05   0.0000000e+00
   1.1233400e+05   0.0000000e+00
   1.2436600e+05   0.0000000e+00
   1.3768600e+05   0.0000000e+00
   1.5243300e+05   0.0000000e+00
   1.6875900e+05   0.0000000e+00
   1.8683400e+05   0.0000000e+00
   2.0684500e+05   0.0000000e+00
   2.2899900e+05   0.0000000e+00
   2.5352600e+05   0.0000000e+00
   2.8068000e+05   0.0000000e+00
   3.1074200e+05   0.0000000e+00
   3.4402400e+05   0.0000000e+00
   3.8087000e+05   0.0000000e+00
   4.2166300e+05   0.0000000e+00
   4.6682600e+05   0.0000000e+00
   5.1682500e+05   0.0000000e+00
   5.7217900e+05   0.0000000e+00
   6.3346200e+05   0.0000000e+00
   7.0130900e+05   0.0000000e+00
   7.7642300e+05   0.0000000e+00
   8.5958100e+05   0.0000000e+00
   9.5164700e+05   0.0000000e+00
   1.0535700e+06   0.0000000e+00
   1.1664200e+06   0.0000000e+00
   1.2913400e+06   0.0000000e+00
   1.4296500e+06   0.0000000e+00
   1.5827800e+06   0.0000000e+00
