   7.4646400e+01   1.9999992e-02
   8.1246600e+01   0.0000000e+00
   8.8430400e+01   0.0000000e+00
   9.6249400e+01   1.0000295e-02
   1.0476000e+02   1.0000242e-02
   1.1402300e+02   0.0000000e+00
   1.2410400e+02   1.0000694e-02
   1.3507800e+02   5.9997571e-02
   1.4702100e+02   6.0002280e-02
   1.6002100e+02   9.9993395e-03
   1.7416900e+02   1.9999980e-02
   1.8956900e+02   1.0000226e-02
   2.0633100e+02   2.0000350e-02
   2.2457500e+02   3.0000353e-02
   2.4443200e+02   9.9997643e-03
   2.6604400e+02   0.0000000e+00
   2.8956700e+02   1.0000231e-02
   3.1517100e+02   3.9999734e-02
   3.4303800e+02   5.9999571e-02
   3.7336900e+02   3.9999871e-02
   4.0638200e+02   4.0000975e-02
   4.4231500e+02   1.9999912e-02
   4.8142400e+02   0.0000000e+00
   5.2399100e+02   9.9999904e-03
   5.7032200e+02   9.9998758e-03
   6.2074900e+02   4.0000493e-02
   6.7563600e+02   1.9999900e-02
   7.3537500e+02   3.0000240e-02
   8.0039700e+02   2.9999757e-02
   8.7116700e+02   1.0000006e-02
   9.4819500e+02   2.9998594e-02
   1.0320300e+03   5.0004457e-02
   1.1232900e+03   1.9999969e-02
   1.2226100e+03   0.0000000e+00
   1.3307100e+03   1.9999964e-02
   1.4483700e+03   9.9996932e-03
   1.5764300e+03   4.0000748e-02
   1.7158200e+03   0.0000000e+00
   1.8675300e+03   0.0000000e+00
   2.0326600e+03   9.9996388e-03
   2.2123800e+03   1.0000114e-02
   2.4080000e+03   0.0000000e+00
   2.6209200e+03   0.0000000e+00
   2.8526600e+03   2.9999984e-02
   3.1048900e+03   0.0000000e+00
   3.3794200e+03   1.0000125e-02
   3.6782300e+03   0.0000000e+00
   4.0034500e+03   2.0000400e-02
   4.3574400e+03   9.9999424e-03
   4.7427200e+03   1.0000030e-02
   5.1620700e+03   9.9998427e-03
   5.6184900e+03   1.0000134e-02
   6.1152800e+03   0.0000000e+00
   6.6559900e+03   0.0000000e+00
   7.2445100e+03   9.9999463e-03
   7.8850600e+03   9.9999356e-03
   8.5822500e+03   0.0000000e+00
   9.3410900e+03   0.0000000e+00
   1.0167000e+04   0.0000000e+00
   1.1066000e+04   0.0000000e+00
   1.2044400e+04   1.0000350e-02
   1.3109400e+04   0.0000000e+00
   1.4268500e+04   0.0000000e+00
   1.5530100e+04   0.0000000e+00
   1.6903300e+04   0.0000000e+00
   1.8397900e+04   9.9998129e-03
   2.0024600e+04   0.0000000e+00
   2.1795200e+04   9.9999146e-03
   2.3722300e+04   0.0000000e+00
   2.5819800e+04   0.0000000e+00
   2.8102800e+04   0.0000000e+00
   3.0587600e+04   0.0000000e+00
   3.3292200e+04   0.0000000e+00
   3.6235800e+04   0.0000000e+00
   3.9439800e+04   0.0000000e+00
   4.2927000e+04   0.0000000e+00
   4.6722600e+04   0.0000000e+00
   5.0853800e+04   0.0000000e+00
   5.5350300e+04   0.0000000e+00
   6.0244300e+04   0.0000000e+00
   6.5571100e+04   0.0000000e+00
   7.1368800e+04   0.0000000e+00
   7.7679200e+04   1.0000047e-02
   8.4547600e+04   0.0000000e+00
   9.2023200e+04   0.0000000e+00
   1.0016000e+05   0.0000000e+00
   1.0901600e+05   0.0000000e+00
   1.1865500e+05   0.0000000e+00
   1.2914600e+05   0.0000000e+00
   1.4056600e+05   0.0000000e+00
   1.5299400e+05   0.0000000e+00
   1.6652200e+05   0.0000000e+00
   1.8124600e+05   0.0000000e+00
   1.9727100e+05   1.0000211e-02
   2.1471400e+05   0.0000000e+00
   2.3369900e+05   0.0000000e+00
   2.5436200e+05   0.0000000e+00
   2.7685300e+05   0.0000000e+00
   3.0133200e+05   1.0000133e-02
