   7.2999500e+01   2.0000152e-02
   7.8168700e+01   0.0000000e+00
   8.3703900e+01   0.0000000e+00
   8.9631000e+01   9.9998911e-03
   9.5977800e+01   0.0000000e+00
   1.0277400e+02   1.0000627e-02
   1.1005200e+02   0.0000000e+00
   1.1784500e+02   1.9998399e-02
   1.2618900e+02   1.0000456e-02
   1.3512500e+02   9.9997082e-03
   1.4469300e+02   0.0000000e+00
   1.5493900e+02   9.9996715e-03
   1.6591000e+02   3.9999120e-02
   1.7765800e+02   2.0001400e-02
   1.9023900e+02   1.0000022e-02
   2.0371000e+02   3.9997608e-02
   2.1813400e+02   0.0000000e+00
   2.3358100e+02   9.9999682e-03
   2.5012100e+02   0.0000000e+00
   2.6783200e+02   0.0000000e+00
   2.8679800e+02   9.9998014e-03
   3.0710600e+02   1.9999600e-02
   3.2885200e+02   2.0000576e-02
   3.5213900e+02   1.9999790e-02
   3.7707400e+02   2.0000037e-02
   4.0377500e+02   3.0000442e-02
   4.3236700e+02   0.0000000e+00
   4.6298300e+02   2.9999786e-02
   4.9576700e+02   0.0000000e+00
   5.3087300e+02   0.0000000e+00
   5.6846400e+02   5.0000701e-02
   6.0871800e+02   4.0000167e-02
   6.5182200e+02   0.0000000e+00
   6.9797800e+02   9.9999085e-03
   7.4740200e+02   1.9999927e-02
   8.0032600e+02   1.0000058e-02
   8.5699800e+02   4.0000154e-02
   9.1768300e+02   3.0000045e-02
   9.8266500e+02   5.0001206e-02
   1.0522500e+03   1.9999825e-02
   1.1267600e+03   1.0000400e-02
   1.2065500e+03   1.9998480e-02
   1.2919800e+03   2.0000812e-02
   1.3834700e+03   9.9995609e-03
   1.4814300e+03   0.0000000e+00
   1.5863300e+03   3.0000085e-02
   1.6986600e+03   1.0000502e-02
   1.8189500e+03   1.9999806e-02
   1.9477500e+03   9.9998620e-03
   2.0856700e+03   0.0000000e+00
   2.2333600e+03   2.0000440e-02
   2.3915100e+03   0.0000000e+00
   2.5608500e+03   1.0000212e-02
   2.7421900e+03   9.9996579e-03
   2.9363600e+03   0.0000000e+00
   3.1442900e+03   0.0000000e+00
   3.3669400e+03   1.0000169e-02
   3.6053600e+03   9.9996838e-03
   3.8606500e+03   1.0000131e-02
   4.1340300e+03   9.9998617e-03
   4.4267600e+03   0.0000000e+00
   4.7402300e+03   0.0000000e+00
   5.0758900e+03   9.9997832e-03
   5.4353100e+03   1.0000029e-02
   5.8201900e+03   0.0000000e+00
   6.2323300e+03   0.0000000e+00
   6.6736400e+03   0.0000000e+00
   7.1462100e+03   0.0000000e+00
   7.6522400e+03   0.0000000e+00
   8.1941000e+03   1.9999948e-02
   8.7743300e+03   1.0000021e-02
   9.3956500e+03   0.0000000e+00
   1.0061000e+04   9.9996026e-03
   1.0773400e+04   0.0000000e+00
   1.1536300e+04   1.0000081e-02
   1.2353200e+04   1.9999141e-02
   1.3227900e+04   0.0000000e+00
   1.4164600e+04   9.9999401e-03
   1.5167600e+04   9.9997240e-03
   1.6241600e+04   0.0000000e+00
   1.7391700e+04   9.9998293e-03
   1.8623200e+04   0.0000000e+00
   1.9941900e+04   0.0000000e+00
   2.1354000e+04   0.0000000e+00
   2.2866100e+04   0.0000000e+00
   2.4485300e+04   9.9998475e-03
   2.6219100e+04   0.0000000e+00
   2.8075700e+04   0.0000000e+00
   3.0063800e+04   0.0000000e+00
   3.2192700e+04   9.9995966e-03
   3.4472200e+04   0.0000000e+00
   3.6913300e+04   0.0000000e+00
   3.9527100e+04   0.0000000e+00
   4.2326100e+04   0.0000000e+00
   4.5323200e+04   0.0000000e+00
   4.8532600e+04   0.0000000e+00
   5.1969200e+04   0.0000000e+00
   5.5649200e+04   1.0000061e-02
   5.9589800e+04   0.0000000e+00
