   1.6022100e+02   1.0000252e-02
   1.7513800e+02   9.9997750e-03
   1.9144300e+02   1.0000351e-02
   2.0926700e+02   9.9996235e-03
   2.2874900e+02   0.0000000e+00
   2.5004600e+02   9.9998669e-03
   2.7332500e+02   1.0000162e-02
   2.9877200e+02   3.0000390e-02
   3.2658800e+02   1.9999770e-02
   3.5699300e+02   9.9999812e-03
   3.9022900e+02   9.9999052e-03
   4.2655900e+02   3.0000193e-02
   4.6627200e+02   3.0000000e-02
   5.0968200e+02   2.0000211e-02
   5.5713400e+02   1.9999908e-02
   6.0900300e+02   9.9999397e-03
   6.6570100e+02   1.0000051e-02
   7.2767800e+02   9.9999992e-03
   7.9542500e+02   4.9999854e-02
   8.6947900e+02   1.0000035e-02
   9.5042800e+02   0.0000000e+00
   1.0389100e+03   2.0001442e-02
   1.1356400e+03   0.0000000e+00
   1.2413600e+03   1.9999851e-02
   1.3569300e+03   3.0002212e-02
   1.4832700e+03   9.9998426e-03
   1.6213600e+03   1.0000090e-02
   1.7723100e+03   1.9999815e-02
   1.9373100e+03   2.9999459e-02
   2.1176700e+03   4.0000807e-02
   2.3148300e+03   9.9999657e-03
   2.5303400e+03   1.9999587e-02
   2.7659100e+03   3.0000430e-02
   3.0234200e+03   9.9999711e-03
   3.3049000e+03   1.0000110e-02
   3.6125900e+03   1.9999863e-02
   3.9489200e+03   0.0000000e+00
   4.3165600e+03   2.0000362e-02
   4.7184400e+03   2.9999485e-02
   5.1577200e+03   1.0000101e-02
   5.6379100e+03   2.9999983e-02
   6.1628000e+03   0.0000000e+00
   6.7365600e+03   0.0000000e+00
   7.3637300e+03   2.0000134e-02
   8.0493000e+03   0.0000000e+00
   8.7986900e+03   3.0000015e-02
   9.6178500e+03   4.0001184e-02
   1.0513300e+04   0.0000000e+00
   1.1492100e+04   1.9999748e-02
   1.2562000e+04   0.0000000e+00
   1.3731500e+04   9.9999644e-03
   1.5009900e+04   9.9998363e-03
   1.6407300e+04   0.0000000e+00
   1.7934800e+04   1.0000382e-02
   1.9604600e+04   0.0000000e+00
   2.1429800e+04   0.0000000e+00
   2.3424900e+04   0.0000000e+00
   2.5605700e+04   1.0000008e-02
   2.7989600e+04   0.0000000e+00
   3.0595500e+04   0.0000000e+00
   3.3443900e+04   4.0000770e-02
   3.6557600e+04   0.0000000e+00
   3.9961100e+04   1.0000063e-02
   4.3681500e+04   9.9998933e-03
   4.7748200e+04   0.0000000e+00
   5.2193600e+04   9.9999420e-03
   5.7052800e+04   9.9999369e-03
   6.2364400e+04   0.0000000e+00
   6.8170600e+04   1.9999723e-02
   7.4517200e+04   0.0000000e+00
   8.1454800e+04   0.0000000e+00
   8.9038300e+04   9.9999177e-03
   9.7327700e+04   1.0000051e-02
   1.0638900e+05   0.0000000e+00
   1.1629400e+05   0.0000000e+00
   1.2712100e+05   0.0000000e+00
   1.3895600e+05   0.0000000e+00
   1.5189300e+05   0.0000000e+00
   1.6603400e+05   0.0000000e+00
   1.8149200e+05   0.0000000e+00
   1.9838800e+05   0.0000000e+00
   2.1685800e+05   0.0000000e+00
   2.3704800e+05   0.0000000e+00
   2.5911700e+05   0.0000000e+00
   2.8324100e+05   0.0000000e+00
   3.0961100e+05   0.0000000e+00
   3.3843600e+05   9.9998830e-03
   3.6994400e+05   0.0000000e+00
   4.0438600e+05   0.0000000e+00
   4.4203400e+05   0.0000000e+00
   4.8318800e+05   0.0000000e+00
   5.2817200e+05   0.0000000e+00
   5.7734500e+05   0.0000000e+00
   6.3109600e+05   0.0000000e+00
   6.8985200e+05   0.0000000e+00
   7.5407700e+05   9.9999280e-03
   8.2428100e+05   0.0000000e+00
   9.0102200e+05   9.9999308e-03
   9.8490700e+05   9.9997635e-03
