   1.2931500e+02   1.0000706e-02
   1.3860200e+02   0.0000000e+00
   1.4855500e+02   4.0000199e-02
   1.5922300e+02   9.9999820e-03
   1.7065700e+02   9.9999084e-03
   1.8291200e+02   0.0000000e+00
   1.9604700e+02   1.0000412e-02
   2.1012600e+02   9.9997368e-03
   2.2521500e+02   9.9999923e-03
   2.4138800e+02   0.0000000e+00
   2.5872200e+02   2.0000813e-02
   2.7730200e+02   0.0000000e+00
   2.9721500e+02   9.9997931e-03
   3.1855800e+02   1.0000383e-02
   3.4143500e+02   9.9996418e-03
   3.6595300e+02   1.0000144e-02
   3.9223300e+02   3.0000108e-02
   4.2040000e+02   9.9998345e-03
   4.5058900e+02   2.0000350e-02
   4.8294700e+02   0.0000000e+00
   5.1762800e+02   4.9999084e-02
   5.5479900e+02   1.0000011e-02
   5.9464000e+02   3.0000034e-02
   6.3734200e+02   5.0000802e-02
   6.8311100e+02   2.9999929e-02
   7.3216600e+02   3.0000060e-02
   7.8474400e+02   9.9998962e-03
   8.4109700e+02   0.0000000e+00
   9.0149800e+02   1.9999784e-02
   9.6623500e+02   2.9999229e-02
   1.0356200e+03   0.0000000e+00
   1.1099900e+03   1.9999956e-02
   1.1897000e+03   6.0004085e-02
   1.2751400e+03   1.0000085e-02
   1.3667100e+03   9.9994846e-03
   1.4648500e+03   0.0000000e+00
   1.5700400e+03   1.0000271e-02
   1.6827900e+03   0.0000000e+00
   1.8036300e+03   1.9999831e-02
   1.9331500e+03   1.0000536e-02
   2.0719800e+03   9.9998932e-03
   2.2207700e+03   2.0000387e-02
   2.3802500e+03   1.9999007e-02
   2.5511700e+03   2.0000669e-02
   2.7343800e+03   1.0000026e-02
   2.9307400e+03   0.0000000e+00
   3.1412000e+03   9.9998339e-03
   3.3667700e+03   1.9999795e-02
   3.6085400e+03   2.0000425e-02
   3.8676800e+03   0.0000000e+00
   4.1454200e+03   1.0000062e-02
   4.4431100e+03   3.0000397e-02
   4.7621800e+03   0.0000000e+00
   5.1041500e+03   0.0000000e+00
   5.4706900e+03   0.0000000e+00
   5.8635500e+03   9.9999914e-03
   6.2846200e+03   0.0000000e+00
   6.7359300e+03   0.0000000e+00
   7.2196400e+03   9.9999673e-03
   7.7380900e+03   0.0000000e+00
   8.2937800e+03   0.0000000e+00
   8.8893700e+03   9.9998804e-03
   9.5277200e+03   0.0000000e+00
   1.0211900e+04   1.0000936e-02
   1.0945300e+04   9.9987699e-03
   1.1731200e+04   0.0000000e+00
   1.2573700e+04   1.9999235e-02
   1.3476600e+04   0.0000000e+00
   1.4444400e+04   2.0000492e-02
   1.5481700e+04   0.0000000e+00
   1.6593400e+04   0.0000000e+00
   1.7785000e+04   0.0000000e+00
   1.9062200e+04   1.0000129e-02
   2.0431100e+04   0.0000000e+00
   2.1898300e+04   0.0000000e+00
   2.3470800e+04   2.0000312e-02
   2.5156300e+04   9.9999530e-03
   2.6962800e+04   9.9998147e-03
   2.8899000e+04   0.0000000e+00
   3.0974300e+04   0.0000000e+00
   3.3198600e+04   0.0000000e+00
   3.5582600e+04   0.0000000e+00
   3.8137900e+04   1.9999740e-02
   4.0876600e+04   0.0000000e+00
   4.3812000e+04   0.0000000e+00
   4.6958200e+04   0.0000000e+00
   5.0330400e+04   0.0000000e+00
   5.3944600e+04   0.0000000e+00
   5.7818500e+04   0.0000000e+00
   6.1970500e+04   0.0000000e+00
   6.6420700e+04   1.0000076e-02
   7.1190500e+04   1.0000017e-02
   7.6302800e+04   0.0000000e+00
   8.1782200e+04   0.0000000e+00
   8.7655100e+04   9.9999792e-03
   9.3949700e+04   0.0000000e+00
   1.0069600e+05   0.0000000e+00
   1.0792700e+05   1.0000728e-02
   1.1567800e+05   0.0000000e+00
