   8.8345900e+01   9.9999595e-03
   9.4278200e+01   0.0000000e+00
   1.0060900e+02   2.0000733e-02
   1.0736500e+02   1.9998919e-02
   1.1457400e+02   1.0000661e-02
   1.2226800e+02   0.0000000e+00
   1.3047800e+02   9.9995426e-03
   1.3923900e+02   1.0000292e-02
   1.4858900e+02   4.9997341e-02
   1.5856600e+02   0.0000000e+00
   1.6921400e+02   0.0000000e+00
   1.8057600e+02   5.0002289e-02
   1.9270200e+02   9.9994792e-03
   2.0564100e+02   1.0000326e-02
   2.1945000e+02   2.0000289e-02
   2.3418600e+02   0.0000000e+00
   2.4991100e+02   0.0000000e+00
   2.6669200e+02   0.0000000e+00
   2.8460000e+02   2.0000426e-02
   3.0371100e+02   5.0000582e-02
   3.2410500e+02   2.9999643e-02
   3.4586800e+02   9.9997667e-03
   3.6909200e+02   1.9999944e-02
   3.9387600e+02   4.0001203e-02
   4.2032500e+02   1.9999837e-02
   4.4854900e+02   9.9998393e-03
   4.7866800e+02   2.0000038e-02
   5.1081000e+02   2.0000433e-02
   5.4511100e+02   3.9999392e-02
   5.8171400e+02   9.9999285e-03
   6.2077500e+02   2.0000380e-02
   6.6246000e+02   0.0000000e+00
   7.0694300e+02   2.9999806e-02
   7.5441300e+02   0.0000000e+00
   8.0507100e+02   0.0000000e+00
   8.5913000e+02   0.0000000e+00
   9.1682000e+02   1.9999910e-02
   9.7838300e+02   1.9999941e-02
   1.0440800e+03   1.0000210e-02
   1.1141900e+03   2.0000957e-02
   1.1890100e+03   9.9999600e-03
   1.2688500e+03   9.9998388e-03
   1.3540500e+03   9.9997453e-03
   1.4449700e+03   0.0000000e+00
   1.5420000e+03   9.9997068e-03
   1.6455400e+03   2.0000721e-02
   1.7560400e+03   0.0000000e+00
   1.8739500e+03   1.9999420e-02
   1.9997800e+03   2.0001018e-02
   2.1340700e+03   1.0000019e-02
   2.2773700e+03   9.9998517e-03
   2.4302900e+03   0.0000000e+00
   2.5934800e+03   0.0000000e+00
   2.7676300e+03   0.0000000e+00
   2.9534700e+03   1.9999779e-02
   3.1517900e+03   2.0000107e-02
   3.3634300e+03   0.0000000e+00
   3.5892800e+03   3.0000482e-02
   3.8303000e+03   0.0000000e+00
   4.0875000e+03   0.0000000e+00
   4.3619700e+03   9.9999868e-03
   4.6548700e+03   0.0000000e+00
   4.9674400e+03   1.9999591e-02
   5.3009900e+03   1.0000162e-02
   5.6569500e+03   1.9999672e-02
   6.0368000e+03   0.0000000e+00
   6.4421700e+03   9.9999086e-03
   6.8747500e+03   9.9999675e-03
   7.3363800e+03   0.0000000e+00
   7.8290100e+03   0.0000000e+00
   8.3547200e+03   1.0000003e-02
   8.9157300e+03   9.9998245e-03
   9.5144000e+03   0.0000000e+00
   1.0153300e+04   0.0000000e+00
   1.0835100e+04   0.0000000e+00
   1.1562600e+04   0.0000000e+00
   1.2339000e+04   0.0000000e+00
   1.3167600e+04   0.0000000e+00
   1.4051800e+04   0.0000000e+00
   1.4995300e+04   0.0000000e+00
   1.6002300e+04   0.0000000e+00
   1.7076800e+04   0.0000000e+00
   1.8223500e+04   0.0000000e+00
   1.9447100e+04   0.0000000e+00
   2.0753000e+04   0.0000000e+00
   2.2146500e+04   9.9999296e-03
   2.3633600e+04   2.0000326e-02
   2.5220600e+04   0.0000000e+00
   2.6914100e+04   0.0000000e+00
   2.8721400e+04   9.9999839e-03
   3.0650000e+04   0.0000000e+00
   3.2708100e+04   0.0000000e+00
   3.4904400e+04   2.0000138e-02
   3.7248200e+04   1.0000123e-02
   3.9749400e+04   0.0000000e+00
   4.2418500e+04   0.0000000e+00
   4.5266800e+04   0.0000000e+00
   4.8306400e+04   0.0000000e+00
   5.1550100e+04   0.0000000e+00
