   1.6127300e+02   9.9997531e-03
   1.7183200e+02   0.0000000e+00
   1.8308300e+02   1.9999590e-02
   1.9507000e+02   0.0000000e+00
   2.0784200e+02   0.0000000e+00
   2.2145000e+02   0.0000000e+00
   2.3595000e+02   0.0000000e+00
   2.5139800e+02   1.0000502e-02
   2.6785900e+02   0.0000000e+00
   2.8539700e+02   9.9998876e-03
   3.0408300e+02   0.0000000e+00
   3.2399200e+02   1.0000364e-02
   3.4520600e+02   0.0000000e+00
   3.6780800e+02   0.0000000e+00
   3.9189000e+02   0.0000000e+00
   4.1754900e+02   9.9997210e-03
   4.4488700e+02   0.0000000e+00
   4.7401600e+02   3.0000018e-02
   5.0505200e+02   1.9999989e-02
   5.3812000e+02   9.9999710e-03
   5.7335300e+02   3.9999996e-02
   6.1089300e+02   1.0000020e-02
   6.5089100e+02   4.0000188e-02
   6.9350800e+02   0.0000000e+00
   7.3891500e+02   2.9999954e-02
   7.8729500e+02   2.0000109e-02
   8.3884300e+02   1.0000050e-02
   8.9376600e+02   0.0000000e+00
   9.5228500e+02   2.0001489e-02
   1.0146400e+03   1.9999150e-02
   1.0810700e+03   9.9996568e-03
   1.1518500e+03   1.0000390e-02
   1.2272700e+03   9.9993968e-03
   1.3076200e+03   2.0001003e-02
   1.3932400e+03   2.9999521e-02
   1.4844600e+03   0.0000000e+00
   1.5816500e+03   2.0000439e-02
   1.6852100e+03   1.0000147e-02
   1.7955500e+03   0.0000000e+00
   1.9131100e+03   0.0000000e+00
   2.0383700e+03   9.9998909e-03
   2.1718300e+03   0.0000000e+00
   2.3140300e+03   0.0000000e+00
   2.4655400e+03   2.0000047e-02
   2.6269700e+03   1.9999988e-02
   2.7989700e+03   2.0000988e-02
   2.9822400e+03   1.9999896e-02
   3.1775000e+03   0.0000000e+00
   3.3855400e+03   1.0000154e-02
   3.6072100e+03   1.0000003e-02
   3.8433900e+03   2.9999514e-02
   4.0950300e+03   0.0000000e+00
   4.3631500e+03   1.0000171e-02
   4.6488300e+03   1.0000009e-02
   4.9532100e+03   3.9998838e-02
   5.2775100e+03   3.0000651e-02
   5.6230600e+03   0.0000000e+00
   5.9912200e+03   2.0000396e-02
   6.3835000e+03   9.9998717e-03
   6.8014500e+03   3.9999845e-02
   7.2467700e+03   1.0000046e-02
   7.7212500e+03   5.0000462e-02
   8.2268000e+03   0.0000000e+00
   8.7654400e+03   1.0000097e-02
   9.3393600e+03   1.0000002e-02
   9.9508500e+03   1.0000380e-02
   1.0602400e+04   1.0000229e-02
   1.1296600e+04   1.9999006e-02
   1.2036200e+04   2.0000953e-02
   1.2824300e+04   9.9993002e-03
   1.3663900e+04   1.0000688e-02
   1.4558600e+04   0.0000000e+00
   1.5511800e+04   9.9997499e-03
   1.6527400e+04   1.9999589e-02
   1.7609500e+04   0.0000000e+00
   1.8762500e+04   1.0000285e-02
   1.9991000e+04   0.0000000e+00
   2.1299900e+04   0.0000000e+00
   2.2694500e+04   0.0000000e+00
   2.4180400e+04   1.0000014e-02
   2.5763600e+04   9.9996709e-03
   2.7450400e+04   0.0000000e+00
   2.9247700e+04   2.0000260e-02
   3.1162700e+04   0.0000000e+00
   3.3203100e+04   9.9997443e-03
   3.5377000e+04   0.0000000e+00
   3.7693300e+04   0.0000000e+00
   4.0161300e+04   0.0000000e+00
   4.2790800e+04   0.0000000e+00
   4.5592500e+04   0.0000000e+00
   4.8577700e+04   0.0000000e+00
   5.1758300e+04   9.9998744e-03
   5.5147100e+04   0.0000000e+00
   5.8757800e+04   0.0000000e+00
   6.2605000e+04   0.0000000e+00
   6.6704000e+04   0.0000000e+00
   7.1071400e+04   0.0000000e+00
   7.5724800e+04   0.0000000e+00
   8.0682800e+04   0.0000000e+00
