   1.3036800e+02   1.0000060e-02
   1.4203400e+02   0.0000000e+00
   1.5474300e+02   1.0000582e-02
   1.6859100e+02   3.9999171e-02
   1.8367700e+02   9.9998268e-03
   2.0011300e+02   1.9999970e-02
   2.1802000e+02   0.0000000e+00
   2.3753000e+02   0.0000000e+00
   2.5878500e+02   2.0000569e-02
   2.8194300e+02   3.9999066e-02
   3.0717200e+02   4.9999678e-02
   3.3465900e+02   1.0000022e-02
   3.6460600e+02   6.0000400e-02
   3.9723300e+02   0.0000000e+00
   4.3277900e+02   1.9999901e-02
   4.7150600e+02   1.0000079e-02
   5.1369900e+02   1.9999895e-02
   5.5966700e+02   2.0000096e-02
   6.0974900e+02   1.9999904e-02
   6.6431200e+02   3.0000078e-02
   7.2375800e+02   1.0000129e-02
   7.8852400e+02   5.9999285e-02
   8.5908400e+02   3.0000007e-02
   9.3595900e+02   3.9998473e-02
   1.0197100e+03   2.0000266e-02
   1.1109600e+03   2.0001117e-02
   1.2103800e+03   2.9999920e-02
   1.3186900e+03   2.9999376e-02
   1.4366900e+03   2.9999605e-02
   1.5652500e+03   3.0000753e-02
   1.7053200e+03   1.0000000e-02
   1.8579200e+03   1.9999376e-02
   2.0241700e+03   1.0000395e-02
   2.2053100e+03   3.9999831e-02
   2.4026500e+03   9.9999940e-03
   2.6176500e+03   0.0000000e+00
   2.8518900e+03   0.0000000e+00
   3.1070900e+03   1.9999504e-02
   3.3851200e+03   2.0000202e-02
   3.6880400e+03   1.0000206e-02
   4.0180700e+03   9.9998406e-03
   4.3776200e+03   0.0000000e+00
   4.7693500e+03   0.0000000e+00
   5.1961400e+03   9.9998773e-03
   5.6611100e+03   9.9999399e-03
   6.1676900e+03   0.0000000e+00
   6.7196100e+03   9.9999798e-03
   7.3209100e+03   9.9999921e-03
   7.9760200e+03   0.0000000e+00
   8.6897500e+03   1.0000142e-02
   9.4673600e+03   0.0000000e+00
   1.0314500e+04   0.0000000e+00
   1.1237500e+04   0.0000000e+00
   1.2243100e+04   1.0000242e-02
   1.3338700e+04   0.0000000e+00
   1.4532300e+04   9.9998419e-03
   1.5832700e+04   1.0000086e-02
   1.7249500e+04   0.0000000e+00
   1.8793100e+04   0.0000000e+00
   2.0474800e+04   1.0000093e-02
   2.2307000e+04   0.0000000e+00
   2.4303100e+04   0.0000000e+00
   2.6477900e+04   9.9997254e-03
   2.8847200e+04   0.0000000e+00
   3.1428600e+04   0.0000000e+00
   3.4241000e+04   1.9999678e-02
   3.7305000e+04   0.0000000e+00
   4.0643300e+04   0.0000000e+00
   4.4280200e+04   0.0000000e+00
   4.8242600e+04   0.0000000e+00
   5.2559600e+04   0.0000000e+00
   5.7262900e+04   0.0000000e+00
   6.2387100e+04   9.9998322e-03
   6.7969700e+04   0.0000000e+00
   7.4052000e+04   9.9999849e-03
   8.0678500e+04   0.0000000e+00
   8.7898000e+04   0.0000000e+00
   9.5763600e+04   0.0000000e+00
   1.0433300e+05   0.0000000e+00
   1.1366900e+05   0.0000000e+00
   1.2384100e+05   0.0000000e+00
   1.3492300e+05   0.0000000e+00
   1.4699600e+05   0.0000000e+00
   1.6015000e+05   0.0000000e+00
   1.7448100e+05   0.0000000e+00
   1.9009500e+05   0.0000000e+00
   2.0710500e+05   1.0000129e-02
   2.2563800e+05   0.0000000e+00
   2.4582900e+05   0.0000000e+00
   2.6782700e+05   0.0000000e+00
   2.9179300e+05   0.0000000e+00
   3.1790500e+05   0.0000000e+00
   3.4635200e+05   0.0000000e+00
   3.7734500e+05   0.0000000e+00
   4.1111200e+05   0.0000000e+00
   4.4790000e+05   0.0000000e+00
   4.8798100e+05   0.0000000e+00
   5.3164800e+05   0.0000000e+00
   5.7922200e+05   9.9999103e-03
