   8.7415500e+01   9.9999730e-03
   9.4644100e+01   0.0000000e+00
   1.0247000e+02   0.0000000e+00
   1.1094400e+02   0.0000000e+00
   1.2011800e+02   1.0000147e-02
   1.3005100e+02   9.9997682e-03
   1.4080500e+02   0.0000000e+00
   1.5244900e+02   0.0000000e+00
   1.6505500e+02   0.0000000e+00
   1.7870400e+02   0.0000000e+00
   1.9348200e+02   1.9999390e-02
   2.0948100e+02   1.0000291e-02
   2.2680400e+02   9.9995015e-03
   2.4555800e+02   3.0000287e-02
   2.6586400e+02   2.0000018e-02
   2.8784900e+02   1.0000021e-02
   3.1165200e+02   4.0000979e-02
   3.3742400e+02   9.9998536e-03
   3.6532600e+02   1.0000114e-02
   3.9553600e+02   2.9999253e-02
   4.2824300e+02   2.0000271e-02
   4.6365600e+02   2.0000084e-02
   5.0199700e+02   2.9999751e-02
   5.4350800e+02   9.9999951e-03
   5.8845200e+02   4.0000364e-02
   6.3711300e+02   2.9999745e-02
   6.8979700e+02   9.9999718e-03
   7.4683800e+02   2.0000020e-02
   8.0859600e+02   3.0000119e-02
   8.7546100e+02   2.0000001e-02
   9.4785500e+02   0.0000000e+00
   1.0262400e+03   3.9999100e-02
   1.1111000e+03   1.0000035e-02
   1.2029800e+03   0.0000000e+00
   1.3024500e+03   2.0001316e-02
   1.4101600e+03   2.0000131e-02
   1.5267700e+03   1.9999641e-02
   1.6530200e+03   2.9999491e-02
   1.7897100e+03   1.0000301e-02
   1.9377100e+03   9.9997780e-03
   2.0979400e+03   0.0000000e+00
   2.2714200e+03   0.0000000e+00
   2.4592500e+03   0.0000000e+00
   2.6626100e+03   2.0000182e-02
   2.8827900e+03   1.0000198e-02
   3.1211800e+03   9.9996971e-03
   3.3792700e+03   0.0000000e+00
   3.6587200e+03   1.9999467e-02
   3.9612600e+03   0.0000000e+00
   4.2888300e+03   2.9999666e-02
   4.6434800e+03   1.0000252e-02
   5.0274700e+03   1.9999856e-02
   5.4432000e+03   9.9999588e-03
   5.8933100e+03   1.9999926e-02
   6.3806400e+03   9.9999603e-03
   6.9082700e+03   9.9999634e-03
   7.4795300e+03   1.0000132e-02
   8.0980400e+03   9.9999350e-03
   8.7676800e+03   0.0000000e+00
   9.4927000e+03   0.0000000e+00
   1.0277700e+04   0.0000000e+00
   1.1127600e+04   0.0000000e+00
   1.2047700e+04   1.0000461e-02
   1.3044000e+04   9.9996359e-03
   1.4122600e+04   0.0000000e+00
   1.5290500e+04   0.0000000e+00
   1.6554900e+04   1.9999081e-02
   1.7923800e+04   0.0000000e+00
   1.9406000e+04   0.0000000e+00
   2.1010700e+04   0.0000000e+00
   2.2748200e+04   2.9999971e-02
   2.4629300e+04   0.0000000e+00
   2.6665900e+04   1.0000151e-02
   2.8871000e+04   0.0000000e+00
   3.1258400e+04   0.0000000e+00
   3.3843200e+04   3.0000152e-02
   3.6641800e+04   2.0000000e-02
   3.9671800e+04   0.0000000e+00
   4.2952400e+04   0.0000000e+00
   4.6504200e+04   0.0000000e+00
   5.0349700e+04   1.0000134e-02
   5.4513300e+04   9.9999232e-03
   5.9021100e+04   0.0000000e+00
   6.3901700e+04   1.0000031e-02
   6.9185900e+04   2.0000171e-02
   7.4907100e+04   0.0000000e+00
   8.1101300e+04   0.0000000e+00
   8.7807800e+04   0.0000000e+00
   9.5068800e+04   0.0000000e+00
   1.0293000e+05   0.0000000e+00
   1.1144200e+05   0.0000000e+00
   1.2065700e+05   1.0000550e-02
   1.3063500e+05   0.0000000e+00
   1.4143700e+05   0.0000000e+00
   1.5313300e+05   0.0000000e+00
   1.6579600e+05   0.0000000e+00
   1.7950600e+05   0.0000000e+00
   1.9435000e+05   0.0000000e+00
   2.1042100e+05   0.0000000e+00
