   8.6486500e+01   1.0000026e-02
   9.3470100e+01   1.0000515e-02
   1.0101800e+02   2.0000067e-02
   1.0917500e+02   0.0000000e+00
   1.1799000e+02   1.0000589e-02
   1.2751800e+02   0.0000000e+00
   1.3781400e+02   1.0000697e-02
   1.4894300e+02   0.0000000e+00
   1.6096900e+02   2.0000023e-02
   1.7396700e+02   2.0000700e-02
   1.8801500e+02   0.0000000e+00
   2.0319700e+02   1.9999149e-02
   2.1960400e+02   0.0000000e+00
   2.3733700e+02   3.9999101e-02
   2.5650100e+02   0.0000000e+00
   2.7721300e+02   1.0000275e-02
   2.9959800e+02   2.0000083e-02
   3.2379000e+02   2.9999557e-02
   3.4993500e+02   4.0000609e-02
   3.7819200e+02   5.9999536e-02
   4.0873000e+02   0.0000000e+00
   4.4173400e+02   4.9999734e-02
   4.7740300e+02   1.9999838e-02
   5.1595200e+02   4.9999816e-02
   5.5761400e+02   1.9999919e-02
   6.0264000e+02   2.0000033e-02
   6.5130200e+02   4.0000529e-02
   7.0389400e+02   1.0000021e-02
   7.6073200e+02   2.9999780e-02
   8.2215900e+02   3.0000206e-02
   8.8854700e+02   9.9999492e-03
   9.6029500e+02   0.0000000e+00
   1.0378400e+03   1.9999289e-02
   1.1216400e+03   1.0000015e-02
   1.2122100e+03   9.9996166e-03
   1.3100900e+03   1.0000255e-02
   1.4158800e+03   2.0000090e-02
   1.5302100e+03   2.9999750e-02
   1.6537700e+03   2.0000152e-02
   1.7873100e+03   1.9999721e-02
   1.9316300e+03   2.0000691e-02
   2.0876100e+03   0.0000000e+00
   2.2561800e+03   2.9999763e-02
   2.4383600e+03   1.9999692e-02
   2.6352500e+03   9.9999597e-03
   2.8480400e+03   9.9998545e-03
   3.0780100e+03   0.0000000e+00
   3.3265600e+03   9.9998937e-03
   3.5951700e+03   0.0000000e+00
   3.8854700e+03   1.0000185e-02
   4.1992200e+03   0.0000000e+00
   4.5382900e+03   1.0000070e-02
   4.9047500e+03   0.0000000e+00
   5.3008000e+03   0.0000000e+00
   5.7288300e+03   0.0000000e+00
   6.1914200e+03   9.9998999e-03
   6.6913600e+03   1.0000134e-02
   7.2316800e+03   0.0000000e+00
   7.8156200e+03   1.0000095e-02
   8.4467200e+03   9.9999443e-03
   9.1287700e+03   0.0000000e+00
   9.8659000e+03   0.0000000e+00
   1.0662500e+04   1.0000257e-02
   1.1523500e+04   9.9999905e-03
   1.2454000e+04   1.0000631e-02
   1.3459700e+04   9.9996359e-03
   1.4546500e+04   0.0000000e+00
   1.5721100e+04   0.0000000e+00
   1.6990600e+04   0.0000000e+00
   1.8362500e+04   0.0000000e+00
   1.9845200e+04   0.0000000e+00
   2.1447700e+04   0.0000000e+00
   2.3179600e+04   1.0000006e-02
   2.5051300e+04   0.0000000e+00
   2.7074100e+04   0.0000000e+00
   2.9260300e+04   9.9999860e-03
   3.1623000e+04   0.0000000e+00
   3.4176500e+04   0.0000000e+00
   3.6936100e+04   0.0000000e+00
   3.9918700e+04   0.0000000e+00
   4.3142000e+04   0.0000000e+00
   4.6625600e+04   0.0000000e+00
   5.0390500e+04   2.0000356e-02
   5.4459500e+04   0.0000000e+00
   5.8857000e+04   0.0000000e+00
   6.3609500e+04   0.0000000e+00
   6.8745900e+04   0.0000000e+00
   7.4297000e+04   0.0000000e+00
   8.0296300e+04   0.0000000e+00
   8.6780000e+04   0.0000000e+00
   9.3787300e+04   0.0000000e+00
   1.0136000e+05   0.0000000e+00
   1.0954500e+05   0.0000000e+00
   1.1839100e+05   0.0000000e+00
   1.2795000e+05   0.0000000e+00
   1.3828200e+05   1.0000002e-02
   1.4944800e+05   0.0000000e+00
   1.6151600e+05   0.0000000e+00
   1.7455800e+05   0.0000000e+00
