   1.2062100e+02   1.9998696e-02
   1.2810000e+02   0.0000000e+00
   1.3604400e+02   9.9990177e-03
   1.4447900e+02   0.0000000e+00
   1.5343800e+02   3.0001842e-02
   1.6295300e+02   9.9996055e-03
   1.7305700e+02   3.0000120e-02
   1.8378800e+02   2.9999058e-02
   1.9518400e+02   9.9999706e-03
   2.0728700e+02   2.0000695e-02
   2.2014100e+02   0.0000000e+00
   2.3379200e+02   0.0000000e+00
   2.4828900e+02   9.9994066e-03
   2.6368400e+02   2.0000543e-02
   2.8003500e+02   1.9999508e-02
   2.9739900e+02   0.0000000e+00
   3.1584100e+02   9.9996492e-03
   3.3542500e+02   0.0000000e+00
   3.5622400e+02   1.0000088e-02
   3.7831300e+02   0.0000000e+00
   4.0177200e+02   0.0000000e+00
   4.2668500e+02   2.0000026e-02
   4.5314300e+02   2.9999392e-02
   4.8124100e+02   5.0000088e-02
   5.1108200e+02   3.0000693e-02
   5.4277400e+02   0.0000000e+00
   5.7643000e+02   0.0000000e+00
   6.1217300e+02   4.0000350e-02
   6.5013300e+02   2.0000219e-02
   6.9044700e+02   9.9999180e-03
   7.3326000e+02   0.0000000e+00
   7.7872800e+02   3.0000320e-02
   8.2701600e+02   1.9999744e-02
   8.7829700e+02   1.0000095e-02
   9.3275900e+02   1.0000074e-02
   9.9059800e+02   9.9995016e-03
   1.0520200e+03   1.0000901e-02
   1.1172600e+03   3.0000388e-02
   1.1865400e+03   0.0000000e+00
   1.2601100e+03   0.0000000e+00
   1.3382500e+03   9.9997538e-03
   1.4212300e+03   2.0000487e-02
   1.5093600e+03   0.0000000e+00
   1.6029500e+03   3.0001206e-02
   1.7023500e+03   0.0000000e+00
   1.8079100e+03   0.0000000e+00
   1.9200100e+03   2.0000651e-02
   2.0390700e+03   2.0000153e-02
   2.1655100e+03   1.0000073e-02
   2.2997900e+03   1.9999222e-02
   2.4423900e+03   1.0000122e-02
   2.5938400e+03   4.0000265e-02
   2.7546800e+03   1.9999630e-02
   2.9254900e+03   9.9997657e-03
   3.1068900e+03   1.0000364e-02
   3.2995500e+03   1.0000050e-02
   3.5041500e+03   2.9999198e-02
   3.7214300e+03   1.0000031e-02
   3.9521900e+03   1.0000081e-02
   4.1972600e+03   9.9998399e-03
   4.4575200e+03   0.0000000e+00
   4.7339300e+03   9.9999391e-03
   5.0274700e+03   9.9998710e-03
   5.3392100e+03   1.0000172e-02
   5.6702900e+03   0.0000000e+00
   6.0218900e+03   0.0000000e+00
   6.3953000e+03   0.0000000e+00
   6.7918600e+03   9.9999962e-03
   7.2130100e+03   0.0000000e+00
   7.6602700e+03   2.0000017e-02
   8.1352700e+03   1.0000112e-02
   8.6397300e+03   1.9999872e-02
   9.1754600e+03   0.0000000e+00
   9.7444100e+03   0.0000000e+00
   1.0348600e+04   9.9999961e-03
   1.0990300e+04   0.0000000e+00
   1.1671800e+04   0.0000000e+00
   1.2395600e+04   0.0000000e+00
   1.3164200e+04   0.0000000e+00
   1.3980500e+04   0.0000000e+00
   1.4847400e+04   0.0000000e+00
   1.5768100e+04   0.0000000e+00
   1.6745800e+04   0.0000000e+00
   1.7784200e+04   0.0000000e+00
   1.8887000e+04   9.9996130e-03
   2.0058100e+04   0.0000000e+00
   2.1301900e+04   0.0000000e+00
   2.2622800e+04   1.0000028e-02
   2.4025600e+04   9.9994623e-03
   2.5515300e+04   1.0000248e-02
   2.7097500e+04   0.0000000e+00
   2.8777800e+04   0.0000000e+00
   3.0562200e+04   0.0000000e+00
   3.2457300e+04   0.0000000e+00
   3.4470000e+04   0.0000000e+00
   3.6607400e+04   0.0000000e+00
   3.8877300e+04   9.9999452e-03
   4.1288000e+04   0.0000000e+00
   4.3848200e+04   0.0000000e+00
