   1.5094100e+02   9.9996390e-03
   1.6556600e+02   0.0000000e+00
   1.8160900e+02   9.9999176e-03
   1.9920600e+02   3.9999535e-02
   2.1850800e+02   1.0000220e-02
   2.3968100e+02   1.9999928e-02
   2.6290500e+02   9.9998442e-03
   2.8837900e+02   0.0000000e+00
   3.1632200e+02   9.9998996e-03
   3.4697200e+02   1.0000230e-02
   3.8059300e+02   2.9999329e-02
   4.1747000e+02   6.0001238e-02
   4.5792200e+02   9.9998444e-03
   5.0229200e+02   9.9999816e-03
   5.5096200e+02   1.9999997e-02
   6.0434800e+02   4.0000130e-02
   6.6290700e+02   3.0000023e-02
   7.2714000e+02   4.0000059e-02
   7.9759700e+02   2.0000017e-02
   8.7488100e+02   2.9999878e-02
   9.5965300e+02   1.0000101e-02
   1.0526400e+03   1.0000355e-02
   1.1546400e+03   4.0000233e-02
   1.2665200e+03   4.9999932e-02
   1.3892400e+03   1.9999815e-02
   1.5238500e+03   9.9996996e-03
   1.6715000e+03   1.9999793e-02
   1.8334600e+03   1.0000286e-02
   2.0111200e+03   1.0000046e-02
   2.2059900e+03   0.0000000e+00
   2.4197400e+03   1.9999790e-02
   2.6542000e+03   1.9999911e-02
   2.9113800e+03   2.9999924e-02
   3.1934800e+03   0.0000000e+00
   3.5029200e+03   0.0000000e+00
   3.8423400e+03   2.9999487e-02
   4.2146400e+03   9.9999602e-03
   4.6230200e+03   9.9999462e-03
   5.0709700e+03   0.0000000e+00
   5.5623300e+03   1.0000049e-02
   6.1013000e+03   9.9999788e-03
   6.6924900e+03   0.0000000e+00
   7.3409600e+03   3.0000068e-02
   8.0522700e+03   0.0000000e+00
   8.8325000e+03   2.0000125e-02
   9.6883400e+03   0.0000000e+00
   1.0627100e+04   1.9999554e-02
   1.1656800e+04   3.0000085e-02
   1.2786300e+04   1.0000477e-02
   1.4025300e+04   9.9993433e-03
   1.5384200e+04   1.0000197e-02
   1.6874900e+04   1.9999889e-02
   1.8510000e+04   1.0000306e-02
   2.0303600e+04   9.9998449e-03
   2.2270900e+04   0.0000000e+00
   2.4428900e+04   0.0000000e+00
   2.6795900e+04   0.0000000e+00
   2.9392300e+04   0.0000000e+00
   3.2240300e+04   2.0000285e-02
   3.5364300e+04   0.0000000e+00
   3.8790900e+04   0.0000000e+00
   4.2549600e+04   0.0000000e+00
   4.6672500e+04   0.0000000e+00
   5.1194900e+04   0.0000000e+00
   5.6155400e+04   0.0000000e+00
   6.1596700e+04   0.0000000e+00
   6.7565100e+04   0.0000000e+00
   7.4111900e+04   9.9999690e-03
   8.1293000e+04   1.0000088e-02
   8.9170000e+04   0.0000000e+00
   9.7810200e+04   2.0000812e-02
   1.0728800e+05   0.0000000e+00
   1.1768300e+05   0.0000000e+00
   1.2908600e+05   0.0000000e+00
   1.4159400e+05   0.0000000e+00
   1.5531400e+05   0.0000000e+00
   1.7036400e+05   9.9996930e-03
   1.8687100e+05   0.0000000e+00
   2.0497800e+05   0.0000000e+00
   2.2484000e+05   0.0000000e+00
   2.4662600e+05   0.0000000e+00
   2.7052300e+05   0.0000000e+00
   2.9673500e+05   0.0000000e+00
   3.2548800e+05   0.0000000e+00
   3.5702600e+05   0.0000000e+00
   3.9162000e+05   0.0000000e+00
   4.2956700e+05   0.0000000e+00
   4.7119000e+05   9.9999424e-03
   5.1684600e+05   0.0000000e+00
   5.6692600e+05   0.0000000e+00
   6.2185900e+05   1.0000086e-02
   6.8211500e+05   0.0000000e+00
   7.4820900e+05   0.0000000e+00
   8.2070700e+05   0.0000000e+00
   9.0023000e+05   0.0000000e+00
   9.8745900e+05   0.0000000e+00
   1.0831400e+06   0.0000000e+00
   1.1880900e+06   0.0000000e+00
   1.3032100e+06   0.0000000e+00
