   9.6932300e+01   1.0000301e-02
   1.0465800e+02   9.9997747e-03
   1.1299900e+02   3.0000157e-02
   1.2200500e+02   0.0000000e+00
   1.3172900e+02   1.9998690e-02
   1.4222700e+02   0.0000000e+00
   1.5356300e+02   4.0000357e-02
   1.6580200e+02   1.9999521e-02
   1.7901600e+02   3.0001038e-02
   1.9328400e+02   3.9998489e-02
   2.0868800e+02   1.9999647e-02
   2.2532000e+02   2.0000004e-02
   2.4327800e+02   2.0000785e-02
   2.6266800e+02   9.9997741e-03
   2.8360200e+02   3.0000058e-02
   3.0620500e+02   2.9999593e-02
   3.3060900e+02   1.0000220e-02
   3.5695900e+02   2.9999471e-02
   3.8540800e+02   1.0000042e-02
   4.1612500e+02   1.9999987e-02
   4.4929000e+02   9.9999211e-03
   4.8509800e+02   0.0000000e+00
   5.2376100e+02   9.9998696e-03
   5.6550400e+02   3.0000384e-02
   6.1057500e+02   0.0000000e+00
   6.5923700e+02   1.0000023e-02
   7.1177800e+02   1.9999853e-02
   7.6850600e+02   0.0000000e+00
   8.2975600e+02   0.0000000e+00
   8.9588700e+02   3.0000050e-02
   9.6728900e+02   9.9997820e-03
   1.0443800e+03   0.0000000e+00
   1.1276200e+03   0.0000000e+00
   1.2174900e+03   9.9996207e-03
   1.3145200e+03   3.0000889e-02
   1.4192900e+03   3.0000895e-02
   1.5324100e+03   1.9999642e-02
   1.6545400e+03   2.9998677e-02
   1.7864000e+03   0.0000000e+00
   1.9287800e+03   1.9999587e-02
   2.0825000e+03   1.0000328e-02
   2.2484800e+03   1.9999795e-02
   2.4276800e+03   0.0000000e+00
   2.6211600e+03   1.0000208e-02
   2.8300700e+03   2.0000405e-02
   3.0556300e+03   0.0000000e+00
   3.2991600e+03   1.9999900e-02
   3.5621000e+03   3.0000281e-02
   3.8460000e+03   9.9998472e-03
   4.1525200e+03   2.9999625e-02
   4.4834700e+03   1.0000267e-02
   4.8408100e+03   0.0000000e+00
   5.2266200e+03   2.0000045e-02
   5.6431800e+03   9.9998314e-03
   6.0929300e+03   1.0000118e-02
   6.5785400e+03   1.9999738e-02
   7.1028400e+03   0.0000000e+00
   7.6689400e+03   1.0000007e-02
   8.2801500e+03   9.9999657e-03
   8.9400700e+03   1.0000004e-02
   9.6525900e+03   1.0000030e-02
   1.0421900e+04   0.0000000e+00
   1.1252500e+04   0.0000000e+00
   1.2149300e+04   1.0000021e-02
   1.3117600e+04   0.0000000e+00
   1.4163100e+04   1.0000050e-02
   1.5291900e+04   0.0000000e+00
   1.6510700e+04   0.0000000e+00
   1.7826600e+04   9.9995117e-03
   1.9247300e+04   9.9999773e-03
   2.0781300e+04   0.0000000e+00
   2.2437600e+04   0.0000000e+00
   2.4225900e+04   0.0000000e+00
   2.6156600e+04   1.0000139e-02
   2.8241300e+04   0.0000000e+00
   3.0492100e+04   0.0000000e+00
   3.2922300e+04   0.0000000e+00
   3.5546200e+04   2.0000553e-02
   3.8379300e+04   0.0000000e+00
   4.1438100e+04   0.0000000e+00
   4.4740700e+04   0.0000000e+00
   4.8306500e+04   0.0000000e+00
   5.2156500e+04   0.0000000e+00
   5.6313300e+04   0.0000000e+00
   6.0801500e+04   0.0000000e+00
   6.5647300e+04   0.0000000e+00
   7.0879400e+04   0.0000000e+00
   7.6528500e+04   0.0000000e+00
   8.2627700e+04   0.0000000e+00
   8.9213100e+04   0.0000000e+00
   9.6323400e+04   0.0000000e+00
   1.0400000e+05   0.0000000e+00
   1.1228900e+05   0.0000000e+00
   1.2123800e+05   0.0000000e+00
   1.3090100e+05   0.0000000e+00
   1.4133400e+05   0.0000000e+00
   1.5259800e+05   0.0000000e+00
   1.6476000e+05   0.0000000e+00
   1.7789100e+05   1.0000084e-02
