   1.9302400e+02   2.0000854e-02
   2.1379800e+02   0.0000000e+00
   2.3680600e+02   0.0000000e+00
   2.6229100e+02   3.0000436e-02
   2.9051900e+02   9.9998914e-03
   3.2178400e+02   0.0000000e+00
   3.5641400e+02   2.0000030e-02
   3.9477100e+02   2.0000026e-02
   4.3725600e+02   9.9999890e-03
   4.8431300e+02   9.9999351e-03
   5.3643400e+02   1.0000048e-02
   5.9416500e+02   0.0000000e+00
   6.5810800e+02   2.9999983e-02
   7.2893300e+02   2.0000239e-02
   8.0738100e+02   2.9999817e-02
   8.9427000e+02   1.0000017e-02
   9.9051100e+02   5.0000474e-02
   1.0971100e+03   4.0000109e-02
   1.2151800e+03   3.9998097e-02
   1.3459500e+03   3.0001955e-02
   1.4908100e+03   9.9994254e-03
   1.6512400e+03   1.0000257e-02
   1.8289500e+03   3.0000041e-02
   2.0257800e+03   0.0000000e+00
   2.2437900e+03   2.0000412e-02
   2.4852700e+03   4.9999507e-02
   2.7527300e+03   4.0000564e-02
   3.0489800e+03   1.9999505e-02
   3.3771000e+03   9.9999789e-03
   3.7405400e+03   0.0000000e+00
   4.1431000e+03   0.0000000e+00
   4.5889800e+03   2.9999921e-02
   5.0828400e+03   2.9999998e-02
   5.6298500e+03   0.0000000e+00
   6.2357300e+03   0.0000000e+00
   6.9068100e+03   2.9999811e-02
   7.6501100e+03   1.0000049e-02
   8.4734100e+03   0.0000000e+00
   9.3853100e+03   3.0001491e-02
   1.0395400e+04   0.0000000e+00
   1.1514100e+04   9.9997105e-03
   1.2753200e+04   1.0000062e-02
   1.4125700e+04   2.0000055e-02
   1.5645900e+04   2.0000008e-02
   1.7329700e+04   9.9999621e-03
   1.9194700e+04   9.9999091e-03
   2.1260400e+04   1.0000301e-02
   2.3548500e+04   9.9997505e-03
   2.6082700e+04   1.9999987e-02
   2.8889700e+04   0.0000000e+00
   3.1998800e+04   2.0000080e-02
   3.5442500e+04   0.0000000e+00
   3.9256800e+04   1.0000059e-02
   4.3481600e+04   9.9998778e-03
   4.8161000e+04   1.0000118e-02
   5.3344100e+04   1.9999856e-02
   5.9084900e+04   1.0000073e-02
   6.5443600e+04   1.0000004e-02
   7.2486600e+04   9.9999737e-03
   8.0287500e+04   9.9999963e-03
   8.8928000e+04   0.0000000e+00
   9.8498300e+04   0.0000000e+00
   1.0909900e+05   0.0000000e+00
   1.2084000e+05   0.0000000e+00
   1.3384400e+05   0.0000000e+00
   1.4824900e+05   9.9997598e-03
   1.6420300e+05   9.9997892e-03
   1.8187400e+05   0.0000000e+00
   2.0144700e+05   0.0000000e+00
   2.2312700e+05   0.0000000e+00
   2.4714000e+05   0.0000000e+00
   2.7373700e+05   9.9998870e-03
   3.0319600e+05   0.0000000e+00
   3.3582600e+05   0.0000000e+00
   3.7196700e+05   0.0000000e+00
   4.1199800e+05   0.0000000e+00
   4.5633700e+05   0.0000000e+00
   5.0544700e+05   0.0000000e+00
   5.5984300e+05   0.0000000e+00
   6.2009300e+05   2.0000046e-02
   6.8682700e+05   0.0000000e+00
   7.6074200e+05   0.0000000e+00
   8.4261300e+05   0.0000000e+00
   9.3329400e+05   0.0000000e+00
   1.0337300e+06   0.0000000e+00
   1.1449800e+06   0.0000000e+00
   1.2682100e+06   9.9997668e-03
   1.4046900e+06   0.0000000e+00
   1.5558600e+06   0.0000000e+00
   1.7233000e+06   0.0000000e+00
   1.9087600e+06   0.0000000e+00
   2.1141800e+06   0.0000000e+00
   2.3417100e+06   0.0000000e+00
   2.5937200e+06   0.0000000e+00
   2.8728500e+06   0.0000000e+00
   3.1820300e+06   0.0000000e+00
   3.5244700e+06   0.0000000e+00
   3.9037700e+06   0.0000000e+00
   4.3238900e+06   1.0000157e-02
