   7.0298100e+01   1.0000127e-02
   7.5065900e+01   0.0000000e+00
   8.0157000e+01   0.0000000e+00
   8.5593400e+01   0.0000000e+00
   9.1398500e+01   0.0000000e+00
   9.7597300e+01   0.0000000e+00
   1.0421700e+02   0.0000000e+00
   1.1128500e+02   0.0000000e+00
   1.1883200e+02   2.0001454e-02
   1.2689200e+02   9.9999999e-03
   1.3549800e+02   2.9997674e-02
   1.4468700e+02   0.0000000e+00
   1.5450000e+02   2.0000953e-02
   1.6497900e+02   0.0000000e+00
   1.7616800e+02   0.0000000e+00
   1.8811600e+02   0.0000000e+00
   2.0087400e+02   2.0000441e-02
   2.1449800e+02   0.0000000e+00
   2.2904600e+02   9.9997950e-03
   2.4458000e+02   3.0000227e-02
   2.6116800e+02   2.0000103e-02
   2.7888100e+02   9.9998885e-03
   2.9779500e+02   3.0000018e-02
   3.1799200e+02   1.0000079e-02
   3.3955900e+02   1.9999535e-02
   3.6258800e+02   2.0000452e-02
   3.8718000e+02   0.0000000e+00
   4.1343900e+02   2.9999716e-02
   4.4147900e+02   0.0000000e+00
   4.7142100e+02   1.0000099e-02
   5.0339400e+02   0.0000000e+00
   5.3753500e+02   0.0000000e+00
   5.7399200e+02   4.9999629e-02
   6.1292100e+02   4.9999609e-02
   6.5449000e+02   1.0000043e-02
   6.9887900e+02   3.0000455e-02
   7.4627900e+02   2.9999981e-02
   7.9689300e+02   9.9998611e-03
   8.5093900e+02   2.0000267e-02
   9.0865200e+02   1.9999856e-02
   9.7027800e+02   0.0000000e+00
   1.0360800e+03   2.0000247e-02
   1.1063500e+03   5.0003354e-02
   1.1813900e+03   0.0000000e+00
   1.2615100e+03   0.0000000e+00
   1.3470700e+03   3.9999601e-02
   1.4384300e+03   0.0000000e+00
   1.5359900e+03   1.9999286e-02
   1.6401600e+03   1.0000098e-02
   1.7514000e+03   2.9999196e-02
   1.8701800e+03   1.0000053e-02
   1.9970200e+03   2.0001224e-02
   2.1324700e+03   1.9998921e-02
   2.2770900e+03   1.0000206e-02
   2.4315300e+03   9.9999445e-03
   2.5964400e+03   3.0000748e-02
   2.7725400e+03   1.0000080e-02
   2.9605800e+03   9.9999042e-03
   3.1613700e+03   0.0000000e+00
   3.3757800e+03   9.9999407e-03
   3.6047300e+03   1.0000014e-02
   3.8492100e+03   0.0000000e+00
   4.1102700e+03   0.0000000e+00
   4.3890300e+03   0.0000000e+00
   4.6867100e+03   0.0000000e+00
   5.0045700e+03   1.0000026e-02
   5.3439900e+03   2.0000055e-02
   5.7064300e+03   0.0000000e+00
   6.0934500e+03   0.0000000e+00
   6.5067200e+03   1.9999660e-02
   6.9480100e+03   0.0000000e+00
   7.4192400e+03   0.0000000e+00
   7.9224300e+03   0.0000000e+00
   8.4597400e+03   0.0000000e+00
   9.0335000e+03   9.9999997e-03
   9.6461700e+03   1.0000167e-02
   1.0300400e+04   2.0000219e-02
   1.0999000e+04   0.0000000e+00
   1.1745000e+04   9.9991814e-03
   1.2541500e+04   0.0000000e+00
   1.3392100e+04   1.0000201e-02
   1.4300400e+04   1.0000251e-02
   1.5270300e+04   0.0000000e+00
   1.6305900e+04   1.0000023e-02
   1.7411800e+04   0.0000000e+00
   1.8592700e+04   0.0000000e+00
   1.9853700e+04   0.0000000e+00
   2.1200200e+04   1.0000422e-02
   2.2638100e+04   9.9996392e-03
   2.4173400e+04   0.0000000e+00
   2.5812900e+04   0.0000000e+00
   2.7563600e+04   9.9999253e-03
   2.9433000e+04   0.0000000e+00
   3.1429200e+04   0.0000000e+00
   3.3560800e+04   0.0000000e+00
   3.5836900e+04   0.0000000e+00
   3.8267500e+04   0.0000000e+00
   4.0862900e+04   0.0000000e+00
   4.3634200e+04   0.0000000e+00
