   1.0210200e+02   9.9999900e-03
   1.1111100e+02   2.0000160e-02
   1.2091500e+02   1.0000032e-02
   1.3158400e+02   2.0001109e-02
   1.4319500e+02   2.0000321e-02
   1.5583000e+02   0.0000000e+00
   1.6957900e+02   1.0000132e-02
   1.8454200e+02   9.9999602e-03
   2.0082500e+02   2.0000210e-02
   2.1854500e+02   9.9998360e-03
   2.3782800e+02   5.0000540e-02
   2.5881300e+02   9.9998387e-03
   2.8164900e+02   1.0000271e-02
   3.0650100e+02   5.9999818e-02
   3.3354500e+02   3.9999490e-02
   3.6297500e+02   9.9999824e-03
   3.9500200e+02   4.0000091e-02
   4.2985500e+02   1.9999852e-02
   4.6778300e+02   2.0000090e-02
   5.0905800e+02   5.0000257e-02
   5.5397500e+02   3.0000002e-02
   6.0285500e+02   0.0000000e+00
   6.5604800e+02   9.9999223e-03
   7.1393400e+02   2.0000028e-02
   7.7692800e+02   1.9999909e-02
   8.4548000e+02   2.0000006e-02
   9.2008100e+02   5.9996801e-02
   1.0012600e+03   4.0001523e-02
   1.0896100e+03   0.0000000e+00
   1.1857500e+03   1.0000494e-02
   1.2903800e+03   3.9997782e-02
   1.4042300e+03   3.0001833e-02
   1.5281400e+03   9.9996130e-03
   1.6629700e+03   9.9998402e-03
   1.8097000e+03   2.0000080e-02
   1.9693800e+03   2.0000232e-02
   2.1431500e+03   0.0000000e+00
   2.3322500e+03   2.0000360e-02
   2.5380400e+03   0.0000000e+00
   2.7619800e+03   1.0000274e-02
   3.0056900e+03   0.0000000e+00
   3.2708900e+03   1.0000106e-02
   3.5595000e+03   9.9999260e-03
   3.8735700e+03   0.0000000e+00
   4.2153600e+03   0.0000000e+00
   4.5873000e+03   0.0000000e+00
   4.9920600e+03   9.9999023e-03
   5.4325300e+03   9.9999911e-03
   5.9118700e+03   0.0000000e+00
   6.4335100e+03   1.0000012e-02
   7.0011700e+03   0.0000000e+00
   7.6189200e+03   1.9999841e-02
   8.2911700e+03   9.9999766e-03
   9.0227400e+03   0.0000000e+00
   9.8188700e+03   0.0000000e+00
   1.0685200e+04   0.0000000e+00
   1.1628000e+04   1.0000001e-02
   1.2654000e+04   0.0000000e+00
   1.3770600e+04   9.9996201e-03
   1.4985600e+04   0.0000000e+00
   1.6307900e+04   0.0000000e+00
   1.7746800e+04   0.0000000e+00
   1.9312700e+04   0.0000000e+00
   2.1016700e+04   0.0000000e+00
   2.2871200e+04   0.0000000e+00
   2.4889200e+04   0.0000000e+00
   2.7085300e+04   0.0000000e+00
   2.9475200e+04   9.9998475e-03
   3.2075900e+04   9.9999457e-03
   3.4906100e+04   0.0000000e+00
   3.7986100e+04   9.9999981e-03
   4.1337800e+04   0.0000000e+00
   4.4985200e+04   1.0000096e-02
   4.8954500e+04   0.0000000e+00
   5.3274000e+04   0.0000000e+00
   5.7974600e+04   0.0000000e+00
   6.3090000e+04   0.0000000e+00
   6.8656700e+04   9.9999573e-03
   7.4714600e+04   0.0000000e+00
   8.1307100e+04   9.9999780e-03
   8.8481200e+04   0.0000000e+00
   9.6288400e+04   0.0000000e+00
   1.0478400e+05   0.0000000e+00
   1.1403000e+05   0.0000000e+00
   1.2409100e+05   0.0000000e+00
   1.3504100e+05   0.0000000e+00
   1.4695600e+05   0.0000000e+00
   1.5992300e+05   0.0000000e+00
   1.7403300e+05   0.0000000e+00
   1.8938900e+05   0.0000000e+00
   2.0610000e+05   0.0000000e+00
   2.2428500e+05   2.0000170e-02
   2.4407500e+05   0.0000000e+00
   2.6561100e+05   0.0000000e+00
   2.8904700e+05   0.0000000e+00
   3.1455100e+05   0.0000000e+00
   3.4230600e+05   0.0000000e+00
   3.7250900e+05   0.0000000e+00
   4.0537700e+05   1.0000154e-02
