   9.7160100e+01   1.9999938e-02
   1.0882500e+02   0.0000000e+00
   1.2189000e+02   1.9999995e-02
   1.3652400e+02   1.0000034e-02
   1.5291500e+02   1.0000092e-02
   1.7127400e+02   3.9999970e-02
   1.9183700e+02   2.0000229e-02
   2.1486900e+02   3.0000105e-02
   2.4066600e+02   3.9999987e-02
   2.6956000e+02   4.0000021e-02
   3.0192300e+02   4.9999404e-02
   3.3817100e+02   6.0000970e-02
   3.7877200e+02   4.0000083e-02
   4.2424700e+02   1.9999795e-02
   4.7518100e+02   3.0000142e-02
   5.3223100e+02   0.0000000e+00
   5.9613000e+02   3.0000130e-02
   6.6770100e+02   1.9999947e-02
   7.4786400e+02   9.9999373e-03
   8.3765100e+02   5.0000298e-02
   9.3821900e+02   3.9999833e-02
   1.0508600e+03   3.0001207e-02
   1.1770300e+03   2.9999548e-02
   1.3183400e+03   4.0000522e-02
   1.4766200e+03   9.9999571e-03
   1.6539000e+03   1.9999559e-02
   1.8524600e+03   1.0000265e-02
   2.0748700e+03   0.0000000e+00
   2.3239700e+03   9.9998858e-03
   2.6029800e+03   3.0000857e-02
   2.9155000e+03   9.9999721e-03
   3.2655300e+03   9.9998625e-03
   3.6575800e+03   0.0000000e+00
   4.0967100e+03   2.9999682e-02
   4.5885500e+03   1.0000047e-02
   5.1394500e+03   0.0000000e+00
   5.7564800e+03   2.0000114e-02
   6.4476000e+03   1.0000004e-02
   7.2216900e+03   3.0000105e-02
   8.0887200e+03   1.0000011e-02
   9.0598400e+03   0.0000000e+00
   1.0147600e+04   0.0000000e+00
   1.1365900e+04   0.0000000e+00
   1.2730400e+04   0.0000000e+00
   1.4258800e+04   0.0000000e+00
   1.5970700e+04   9.9998737e-03
   1.7888100e+04   1.0000336e-02
   2.0035800e+04   0.0000000e+00
   2.2441200e+04   3.0000222e-02
   2.5135500e+04   1.0000205e-02
   2.8153300e+04   9.9998652e-03
   3.1533300e+04   0.0000000e+00
   3.5319200e+04   0.0000000e+00
   3.9559500e+04   1.0000072e-02
   4.4309000e+04   0.0000000e+00
   4.9628700e+04   0.0000000e+00
   5.5587000e+04   0.0000000e+00
   6.2260800e+04   0.0000000e+00
   6.9735700e+04   0.0000000e+00
   7.8108100e+04   0.0000000e+00
   8.7485600e+04   0.0000000e+00
   9.7989100e+04   0.0000000e+00
   1.0975400e+05   0.0000000e+00
   1.2293000e+05   0.0000000e+00
   1.3768900e+05   0.0000000e+00
   1.5422000e+05   0.0000000e+00
   1.7273600e+05   0.0000000e+00
   1.9347400e+05   0.0000000e+00
   2.1670200e+05   0.0000000e+00
   2.4271900e+05   1.0000142e-02
   2.7186000e+05   9.9999368e-03
   3.0449900e+05   0.0000000e+00
   3.4105700e+05   0.0000000e+00
   3.8200400e+05   0.0000000e+00
   4.2786600e+05   0.0000000e+00
   4.7923600e+05   0.0000000e+00
   5.3677200e+05   0.0000000e+00
   6.0121600e+05   0.0000000e+00
   6.7339800e+05   0.0000000e+00
   7.5424500e+05   0.0000000e+00
   8.4479900e+05   0.0000000e+00
   9.4622400e+05   0.0000000e+00
   1.0598300e+06   0.0000000e+00
   1.1870700e+06   0.0000000e+00
   1.3295900e+06   0.0000000e+00
   1.4892100e+06   0.0000000e+00
   1.6680100e+06   0.0000000e+00
   1.8682700e+06   0.0000000e+00
   2.0925700e+06   0.0000000e+00
   2.3438000e+06   0.0000000e+00
   2.6251900e+06   0.0000000e+00
   2.9403700e+06   0.0000000e+00
   3.2933900e+06   0.0000000e+00
   3.6887900e+06   0.0000000e+00
   4.1316600e+06   0.0000000e+00
   4.6277000e+06   0.0000000e+00
   5.1833000e+06   0.0000000e+00
   5.8056000e+06   0.0000000e+00
   6.5026100e+06   1.0000064e-02
