84.5089	0.00139396
91.6827	0
99.4655	0.00118435
107.909	0
117.069	0.00100626
127.007	0.00185506
137.788	0.00256486
149.485	0.000788056
162.174	0.000726394
175.941	0
190.876	0.00308583
207.079	0.00170663
224.658	0.00157309
243.728	0.000966669
264.418	0.000891031
286.864	0.000821312
311.215	0
337.634	0.00104672
366.295	0.00128642
397.389	0.000889323
431.122	0.000546492
467.719	0.000503731
507.423	0.000464316
550.497	0.000641978
597.228	0.000986243
647.925	0.000181815
702.926	0.00100553
762.596	0
827.331	0.000569553
897.562	0.000656235
973.754	0
1056.41	0.000334535
1146.09	0.000205572
1243.38	9.47436e-05
1348.93	8.73303e-05
1463.44	0.000160994
1587.66	0.000222596
1722.44	6.83928e-05
1868.65	6.30414e-05
2027.28	5.81086e-05
2199.37	5.35619e-05
2386.07	0
2588.62	4.55078e-05
2808.36	0
3046.76	3.86648e-05
3305.39	0
3585.98	3.28508e-05
3890.38	0
4220.63	2.79111e-05
4578.91	2.57272e-05
4967.6	0
5389.29	0
5846.78	0
6343.1	0
6881.55	1.71186e-05
7465.72	0
8099.47	0
8787.01	0
9532.92	1.23574e-05
10342.2	0
11220.1	1.04992e-05
12172.5	0
13205.8	0
14326.8	0
15543	0
16862.4	6.98608e-06
18293.9	6.43945e-06
19846.8	0
21531.5	0
23359.3	0
25342.2	0
27493.5	0
29827.3	7.89895e-06
32359.3	3.64045e-06
35106.2	0
38086.3	0
41319.4	0
44826.9	0
48632.2	0
52760.5	0
57239.2	0
62098.1	0
67369.5	1.7486e-06
73088.4	1.61178e-06
79292.7	0
86023.7	0
93326.1	0
101248	0
109843	0
119167	0
129283	0
140258	0
152164	0
165081	0
179094	0
194297	0
210791	0
228684	0
248097	9.49647e-07
269158	0
