84.658	0.00138554
91.8754	0.00127669
99.7082	0.0011764
108.209	0
117.434	0.00199767
127.446	0.000920368
138.311	0.00169613
150.102	0.00156289
162.899	0.00288023
176.787	0.00199048
191.859	0.00244548
208.215	0.00169003
225.966	0.00051909
245.231	0.000956623
266.138	0.00132221
288.827	0.00121834
313.451	0
340.174	0.00103444
369.175	0.00127091
400.648	0.00117107
434.805	0.000809306
471.874	0.000248577
512.103	0.000458099
555.761	0.000422112
603.142	0.000583429
654.562	0.000358398
710.366	0
770.928	0.00106505
836.652	0.000420593
907.98	0.000387553
985.389	0
1069.4	0.000109685
1160.57	0.000101069
1259.51	0
1366.89	0.000257439
1483.42	0.000316287
1609.89	0
1747.14	0.000134273
1896.09	0.000185588
2057.74	0
2233.17	0.000157575
2423.55	4.83987e-05
2630.17	0
2854.4	4.10933e-05
3097.75	0
3361.84	0
3648.45	0
3959.5	0
4297.06	0
4663.4	0
5060.97	4.63535e-05
5492.44	2.1356e-05
5960.69	0
6468.86	1.81325e-05
7020.36	0
7618.87	0
8268.41	0
8973.32	0
9738.33	1.20449e-05
10568.6	0
11469.6	1.02268e-05
12447.4	0
13508.6	1.73663e-05
14660.2	0
15910.1	0
17266.5	0
18738.5	0
20336	0
22069.8	5.31482e-06
23951.3	0
25993.2	4.51259e-06
28209.3	0
30614.2	0
33224.2	0
36056.7	0
39130.7	0
42466.7	0
46087.1	0
50016.2	0
54280.3	0
58907.9	0
63930	0
69380.3	0
75295.3	0
81714.5	0
88680.9	0
96241.3	0
104446	0
113351	0
123014	0
133502	0
144883	0
157235	0
170640	0
185188	0
200976	0
218110	0
236704	0
256884	0
278785	0
