98.3585	0.00123459
106.458	0.00228132
115.225	0
124.714	0.000973688
134.984	0.00269882
146.1	0
158.132	0
171.154	0.00212848
185.248	0.000655512
200.504	0
217.015	0.00223823
234.886	0.000516984
254.229	0.000955299
275.165	0.00132392
297.825	0.00203866
322.351	0.000376709
348.897	0.00104414
377.628	0.000643133
408.726	0.0005942
442.385	0.00109798
478.815	0.00025361
518.246	0.000468629
560.924	0.000865947
607.116	0.000400031
657.112	0.000554392
711.225	0.000341474
769.795	0.000315493
833.188	0.000291489
901.801	0.000538623
976.064	0
1056.44	0.000114945
1143.44	0.000212398
1237.6	9.8119e-05
1339.52	0.000181307
1449.83	8.37563e-05
1569.23	0.000154768
1698.45	0
1838.32	0
1989.71	0.000122061
2153.56	0
2330.9	0.000104194
2522.85	0
2730.61	4.44708e-05
2955.48	0.000123262
3198.86	0
3462.29	0
3747.41	0
4056.01	2.99389e-05
4390.02	5.5322e-05
4751.54	2.55564e-05
5142.83	0
5566.35	2.18155e-05
6024.74	6.0467e-05
6520.88	1.86221e-05
7057.87	0
7639.09	1.58962e-05
8268.17	1.46868e-05
8949.06	2.71386e-05
9686.01	1.25369e-05
10483.7	2.31661e-05
11347	0
12281.4	0
13292.8	0
14387.5	8.44017e-06
15572.3	0
16854.7	0
18242.6	0
19744.9	0
21370.9	0
23130.8	0
25035.6	0
27097.3	0
29328.8	4.14038e-06
31744	0
34358.2	0
37187.6	0
40250	3.01696e-06
43564.6	2.78742e-06
47152.1	0
51035.1	0
55237.9	0
59786.7	0
64710.2	0
70039.1	0
75806.8	0
82049.5	0
88806.3	0
96119.5	1.26335e-06
104035	0
112602	0
121875	9.96369e-07
131912	0
142775	0
154532	0
167258	0
181032	0
195940	0
212075	0
229540	5.29027e-07
248442	0
