72.775	0.00183945
78.2114	0
84.0539	0
90.3329	0.00592766
97.0809	0.00137891
104.333	0
112.127	0.00238775
120.503	0.00111089
129.505	0.00310102
139.179	0
149.576	0.00178994
160.75	0
172.758	0.000774875
185.663	0.000721014
199.532	0.00201269
214.438	0.00124853
230.457	0.00232348
247.672	0.000540495
266.174	0.00100585
286.058	0.000467968
307.427	0.00130632
330.392	0.000405172
355.073	0.000754018
381.597	0.000350803
410.103	0.000652839
440.739	0.00091119
473.663	0.000282618
509.046	0.000525947
547.073	0.000734083
587.94	0.000227686
631.86	0.00021186
679.061	0.000394267
729.788	0.000366861
784.305	0.000341361
842.894	0.000158817
905.859	0.000443332
973.529	0.000137506
1046.25	0.000255895
1124.41	0
1208.41	0.000110779
1298.68	0.000206157
1395.69	0
1499.95	0.000178494
1612	0
1732.42	7.7271e-05
1861.83	0.0001438
2000.91	6.69022e-05
2150.39	0
2311.02	0
2483.66	0
2669.2	0
2868.59	0
3082.88	8.68446e-05
3313.17	0.000121212
3560.67	3.75956e-05
3826.66	6.99647e-05
4112.52	3.25507e-05
4419.73	0
4749.9	2.81829e-05
5104.72	0
5486.05	0
5895.87	0
6336.3	6.33803e-05
6809.64	0
7318.33	0
7865.02	1.70204e-05
8452.55	0
9083.97	0
9762.56	1.37121e-05
10491.8	0
11275.6	0
12117.9	0
13023.1	0
13996	1.91291e-05
15041.5	0
16165.1	0
17372.7	1.5411e-05
18670.5	1.43398e-05
20065.2	0
21564.1	1.24156e-05
23175	0
24906.2	1.07496e-05
26766.7	0
28766.2	0
30915.1	0
33224.6	0
35706.5	0
38373.8	3.48846e-06
41240.4	0
44321.1	0
47632	2.81041e-06
51190.2	0
55014.2	0
59123.9	0
63540.5	2.10678e-06
68287.1	0
73388.3	0
78870.5	0
84762.3	1.57931e-06
91094.2	0
