131.739	0.00102304
141.514	0.00190475
152.014	0.00177319
163.293	0.00165071
175.409	0.000768344
188.424	0.00214582
202.405	0
217.423	0
233.555	0.000577057
250.885	0.0010744
269.5	0.00150028
289.496	0.00232775
310.976	0.000866785
334.05	0.00161383
358.836	0.00112677
385.461	0.000349646
414.061	0.000325495
444.783	0
477.785	0.000564164
513.236	0.000787794
551.317	0
592.224	0.000455148
636.165	0.00042371
683.367	0.000591664
734.072	0.000183599
788.539	0.000341834
847.046	0.000318223
909.895	0.000148121
977.408	0
1049.93	0.000256731
1127.83	0.000119499
1211.51	0.00022249
1301.41	0.000207122
1397.97	0.000192815
1501.69	0.000179497
1613.12	0
1732.81	7.77783e-05
1861.38	0.000144812
1999.49	6.74046e-05
2147.85	0.000313744
2307.21	0.000175244
2478.4	5.43797e-05
2662.29	0.000101247
2859.83	0
3072.02	8.77433e-05
3299.96	0.000122524
3544.81	0
3807.83	0
4090.36	0
4393.86	6.13469e-05
4719.87	0
5070.08	2.65824e-05
5446.27	0
5850.37	0
6284.45	0
6750.75	1.99644e-05
7251.64	0
7789.69	0
8367.67	1.61066e-05
8988.54	0
9655.47	1.39584e-05
10371.9	2.59885e-05
11141.5	0
11968.1	0
12856.1	1.04833e-05
13810	0
14834.7	0
15935.4	8.45756e-06
17117.8	7.87337e-06
18387.9	7.32954e-06
19752.2	0
21217.8	1.27039e-05
22792.1	0
24483.3	5.50477e-06
26299.9	0
28251.3	0
30347.4	0
32599.2	0
35017.9	0
37616.2	0
40407.2	0
43405.4	0
46626	0
50085.5	2.69089e-06
53801.7	0
57793.7	0
62081.9	0
66688.2	0
71636.4	0
76951.6	0
82661.3	0
88794.6	0
95382.9	0
102460	0
110062	0
118229	0
127001	0
136424	9.87907e-07
146547	9.1967e-07
157420	0
