144.062	0.00225052
157.392	0.00137327
171.956	0.00565634
187.867	0.000575253
205.251	0.000526532
224.243	0.00192775
244.992	0.00132336
267.662	0.0020188
292.429	0.00147825
319.488	0.000338263
349.051	0.00123845
381.349	0.00113356
416.636	0
455.188	0.000474841
497.308	0.00130387
543.325	0.000198907
593.599	0.000546181
648.526	0.000666563
708.535	0.000610109
774.098	0.000279218
845.726	0
923.983	0.000701772
1009.48	0.000107056
1102.89	9.79889e-05
1204.94	8.96898e-05
1316.44	0.00024628
1438.25	7.51406e-05
1571.33	0
1716.73	6.29516e-05
1875.58	0
2049.14	5.27398e-05
2238.75	4.8273e-05
2445.9	0.000132554
2672.22	4.04423e-05
2919.49	7.40341e-05
3189.64	3.38819e-05
3484.78	6.20246e-05
3807.23	0
4159.52	0
4544.41	0
4964.91	0
5424.32	1.99234e-05
5926.25	0
6474.61	0
7073.72	0
7728.27	2.79677e-05
8443.38	0
9224.66	0
10078.2	0
11010.8	9.81501e-06
12029.6	0
13142.8	0
14358.9	7.52642e-06
15687.5	0
17139.1	1.2611e-05
18725	0
20457.7	0
22350.7	4.83524e-06
24418.8	0
26678.4	4.05088e-06
29147	0
31844	0
34790.6	3.10633e-06
38009.8	2.84324e-06
41526.9	0
45369.5	0
49567.6	0
54154.2	0
59165.2	0
64639.8	0
70621.1	0
77155.8	0
84295.1	0
92095.1	0
100617	0
109927	0
120099	0
131212	0
143353	0
156618	0
171110	0
186943	0
204241	0
223140	0
243788	0
266346	0
290991	0
317917	0
347334	0
379474	0
414587	0
452950	0
494862	0
540653	0
590680	0
645337	0
705051	0
770291	0
841567	1.28416e-07
919439	0
