   1.0652900e+02   9.9996897e-03
   1.1637800e+02   1.0000021e-02
   1.2713800e+02   0.0000000e+00
   1.3889300e+02   0.0000000e+00
   1.5173400e+02   0.0000000e+00
   1.6576300e+02   0.0000000e+00
   1.8108900e+02   0.0000000e+00
   1.9783200e+02   4.0000039e-02
   2.1612300e+02   0.0000000e+00
   2.3610600e+02   1.9999402e-02
   2.5793500e+02   2.0000054e-02
   2.8178300e+02   3.0000290e-02
   3.0783600e+02   0.0000000e+00
   3.3629800e+02   0.0000000e+00
   3.6739100e+02   2.0000053e-02
   4.0135900e+02   2.9999629e-02
   4.3846700e+02   2.0000287e-02
   4.7900700e+02   3.9999487e-02
   5.2329400e+02   1.9999909e-02
   5.7167600e+02   1.0000091e-02
   6.2453200e+02   6.9999472e-02
   6.8227400e+02   9.9999786e-03
   7.4535500e+02   2.0000152e-02
   8.1426900e+02   0.0000000e+00
   8.8955400e+02   9.9999228e-03
   9.7179900e+02   5.0000644e-02
   1.0616500e+03   1.0000344e-02
   1.1598100e+03   1.9999575e-02
   1.2670400e+03   3.0000826e-02
   1.3841900e+03   1.9998768e-02
   1.5121600e+03   3.0000010e-02
   1.6519700e+03   1.0000209e-02
   1.8047100e+03   1.0000103e-02
   1.9715700e+03   3.9998794e-02
   2.1538500e+03   3.0000043e-02
   2.3529900e+03   4.9999734e-02
   2.5705400e+03   2.0000406e-02
   2.8082100e+03   1.0000035e-02
   3.0678500e+03   9.9998417e-03
   3.3514900e+03   0.0000000e+00
   3.6613600e+03   1.0000016e-02
   3.9998800e+03   2.0000124e-02
   4.3697000e+03   1.0000015e-02
   4.7737100e+03   9.9999377e-03
   5.2150700e+03   1.0000013e-02
   5.6972400e+03   2.9999993e-02
   6.2239900e+03   0.0000000e+00
   6.7994400e+03   2.0000064e-02
   7.4281000e+03   0.0000000e+00
   8.1148800e+03   0.0000000e+00
   8.8651600e+03   0.0000000e+00
   9.6848100e+03   1.9999162e-02
   1.0580200e+04   1.0000867e-02
   1.1558500e+04   0.0000000e+00
   1.2627100e+04   1.0000280e-02
   1.3794600e+04   9.9999395e-03
   1.5070000e+04   0.0000000e+00
   1.6463300e+04   1.0000321e-02
   1.7985500e+04   2.0000197e-02
   1.9648400e+04   9.9998380e-03
   2.1465000e+04   0.0000000e+00
   2.3449600e+04   1.0000101e-02
   2.5617700e+04   0.0000000e+00
   2.7986200e+04   0.0000000e+00
   3.0573700e+04   1.0000144e-02
   3.3400500e+04   9.9999781e-03
   3.6488600e+04   0.0000000e+00
   3.9862200e+04   0.0000000e+00
   4.3547800e+04   1.0000001e-02
   4.7574100e+04   0.0000000e+00
   5.1972600e+04   0.0000000e+00
   5.6777900e+04   9.9999825e-03
   6.2027400e+04   0.0000000e+00
   6.7762200e+04   9.9999767e-03
   7.4027300e+04   0.0000000e+00
   8.0871700e+04   0.0000000e+00
   8.8348900e+04   0.0000000e+00
   9.6517400e+04   0.0000000e+00
   1.0544100e+05   1.0000232e-02
   1.1519000e+05   0.0000000e+00
   1.2584000e+05   0.0000000e+00
   1.3747500e+05   0.0000000e+00
   1.5018500e+05   0.0000000e+00
   1.6407100e+05   0.0000000e+00
   1.7924100e+05   0.0000000e+00
   1.9581300e+05   0.0000000e+00
   2.1391700e+05   0.0000000e+00
   2.3369500e+05   0.0000000e+00
   2.5530200e+05   0.0000000e+00
   2.7890600e+05   0.0000000e+00
   3.0469300e+05   0.0000000e+00
   3.3286400e+05   0.0000000e+00
   3.6364000e+05   0.0000000e+00
   3.9726100e+05   0.0000000e+00
   4.3399000e+05   0.0000000e+00
   4.7411600e+05   0.0000000e+00
   5.1795100e+05   0.0000000e+00
   5.6584000e+05   0.0000000e+00
   6.1815600e+05   9.9998283e-03
