   8.9305600e+01   9.9999058e-03
   9.8409500e+01   0.0000000e+00
   1.0844200e+02   0.0000000e+00
   1.1949600e+02   0.0000000e+00
   1.3167800e+02   0.0000000e+00
   1.4510100e+02   1.0000087e-02
   1.5989300e+02   0.0000000e+00
   1.7619300e+02   0.0000000e+00
   1.9415400e+02   0.0000000e+00
   2.1394700e+02   1.9999923e-02
   2.3575700e+02   2.9999433e-02
   2.5979000e+02   3.0000546e-02
   2.8627400e+02   1.9999869e-02
   3.1545700e+02   0.0000000e+00
   3.4761500e+02   5.0000898e-02
   3.8305200e+02   4.9999012e-02
   4.2210000e+02   3.0000301e-02
   4.6513000e+02   5.9999732e-02
   5.1254600e+02   2.0000098e-02
   5.6479600e+02   1.9999945e-02
   6.2237200e+02   3.0000187e-02
   6.8581800e+02   2.9999878e-02
   7.5573100e+02   5.0000379e-02
   8.3277200e+02   1.0000004e-02
   9.1766600e+02   1.9999052e-02
   1.0112100e+03   3.0001561e-02
   1.1143000e+03   4.9998456e-02
   1.2278900e+03   3.0001640e-02
   1.3530700e+03   0.0000000e+00
   1.4910000e+03   9.9996805e-03
   1.6429900e+03   0.0000000e+00
   1.8104800e+03   3.0001115e-02
   1.9950500e+03   1.9999182e-02
   2.1984200e+03   3.0001151e-02
   2.4225400e+03   9.9996970e-03
   2.6694900e+03   2.0000548e-02
   2.9416300e+03   1.9999740e-02
   3.2415000e+03   9.9998744e-03
   3.5719400e+03   1.0000029e-02
   3.9360700e+03   2.0000025e-02
   4.3373200e+03   0.0000000e+00
   4.7794800e+03   2.9999548e-02
   5.2667000e+03   1.0000085e-02
   5.8036000e+03   0.0000000e+00
   6.3952300e+03   2.0000020e-02
   7.0471700e+03   2.0000040e-02
   7.7655700e+03   0.0000000e+00
   8.5572000e+03   0.0000000e+00
   9.4295400e+03   0.0000000e+00
   1.0390800e+04   0.0000000e+00
   1.1450100e+04   9.9996825e-03
   1.2617300e+04   1.9999638e-02
   1.3903500e+04   0.0000000e+00
   1.5320900e+04   0.0000000e+00
   1.6882700e+04   9.9997156e-03
   1.8603700e+04   2.0000110e-02
   2.0500200e+04   0.0000000e+00
   2.2590100e+04   9.9997017e-03
   2.4892900e+04   0.0000000e+00
   2.7430600e+04   9.9999323e-03
   3.0226900e+04   0.0000000e+00
   3.3308300e+04   9.9997246e-03
   3.6703700e+04   0.0000000e+00
   4.0445400e+04   1.0000084e-02
   4.4568500e+04   0.0000000e+00
   4.9111800e+04   0.0000000e+00
   5.4118400e+04   0.0000000e+00
   5.9635300e+04   0.0000000e+00
   6.5714600e+04   0.0000000e+00
   7.2413700e+04   0.0000000e+00
   7.9795600e+04   9.9999849e-03
   8.7930100e+04   0.0000000e+00
   9.6893800e+04   0.0000000e+00
   1.0677100e+05   1.0000518e-02
   1.1765600e+05   9.9999855e-03
   1.2965000e+05   0.0000000e+00
   1.4286700e+05   0.0000000e+00
   1.5743100e+05   0.0000000e+00
   1.7347900e+05   0.0000000e+00
   1.9116400e+05   0.0000000e+00
   2.1065200e+05   0.0000000e+00
   2.3212600e+05   0.0000000e+00
   2.5578900e+05   0.0000000e+00
   2.8186500e+05   0.0000000e+00
   3.1059800e+05   0.0000000e+00
   3.4226100e+05   0.0000000e+00
   3.7715200e+05   0.0000000e+00
   4.1559900e+05   0.0000000e+00
   4.5796600e+05   0.0000000e+00
   5.0465200e+05   0.0000000e+00
   5.5609700e+05   0.0000000e+00
   6.1278600e+05   0.0000000e+00
   6.7525500e+05   0.0000000e+00
   7.4409100e+05   0.0000000e+00
   8.1994500e+05   0.0000000e+00
   9.0353200e+05   0.0000000e+00
   9.9563900e+05   0.0000000e+00
   1.0971400e+06   0.0000000e+00
   1.2089800e+06   0.0000000e+00
