   1.5236700e+02   1.0000110e-02
   1.6493600e+02   3.0000686e-02
   1.7854200e+02   0.0000000e+00
   1.9327000e+02   1.0000039e-02
   2.0921300e+02   0.0000000e+00
   2.2647100e+02   0.0000000e+00
   2.4515200e+02   4.0000487e-02
   2.6537500e+02   1.0000006e-02
   2.8726600e+02   4.0000299e-02
   3.1096300e+02   3.9999143e-02
   3.3661400e+02   0.0000000e+00
   3.6438200e+02   4.9999680e-02
   3.9444000e+02   3.0000361e-02
   4.2697800e+02   3.9999081e-02
   4.6219900e+02   1.9999937e-02
   5.0032600e+02   5.0001001e-02
   5.4159900e+02   2.0000061e-02
   5.8627600e+02   7.9999453e-02
   6.3463800e+02   2.0000139e-02
   6.8699000e+02   9.9999315e-03
   7.4366000e+02   2.0000004e-02
   8.0500500e+02   9.9999289e-03
   8.7141000e+02   1.9999935e-02
   9.4329300e+02   1.0000496e-02
   1.0211100e+03   2.9999357e-02
   1.1053400e+03   2.9999952e-02
   1.1965200e+03   1.9999680e-02
   1.2952200e+03   1.9999380e-02
   1.4020600e+03   2.0000506e-02
   1.5177200e+03   0.0000000e+00
   1.6429200e+03   9.9996007e-03
   1.7784400e+03   1.0000340e-02
   1.9251500e+03   2.0000373e-02
   2.0839600e+03   0.0000000e+00
   2.2558600e+03   2.0000209e-02
   2.4419500e+03   1.0000086e-02
   2.6433900e+03   0.0000000e+00
   2.8614400e+03   0.0000000e+00
   3.0974900e+03   9.9998693e-03
   3.3530000e+03   9.9999455e-03
   3.6295900e+03   2.0000169e-02
   3.9290000e+03   9.9998138e-03
   4.2531000e+03   1.9999915e-02
   4.6039400e+03   1.0000213e-02
   4.9837300e+03   1.9999967e-02
   5.3948400e+03   9.9999109e-03
   5.8398600e+03   0.0000000e+00
   6.3216000e+03   0.0000000e+00
   6.8430700e+03   3.0000047e-02
   7.4075600e+03   0.0000000e+00
   8.0186100e+03   0.0000000e+00
   8.6800700e+03   1.0000075e-02
   9.3961000e+03   2.0000215e-02
   1.0171200e+04   9.9997054e-03
   1.1010200e+04   1.0000655e-02
   1.1918500e+04   0.0000000e+00
   1.2901600e+04   0.0000000e+00
   1.3965900e+04   0.0000000e+00
   1.5117900e+04   1.0000096e-02
   1.6365000e+04   0.0000000e+00
   1.7715000e+04   0.0000000e+00
   1.9176300e+04   0.0000000e+00
   2.0758200e+04   9.9996779e-03
   2.2470500e+04   0.0000000e+00
   2.4324100e+04   0.0000000e+00
   2.6330700e+04   0.0000000e+00
   2.8502700e+04   0.0000000e+00
   3.0853900e+04   0.0000000e+00
   3.3399100e+04   0.0000000e+00
   3.6154200e+04   1.9999453e-02
   3.9136500e+04   0.0000000e+00
   4.2364900e+04   0.0000000e+00
   4.5859700e+04   0.0000000e+00
   4.9642700e+04   0.0000000e+00
   5.3737700e+04   1.0000090e-02
   5.8170600e+04   0.0000000e+00
   6.2969100e+04   0.0000000e+00
   6.8163500e+04   0.0000000e+00
   7.3786300e+04   0.0000000e+00
   7.9873000e+04   0.0000000e+00
   8.6461800e+04   0.0000000e+00
   9.3594100e+04   0.0000000e+00
   1.0131500e+05   0.0000000e+00
   1.0967200e+05   0.0000000e+00
   1.1871900e+05   0.0000000e+00
   1.2851200e+05   0.0000000e+00
   1.3911300e+05   0.0000000e+00
   1.5058900e+05   0.0000000e+00
   1.6301100e+05   0.0000000e+00
   1.7645800e+05   0.0000000e+00
   1.9101400e+05   0.0000000e+00
   2.0677100e+05   0.0000000e+00
   2.2382800e+05   0.0000000e+00
   2.4229200e+05   0.0000000e+00
   2.6227800e+05   0.0000000e+00
   2.8391400e+05   0.0000000e+00
   3.0733400e+05   0.0000000e+00
   3.3268600e+05   0.0000000e+00
   3.6013000e+05   0.0000000e+00
