   1.4432300e+02   2.0000248e-02
   1.5503000e+02   9.9998665e-03
   1.6653100e+02   1.0000495e-02
   1.7888600e+02   2.0000061e-02
   1.9215700e+02   9.9996829e-03
   2.0641200e+02   2.0000003e-02
   2.2172500e+02   3.0000015e-02
   2.3817400e+02   0.0000000e+00
   2.5584300e+02   2.0000849e-02
   2.7482400e+02   1.9999772e-02
   2.9521200e+02   0.0000000e+00
   3.1711300e+02   2.9999315e-02
   3.4063800e+02   2.0000177e-02
   3.6590900e+02   9.9998108e-03
   3.9305400e+02   2.0000436e-02
   4.2221400e+02   9.9997991e-03
   4.5353600e+02   3.0000607e-02
   4.8718300e+02   9.9998770e-03
   5.2332500e+02   1.0000053e-02
   5.6214900e+02   2.0000029e-02
   6.0385300e+02   4.0000179e-02
   6.4865100e+02   2.9999883e-02
   6.9677200e+02   3.9999891e-02
   7.4846300e+02   1.0000010e-02
   8.0398900e+02   1.9999923e-02
   8.6363400e+02   2.9999945e-02
   9.2770400e+02   2.0000186e-02
   9.9652800e+02   2.0000824e-02
   1.0704600e+03   3.9998182e-02
   1.1498700e+03   3.0001735e-02
   1.2351800e+03   2.9998837e-02
   1.3268100e+03   9.9998974e-03
   1.4252400e+03   2.9998984e-02
   1.5309700e+03   1.0000197e-02
   1.6445500e+03   2.0000977e-02
   1.7665600e+03   9.9996392e-03
   1.8976100e+03   0.0000000e+00
   2.0383900e+03   3.9999656e-02
   2.1896100e+03   2.0000100e-02
   2.3520500e+03   9.9999696e-03
   2.5265400e+03   1.9999343e-02
   2.7139700e+03   0.0000000e+00
   2.9153100e+03   3.0000415e-02
   3.1315900e+03   0.0000000e+00
   3.3639100e+03   2.0000213e-02
   3.6134700e+03   0.0000000e+00
   3.8815400e+03   0.0000000e+00
   4.1695000e+03   0.0000000e+00
   4.4788200e+03   0.0000000e+00
   4.8110900e+03   0.0000000e+00
   5.1680100e+03   0.0000000e+00
   5.5514100e+03   1.9999980e-02
   5.9632500e+03   0.0000000e+00
   6.4056400e+03   0.0000000e+00
   6.8808500e+03   1.0000056e-02
   7.3913200e+03   0.0000000e+00
   7.9396600e+03   0.0000000e+00
   8.5286700e+03   0.0000000e+00
   9.1613900e+03   1.9999925e-02
   9.8410400e+03   9.9997778e-03
   1.0571100e+04   9.9995695e-03
   1.1355300e+04   0.0000000e+00
   1.2197800e+04   0.0000000e+00
   1.3102700e+04   9.9995472e-03
   1.4074700e+04   0.0000000e+00
   1.5118900e+04   9.9998379e-03
   1.6240500e+04   0.0000000e+00
   1.7445300e+04   9.9999210e-03
   1.8739500e+04   0.0000000e+00
   2.0129800e+04   9.9996147e-03
   2.1623100e+04   0.0000000e+00
   2.3227300e+04   0.0000000e+00
   2.4950400e+04   0.0000000e+00
   2.6801400e+04   0.0000000e+00
   2.8789700e+04   0.0000000e+00
   3.0925500e+04   0.0000000e+00
   3.3219800e+04   0.0000000e+00
   3.5684200e+04   1.0000017e-02
   3.8331500e+04   0.0000000e+00
   4.1175200e+04   0.0000000e+00
   4.4229900e+04   9.9998179e-03
   4.7511100e+04   0.0000000e+00
   5.1035800e+04   0.0000000e+00
   5.4822000e+04   0.0000000e+00
   5.8889100e+04   0.0000000e+00
   6.3257800e+04   0.0000000e+00
   6.7950700e+04   0.0000000e+00
   7.2991700e+04   0.0000000e+00
   7.8406800e+04   0.0000000e+00
   8.4223500e+04   0.0000000e+00
   9.0471800e+04   0.0000000e+00
   9.7183500e+04   0.0000000e+00
   1.0439300e+05   0.0000000e+00
   1.1213800e+05   0.0000000e+00
   1.2045700e+05   9.9996521e-03
   1.2939300e+05   0.0000000e+00
   1.3899300e+05   0.0000000e+00
   1.4930400e+05   0.0000000e+00
   1.6038000e+05   9.9999359e-03
