   1.7660400e+02   1.9999215e-02
   1.8708500e+02   9.9995839e-03
   1.9818800e+02   0.0000000e+00
   2.0995100e+02   1.9999172e-02
   2.2241100e+02   9.9999372e-03
   2.3561100e+02   0.0000000e+00
   2.4959500e+02   9.9997082e-03
   2.6440800e+02   2.0000572e-02
   2.8010100e+02   3.0000169e-02
   2.9672500e+02   2.0000460e-02
   3.1433600e+02   1.9999093e-02
   3.3299100e+02   1.0000019e-02
   3.5275400e+02   1.0000039e-02
   3.7369000e+02   2.0000490e-02
   3.9586900e+02   0.0000000e+00
   4.1936300e+02   0.0000000e+00
   4.4425300e+02   9.9998856e-03
   4.7061900e+02   9.9999404e-03
   4.9855000e+02   0.0000000e+00
   5.2813900e+02   2.0000022e-02
   5.5948400e+02   2.9999755e-02
   5.9268900e+02   0.0000000e+00
   6.2786500e+02   1.0000093e-02
   6.6512900e+02   9.9999254e-03
   7.0460400e+02   2.9999899e-02
   7.4642200e+02   2.9999960e-02
   7.9072200e+02   3.0000472e-02
   8.3765200e+02   1.9999793e-02
   8.8736600e+02   2.9999985e-02
   9.4003100e+02   2.0000125e-02
   9.9582200e+02   0.0000000e+00
   1.0549200e+03   3.0000208e-02
   1.1175300e+03   1.0000707e-02
   1.1838600e+03   1.9999509e-02
   1.2541200e+03   9.9997449e-03
   1.3285500e+03   2.0000145e-02
   1.4074000e+03   1.0000128e-02
   1.4909300e+03   1.0000432e-02
   1.5794200e+03   1.0000183e-02
   1.6731600e+03   1.9999715e-02
   1.7724600e+03   0.0000000e+00
   1.8776500e+03   1.0000146e-02
   1.9890900e+03   2.9999456e-02
   2.1071400e+03   0.0000000e+00
   2.2322000e+03   0.0000000e+00
   2.3646800e+03   2.0000857e-02
   2.5050300e+03   0.0000000e+00
   2.6537000e+03   1.0000211e-02
   2.8112000e+03   9.9997556e-03
   2.9780400e+03   1.0000215e-02
   3.1547900e+03   9.9996735e-03
   3.3420200e+03   1.0000073e-02
   3.5403700e+03   1.9999957e-02
   3.7504900e+03   9.9999448e-03
   3.9730800e+03   1.9999849e-02
   4.2088800e+03   1.0000143e-02
   4.4586800e+03   9.9999369e-03
   4.7233000e+03   1.0000100e-02
   5.0036300e+03   0.0000000e+00
   5.3005900e+03   1.0000030e-02
   5.6151800e+03   9.9999995e-03
   5.9484400e+03   1.0000035e-02
   6.3014800e+03   1.9999901e-02
   6.6754700e+03   1.0000034e-02
   7.0716600e+03   0.0000000e+00
   7.4913700e+03   0.0000000e+00
   7.9359800e+03   0.0000000e+00
   8.4069800e+03   9.9999559e-03
   8.9059300e+03   0.0000000e+00
   9.4344900e+03   0.0000000e+00
   9.9944300e+03   1.0000016e-02
   1.0587600e+04   1.0000420e-02
   1.1216000e+04   0.0000000e+00
   1.1881600e+04   0.0000000e+00
   1.2586800e+04   9.9996408e-03
   1.3333800e+04   0.0000000e+00
   1.4125200e+04   9.9996615e-03
   1.4963500e+04   0.0000000e+00
   1.5851600e+04   1.0000140e-02
   1.6792400e+04   9.9997847e-03
   1.7789000e+04   0.0000000e+00
   1.8844800e+04   9.9996815e-03
   1.9963200e+04   0.0000000e+00
   2.1148100e+04   2.9999149e-02
   2.2403200e+04   0.0000000e+00
   2.3732800e+04   0.0000000e+00
   2.5141300e+04   0.0000000e+00
   2.6633500e+04   1.0000046e-02
   2.8214200e+04   0.0000000e+00
   2.9888700e+04   0.0000000e+00
   3.1662600e+04   9.9996306e-03
   3.3541700e+04   0.0000000e+00
   3.5532400e+04   1.0000256e-02
   3.7641300e+04   0.0000000e+00
   3.9875300e+04   1.0000021e-02
   4.2241900e+04   0.0000000e+00
   4.4748900e+04   0.0000000e+00
   4.7404800e+04   0.0000000e+00
   5.0218200e+04   0.0000000e+00
