   1.6056100e+02   3.0000491e-02
   1.7247300e+02   1.0000356e-02
   1.8526900e+02   1.0000120e-02
   1.9901400e+02   0.0000000e+00
   2.1377800e+02   2.0000094e-02
   2.2963800e+02   0.0000000e+00
   2.4667500e+02   1.9999521e-02
   2.6497500e+02   9.9999263e-03
   2.8463300e+02   1.0000209e-02
   3.0575000e+02   2.9999855e-02
   3.2843300e+02   3.9999957e-02
   3.5279900e+02   3.9998887e-02
   3.7897200e+02   3.0000615e-02
   4.0708800e+02   1.9999797e-02
   4.3728900e+02   1.0000019e-02
   4.6973100e+02   2.0000155e-02
   5.0458000e+02   0.0000000e+00
   5.4201400e+02   3.9999731e-02
   5.8222500e+02   0.0000000e+00
   6.2542000e+02   2.0000011e-02
   6.7181900e+02   1.9999897e-02
   7.2166000e+02   2.0000029e-02
   7.7519900e+02   1.0000013e-02
   8.3271000e+02   4.9999524e-02
   8.9448700e+02   1.0000005e-02
   9.6084800e+02   2.9999172e-02
   1.0321300e+03   9.9996591e-03
   1.1087000e+03   1.0000842e-02
   1.1909600e+03   1.9998729e-02
   1.2793100e+03   2.9999817e-02
   1.3742200e+03   2.0001595e-02
   1.4761800e+03   9.9995005e-03
   1.5856900e+03   9.9999764e-03
   1.7033300e+03   2.0000327e-02
   1.8297000e+03   1.9999524e-02
   1.9654400e+03   2.0000963e-02
   2.1112600e+03   9.9999327e-03
   2.2678900e+03   9.9999219e-03
   2.4361400e+03   9.9997909e-03
   2.6168700e+03   9.9998796e-03
   2.8110100e+03   3.0000752e-02
   3.0195600e+03   0.0000000e+00
   3.2435800e+03   9.9997406e-03
   3.4842100e+03   0.0000000e+00
   3.7427000e+03   0.0000000e+00
   4.0203700e+03   1.9999616e-02
   4.3186300e+03   0.0000000e+00
   4.6390300e+03   0.0000000e+00
   4.9831900e+03   1.0000089e-02
   5.3528900e+03   0.0000000e+00
   5.7500100e+03   9.9998884e-03
   6.1765900e+03   1.0000172e-02
   6.6348300e+03   1.0000046e-02
   7.1270600e+03   1.9999749e-02
   7.6558000e+03   0.0000000e+00
   8.2237800e+03   1.0000008e-02
   8.8338900e+03   9.9999631e-03
   9.4892600e+03   0.0000000e+00
   1.0193300e+04   0.0000000e+00
   1.0949500e+04   0.0000000e+00
   1.1761800e+04   1.0000083e-02
   1.2634400e+04   9.9996788e-03
   1.3571700e+04   1.0000319e-02
   1.4578600e+04   1.0000311e-02
   1.5660200e+04   0.0000000e+00
   1.6822000e+04   1.0000012e-02
   1.8070000e+04   0.0000000e+00
   1.9410600e+04   9.9997056e-03
   2.0850600e+04   1.0000152e-02
   2.2397500e+04   0.0000000e+00
   2.4059100e+04   9.9999379e-03
   2.5844000e+04   1.0000353e-02
   2.7761400e+04   0.0000000e+00
   2.9820900e+04   1.0000114e-02
   3.2033300e+04   0.0000000e+00
   3.4409800e+04   9.9999303e-03
   3.6962600e+04   0.0000000e+00
   3.9704800e+04   1.0000180e-02
   4.2650500e+04   0.0000000e+00
   4.5814700e+04   0.0000000e+00
   4.9213600e+04   0.0000000e+00
   5.2864700e+04   0.0000000e+00
   5.6786600e+04   1.0000187e-02
   6.0999600e+04   0.0000000e+00
   6.5525000e+04   0.0000000e+00
   7.0386300e+04   0.0000000e+00
   7.5608100e+04   0.0000000e+00
   8.1217400e+04   0.0000000e+00
   8.7242800e+04   0.0000000e+00
   9.3715200e+04   0.0000000e+00
   1.0066800e+05   0.0000000e+00
   1.0813600e+05   0.0000000e+00
   1.1615900e+05   0.0000000e+00
   1.2477600e+05   1.0000059e-02
   1.3403300e+05   0.0000000e+00
   1.4397700e+05   0.0000000e+00
   1.5465900e+05   0.0000000e+00
   1.6613200e+05   0.0000000e+00
   1.7845800e+05   9.9996020e-03
