   2.3879600e+02   9.9999178e-03
   2.5942800e+02   0.0000000e+00
   2.8184300e+02   0.0000000e+00
   3.0619500e+02   2.9999441e-02
   3.3265000e+02   9.9999136e-03
   3.6139100e+02   2.0000299e-02
   3.9261600e+02   1.9999801e-02
   4.2653800e+02   9.9999141e-03
   4.6339100e+02   3.0000433e-02
   5.0342900e+02   4.0000276e-02
   5.4692600e+02   1.9999641e-02
   5.9418000e+02   8.0000519e-02
   6.4551800e+02   9.9999316e-03
   7.0129100e+02   1.0000148e-02
   7.6188400e+02   1.9999888e-02
   8.2771100e+02   2.0000028e-02
   8.9922600e+02   3.0000062e-02
   9.7692000e+02   2.0000781e-02
   1.0613300e+03   2.0000137e-02
   1.1530300e+03   2.9999268e-02
   1.2526500e+03   1.0000008e-02
   1.3608800e+03   2.9999714e-02
   1.4784600e+03   2.9999994e-02
   1.6062000e+03   1.0000209e-02
   1.7449800e+03   4.9997443e-02
   1.8957400e+03   0.0000000e+00
   2.0595400e+03   2.9999083e-02
   2.2374800e+03   9.9999603e-03
   2.4308000e+03   0.0000000e+00
   2.6408300e+03   3.0000020e-02
   2.8690000e+03   1.9999677e-02
   3.1168800e+03   9.9999438e-03
   3.3861800e+03   2.0000056e-02
   3.6787500e+03   4.0000469e-02
   3.9966000e+03   3.0000015e-02
   4.3419100e+03   2.0000259e-02
   4.7170600e+03   1.9999620e-02
   5.1246100e+03   9.9999605e-03
   5.5673800e+03   1.0000085e-02
   6.0484100e+03   0.0000000e+00
   6.5710000e+03   0.0000000e+00
   7.1387400e+03   1.9999909e-02
   7.7555300e+03   0.0000000e+00
   8.4256200e+03   2.0000013e-02
   9.1536000e+03   1.0000045e-02
   9.9444800e+03   1.0000118e-02
   1.0803700e+04   9.9995142e-03
   1.1737100e+04   0.0000000e+00
   1.2751200e+04   2.0001526e-02
   1.3853000e+04   1.9999840e-02
   1.5049900e+04   0.0000000e+00
   1.6350200e+04   0.0000000e+00
   1.7762900e+04   0.0000000e+00
   1.9297600e+04   0.0000000e+00
   2.0964900e+04   1.0000069e-02
   2.2776300e+04   0.0000000e+00
   2.4744200e+04   0.0000000e+00
   2.6882100e+04   0.0000000e+00
   2.9204700e+04   0.0000000e+00
   3.1728100e+04   0.0000000e+00
   3.4469400e+04   0.0000000e+00
   3.7447600e+04   9.9999922e-03
   4.0683100e+04   9.9998587e-03
   4.4198100e+04   0.0000000e+00
   4.8016900e+04   0.0000000e+00
   5.2165600e+04   0.0000000e+00
   5.6672700e+04   1.0000032e-02
   6.1569300e+04   0.0000000e+00
   6.6889000e+04   0.0000000e+00
   7.2668200e+04   0.0000000e+00
   7.8946800e+04   0.0000000e+00
   8.5767900e+04   0.0000000e+00
   9.3178300e+04   0.0000000e+00
   1.0122900e+05   0.0000000e+00
   1.0997500e+05   0.0000000e+00
   1.1947700e+05   1.0000055e-02
   1.2980000e+05   0.0000000e+00
   1.4101500e+05   0.0000000e+00
   1.5319900e+05   0.0000000e+00
   1.6643500e+05   0.0000000e+00
   1.8081600e+05   0.0000000e+00
   1.9643800e+05   0.0000000e+00
   2.1341100e+05   0.0000000e+00
   2.3184900e+05   0.0000000e+00
   2.5188100e+05   0.0000000e+00
   2.7364400e+05   9.9999487e-03
   2.9728700e+05   0.0000000e+00
   3.2297300e+05   0.0000000e+00
   3.5087800e+05   0.0000000e+00
   3.8119500e+05   0.0000000e+00
   4.1413000e+05   0.0000000e+00
   4.4991100e+05   0.0000000e+00
   4.8878400e+05   0.0000000e+00
   5.3101500e+05   0.0000000e+00
   5.7689600e+05   0.0000000e+00
   6.2674000e+05   0.0000000e+00
   6.8089100e+05   0.0000000e+00
   7.3972000e+05   1.0000084e-02
   8.0363300e+05   0.0000000e+00
