   1.7747400e+02   2.0000054e-02
   1.9204100e+02   2.0000567e-02
   2.0780400e+02   0.0000000e+00
   2.2486000e+02   1.0000353e-02
   2.4331700e+02   9.9998791e-03
   2.6328800e+02   1.9999558e-02
   2.8489800e+02   2.0000653e-02
   3.0828300e+02   0.0000000e+00
   3.3358600e+02   2.0000369e-02
   3.6096700e+02   0.0000000e+00
   3.9059400e+02   0.0000000e+00
   4.2265400e+02   0.0000000e+00
   4.5734500e+02   2.0000216e-02
   4.9488400e+02   1.0000075e-02
   5.3550400e+02   2.9999505e-02
   5.7945700e+02   0.0000000e+00
   6.2701900e+02   2.9999875e-02
   6.7848400e+02   2.9999776e-02
   7.3417300e+02   1.0000072e-02
   7.9443400e+02   4.9999570e-02
   8.5964000e+02   4.0000179e-02
   9.3019900e+02   0.0000000e+00
   1.0065500e+03   0.0000000e+00
   1.0891700e+03   0.0000000e+00
   1.1785600e+03   1.0000498e-02
   1.2753000e+03   1.0000415e-02
   1.3799800e+03   9.9993516e-03
   1.4932400e+03   1.0000474e-02
   1.6158100e+03   9.9996806e-03
   1.7484300e+03   1.0000006e-02
   1.8919400e+03   3.0000165e-02
   2.0472300e+03   4.0001082e-02
   2.2152700e+03   9.9995909e-03
   2.3970900e+03   9.9999171e-03
   2.5938400e+03   9.9999556e-03
   2.8067400e+03   3.0000544e-02
   3.0371200e+03   3.0000556e-02
   3.2864100e+03   1.9999576e-02
   3.5561500e+03   3.0000454e-02
   3.8480400e+03   0.0000000e+00
   4.1638800e+03   2.0000107e-02
   4.5056500e+03   2.9999983e-02
   4.8754700e+03   1.9999736e-02
   5.2756400e+03   4.0000843e-02
   5.7086700e+03   0.0000000e+00
   6.1772300e+03   9.9999555e-03
   6.6842500e+03   1.0000006e-02
   7.2328900e+03   1.0000015e-02
   7.8265600e+03   2.0000032e-02
   8.4689600e+03   9.9999268e-03
   9.1640800e+03   2.0000206e-02
   9.9162700e+03   1.0000107e-02
   1.0730200e+04   1.9999376e-02
   1.1610900e+04   0.0000000e+00
   1.2563900e+04   1.0000609e-02
   1.3595200e+04   9.9992752e-03
   1.4711000e+04   2.0000426e-02
   1.5918500e+04   1.0000155e-02
   1.7225100e+04   0.0000000e+00
   1.8638900e+04   2.0000383e-02
   2.0168800e+04   0.0000000e+00
   2.1824200e+04   9.9999143e-03
   2.3615500e+04   1.0000283e-02
   2.5553900e+04   1.9999569e-02
   2.7651300e+04   1.9999988e-02
   2.9920900e+04   1.0000056e-02
   3.2376800e+04   0.0000000e+00
   3.5034300e+04   0.0000000e+00
   3.7909900e+04   0.0000000e+00
   4.1021500e+04   0.0000000e+00
   4.4388500e+04   0.0000000e+00
   4.8031900e+04   0.0000000e+00
   5.1974300e+04   0.0000000e+00
   5.6240300e+04   0.0000000e+00
   6.0856500e+04   0.0000000e+00
   6.5851500e+04   0.0000000e+00
   7.1256600e+04   0.0000000e+00
   7.7105300e+04   0.0000000e+00
   8.3434000e+04   0.0000000e+00
   9.0282200e+04   0.0000000e+00
   9.7692500e+04   0.0000000e+00
   1.0571100e+05   0.0000000e+00
   1.1438800e+05   0.0000000e+00
   1.2377700e+05   0.0000000e+00
   1.3393600e+05   9.9996615e-03
   1.4492900e+05   0.0000000e+00
   1.5682500e+05   0.0000000e+00
   1.6969700e+05   0.0000000e+00
   1.8362600e+05   0.0000000e+00
   1.9869800e+05   0.0000000e+00
   2.1500700e+05   0.0000000e+00
   2.3265400e+05   0.0000000e+00
   2.5175000e+05   0.0000000e+00
   2.7241400e+05   0.0000000e+00
   2.9477300e+05   0.0000000e+00
   3.1896800e+05   1.0000121e-02
   3.4514900e+05   0.0000000e+00
   3.7347800e+05   0.0000000e+00
   4.0413300e+05   0.0000000e+00
