   1.0998400e+02   9.9995575e-03
   1.2253100e+02   9.9999615e-03
   1.3651000e+02   1.0000097e-02
   1.5208400e+02   3.0000747e-02
   1.6943500e+02   9.9999696e-03
   1.8876500e+02   9.9998419e-03
   2.1030000e+02   1.0000330e-02
   2.3429300e+02   9.9998802e-03
   2.6102200e+02   5.0000430e-02
   2.9080100e+02   3.9999971e-02
   3.2397700e+02   2.0000004e-02
   3.6093800e+02   3.9999297e-02
   4.0211500e+02   3.0000335e-02
   4.4799100e+02   1.9999923e-02
   4.9910000e+02   2.0000004e-02
   5.5604000e+02   3.9999950e-02
   6.1947600e+02   3.0000336e-02
   6.9015000e+02   0.0000000e+00
   7.6888500e+02   2.0000107e-02
   8.5660400e+02   4.0000034e-02
   9.5433000e+02   3.0001340e-02
   1.0632100e+03   9.9994872e-03
   1.1845000e+03   3.0001215e-02
   1.3196400e+03   1.9999815e-02
   1.4701900e+03   2.9998735e-02
   1.6379100e+03   4.0001766e-02
   1.8247800e+03   4.9999840e-02
   2.0329600e+03   2.9999914e-02
   2.2648900e+03   1.9999954e-02
   2.5232800e+03   1.0000028e-02
   2.8111500e+03   3.9999913e-02
   3.1318600e+03   0.0000000e+00
   3.4891600e+03   9.9999439e-03
   3.8872200e+03   0.0000000e+00
   4.3306900e+03   2.0000052e-02
   4.8247600e+03   0.0000000e+00
   5.3752000e+03   2.9999947e-02
   5.9884300e+03   0.0000000e+00
   6.6716200e+03   0.0000000e+00
   7.4327500e+03   2.0000051e-02
   8.2807200e+03   0.0000000e+00
   9.2254300e+03   9.9998437e-03
   1.0277900e+04   0.0000000e+00
   1.1450500e+04   0.0000000e+00
   1.2756800e+04   1.0000228e-02
   1.4212200e+04   9.9999845e-03
   1.5833600e+04   2.0000280e-02
   1.7640000e+04   0.0000000e+00
   1.9652400e+04   1.0000214e-02
   2.1894500e+04   0.0000000e+00
   2.4392300e+04   0.0000000e+00
   2.7175100e+04   1.0000049e-02
   3.0275400e+04   0.0000000e+00
   3.3729400e+04   9.9999130e-03
   3.7577400e+04   1.0000132e-02
   4.1864500e+04   9.9999594e-03
   4.6640600e+04   9.9999681e-03
   5.1961600e+04   0.0000000e+00
   5.7889600e+04   0.0000000e+00
   6.4494000e+04   0.0000000e+00
   7.1851800e+04   1.0000050e-02
   8.0049100e+04   9.9999780e-03
   8.9181500e+04   0.0000000e+00
   9.9355800e+04   0.0000000e+00
   1.1069100e+05   0.0000000e+00
   1.2331900e+05   0.0000000e+00
   1.3738800e+05   0.0000000e+00
   1.5306200e+05   0.0000000e+00
   1.7052400e+05   0.0000000e+00
   1.8997800e+05   0.0000000e+00
   2.1165200e+05   1.0000239e-02
   2.3579900e+05   0.0000000e+00
   2.6270000e+05   0.0000000e+00
   2.9267000e+05   0.0000000e+00
   3.2605900e+05   0.0000000e+00
   3.6325800e+05   0.0000000e+00
   4.0470000e+05   1.0000131e-02
   4.5087100e+05   0.0000000e+00
   5.0230800e+05   0.0000000e+00
   5.5961400e+05   0.0000000e+00
   6.2345800e+05   0.0000000e+00
   6.9458600e+05   0.0000000e+00
   7.7382800e+05   0.0000000e+00
   8.6211000e+05   0.0000000e+00
   9.6046400e+05   0.0000000e+00
   1.0700400e+06   0.0000000e+00
   1.1921200e+06   0.0000000e+00
   1.3281200e+06   0.0000000e+00
   1.4796400e+06   0.0000000e+00
   1.6484400e+06   0.0000000e+00
   1.8365100e+06   0.0000000e+00
   2.0460200e+06   0.0000000e+00
   2.2794500e+06   0.0000000e+00
   2.5395000e+06   0.0000000e+00
   2.8292200e+06   0.0000000e+00
   3.1519900e+06   0.0000000e+00
   3.5115800e+06   0.0000000e+00
   3.9122000e+06   0.0000000e+00
   4.3585300e+06   9.9998942e-03
