   1.2773500e+02   1.9999355e-02
   1.4459900e+02   3.0001360e-02
   1.6369100e+02   1.9999403e-02
   1.8530200e+02   0.0000000e+00
   2.0976700e+02   9.9999998e-03
   2.3746200e+02   1.0000159e-02
   2.6881400e+02   5.0000431e-02
   3.0430500e+02   3.9999426e-02
   3.4448100e+02   4.9999992e-02
   3.8996200e+02   4.0000194e-02
   4.4144800e+02   2.9999892e-02
   4.9973100e+02   1.9999911e-02
   5.6570900e+02   5.0000548e-02
   6.4039900e+02   4.9999911e-02
   7.2494900e+02   1.9999997e-02
   8.2066200e+02   6.0000004e-02
   9.2901200e+02   1.0000233e-02
   1.0516700e+03   4.0000325e-02
   1.1905200e+03   2.9999846e-02
   1.3477000e+03   9.9998261e-03
   1.5256300e+03   2.9999293e-02
   1.7270500e+03   2.0000113e-02
   1.9550700e+03   3.0000643e-02
   2.2132000e+03   0.0000000e+00
   2.5054000e+03   3.9999902e-02
   2.8361800e+03   3.0000462e-02
   3.2106400e+03   5.9999510e-02
   3.6345300e+03   2.0000085e-02
   4.1143900e+03   9.9999529e-03
   4.6576000e+03   1.9999983e-02
   5.2725300e+03   0.0000000e+00
   5.9686500e+03   2.9999764e-02
   6.7566700e+03   0.0000000e+00
   7.6487400e+03   0.0000000e+00
   8.6585800e+03   1.0000070e-02
   9.8017600e+03   0.0000000e+00
   1.1095900e+04   0.0000000e+00
   1.2560800e+04   0.0000000e+00
   1.4219200e+04   9.9998702e-03
   1.6096500e+04   0.0000000e+00
   1.8221700e+04   0.0000000e+00
   2.0627500e+04   0.0000000e+00
   2.3350900e+04   9.9998178e-03
   2.6433800e+04   2.0000073e-02
   2.9923800e+04   0.0000000e+00
   3.3874600e+04   0.0000000e+00
   3.8346900e+04   0.0000000e+00
   4.3409800e+04   0.0000000e+00
   4.9141100e+04   9.9998651e-03
   5.5629000e+04   0.0000000e+00
   6.2973600e+04   0.0000000e+00
   7.1287900e+04   0.0000000e+00
   8.0699800e+04   0.0000000e+00
   9.1354400e+04   2.0000545e-02
   1.0341600e+05   0.0000000e+00
   1.1706900e+05   0.0000000e+00
   1.3252600e+05   0.0000000e+00
   1.5002300e+05   0.0000000e+00
   1.6983000e+05   0.0000000e+00
   1.9225200e+05   0.0000000e+00
   2.1763500e+05   1.0000064e-02
   2.4636900e+05   0.0000000e+00
   2.7889600e+05   0.0000000e+00
   3.1571800e+05   0.0000000e+00
   3.5740100e+05   1.0000058e-02
   4.0458800e+05   0.0000000e+00
   4.5800500e+05   0.0000000e+00
   5.1847400e+05   0.0000000e+00
   5.8692700e+05   0.0000000e+00
   6.6441800e+05   0.0000000e+00
   7.5213900e+05   0.0000000e+00
   8.5144200e+05   0.0000000e+00
   9.6385600e+05   0.0000000e+00
   1.0911100e+06   0.0000000e+00
   1.2351700e+06   0.0000000e+00
   1.3982400e+06   0.0000000e+00
   1.5828500e+06   0.0000000e+00
   1.7918300e+06   0.0000000e+00
   2.0284000e+06   0.0000000e+00
   2.2962100e+06   0.0000000e+00
   2.5993700e+06   0.0000000e+00
   2.9425600e+06   0.0000000e+00
   3.3310600e+06   0.0000000e+00
   3.7708500e+06   0.0000000e+00
   4.2687000e+06   1.0000059e-02
   4.8322900e+06   0.0000000e+00
   5.4702800e+06   0.0000000e+00
   6.1925100e+06   0.0000000e+00
   7.0100900e+06   0.0000000e+00
   7.9356200e+06   0.0000000e+00
   8.9833400e+06   0.0000000e+00
   1.0169400e+07   0.0000000e+00
   1.1512000e+07   0.0000000e+00
   1.3031900e+07   0.0000000e+00
   1.4752500e+07   0.0000000e+00
   1.6700200e+07   0.0000000e+00
   1.8905100e+07   0.0000000e+00
   2.1401100e+07   0.0000000e+00
   2.4226700e+07   1.0000039e-02
