   1.2536100e+02   9.9990356e-03
   1.3348000e+02   0.0000000e+00
   1.4212600e+02   2.0000587e-02
   1.5133200e+02   0.0000000e+00
   1.6113400e+02   2.0000214e-02
   1.7157100e+02   2.0000177e-02
   1.8268400e+02   9.9994125e-03
   1.9451600e+02   0.0000000e+00
   2.0711500e+02   1.0000608e-02
   2.2053100e+02   9.9999284e-03
   2.3481500e+02   1.9999531e-02
   2.5002400e+02   0.0000000e+00
   2.6621800e+02   0.0000000e+00
   2.8346200e+02   9.9998658e-03
   3.0182200e+02   2.9999309e-02
   3.2137100e+02   3.0000436e-02
   3.4218700e+02   9.9999978e-03
   3.6435100e+02   2.0000363e-02
   3.8795100e+02   0.0000000e+00
   4.1307900e+02   1.0000082e-02
   4.3983500e+02   0.0000000e+00
   4.6832300e+02   2.9999992e-02
   4.9865700e+02   2.0000122e-02
   5.3095600e+02   2.0000086e-02
   5.6534700e+02   1.9999800e-02
   6.0196500e+02   2.0000394e-02
   6.4095600e+02   2.9999528e-02
   6.8247100e+02   1.0000055e-02
   7.2667600e+02   2.0000040e-02
   7.7374400e+02   1.0000096e-02
   8.2386100e+02   9.9998787e-03
   8.7722300e+02   1.9999947e-02
   9.3404200e+02   1.0000106e-02
   9.9454200e+02   0.0000000e+00
   1.0589600e+03   2.9999826e-02
   1.1275500e+03   5.9997431e-02
   1.2005800e+03   0.0000000e+00
   1.2783500e+03   2.9999848e-02
   1.3611500e+03   0.0000000e+00
   1.4493100e+03   1.9999097e-02
   1.5431800e+03   1.0000598e-02
   1.6431400e+03   2.0000219e-02
   1.7495700e+03   1.9999620e-02
   1.8628900e+03   2.9999454e-02
   1.9835500e+03   0.0000000e+00
   2.1120300e+03   1.0000053e-02
   2.2488300e+03   9.9999960e-03
   2.3944900e+03   1.9999321e-02
   2.5495800e+03   1.9999940e-02
   2.7147200e+03   1.0000179e-02
   2.8905600e+03   2.0000470e-02
   3.0777900e+03   0.0000000e+00
   3.2771400e+03   0.0000000e+00
   3.4894100e+03   0.0000000e+00
   3.7154200e+03   9.9998498e-03
   3.9560700e+03   0.0000000e+00
   4.2123100e+03   1.0000077e-02
   4.4851500e+03   0.0000000e+00
   4.7756600e+03   0.0000000e+00
   5.0849900e+03   0.0000000e+00
   5.4143500e+03   1.0000140e-02
   5.7650500e+03   0.0000000e+00
   6.1384600e+03   2.9999478e-02
   6.5360500e+03   1.9999985e-02
   6.9594000e+03   0.0000000e+00
   7.4101800e+03   0.0000000e+00
   7.8901400e+03   0.0000000e+00
   8.4012000e+03   1.0000028e-02
   8.9453600e+03   9.9999225e-03
   9.5247600e+03   1.0000104e-02
   1.0141700e+04   1.0000120e-02
   1.0798600e+04   9.9993917e-03
   1.1498000e+04   0.0000000e+00
   1.2242800e+04   1.0000206e-02
   1.3035800e+04   0.0000000e+00
   1.3880100e+04   0.0000000e+00
   1.4779100e+04   1.0000339e-02
   1.5736400e+04   0.0000000e+00
   1.6755700e+04   1.0000084e-02
   1.7841000e+04   0.0000000e+00
   1.8996600e+04   0.0000000e+00
   2.0227000e+04   0.0000000e+00
   2.1537100e+04   1.0000057e-02
   2.2932100e+04   1.0000352e-02
   2.4417500e+04   0.0000000e+00
   2.5999000e+04   2.0000026e-02
   2.7683000e+04   1.0000155e-02
   2.9476100e+04   0.0000000e+00
   3.1385300e+04   1.0000140e-02
   3.3418200e+04   0.0000000e+00
   3.5582700e+04   0.0000000e+00
   3.7887500e+04   9.9998782e-03
   4.0341500e+04   0.0000000e+00
   4.2954500e+04   0.0000000e+00
   4.5736700e+04   0.0000000e+00
   4.8699100e+04   0.0000000e+00
   5.1853400e+04   0.0000000e+00
   5.5212100e+04   0.0000000e+00
   5.8788200e+04   0.0000000e+00
