   1.1252100e+02   9.9998750e-03
   1.2485900e+02   9.9999612e-03
   1.3855000e+02   9.9997846e-03
   1.5374200e+02   9.9998790e-03
   1.7060000e+02   2.0000215e-02
   1.8930700e+02   0.0000000e+00
   2.1006500e+02   9.9999347e-03
   2.3309900e+02   3.0000028e-02
   2.5865900e+02   1.0000141e-02
   2.8702200e+02   1.9999606e-02
   3.1849400e+02   2.0000206e-02
   3.5341800e+02   5.9999720e-02
   3.9217100e+02   3.0000355e-02
   4.3517400e+02   5.9998879e-02
   4.8289100e+02   2.0000281e-02
   5.3584200e+02   0.0000000e+00
   5.9459800e+02   2.9999951e-02
   6.5979700e+02   9.9999406e-03
   7.3214500e+02   3.0000179e-02
   8.1242700e+02   1.9999893e-02
   9.0151100e+02   4.9998022e-02
   1.0003600e+03   1.0000702e-02
   1.1100600e+03   9.9999675e-03
   1.2317800e+03   2.9998447e-02
   1.3668400e+03   3.0000430e-02
   1.5167200e+03   2.9999663e-02
   1.6830300e+03   4.0000290e-02
   1.8675800e+03   7.0001727e-02
   2.0723700e+03   2.9999998e-02
   2.2996100e+03   1.0000086e-02
   2.5517700e+03   1.9999488e-02
   2.8315700e+03   1.0000045e-02
   3.1420600e+03   2.0000306e-02
   3.4866000e+03   0.0000000e+00
   3.8689100e+03   1.9999772e-02
   4.2931400e+03   1.0000119e-02
   4.7639000e+03   9.9999379e-03
   5.2862700e+03   2.9999902e-02
   5.8659200e+03   2.0000218e-02
   6.5091400e+03   0.0000000e+00
   7.2228800e+03   9.9999504e-03
   8.0148800e+03   0.0000000e+00
   8.8937400e+03   0.0000000e+00
   9.8689600e+03   1.9999679e-02
   1.0951100e+04   0.0000000e+00
   1.2151900e+04   0.0000000e+00
   1.3484400e+04   0.0000000e+00
   1.4963000e+04   9.9998204e-03
   1.6603700e+04   2.0000572e-02
   1.8424400e+04   0.0000000e+00
   2.0444700e+04   0.0000000e+00
   2.2686500e+04   0.0000000e+00
   2.5174100e+04   0.0000000e+00
   2.7934500e+04   0.0000000e+00
   3.0997600e+04   0.0000000e+00
   3.4396500e+04   1.0000097e-02
   3.8168200e+04   9.9999076e-03
   4.2353400e+04   0.0000000e+00
   4.6997600e+04   1.0000018e-02
   5.2151000e+04   1.0000055e-02
   5.7869500e+04   0.0000000e+00
   6.4215000e+04   0.0000000e+00
   7.1256300e+04   0.0000000e+00
   7.9069700e+04   0.0000000e+00
   8.7739900e+04   0.0000000e+00
   9.7360800e+04   1.0000332e-02
   1.0803700e+05   0.0000000e+00
   1.1988300e+05   0.0000000e+00
   1.3302900e+05   0.0000000e+00
   1.4761600e+05   0.0000000e+00
   1.6380200e+05   0.0000000e+00
   1.8176300e+05   0.0000000e+00
   2.0169400e+05   0.0000000e+00
   2.2381000e+05   0.0000000e+00
   2.4835200e+05   9.9998627e-03
   2.7558400e+05   0.0000000e+00
   3.0580200e+05   0.0000000e+00
   3.3933400e+05   0.0000000e+00
   3.7654300e+05   0.0000000e+00
   4.1783200e+05   0.0000000e+00
   4.6364800e+05   0.0000000e+00
   5.1448800e+05   0.0000000e+00
   5.7090300e+05   0.0000000e+00
   6.3350400e+05   0.0000000e+00
   7.0296900e+05   0.0000000e+00
   7.8005200e+05   0.0000000e+00
   8.6558600e+05   0.0000000e+00
   9.6050000e+05   0.0000000e+00
   1.0658200e+06   0.0000000e+00
   1.1826900e+06   0.0000000e+00
   1.3123800e+06   0.0000000e+00
   1.4562800e+06   1.0000331e-02
   1.6159700e+06   0.0000000e+00
   1.7931600e+06   0.0000000e+00
   1.9897800e+06   0.0000000e+00
   2.2079700e+06   0.0000000e+00
   2.4500800e+06   0.0000000e+00
   2.7187400e+06   0.0000000e+00
   3.0168500e+06   0.0000000e+00
