   1.7956300e+02   1.0000083e-02
   1.9577900e+02   0.0000000e+00
   2.1345900e+02   1.0000021e-02
   2.3273600e+02   1.0000091e-02
   2.5375400e+02   1.0000061e-02
   2.7667000e+02   9.9998715e-03
   3.0165500e+02   1.0000102e-02
   3.2889700e+02   1.0000069e-02
   3.5859900e+02   3.9999745e-02
   3.9098300e+02   0.0000000e+00
   4.2629100e+02   1.0000202e-02
   4.6478900e+02   1.0000054e-02
   5.0676300e+02   9.9998916e-03
   5.5252700e+02   1.9999915e-02
   6.0242400e+02   1.0000108e-02
   6.5682800e+02   9.9999658e-03
   7.1614400e+02   9.9999980e-03
   7.8081700e+02   2.0000168e-02
   8.5133100e+02   0.0000000e+00
   9.2821200e+02   1.0000429e-02
   1.0120400e+03   0.0000000e+00
   1.1034300e+03   1.0000176e-02
   1.2030800e+03   4.0001127e-02
   1.3117300e+03   2.9997818e-02
   1.4301800e+03   0.0000000e+00
   1.5593400e+03   0.0000000e+00
   1.7001600e+03   5.0000915e-02
   1.8537000e+03   9.9998566e-03
   2.0211000e+03   1.9999994e-02
   2.2036200e+03   0.0000000e+00
   2.4026200e+03   4.0000914e-02
   2.6196000e+03   2.0000077e-02
   2.8561700e+03   1.9999789e-02
   3.1141000e+03   1.0000145e-02
   3.3953300e+03   2.9999731e-02
   3.7019500e+03   1.9999795e-02
   4.0362600e+03   4.0000598e-02
   4.4007700e+03   4.9999808e-02
   4.7981900e+03   1.9999943e-02
   5.2315000e+03   9.9999485e-03
   5.7039400e+03   5.0000182e-02
   6.2190500e+03   3.0000197e-02
   6.7806800e+03   9.9999408e-03
   7.3930200e+03   2.9999803e-02
   8.0606600e+03   1.0000003e-02
   8.7886000e+03   0.0000000e+00
   9.5822800e+03   0.0000000e+00
   1.0447600e+04   2.0000030e-02
   1.1391100e+04   0.0000000e+00
   1.2419800e+04   0.0000000e+00
   1.3541400e+04   0.0000000e+00
   1.4764300e+04   0.0000000e+00
   1.6097600e+04   0.0000000e+00
   1.7551400e+04   0.0000000e+00
   1.9136400e+04   0.0000000e+00
   2.0864600e+04   0.0000000e+00
   2.2748800e+04   0.0000000e+00
   2.4803200e+04   0.0000000e+00
   2.7043100e+04   2.0000079e-02
   2.9485300e+04   0.0000000e+00
   3.2148000e+04   0.0000000e+00
   3.5051200e+04   0.0000000e+00
   3.8216600e+04   0.0000000e+00
   4.1667800e+04   0.0000000e+00
   4.5430700e+04   0.0000000e+00
   4.9533500e+04   1.9999811e-02
   5.4006700e+04   0.0000000e+00
   5.8883900e+04   0.0000000e+00
   6.4201600e+04   0.0000000e+00
   6.9999400e+04   0.0000000e+00
   7.6320900e+04   2.0000160e-02
   8.3213300e+04   9.9998864e-03
   9.0728000e+04   9.9999628e-03
   9.8921400e+04   0.0000000e+00
   1.0785500e+05   0.0000000e+00
   1.1759500e+05   1.0000302e-02
   1.2821500e+05   0.0000000e+00
   1.3979300e+05   1.0000502e-02
   1.5241800e+05   0.0000000e+00
   1.6618200e+05   0.0000000e+00
   1.8119000e+05   1.9999109e-02
   1.9755200e+05   1.0000327e-02
   2.1539300e+05   0.0000000e+00
   2.3484400e+05   0.0000000e+00
   2.5605200e+05   1.0000251e-02
   2.7917600e+05   9.9997415e-03
   3.0438700e+05   1.0000196e-02
   3.3187600e+05   1.0000064e-02
   3.6184700e+05   0.0000000e+00
   3.9452400e+05   1.0000170e-02
   4.3015300e+05   1.0000009e-02
   4.6899900e+05   0.0000000e+00
   5.1135300e+05   0.0000000e+00
   5.5753100e+05   0.0000000e+00
   6.0788100e+05   0.0000000e+00
   6.6277700e+05   9.9998801e-03
   7.2263000e+05   0.0000000e+00
   7.8788900e+05   0.0000000e+00
   8.5904100e+05   0.0000000e+00
