   1.0800500e+02   2.0000143e-02
   1.1862400e+02   0.0000000e+00
   1.3028700e+02   0.0000000e+00
   1.4309700e+02   9.9999357e-03
   1.5716600e+02   1.9999524e-02
   1.7261800e+02   1.0000242e-02
   1.8959000e+02   2.9999589e-02
   2.0823000e+02   3.0000111e-02
   2.2870300e+02   4.0000345e-02
   2.5118900e+02   1.9999537e-02
   2.7588500e+02   4.0000424e-02
   3.0301000e+02   9.9998258e-03
   3.3280100e+02   4.0000441e-02
   3.6552200e+02   2.0000180e-02
   4.0146000e+02   6.9999845e-02
   4.4093100e+02   3.0000148e-02
   4.8428300e+02   3.9999950e-02
   5.3189700e+02   1.9999857e-02
   5.8419200e+02   1.0000011e-02
   6.4162900e+02   4.9999811e-02
   7.0471300e+02   3.0000162e-02
   7.7400000e+02   3.0000128e-02
   8.5009900e+02   1.9999858e-02
   9.3367900e+02   1.0000342e-02
   1.0254800e+03   9.9996301e-03
   1.1263000e+03   3.0000906e-02
   1.2370400e+03   0.0000000e+00
   1.3586600e+03   4.9999261e-02
   1.4922400e+03   2.0000577e-02
   1.6389600e+03   9.9999617e-03
   1.8001000e+03   0.0000000e+00
   1.9770800e+03   2.0000593e-02
   2.1714700e+03   9.9997222e-03
   2.3849600e+03   0.0000000e+00
   2.6194500e+03   1.9999913e-02
   2.8769900e+03   0.0000000e+00
   3.1598500e+03   0.0000000e+00
   3.4705300e+03   0.0000000e+00
   3.8117500e+03   9.9998335e-03
   4.1865100e+03   2.0000328e-02
   4.5981300e+03   2.9999848e-02
   5.0502100e+03   0.0000000e+00
   5.5467400e+03   2.0000057e-02
   6.0920900e+03   2.9999690e-02
   6.6910500e+03   0.0000000e+00
   7.3489100e+03   0.0000000e+00
   8.0714500e+03   9.9999343e-03
   8.8650200e+03   0.0000000e+00
   9.7366200e+03   1.9999781e-02
   1.0693900e+04   0.0000000e+00
   1.1745300e+04   0.0000000e+00
   1.2900100e+04   0.0000000e+00
   1.4168400e+04   0.0000000e+00
   1.5561500e+04   0.0000000e+00
   1.7091400e+04   1.9999953e-02
   1.8771800e+04   1.0000409e-02
   2.0617500e+04   0.0000000e+00
   2.2644600e+04   0.0000000e+00
   2.4870900e+04   0.0000000e+00
   2.7316200e+04   0.0000000e+00
   3.0001900e+04   0.0000000e+00
   3.2951700e+04   9.9997876e-03
   3.6191400e+04   0.0000000e+00
   3.9749700e+04   0.0000000e+00
   4.3657900e+04   0.0000000e+00
   4.7950300e+04   0.0000000e+00
   5.2664700e+04   0.0000000e+00
   5.7842600e+04   0.0000000e+00
   6.3529600e+04   0.0000000e+00
   6.9775800e+04   0.0000000e+00
   7.6636100e+04   9.9999031e-03
   8.4170800e+04   0.0000000e+00
   9.2446400e+04   0.0000000e+00
   1.0153600e+05   0.0000000e+00
   1.1151900e+05   0.0000000e+00
   1.2248300e+05   0.0000000e+00
   1.3452500e+05   0.0000000e+00
   1.4775200e+05   0.0000000e+00
   1.6227800e+05   0.0000000e+00
   1.7823300e+05   0.0000000e+00
   1.9575700e+05   1.0000202e-02
   2.1500400e+05   0.0000000e+00
   2.3614300e+05   0.0000000e+00
   2.5936000e+05   0.0000000e+00
   2.8486000e+05   0.0000000e+00
   3.1286700e+05   0.0000000e+00
   3.4362800e+05   0.0000000e+00
   3.7741300e+05   0.0000000e+00
   4.1451900e+05   0.0000000e+00
   4.5527400e+05   1.0000010e-02
   5.0003600e+05   0.0000000e+00
   5.4919900e+05   0.0000000e+00
   6.0319600e+05   0.0000000e+00
   6.6250100e+05   0.0000000e+00
   7.2763800e+05   0.0000000e+00
   7.9917800e+05   1.0000083e-02
   8.7775300e+05   0.0000000e+00
   9.6405200e+05   0.0000000e+00
   1.0588400e+06   0.0000000e+00
