   1.7914600e+02   9.9998001e-03
   1.9435200e+02   9.9999700e-03
   2.1084900e+02   9.9997877e-03
   2.2874600e+02   4.0000962e-02
   2.4816300e+02   2.0000312e-02
   2.6922800e+02   1.9999408e-02
   2.9208000e+02   3.0000522e-02
   3.1687300e+02   2.0000071e-02
   3.4377000e+02   2.0000001e-02
   3.7295000e+02   5.0000332e-02
   4.0460700e+02   2.0000022e-02
   4.3895100e+02   9.9999430e-03
   4.7621000e+02   6.0000396e-02
   5.1663200e+02   1.9999582e-02
   5.6048400e+02   1.0000142e-02
   6.0806000e+02   1.9999779e-02
   6.5967300e+02   2.0000126e-02
   7.1566800e+02   3.9999591e-02
   7.7641500e+02   0.0000000e+00
   8.4231900e+02   6.0000745e-02
   9.1381800e+02   2.9999968e-02
   9.9138500e+02   3.0001426e-02
   1.0755400e+03   1.9999083e-02
   1.1668300e+03   9.9996726e-03
   1.2658700e+03   2.9999933e-02
   1.3733200e+03   2.9999756e-02
   1.4898900e+03   3.0000960e-02
   1.6163600e+03   1.9999918e-02
   1.7535600e+03   0.0000000e+00
   1.9024100e+03   1.9999944e-02
   2.0638900e+03   1.0000126e-02
   2.2390800e+03   2.9998822e-02
   2.4291300e+03   2.9999820e-02
   2.6353200e+03   2.0000659e-02
   2.8590200e+03   0.0000000e+00
   3.1017000e+03   2.0000039e-02
   3.3649800e+03   0.0000000e+00
   3.6506000e+03   1.0000261e-02
   3.9604800e+03   0.0000000e+00
   4.2966500e+03   1.0000020e-02
   4.6613600e+03   0.0000000e+00
   5.0570300e+03   0.0000000e+00
   5.4862800e+03   1.0000041e-02
   5.9519700e+03   2.0000094e-02
   6.4571900e+03   0.0000000e+00
   7.0052900e+03   9.9999029e-03
   7.5999100e+03   0.0000000e+00
   8.2450100e+03   0.0000000e+00
   8.9448700e+03   9.9999857e-03
   9.7041300e+03   9.9995185e-03
   1.0527800e+04   1.0000771e-02
   1.1421500e+04   9.9991671e-03
   1.2390900e+04   1.0000251e-02
   1.3442700e+04   0.0000000e+00
   1.4583800e+04   0.0000000e+00
   1.5821700e+04   0.0000000e+00
   1.7164700e+04   0.0000000e+00
   1.8621600e+04   0.0000000e+00
   2.0202300e+04   0.0000000e+00
   2.1917100e+04   0.0000000e+00
   2.3777500e+04   1.0000051e-02
   2.5795800e+04   0.0000000e+00
   2.7985400e+04   0.0000000e+00
   3.0360800e+04   0.0000000e+00
   3.2937900e+04   0.0000000e+00
   3.5733800e+04   0.0000000e+00
   3.8767000e+04   9.9999031e-03
   4.2057600e+04   0.0000000e+00
   4.5627500e+04   0.0000000e+00
   4.9500500e+04   0.0000000e+00
   5.3702200e+04   1.0000081e-02
   5.8260600e+04   0.0000000e+00
   6.3205900e+04   0.0000000e+00
   6.8571000e+04   0.0000000e+00
   7.4391400e+04   0.0000000e+00
   8.0706000e+04   9.9999489e-03
   8.7556500e+04   9.9999790e-03
   9.4988500e+04   0.0000000e+00
   1.0305100e+05   0.0000000e+00
   1.1179900e+05   0.0000000e+00
   1.2128800e+05   0.0000000e+00
   1.3158400e+05   0.0000000e+00
   1.4275300e+05   0.0000000e+00
   1.5487000e+05   0.0000000e+00
   1.6801600e+05   0.0000000e+00
   1.8227700e+05   0.0000000e+00
   1.9774900e+05   0.0000000e+00
   2.1453500e+05   0.0000000e+00
   2.3274500e+05   0.0000000e+00
   2.5250100e+05   0.0000000e+00
   2.7393400e+05   0.0000000e+00
   2.9718600e+05   0.0000000e+00
   3.2241200e+05   0.0000000e+00
   3.4977900e+05   9.9999780e-03
   3.7946900e+05   0.0000000e+00
   4.1167900e+05   0.0000000e+00
   4.4662300e+05   0.0000000e+00
   4.8453400e+05   0.0000000e+00
   5.2566200e+05   1.0000145e-02
