   1.0393700e+02   1.0000624e-02
   1.1327500e+02   0.0000000e+00
   1.2345100e+02   0.0000000e+00
   1.3454100e+02   0.0000000e+00
   1.4662800e+02   1.0000243e-02
   1.5980100e+02   9.9999446e-03
   1.7415700e+02   4.0000564e-02
   1.8980300e+02   9.9997806e-03
   2.0685400e+02   0.0000000e+00
   2.2543700e+02   1.0000162e-02
   2.4569000e+02   1.9999881e-02
   2.6776200e+02   1.9999976e-02
   2.9181700e+02   9.9999621e-03
   3.1803300e+02   0.0000000e+00
   3.4660400e+02   2.0000000e-02
   3.7774200e+02   1.0000193e-02
   4.1167800e+02   0.0000000e+00
   4.4866200e+02   9.9998783e-03
   4.8896800e+02   1.0000077e-02
   5.3289600e+02   4.0000067e-02
   5.8077000e+02   1.0000017e-02
   6.3294500e+02   3.9999972e-02
   6.8980700e+02   3.9999776e-02
   7.5177700e+02   3.0000177e-02
   8.1931500e+02   3.0000000e-02
   8.9292000e+02   1.9999863e-02
   9.7313700e+02   9.9998799e-03
   1.0605600e+03   2.0000415e-02
   1.1558400e+03   0.0000000e+00
   1.2596800e+03   9.9994739e-03
   1.3728400e+03   4.0002492e-02
   1.4961800e+03   1.9999670e-02
   1.6305900e+03   0.0000000e+00
   1.7770800e+03   3.9998121e-02
   1.9367200e+03   0.0000000e+00
   2.1107100e+03   9.9999520e-03
   2.3003300e+03   2.0000410e-02
   2.5069900e+03   3.9999748e-02
   2.7322100e+03   2.0000449e-02
   2.9776700e+03   1.9999584e-02
   3.2451700e+03   0.0000000e+00
   3.5367100e+03   0.0000000e+00
   3.8544400e+03   2.9999829e-02
   4.2007100e+03   1.0000004e-02
   4.5780900e+03   1.9999847e-02
   4.9893700e+03   9.9999665e-03
   5.4376000e+03   9.9999858e-03
   5.9261000e+03   0.0000000e+00
   6.4584900e+03   2.9999816e-02
   7.0387000e+03   2.0000092e-02
   7.6710400e+03   2.9999780e-02
   8.3601800e+03   1.0000063e-02
   9.1112400e+03   2.0000044e-02
   9.9297700e+03   9.9996563e-03
   1.0821800e+04   0.0000000e+00
   1.1794000e+04   3.0001620e-02
   1.2853600e+04   0.0000000e+00
   1.4008300e+04   0.0000000e+00
   1.5266800e+04   0.0000000e+00
   1.6638300e+04   2.0000723e-02
   1.8133100e+04   0.0000000e+00
   1.9762100e+04   0.0000000e+00
   2.1537400e+04   0.0000000e+00
   2.3472300e+04   1.0000046e-02
   2.5581000e+04   9.9998834e-03
   2.7879100e+04   0.0000000e+00
   3.0383700e+04   0.0000000e+00
   3.3113300e+04   0.0000000e+00
   3.6088100e+04   0.0000000e+00
   3.9330200e+04   9.9999457e-03
   4.2863500e+04   0.0000000e+00
   4.6714200e+04   0.0000000e+00
   5.0910900e+04   0.0000000e+00
   5.5484600e+04   0.0000000e+00
   6.0469200e+04   0.0000000e+00
   6.5901600e+04   0.0000000e+00
   7.1822000e+04   0.0000000e+00
   7.8274300e+04   1.0000067e-02
   8.5306300e+04   0.0000000e+00
   9.2969900e+04   0.0000000e+00
   1.0132200e+05   0.0000000e+00
   1.1042500e+05   9.9997568e-03
   1.2034500e+05   9.9995804e-03
   1.3115600e+05   0.0000000e+00
   1.4293900e+05   0.0000000e+00
   1.5578000e+05   1.0000085e-02
   1.6977500e+05   0.0000000e+00
   1.8502700e+05   1.0000380e-02
   2.0165000e+05   0.0000000e+00
   2.1976500e+05   0.0000000e+00
   2.3950800e+05   0.0000000e+00
   2.6102500e+05   0.0000000e+00
   2.8447500e+05   0.0000000e+00
   3.1003200e+05   0.0000000e+00
   3.3788400e+05   1.0000151e-02
   3.6823900e+05   0.0000000e+00
   4.0132000e+05   0.0000000e+00
   4.3737400e+05   0.0000000e+00
   4.7666600e+05   0.0000000e+00
