   1.4707400e+02   1.0000502e-02
   1.6079100e+02   0.0000000e+00
   1.7578600e+02   9.9999957e-03
   1.9218000e+02   3.0000055e-02
   2.1010300e+02   1.0000289e-02
   2.2969800e+02   9.9996013e-03
   2.5111900e+02   2.0000282e-02
   2.7453900e+02   2.0000129e-02
   3.0014300e+02   4.0000568e-02
   3.2813500e+02   4.9999690e-02
   3.5873700e+02   9.9999315e-03
   3.9219300e+02   4.9999392e-02
   4.2876900e+02   2.0000238e-02
   4.6875700e+02   6.0000271e-02
   5.1247400e+02   1.9999650e-02
   5.6026700e+02   2.0000341e-02
   6.1251900e+02   1.9999912e-02
   6.6964300e+02   2.9999712e-02
   7.3209400e+02   4.0000041e-02
   8.0037000e+02   1.0000057e-02
   8.7501400e+02   3.0000120e-02
   9.5661900e+02   0.0000000e+00
   1.0458300e+03   3.0001353e-02
   1.1433700e+03   1.9999629e-02
   1.2500000e+03   0.0000000e+00
   1.3665800e+03   1.0000109e-02
   1.4940300e+03   3.9998717e-02
   1.6333600e+03   3.0000175e-02
   1.7856900e+03   2.0000621e-02
   1.9522300e+03   2.9998936e-02
   2.1342900e+03   2.0000345e-02
   2.3333400e+03   0.0000000e+00
   2.5509500e+03   0.0000000e+00
   2.7888500e+03   4.0001299e-02
   3.0489500e+03   0.0000000e+00
   3.3332900e+03   0.0000000e+00
   3.6441600e+03   1.0000041e-02
   3.9840200e+03   1.9999793e-02
   4.3555700e+03   1.0000118e-02
   4.7617800e+03   2.0000037e-02
   5.2058700e+03   9.9998921e-03
   5.6913700e+03   2.0000220e-02
   6.2221600e+03   0.0000000e+00
   6.8024400e+03   9.9999203e-03
   7.4368400e+03   0.0000000e+00
   8.1304100e+03   9.9999526e-03
   8.8886600e+03   1.0000031e-02
   9.7176300e+03   1.9999838e-02
   1.0623900e+04   0.0000000e+00
   1.1614700e+04   0.0000000e+00
   1.2697900e+04   9.9998230e-03
   1.3882100e+04   0.0000000e+00
   1.5176800e+04   1.9999885e-02
   1.6592200e+04   0.0000000e+00
   1.8139600e+04   0.0000000e+00
   1.9831300e+04   0.0000000e+00
   2.1680800e+04   0.0000000e+00
   2.3702800e+04   0.0000000e+00
   2.5913300e+04   9.9999663e-03
   2.8330000e+04   0.0000000e+00
   3.0972100e+04   0.0000000e+00
   3.3860600e+04   1.0000059e-02
   3.7018500e+04   1.0000049e-02
   4.0470900e+04   0.0000000e+00
   4.4245300e+04   0.0000000e+00
   4.8371600e+04   0.0000000e+00
   5.2882800e+04   9.9999698e-03
   5.7814700e+04   0.0000000e+00
   6.3206600e+04   0.0000000e+00
   6.9101300e+04   0.0000000e+00
   7.5545800e+04   1.0000030e-02
   8.2591300e+04   0.0000000e+00
   9.0293800e+04   0.0000000e+00
   9.8714700e+04   0.0000000e+00
   1.0792100e+05   0.0000000e+00
   1.1798600e+05   0.0000000e+00
   1.2898900e+05   1.0000262e-02
   1.4101900e+05   1.0000307e-02
   1.5417100e+05   0.0000000e+00
   1.6854900e+05   0.0000000e+00
   1.8426800e+05   0.0000000e+00
   2.0145300e+05   0.0000000e+00
   2.2024000e+05   0.0000000e+00
   2.4078000e+05   0.0000000e+00
   2.6323600e+05   0.0000000e+00
   2.8778500e+05   0.0000000e+00
   3.1462500e+05   0.0000000e+00
   3.4396700e+05   0.0000000e+00
   3.7604600e+05   0.0000000e+00
   4.1111600e+05   0.0000000e+00
   4.4945700e+05   0.0000000e+00
   4.9137400e+05   0.0000000e+00
   5.3720000e+05   0.0000000e+00
   5.8730000e+05   0.0000000e+00
   6.4207200e+05   0.0000000e+00
   7.0195300e+05   0.0000000e+00
   7.6741800e+05   0.0000000e+00
   8.3898800e+05   0.0000000e+00
   9.1723300e+05   0.0000000e+00
