   1.0001300e+02   1.9999063e-02
   1.1070700e+02   0.0000000e+00
   1.2254600e+02   0.0000000e+00
   1.3565000e+02   0.0000000e+00
   1.5015500e+02   9.9998374e-03
   1.6621100e+02   2.9999758e-02
   1.8398400e+02   2.0000392e-02
   2.0365800e+02   9.9998024e-03
   2.2543500e+02   1.9999904e-02
   2.4954100e+02   3.0000288e-02
   2.7622500e+02   1.9999887e-02
   3.0576200e+02   3.0000378e-02
   3.3845800e+02   8.0000606e-02
   3.7465000e+02   5.0000180e-02
   4.1471200e+02   2.9999526e-02
   4.5905700e+02   2.0000169e-02
   5.0814500e+02   2.0000146e-02
   5.6248200e+02   3.0000000e-02
   6.2262900e+02   0.0000000e+00
   6.8920700e+02   3.0000024e-02
   7.6290500e+02   4.9999727e-02
   8.4448300e+02   2.0000087e-02
   9.3478500e+02   9.9996981e-03
   1.0347400e+03   2.0000651e-02
   1.1453900e+03   2.0000249e-02
   1.2678700e+03   1.9999286e-02
   1.4034400e+03   1.9999679e-02
   1.5535100e+03   4.0000035e-02
   1.7196300e+03   3.0001102e-02
   1.9035200e+03   9.9997167e-03
   2.1070600e+03   1.9999890e-02
   2.3323700e+03   0.0000000e+00
   2.5817800e+03   9.9998904e-03
   2.8578500e+03   3.0000569e-02
   3.1634500e+03   1.9999909e-02
   3.5017200e+03   9.9999070e-03
   3.8761600e+03   1.9999821e-02
   4.2906400e+03   2.0000216e-02
   4.7494500e+03   9.9999158e-03
   5.2573100e+03   0.0000000e+00
   5.8194900e+03   1.9999830e-02
   6.4417700e+03   1.0000021e-02
   7.1306000e+03   0.0000000e+00
   7.8930800e+03   1.0000033e-02
   8.7371000e+03   0.0000000e+00
   9.6713700e+03   0.0000000e+00
   1.0705500e+04   1.0000355e-02
   1.1850300e+04   0.0000000e+00
   1.3117500e+04   0.0000000e+00
   1.4520100e+04   1.0000258e-02
   1.6072800e+04   0.0000000e+00
   1.7791500e+04   2.0000412e-02
   1.9694000e+04   0.0000000e+00
   2.1799900e+04   0.0000000e+00
   2.4131000e+04   9.9997720e-03
   2.6711300e+04   2.0000155e-02
   2.9567600e+04   0.0000000e+00
   3.2729300e+04   0.0000000e+00
   3.6229100e+04   0.0000000e+00
   4.0103100e+04   0.0000000e+00
   4.4391400e+04   9.9999412e-03
   4.9138200e+04   0.0000000e+00
   5.4392600e+04   0.0000000e+00
   6.0208900e+04   0.0000000e+00
   6.6647200e+04   0.0000000e+00
   7.3773800e+04   1.0000080e-02
   8.1662600e+04   9.9999680e-03
   9.0394900e+04   0.0000000e+00
   1.0006100e+05   0.0000000e+00
   1.1076100e+05   0.0000000e+00
   1.2260400e+05   0.0000000e+00
   1.3571500e+05   0.0000000e+00
   1.5022700e+05   0.0000000e+00
   1.6629100e+05   9.9996077e-03
   1.8407200e+05   0.0000000e+00
   2.0375600e+05   0.0000000e+00
   2.2554300e+05   1.0000143e-02
   2.4966100e+05   0.0000000e+00
   2.7635800e+05   0.0000000e+00
   3.0590900e+05   0.0000000e+00
   3.3862000e+05   0.0000000e+00
   3.7482900e+05   0.0000000e+00
   4.1491000e+05   0.0000000e+00
   4.5927700e+05   0.0000000e+00
   5.0838900e+05   0.0000000e+00
   5.6275100e+05   0.0000000e+00
   6.2292700e+05   0.0000000e+00
   6.8953800e+05   0.0000000e+00
   7.6327100e+05   0.0000000e+00
   8.4488800e+05   0.0000000e+00
   9.3523300e+05   0.0000000e+00
   1.0352400e+06   0.0000000e+00
   1.1459400e+06   0.0000000e+00
   1.2684800e+06   0.0000000e+00
   1.4041200e+06   0.0000000e+00
   1.5542600e+06   0.0000000e+00
   1.7204600e+06   0.0000000e+00
   1.9044300e+06   0.0000000e+00
   2.1080700e+06   0.0000000e+00
