   1.6194600e+02   1.0000222e-02
   1.7785300e+02   0.0000000e+00
   1.9532200e+02   0.0000000e+00
   2.1450600e+02   0.0000000e+00
   2.3557600e+02   0.0000000e+00
   2.5871400e+02   2.0000464e-02
   2.8412600e+02   2.9999467e-02
   3.1203300e+02   0.0000000e+00
   3.4268200e+02   1.9999516e-02
   3.7634000e+02   1.0000031e-02
   4.1330500e+02   1.0000094e-02
   4.5390100e+02   0.0000000e+00
   4.9848400e+02   2.9999997e-02
   5.4744600e+02   9.9999542e-03
   6.0121700e+02   2.0000129e-02
   6.6027000e+02   2.0000017e-02
   7.2512300e+02   9.9999941e-03
   7.9634600e+02   4.9999605e-02
   8.7456400e+02   1.0000110e-02
   9.6046600e+02   2.9998495e-02
   1.0548000e+03   1.0000499e-02
   1.1584100e+03   0.0000000e+00
   1.2721900e+03   0.0000000e+00
   1.3971500e+03   0.0000000e+00
   1.5343800e+03   5.0000152e-02
   1.6850900e+03   3.9999464e-02
   1.8506000e+03   1.0000040e-02
   2.0323700e+03   9.9998441e-03
   2.2319900e+03   2.9999872e-02
   2.4512200e+03   1.0000262e-02
   2.6919900e+03   9.9999333e-03
   2.9564000e+03   9.9999032e-03
   3.2467800e+03   3.0000470e-02
   3.5656900e+03   2.9999285e-02
   3.9159100e+03   1.0000034e-02
   4.3005400e+03   1.0000050e-02
   4.7229500e+03   3.0000181e-02
   5.1868500e+03   2.9999909e-02
   5.6963100e+03   3.9999830e-02
   6.2558100e+03   1.0000029e-02
   6.8702700e+03   1.9999951e-02
   7.5450800e+03   0.0000000e+00
   8.2861700e+03   2.9999861e-02
   9.1000500e+03   1.0000081e-02
   9.9938800e+03   0.0000000e+00
   1.0975500e+04   1.9999379e-02
   1.2053500e+04   0.0000000e+00
   1.3237500e+04   1.9999936e-02
   1.4537700e+04   0.0000000e+00
   1.5965600e+04   0.0000000e+00
   1.7533700e+04   1.0000023e-02
   1.9255900e+04   0.0000000e+00
   2.1147300e+04   9.9998656e-03
   2.3224400e+04   0.0000000e+00
   2.5505600e+04   0.0000000e+00
   2.8010800e+04   0.0000000e+00
   3.0762000e+04   1.9999973e-02
   3.3783500e+04   2.0000091e-02
   3.7101800e+04   0.0000000e+00
   4.0746000e+04   0.0000000e+00
   4.4748200e+04   0.0000000e+00
   4.9143400e+04   0.0000000e+00
   5.3970400e+04   0.0000000e+00
   5.9271500e+04   0.0000000e+00
   6.5093200e+04   0.0000000e+00
   7.1486800e+04   1.0000022e-02
   7.8508400e+04   9.9999613e-03
   8.6219600e+04   1.0000095e-02
   9.4688300e+04   0.0000000e+00
   1.0398900e+05   0.0000000e+00
   1.1420300e+05   0.0000000e+00
   1.2542000e+05   1.0000010e-02
   1.3773900e+05   1.0000014e-02
   1.5126800e+05   1.0000117e-02
   1.6612600e+05   9.9998898e-03
   1.8244300e+05   2.0000154e-02
   2.0036300e+05   0.0000000e+00
   2.2004300e+05   0.0000000e+00
   2.4165600e+05   0.0000000e+00
   2.6539200e+05   9.9999007e-03
   2.9145900e+05   0.0000000e+00
   3.2008700e+05   0.0000000e+00
   3.5152600e+05   2.0000275e-02
   3.8605400e+05   0.0000000e+00
   4.2397300e+05   1.9999800e-02
   4.6561600e+05   0.0000000e+00
   5.1135000e+05   0.0000000e+00
   5.6157500e+05   0.0000000e+00
   6.1673400e+05   0.0000000e+00
   6.7731100e+05   0.0000000e+00
   7.4383800e+05   0.0000000e+00
   8.1689900e+05   9.9999373e-03
   8.9713600e+05   2.0000105e-02
   9.8525500e+05   0.0000000e+00
   1.0820300e+06   1.0000108e-02
   1.1883100e+06   0.0000000e+00
   1.3050200e+06   0.0000000e+00
   1.4332100e+06   0.0000000e+00
   1.5739800e+06   0.0000000e+00
