   1.3164200e+02   1.0000693e-02
   1.4276300e+02   0.0000000e+00
   1.5482200e+02   0.0000000e+00
   1.6790000e+02   0.0000000e+00
   1.8208400e+02   9.9999110e-03
   1.9746500e+02   2.9999147e-02
   2.1414500e+02   3.0000818e-02
   2.3223500e+02   2.9999101e-02
   2.5185200e+02   3.0000516e-02
   2.7312700e+02   0.0000000e+00
   2.9619900e+02   1.9999362e-02
   3.2121900e+02   1.0000224e-02
   3.4835400e+02   0.0000000e+00
   3.7778000e+02   2.0000483e-02
   4.0969300e+02   3.9999926e-02
   4.4430100e+02   3.9999414e-02
   4.8183200e+02   3.0000142e-02
   5.2253400e+02   3.9999977e-02
   5.6667400e+02   4.9999562e-02
   6.1454200e+02   1.0000157e-02
   6.6645500e+02   9.9999235e-03
   7.2275200e+02   2.9999979e-02
   7.8380500e+02   5.0000495e-02
   8.5001600e+02   1.9999864e-02
   9.2181900e+02   7.0000182e-02
   9.9968800e+02   2.9998358e-02
   1.0841300e+03   9.9999865e-03
   1.1757100e+03   1.0000431e-02
   1.2750300e+03   1.0000400e-02
   1.3827400e+03   1.9999314e-02
   1.4995400e+03   1.9999926e-02
   1.6262100e+03   1.9999836e-02
   1.7635800e+03   1.0000327e-02
   1.9125600e+03   1.0000031e-02
   2.0741200e+03   0.0000000e+00
   2.2493200e+03   1.0000150e-02
   2.4393300e+03   1.0000112e-02
   2.6453900e+03   9.9998350e-03
   2.8688500e+03   9.9999662e-03
   3.1111900e+03   1.9999867e-02
   3.3740000e+03   1.0000269e-02
   3.6590200e+03   3.9998970e-02
   3.9681000e+03   0.0000000e+00
   4.3033000e+03   1.9999848e-02
   4.6668100e+03   0.0000000e+00
   5.0610300e+03   2.0000409e-02
   5.4885600e+03   1.9999793e-02
   5.9521900e+03   0.0000000e+00
   6.4549900e+03   0.0000000e+00
   7.0002600e+03   1.0000092e-02
   7.5916000e+03   0.0000000e+00
   8.2328800e+03   0.0000000e+00
   8.9283400e+03   9.9999378e-03
   9.6825400e+03   0.0000000e+00
   1.0500500e+04   0.0000000e+00
   1.1387500e+04   0.0000000e+00
   1.2349400e+04   0.0000000e+00
   1.3392600e+04   0.0000000e+00
   1.4523900e+04   0.0000000e+00
   1.5750800e+04   1.9999810e-02
   1.7081300e+04   1.9999893e-02
   1.8524200e+04   0.0000000e+00
   2.0089000e+04   0.0000000e+00
   2.1786000e+04   0.0000000e+00
   2.3626300e+04   0.0000000e+00
   2.5622100e+04   0.0000000e+00
   2.7786400e+04   0.0000000e+00
   3.0133700e+04   9.9996803e-03
   3.2679100e+04   1.9999961e-02
   3.5439600e+04   0.0000000e+00
   3.8433300e+04   0.0000000e+00
   4.1679900e+04   0.0000000e+00
   4.5200700e+04   0.0000000e+00
   4.9019000e+04   0.0000000e+00
   5.3159800e+04   0.0000000e+00
   5.7650300e+04   0.0000000e+00
   6.2520200e+04   0.0000000e+00
   6.7801500e+04   0.0000000e+00
   7.3528900e+04   0.0000000e+00
   7.9740100e+04   0.0000000e+00
   8.6476000e+04   0.0000000e+00
   9.3780900e+04   0.0000000e+00
   1.0170300e+05   0.0000000e+00
   1.1029400e+05   0.0000000e+00
   1.1961100e+05   0.0000000e+00
   1.2971500e+05   0.0000000e+00
   1.4067200e+05   0.0000000e+00
   1.5255500e+05   0.0000000e+00
   1.6544200e+05   0.0000000e+00
   1.7941700e+05   1.0000050e-02
   1.9457300e+05   0.0000000e+00
   2.1100900e+05   0.0000000e+00
   2.2883400e+05   0.0000000e+00
   2.4816400e+05   0.0000000e+00
   2.6912700e+05   0.0000000e+00
   2.9186100e+05   0.0000000e+00
   3.1651600e+05   0.0000000e+00
   3.4325300e+05   0.0000000e+00
   3.7224900e+05   0.0000000e+00
