   9.7228900e+01   9.9995808e-03
   1.0827600e+02   0.0000000e+00
   1.2057900e+02   1.0000182e-02
   1.3428000e+02   1.0000337e-02
   1.4953800e+02   1.9999936e-02
   1.6652900e+02   1.9999308e-02
   1.8545000e+02   0.0000000e+00
   2.0652200e+02   2.0000072e-02
   2.2998800e+02   1.9999813e-02
   2.5612000e+02   2.0000349e-02
   2.8522200e+02   0.0000000e+00
   3.1763000e+02   2.9999596e-02
   3.5372000e+02   0.0000000e+00
   3.9391100e+02   4.0000046e-02
   4.3866900e+02   6.0000712e-02
   4.8851300e+02   4.0000009e-02
   5.4402000e+02   5.0000047e-02
   6.0583400e+02   1.9999833e-02
   6.7467100e+02   3.9999976e-02
   7.5133000e+02   3.0000213e-02
   8.3670000e+02   2.9999879e-02
   9.3176900e+02   2.9999818e-02
   1.0376400e+03   1.9999731e-02
   1.1555400e+03   3.0000474e-02
   1.2868400e+03   3.0000689e-02
   1.4330600e+03   1.9999920e-02
   1.5958900e+03   9.9999143e-03
   1.7772200e+03   1.9999490e-02
   1.9791500e+03   1.9999995e-02
   2.2040300e+03   9.9999203e-03
   2.4544600e+03   4.0000356e-02
   2.7333500e+03   2.0000296e-02
   3.0439300e+03   1.9999770e-02
   3.3897900e+03   9.9999091e-03
   3.7749500e+03   0.0000000e+00
   4.2038800e+03   9.9999554e-03
   4.6815400e+03   3.0000139e-02
   5.2134800e+03   1.0000026e-02
   5.8058600e+03   2.0000086e-02
   6.4655500e+03   1.9999913e-02
   7.2001900e+03   1.0000044e-02
   8.0183100e+03   9.9999043e-03
   8.9293800e+03   1.0000050e-02
   9.9439800e+03   0.0000000e+00
   1.1073900e+04   9.9995319e-03
   1.2332100e+04   0.0000000e+00
   1.3733300e+04   1.0000371e-02
   1.5293800e+04   0.0000000e+00
   1.7031500e+04   0.0000000e+00
   1.8966700e+04   1.0000073e-02
   2.1121800e+04   0.0000000e+00
   2.3521800e+04   9.9998269e-03
   2.6194400e+04   9.9999216e-03
   2.9170700e+04   0.0000000e+00
   3.2485200e+04   0.0000000e+00
   3.6176400e+04   9.9999833e-03
   4.0286900e+04   0.0000000e+00
   4.4864400e+04   0.0000000e+00
   4.9962100e+04   9.9999729e-03
   5.5639000e+04   1.0000076e-02
   6.1961000e+04   0.0000000e+00
   6.9001300e+04   0.0000000e+00
   7.6841500e+04   1.0000078e-02
   8.5572600e+04   0.0000000e+00
   9.5295700e+04   0.0000000e+00
   1.0612400e+05   0.0000000e+00
   1.1818200e+05   0.0000000e+00
   1.3161000e+05   0.0000000e+00
   1.4656400e+05   0.0000000e+00
   1.6321800e+05   9.9997422e-03
   1.8176300e+05   0.0000000e+00
   2.0241600e+05   9.9998502e-03
   2.2541500e+05   0.0000000e+00
   2.5102800e+05   0.0000000e+00
   2.7955100e+05   0.0000000e+00
   3.1131400e+05   0.0000000e+00
   3.4668700e+05   0.0000000e+00
   3.8607900e+05   1.0000018e-02
   4.2994700e+05   0.0000000e+00
   4.7880000e+05   0.0000000e+00
   5.3320300e+05   0.0000000e+00
   5.9378800e+05   0.0000000e+00
   6.6125700e+05   0.0000000e+00
   7.3639200e+05   0.0000000e+00
   8.2006400e+05   0.0000000e+00
   9.1324300e+05   0.0000000e+00
   1.0170100e+06   0.0000000e+00
   1.1325700e+06   0.0000000e+00
   1.2612500e+06   0.0000000e+00
   1.4045600e+06   0.0000000e+00
   1.5641600e+06   0.0000000e+00
   1.7418800e+06   0.0000000e+00
   1.9398000e+06   0.0000000e+00
   2.1602100e+06   0.0000000e+00
   2.4056600e+06   0.0000000e+00
   2.6790000e+06   0.0000000e+00
   2.9834000e+06   0.0000000e+00
   3.3223900e+06   0.0000000e+00
   3.6999000e+06   1.0000055e-02
