   1.3801300e+02   1.0000524e-02
   1.5041100e+02   0.0000000e+00
   1.6392200e+02   1.9999167e-02
   1.7864600e+02   9.9998164e-03
   1.9469300e+02   3.0000456e-02
   2.1218200e+02   0.0000000e+00
   2.3124200e+02   1.0000077e-02
   2.5201400e+02   9.9996910e-03
   2.7465100e+02   0.0000000e+00
   2.9932300e+02   0.0000000e+00
   3.2621000e+02   9.9998056e-03
   3.5551200e+02   4.0000504e-02
   3.8744700e+02   3.9999784e-02
   4.2225000e+02   2.0000223e-02
   4.6018000e+02   3.0000204e-02
   5.0151700e+02   2.0000083e-02
   5.4656700e+02   9.9998733e-03
   5.9566300e+02   1.0000030e-02
   6.4917000e+02   2.9999939e-02
   7.0748300e+02   0.0000000e+00
   7.7103400e+02   2.0000002e-02
   8.4029400e+02   4.0000403e-02
   9.1577600e+02   2.9999764e-02
   9.9803700e+02   2.0000508e-02
   1.0876900e+03   2.9998785e-02
   1.1853900e+03   1.9999925e-02
   1.2918700e+03   0.0000000e+00
   1.4079200e+03   0.0000000e+00
   1.5343900e+03   1.0000021e-02
   1.6722200e+03   1.9999861e-02
   1.8224300e+03   9.9997782e-03
   1.9861300e+03   1.0000077e-02
   2.1645400e+03   9.9997682e-03
   2.3589700e+03   1.9999991e-02
   2.5708700e+03   0.0000000e+00
   2.8018100e+03   4.0000257e-02
   3.0534900e+03   2.9999375e-02
   3.3277700e+03   5.0000825e-02
   3.6267000e+03   3.0000331e-02
   3.9524800e+03   2.9999992e-02
   4.3075200e+03   0.0000000e+00
   4.6944500e+03   9.9999988e-03
   5.1161400e+03   0.0000000e+00
   5.5757000e+03   1.9999992e-02
   6.0765500e+03   1.0000190e-02
   6.6224000e+03   2.9999948e-02
   7.2172700e+03   0.0000000e+00
   7.8655700e+03   0.0000000e+00
   8.5721200e+03   0.0000000e+00
   9.3421300e+03   0.0000000e+00
   1.0181300e+04   1.0000419e-02
   1.1095900e+04   9.9998911e-03
   1.2092600e+04   1.9999223e-02
   1.3178800e+04   0.0000000e+00
   1.4362600e+04   2.0000680e-02
   1.5652800e+04   1.9999366e-02
   1.7058800e+04   0.0000000e+00
   1.8591200e+04   0.0000000e+00
   2.0261200e+04   0.0000000e+00
   2.2081200e+04   0.0000000e+00
   2.4064700e+04   1.9999426e-02
   2.6226300e+04   2.0000531e-02
   2.8582200e+04   1.9999558e-02
   3.1149600e+04   0.0000000e+00
   3.3947700e+04   0.0000000e+00
   3.6997100e+04   0.0000000e+00
   4.0320500e+04   0.0000000e+00
   4.3942400e+04   9.9999549e-03
   4.7889600e+04   0.0000000e+00
   5.2191400e+04   9.9999775e-03
   5.6879600e+04   0.0000000e+00
   6.1988900e+04   0.0000000e+00
   6.7557200e+04   0.0000000e+00
   7.3625700e+04   0.0000000e+00
   8.0239300e+04   0.0000000e+00
   8.7447000e+04   1.0000014e-02
   9.5302100e+04   1.0000244e-02
   1.0386300e+05   0.0000000e+00
   1.1319300e+05   0.0000000e+00
   1.2336000e+05   9.9998933e-03
   1.3444100e+05   0.0000000e+00
   1.4651800e+05   0.0000000e+00
   1.5967900e+05   0.0000000e+00
   1.7402300e+05   0.0000000e+00
   1.8965500e+05   0.0000000e+00
   2.0669100e+05   0.0000000e+00
   2.2525700e+05   0.0000000e+00
   2.4549200e+05   0.0000000e+00
   2.6754300e+05   1.0000131e-02
   2.9157600e+05   0.0000000e+00
   3.1776800e+05   0.0000000e+00
   3.4631200e+05   0.0000000e+00
   3.7742000e+05   0.0000000e+00
   4.1132300e+05   0.0000000e+00
   4.4827100e+05   0.0000000e+00
   4.8853700e+05   0.0000000e+00
   5.3242100e+05   0.0000000e+00
   5.8024700e+05   0.0000000e+00
   6.3236900e+05   0.0000000e+00
