   2.0626200e+02   2.0000066e-02
   2.2045500e+02   3.9998529e-02
   2.3562400e+02   1.0000374e-02
   2.5183800e+02   0.0000000e+00
   2.6916700e+02   9.9997472e-03
   2.8768800e+02   0.0000000e+00
   3.0748400e+02   9.9999479e-03
   3.2864200e+02   1.0000001e-02
   3.5125600e+02   9.9999750e-03
   3.7542600e+02   0.0000000e+00
   4.0126000e+02   2.9999093e-02
   4.2887000e+02   2.0000165e-02
   4.5838100e+02   1.0000202e-02
   4.8992300e+02   9.9997614e-03
   5.2363400e+02   1.0000141e-02
   5.5966600e+02   1.0000036e-02
   5.9817700e+02   1.9999644e-02
   6.3933700e+02   1.0000232e-02
   6.8333100e+02   9.9999315e-03
   7.3035100e+02   1.9999731e-02
   7.8060600e+02   2.0000086e-02
   8.3432000e+02   2.0000037e-02
   8.9173000e+02   1.0000125e-02
   9.5309100e+02   9.9994859e-03
   1.0186700e+03   2.0001353e-02
   1.0887700e+03   1.0000172e-02
   1.1636900e+03   2.9998626e-02
   1.2437600e+03   1.9999105e-02
   1.3293400e+03   3.0002421e-02
   1.4208200e+03   2.9997852e-02
   1.5185800e+03   1.0000546e-02
   1.6230800e+03   1.9999208e-02
   1.7347600e+03   1.0000019e-02
   1.8541300e+03   1.0000504e-02
   1.9817200e+03   1.9999648e-02
   2.1180800e+03   1.9999172e-02
   2.2638200e+03   2.0000750e-02
   2.4196000e+03   1.9999611e-02
   2.5860900e+03   0.0000000e+00
   2.7640400e+03   3.0000817e-02
   2.9542400e+03   9.9998921e-03
   3.1575200e+03   1.9999986e-02
   3.3747900e+03   0.0000000e+00
   3.6070100e+03   2.0000006e-02
   3.8552100e+03   0.0000000e+00
   4.1204900e+03   9.9999046e-03
   4.4040200e+03   1.9999852e-02
   4.7070600e+03   2.0000307e-02
   5.0309600e+03   9.9999286e-03
   5.3771400e+03   0.0000000e+00
   5.7471400e+03   2.0000342e-02
   6.1426100e+03   0.0000000e+00
   6.5652800e+03   0.0000000e+00
   7.0170400e+03   2.0000178e-02
   7.4998900e+03   0.0000000e+00
   8.0159600e+03   0.0000000e+00
   8.5675400e+03   0.0000000e+00
   9.1570700e+03   1.0000161e-02
   9.7871800e+03   0.0000000e+00
   1.0460600e+04   0.0000000e+00
   1.1180400e+04   2.0001784e-02
   1.1949800e+04   0.0000000e+00
   1.2772000e+04   1.0000564e-02
   1.3650900e+04   0.0000000e+00
   1.4590200e+04   1.0000422e-02
   1.5594200e+04   0.0000000e+00
   1.6667200e+04   2.0000445e-02
   1.7814100e+04   1.0000052e-02
   1.9039900e+04   9.9996920e-03
   2.0350000e+04   0.0000000e+00
   2.1750300e+04   1.0000351e-02
   2.3247000e+04   9.9998034e-03
   2.4846600e+04   0.0000000e+00
   2.6556300e+04   0.0000000e+00
   2.8383600e+04   1.0000048e-02
   3.0336700e+04   1.0000085e-02
   3.2424200e+04   2.9999594e-02
   3.4655300e+04   0.0000000e+00
   3.7040000e+04   0.0000000e+00
   3.9588700e+04   0.0000000e+00
   4.2312800e+04   0.0000000e+00
   4.5224400e+04   9.9999662e-03
   4.8336300e+04   1.9999770e-02
   5.1662300e+04   0.0000000e+00
   5.5217200e+04   0.0000000e+00
   5.9016800e+04   0.0000000e+00
   6.3077700e+04   9.9999778e-03
   6.7418100e+04   0.0000000e+00
   7.2057200e+04   0.0000000e+00
   7.7015500e+04   0.0000000e+00
   8.2314900e+04   1.0000145e-02
   8.7979100e+04   9.9998485e-03
   9.4032900e+04   0.0000000e+00
   1.0050300e+05   0.0000000e+00
   1.0741900e+05   0.0000000e+00
   1.1481100e+05   0.0000000e+00
   1.2271100e+05   0.0000000e+00
   1.3115500e+05   0.0000000e+00
   1.4017900e+05   1.0000201e-02
