   1.3623100e+02   1.0000603e-02
   1.4987800e+02   0.0000000e+00
   1.6489100e+02   0.0000000e+00
   1.8140800e+02   9.9997557e-03
   1.9957900e+02   4.0000593e-02
   2.1957100e+02   9.9999020e-03
   2.4156500e+02   1.9999716e-02
   2.6576200e+02   3.0000864e-02
   2.9238400e+02   9.9997240e-03
   3.2167100e+02   5.0000811e-02
   3.5389300e+02   3.9999943e-02
   3.8934200e+02   1.9999980e-02
   4.2834200e+02   3.0000231e-02
   4.7124900e+02   4.9999421e-02
   5.1845300e+02   2.9999980e-02
   5.7038600e+02   9.9999962e-03
   6.2752100e+02   2.0000225e-02
   6.9038000e+02   2.9999697e-02
   7.5953400e+02   3.0000046e-02
   8.3561600e+02   9.9999974e-03
   9.1931900e+02   4.0001568e-02
   1.0114100e+03   1.9999708e-02
   1.1127200e+03   3.0000016e-02
   1.2241800e+03   2.9998860e-02
   1.3468000e+03   3.0000476e-02
   1.4817100e+03   2.9999689e-02
   1.6301300e+03   1.0000059e-02
   1.7934200e+03   3.0000831e-02
   1.9730700e+03   1.9999982e-02
   2.1707100e+03   2.0000196e-02
   2.3881500e+03   9.9996478e-03
   2.6273600e+03   1.9999943e-02
   2.8905400e+03   2.0000464e-02
   3.1800900e+03   0.0000000e+00
   3.4986300e+03   1.0000131e-02
   3.8490900e+03   2.0000000e-02
   4.2346500e+03   1.9999960e-02
   4.6588300e+03   9.9999914e-03
   5.1255000e+03   3.0000209e-02
   5.6389200e+03   9.9999274e-03
   6.2037600e+03   0.0000000e+00
   6.8251900e+03   0.0000000e+00
   7.5088600e+03   0.0000000e+00
   8.2610200e+03   0.0000000e+00
   9.0885100e+03   0.0000000e+00
   9.9989000e+03   2.0000349e-02
   1.1000500e+04   9.9999188e-03
   1.2102400e+04   1.0000117e-02
   1.3314700e+04   0.0000000e+00
   1.4648400e+04   0.0000000e+00
   1.6115700e+04   0.0000000e+00
   1.7730000e+04   9.9999989e-03
   1.9506000e+04   0.0000000e+00
   2.1459900e+04   9.9999177e-03
   2.3609500e+04   0.0000000e+00
   2.5974500e+04   0.0000000e+00
   2.8576300e+04   0.0000000e+00
   3.1438800e+04   1.0000033e-02
   3.4588000e+04   0.0000000e+00
   3.8052600e+04   0.0000000e+00
   4.1864300e+04   0.0000000e+00
   4.6057800e+04   0.0000000e+00
   5.0671400e+04   9.9999919e-03
   5.5747100e+04   9.9999504e-03
   6.1331200e+04   0.0000000e+00
   6.7474700e+04   9.9999953e-03
   7.4233600e+04   0.0000000e+00
   8.1669500e+04   0.0000000e+00
   8.9850300e+04   0.0000000e+00
   9.8850500e+04   0.0000000e+00
   1.0875200e+05   2.0000730e-02
   1.1964600e+05   0.0000000e+00
   1.3163100e+05   0.0000000e+00
   1.4481600e+05   0.0000000e+00
   1.5932200e+05   0.0000000e+00
   1.7528100e+05   0.0000000e+00
   1.9283900e+05   0.0000000e+00
   2.1215600e+05   0.0000000e+00
   2.3340700e+05   0.0000000e+00
   2.5678700e+05   0.0000000e+00
   2.8250900e+05   0.0000000e+00
   3.1080800e+05   0.0000000e+00
   3.4194100e+05   0.0000000e+00
   3.7619300e+05   0.0000000e+00
   4.1387600e+05   0.0000000e+00
   4.5533400e+05   0.0000000e+00
   5.0094400e+05   0.0000000e+00
   5.5112300e+05   1.0000070e-02
   6.0632900e+05   0.0000000e+00
   6.6706400e+05   0.0000000e+00
   7.3388300e+05   0.0000000e+00
   8.0739600e+05   0.0000000e+00
   8.8827200e+05   0.0000000e+00
   9.7724900e+05   0.0000000e+00
   1.0751400e+06   0.0000000e+00
   1.1828400e+06   0.0000000e+00
   1.3013200e+06   0.0000000e+00
   1.4316700e+06   0.0000000e+00
   1.5750800e+06   9.9997308e-03
