   1.4463000e+02   2.0000993e-02
   1.5816000e+02   0.0000000e+00
   1.7295500e+02   0.0000000e+00
   1.8913300e+02   2.0000875e-02
   2.0682600e+02   1.9999768e-02
   2.2617300e+02   2.9999991e-02
   2.4733000e+02   1.9999823e-02
   2.7046600e+02   2.0000440e-02
   2.9576700e+02   9.9999605e-03
   3.2343400e+02   1.9999856e-02
   3.5368900e+02   5.9999317e-02
   3.8677400e+02   4.0000628e-02
   4.2295500e+02   2.0000107e-02
   4.6252000e+02   3.9999228e-02
   5.0578500e+02   2.0000385e-02
   5.5309900e+02   5.0000052e-02
   6.0483800e+02   2.9999579e-02
   6.6141600e+02   4.0000372e-02
   7.2328800e+02   2.0000000e-02
   7.9094700e+02   2.9999914e-02
   8.6493500e+02   9.9999479e-03
   9.4584400e+02   1.9999557e-02
   1.0343200e+03   2.0001163e-02
   1.1310800e+03   0.0000000e+00
   1.2368800e+03   9.9997774e-03
   1.3525800e+03   3.0001022e-02
   1.4791100e+03   2.9999630e-02
   1.6174700e+03   2.0000761e-02
   1.7687800e+03   1.9999100e-02
   1.9342300e+03   4.0000949e-02
   2.1151700e+03   9.9999433e-03
   2.3130300e+03   2.0000031e-02
   2.5294000e+03   1.0000014e-02
   2.7660100e+03   0.0000000e+00
   3.0247500e+03   1.0000104e-02
   3.3077000e+03   1.0000176e-02
   3.6171200e+03   0.0000000e+00
   3.9554700e+03   0.0000000e+00
   4.3254800e+03   2.0000375e-02
   4.7301100e+03   9.9999547e-03
   5.1725800e+03   1.9999869e-02
   5.6564400e+03   2.0000162e-02
   6.1855700e+03   1.0000000e-02
   6.7641900e+03   0.0000000e+00
   7.3969400e+03   9.9999107e-03
   8.0888700e+03   0.0000000e+00
   8.8455400e+03   0.0000000e+00
   9.6729800e+03   0.0000000e+00
   1.0577800e+04   1.0000085e-02
   1.1567300e+04   1.0000454e-02
   1.2649400e+04   0.0000000e+00
   1.3832600e+04   2.0000711e-02
   1.5126600e+04   1.0000003e-02
   1.6541600e+04   0.0000000e+00
   1.8089000e+04   0.0000000e+00
   1.9781100e+04   1.0000024e-02
   2.1631500e+04   0.0000000e+00
   2.3655000e+04   0.0000000e+00
   2.5867700e+04   0.0000000e+00
   2.8287500e+04   0.0000000e+00
   3.0933600e+04   0.0000000e+00
   3.3827300e+04   9.9999158e-03
   3.6991600e+04   9.9998864e-03
   4.0451900e+04   0.0000000e+00
   4.4236000e+04   1.0000015e-02
   4.8374000e+04   0.0000000e+00
   5.2899000e+04   0.0000000e+00
   5.7847400e+04   0.0000000e+00
   6.3258700e+04   0.0000000e+00
   6.9176200e+04   0.0000000e+00
   7.5647200e+04   0.0000000e+00
   8.2723500e+04   9.9999211e-03
   9.0461700e+04   0.0000000e+00
   9.8923900e+04   0.0000000e+00
   1.0817800e+05   0.0000000e+00
   1.1829700e+05   0.0000000e+00
   1.2936300e+05   0.0000000e+00
   1.4146400e+05   0.0000000e+00
   1.5469700e+05   0.0000000e+00
   1.6916800e+05   1.0000245e-02
   1.8499300e+05   0.0000000e+00
   2.0229800e+05   0.0000000e+00
   2.2122100e+05   0.0000000e+00
   2.4191500e+05   0.0000000e+00
   2.6454500e+05   0.0000000e+00
   2.8929100e+05   0.0000000e+00
   3.1635300e+05   1.0000067e-02
   3.4594600e+05   0.0000000e+00
   3.7830700e+05   0.0000000e+00
   4.1369500e+05   0.0000000e+00
   4.5239300e+05   0.0000000e+00
   4.9471200e+05   0.0000000e+00
   5.4098900e+05   0.0000000e+00
   5.9159500e+05   0.0000000e+00
   6.4693500e+05   0.0000000e+00
   7.0745200e+05   0.0000000e+00
   7.7363000e+05   9.9999550e-03
   8.4599800e+05   0.0000000e+00
   9.2513600e+05   1.0000332e-02
