   1.1047600e+02   9.9999414e-03
   1.2345200e+02   0.0000000e+00
   1.3795200e+02   0.0000000e+00
   1.5415500e+02   1.0000261e-02
   1.7226200e+02   1.9999754e-02
   1.9249500e+02   3.0000305e-02
   2.1510500e+02   3.9999295e-02
   2.4037000e+02   9.9999874e-03
   2.6860300e+02   2.0000523e-02
   3.0015300e+02   4.9998985e-02
   3.3540700e+02   1.0000084e-02
   3.7480300e+02   5.9999827e-02
   4.1882600e+02   2.0000116e-02
   4.6802000e+02   5.0000112e-02
   5.2299200e+02   5.9999369e-02
   5.8442000e+02   3.0000036e-02
   6.5306400e+02   1.0000061e-02
   7.2977100e+02   4.9999857e-02
   8.1548700e+02   3.9999973e-02
   9.1127100e+02   4.0001652e-02
   1.0183100e+03   5.9996742e-02
   1.1379100e+03   2.0000749e-02
   1.2715700e+03   9.9997591e-03
   1.4209200e+03   4.0000923e-02
   1.5878200e+03   3.0000204e-02
   1.7743200e+03   9.9997822e-03
   1.9827200e+03   0.0000000e+00
   2.2156000e+03   2.0000277e-02
   2.4758400e+03   0.0000000e+00
   2.7666400e+03   0.0000000e+00
   3.0916000e+03   0.0000000e+00
   3.4547300e+03   3.0000005e-02
   3.8605100e+03   0.0000000e+00
   4.3139500e+03   1.9999956e-02
   4.8206500e+03   1.0000068e-02
   5.3868700e+03   9.9999498e-03
   6.0195900e+03   1.0000020e-02
   6.7266300e+03   1.9999848e-02
   7.5167100e+03   0.0000000e+00
   8.3996000e+03   9.9999749e-03
   9.3861800e+03   2.0000926e-02
   1.0488700e+04   1.9999034e-02
   1.1720600e+04   0.0000000e+00
   1.3097300e+04   9.9996269e-03
   1.4635600e+04   0.0000000e+00
   1.6354700e+04   0.0000000e+00
   1.8275600e+04   0.0000000e+00
   2.0422200e+04   2.9999821e-02
   2.2820900e+04   0.0000000e+00
   2.5501400e+04   0.0000000e+00
   2.8496700e+04   9.9999633e-03
   3.1843800e+04   0.0000000e+00
   3.5584100e+04   0.0000000e+00
   3.9763600e+04   0.0000000e+00
   4.4434100e+04   0.0000000e+00
   4.9653200e+04   0.0000000e+00
   5.5485300e+04   1.0000034e-02
   6.2002400e+04   0.0000000e+00
   6.9285000e+04   0.0000000e+00
   7.7422900e+04   0.0000000e+00
   8.6516700e+04   0.0000000e+00
   9.6678700e+04   0.0000000e+00
   1.0803400e+05   0.0000000e+00
   1.2072300e+05   0.0000000e+00
   1.3490300e+05   0.0000000e+00
   1.5074800e+05   0.0000000e+00
   1.6845500e+05   0.0000000e+00
   1.8824100e+05   9.9999771e-03
   2.1035100e+05   0.0000000e+00
   2.3505800e+05   9.9999798e-03
   2.6266700e+05   0.0000000e+00
   2.9351900e+05   0.0000000e+00
   3.2799500e+05   1.0000011e-02
   3.6652000e+05   0.0000000e+00
   4.0957000e+05   0.0000000e+00
   4.5767600e+05   0.0000000e+00
   5.1143300e+05   0.0000000e+00
   5.7150400e+05   0.0000000e+00
   6.3863100e+05   0.0000000e+00
   7.1364200e+05   0.0000000e+00
   7.9746400e+05   0.0000000e+00
   8.9113100e+05   0.0000000e+00
   9.9580000e+05   0.0000000e+00
   1.1127600e+06   0.0000000e+00
   1.2434600e+06   0.0000000e+00
   1.3895200e+06   0.0000000e+00
   1.5527200e+06   0.0000000e+00
   1.7351000e+06   0.0000000e+00
   1.9389000e+06   0.0000000e+00
   2.1666400e+06   0.0000000e+00
   2.4211200e+06   0.0000000e+00
   2.7055000e+06   0.0000000e+00
   3.0232700e+06   0.0000000e+00
   3.3783800e+06   0.0000000e+00
   3.7751900e+06   0.0000000e+00
   4.2186100e+06   0.0000000e+00
   4.7141100e+06   0.0000000e+00
   5.2678100e+06   0.0000000e+00
   5.8865500e+06   9.9999320e-03
