   1.0160200e+02   9.9994802e-03
   1.0903700e+02   0.0000000e+00
   1.1701700e+02   0.0000000e+00
   1.2558000e+02   0.0000000e+00
   1.3477000e+02   1.0000293e-02
   1.4463300e+02   2.0000993e-02
   1.5521800e+02   0.0000000e+00
   1.6657700e+02   0.0000000e+00
   1.7876700e+02   2.9998988e-02
   1.9184900e+02   0.0000000e+00
   2.0588900e+02   1.0000466e-02
   2.2095700e+02   2.0000026e-02
   2.3712700e+02   1.9999680e-02
   2.5448000e+02   1.9999798e-02
   2.7310300e+02   2.9999785e-02
   2.9308900e+02   3.0000287e-02
   3.1453800e+02   0.0000000e+00
   3.3755600e+02   3.0000064e-02
   3.6225900e+02   3.0000378e-02
   3.8877000e+02   4.0000399e-02
   4.1722100e+02   4.0000062e-02
   4.4775400e+02   9.9998986e-03
   4.8052100e+02   0.0000000e+00
   5.1568600e+02   4.0000321e-02
   5.5342500e+02   9.9998955e-03
   5.9392500e+02   3.0000412e-02
   6.3739000e+02   9.9999417e-03
   6.8403500e+02   2.0000122e-02
   7.3409400e+02   3.9999897e-02
   7.8781600e+02   1.9999768e-02
   8.4546900e+02   4.0000152e-02
   9.0734200e+02   0.0000000e+00
   9.7374300e+02   9.9995661e-03
   1.0450000e+03   0.0000000e+00
   1.1214800e+03   1.9999638e-02
   1.2035500e+03   3.0000841e-02
   1.2916300e+03   3.9998596e-02
   1.3861500e+03   9.9999349e-03
   1.4875900e+03   2.0001052e-02
   1.5964600e+03   0.0000000e+00
   1.7132900e+03   2.9999798e-02
   1.8386700e+03   0.0000000e+00
   1.9732200e+03   0.0000000e+00
   2.1176300e+03   1.9999808e-02
   2.2726000e+03   0.0000000e+00
   2.4389100e+03   9.9998060e-03
   2.6173900e+03   2.0000502e-02
   2.8089400e+03   3.9999509e-02
   3.0145000e+03   1.0000185e-02
   3.2351100e+03   9.9999885e-03
   3.4718600e+03   9.9997633e-03
   3.7259300e+03   0.0000000e+00
   3.9986000e+03   1.0000191e-02
   4.2912300e+03   1.0000039e-02
   4.6052700e+03   0.0000000e+00
   4.9422900e+03   0.0000000e+00
   5.3039700e+03   0.0000000e+00
   5.6921200e+03   0.0000000e+00
   6.1086800e+03   1.0000151e-02
   6.5557300e+03   0.0000000e+00
   7.0354800e+03   0.0000000e+00
   7.5503500e+03   0.0000000e+00
   8.1029000e+03   9.9999554e-03
   8.6958800e+03   0.0000000e+00
   9.3322600e+03   1.9999693e-02
   1.0015200e+04   0.0000000e+00
   1.0748100e+04   0.0000000e+00
   1.1534700e+04   9.9996306e-03
   1.2378800e+04   9.9999583e-03
   1.3284700e+04   0.0000000e+00
   1.4256900e+04   0.0000000e+00
   1.5300300e+04   0.0000000e+00
   1.6420000e+04   0.0000000e+00
   1.7621600e+04   1.0000177e-02
   1.8911200e+04   9.9996324e-03
   2.0295100e+04   0.0000000e+00
   2.1780400e+04   0.0000000e+00
   2.3374300e+04   0.0000000e+00
   2.5084900e+04   0.0000000e+00
   2.6920600e+04   0.0000000e+00
   2.8890700e+04   0.0000000e+00
   3.1005000e+04   0.0000000e+00
   3.3274000e+04   0.0000000e+00
   3.5709000e+04   9.9998540e-03
   3.8322200e+04   2.0000123e-02
   4.1126700e+04   9.9999389e-03
   4.4136400e+04   0.0000000e+00
   4.7366400e+04   0.0000000e+00
   5.0832800e+04   0.0000000e+00
   5.4552800e+04   0.0000000e+00
   5.8545000e+04   0.0000000e+00
   6.2829500e+04   0.0000000e+00
   6.7427400e+04   1.0000110e-02
   7.2361900e+04   0.0000000e+00
   7.7657400e+04   0.0000000e+00
   8.3340500e+04   0.0000000e+00
   8.9439500e+04   0.0000000e+00
   9.5984800e+04   0.0000000e+00
   1.0300900e+05   1.0000860e-02
