   1.0413400e+02   9.9993042e-03
   1.1250400e+02   0.0000000e+00
   1.2154800e+02   0.0000000e+00
   1.3131800e+02   0.0000000e+00
   1.4187400e+02   0.0000000e+00
   1.5327800e+02   0.0000000e+00
   1.6559900e+02   1.9999511e-02
   1.7891000e+02   9.9997996e-03
   1.9329100e+02   1.0000459e-02
   2.0882900e+02   2.9999603e-02
   2.2561500e+02   1.0000245e-02
   2.4375100e+02   9.9998362e-03
   2.6334400e+02   9.9998690e-03
   2.8451200e+02   6.0000360e-02
   3.0738200e+02   1.9999841e-02
   3.3209000e+02   9.9998927e-03
   3.5878400e+02   4.0001313e-02
   3.8762500e+02   9.9999108e-03
   4.1878300e+02   4.9999991e-02
   4.5244600e+02   3.0000170e-02
   4.8881500e+02   3.9999649e-02
   5.2810700e+02   2.9999542e-02
   5.7055700e+02   4.0000058e-02
   6.1642000e+02   1.0000082e-02
   6.6597000e+02   1.9999823e-02
   7.1950200e+02   2.0000151e-02
   7.7733800e+02   0.0000000e+00
   8.3982200e+02   2.0000258e-02
   9.0733000e+02   9.9999166e-03
   9.8026300e+02   1.0000127e-02
   1.0590600e+03   2.9999982e-02
   1.1441900e+03   1.9999336e-02
   1.2361600e+03   3.0001194e-02
   1.3355300e+03   2.9999065e-02
   1.4428800e+03   2.9999271e-02
   1.5588600e+03   3.0000968e-02
   1.6841700e+03   3.0000343e-02
   1.8195500e+03   0.0000000e+00
   1.9658100e+03   0.0000000e+00
   2.1238300e+03   9.9994748e-03
   2.2945400e+03   1.0000455e-02
   2.4789900e+03   1.9999328e-02
   2.6782500e+03   0.0000000e+00
   2.8935400e+03   0.0000000e+00
   3.1261300e+03   3.0000508e-02
   3.3774200e+03   9.9997758e-03
   3.6489000e+03   1.0000052e-02
   3.9422100e+03   1.0000129e-02
   4.2591000e+03   0.0000000e+00
   4.6014500e+03   1.0000076e-02
   4.9713300e+03   2.0000041e-02
   5.3709400e+03   0.0000000e+00
   5.8026700e+03   0.0000000e+00
   6.2691100e+03   1.9999678e-02
   6.7730300e+03   1.0000111e-02
   7.3174700e+03   0.0000000e+00
   7.9056700e+03   0.0000000e+00
   8.5411400e+03   0.0000000e+00
   9.2277000e+03   0.0000000e+00
   9.9694500e+03   0.0000000e+00
   1.0770800e+04   0.0000000e+00
   1.1636600e+04   0.0000000e+00
   1.2572000e+04   0.0000000e+00
   1.3582600e+04   0.0000000e+00
   1.4674400e+04   0.0000000e+00
   1.5853900e+04   0.0000000e+00
   1.7128300e+04   9.9998498e-03
   1.8505100e+04   0.0000000e+00
   1.9992600e+04   1.0000244e-02
   2.1599700e+04   9.9997654e-03
   2.3335900e+04   0.0000000e+00
   2.5211700e+04   0.0000000e+00
   2.7238300e+04   2.0000097e-02
   2.9427800e+04   1.0000057e-02
   3.1793300e+04   0.0000000e+00
   3.4348900e+04   1.0000152e-02
   3.7110000e+04   0.0000000e+00
   4.0093000e+04   0.0000000e+00
   4.3315800e+04   0.0000000e+00
   4.6797600e+04   0.0000000e+00
   5.0559300e+04   0.0000000e+00
   5.4623400e+04   1.0000047e-02
   5.9014200e+04   9.9999568e-03
   6.3757900e+04   0.0000000e+00
   6.8883000e+04   0.0000000e+00
   7.4419900e+04   0.0000000e+00
   8.0402000e+04   0.0000000e+00
   8.6865000e+04   0.0000000e+00
   9.3847400e+04   0.0000000e+00
   1.0139100e+05   0.0000000e+00
   1.0954100e+05   0.0000000e+00
   1.1834600e+05   0.0000000e+00
   1.2785900e+05   1.0000309e-02
   1.3813700e+05   0.0000000e+00
   1.4924100e+05   0.0000000e+00
   1.6123700e+05   0.0000000e+00
   1.7419800e+05   0.0000000e+00
   1.8820100e+05   0.0000000e+00
   2.0332900e+05   9.9999456e-03
