   1.1968500e+02   3.0000145e-02
   1.3040600e+02   0.0000000e+00
   1.4208800e+02   9.9994639e-03
   1.5481500e+02   1.0000159e-02
   1.6868300e+02   9.9999944e-03
   1.8379300e+02   3.0000865e-02
   2.0025700e+02   9.9998610e-03
   2.1819500e+02   2.9999816e-02
   2.3774000e+02   1.0000069e-02
   2.5903600e+02   9.9997969e-03
   2.8223900e+02   4.0000169e-02
   3.0752100e+02   1.0000139e-02
   3.3506800e+02   9.9999445e-03
   3.6508200e+02   2.0000174e-02
   3.9778500e+02   2.9999935e-02
   4.3341700e+02   2.0000067e-02
   4.7224100e+02   2.9999573e-02
   5.1454200e+02   1.0000042e-02
   5.6063300e+02   1.9999817e-02
   6.1085200e+02   0.0000000e+00
   6.6557000e+02   2.0000244e-02
   7.2519000e+02   9.9998534e-03
   7.9014900e+02   1.0000011e-02
   8.6092800e+02   3.0000062e-02
   9.3804700e+02   9.9995772e-03
   1.0220700e+03   6.0004212e-02
   1.1136300e+03   9.9995385e-03
   1.2133800e+03   1.9999938e-02
   1.3220700e+03   4.0001272e-02
   1.4405000e+03   2.9998959e-02
   1.5695300e+03   0.0000000e+00
   1.7101300e+03   1.9999181e-02
   1.8633100e+03   2.0000158e-02
   2.0302200e+03   2.0000053e-02
   2.2120800e+03   2.0000072e-02
   2.4102300e+03   2.0000026e-02
   2.6261300e+03   0.0000000e+00
   2.8613700e+03   0.0000000e+00
   3.1176800e+03   9.9999885e-03
   3.3969500e+03   2.0000221e-02
   3.7012400e+03   9.9999095e-03
   4.0327800e+03   2.9999862e-02
   4.3940200e+03   2.9999956e-02
   4.7876200e+03   2.0000101e-02
   5.2164800e+03   1.0000119e-02
   5.6837600e+03   0.0000000e+00
   6.1928900e+03   0.0000000e+00
   6.7476200e+03   1.0000053e-02
   7.3520500e+03   0.0000000e+00
   8.0106200e+03   0.0000000e+00
   8.7281800e+03   1.0000046e-02
   9.5100200e+03   0.0000000e+00
   1.0361900e+04   0.0000000e+00
   1.1290100e+04   0.0000000e+00
   1.2301400e+04   0.0000000e+00
   1.3403300e+04   0.0000000e+00
   1.4603900e+04   0.0000000e+00
   1.5912100e+04   9.9996768e-03
   1.7337400e+04   0.0000000e+00
   1.8890500e+04   9.9997695e-03
   2.0582600e+04   0.0000000e+00
   2.2426300e+04   0.0000000e+00
   2.4435200e+04   0.0000000e+00
   2.6624000e+04   1.0000076e-02
   2.9008900e+04   9.9999635e-03
   3.1607400e+04   1.0000095e-02
   3.4438700e+04   0.0000000e+00
   3.7523600e+04   0.0000000e+00
   4.0884800e+04   9.9999834e-03
   4.4547100e+04   0.0000000e+00
   4.8537400e+04   0.0000000e+00
   5.2885300e+04   0.0000000e+00
   5.7622500e+04   0.0000000e+00
   6.2784100e+04   0.0000000e+00
   6.8408100e+04   3.0000238e-02
   7.4535900e+04   9.9999444e-03
   8.1212500e+04   1.9999969e-02
   8.8487200e+04   0.0000000e+00
   9.6413600e+04   0.0000000e+00
   1.0505000e+05   0.0000000e+00
   1.1446000e+05   1.0000100e-02
   1.2471300e+05   0.0000000e+00
   1.3588400e+05   9.9999918e-03
   1.4805600e+05   9.9997469e-03
   1.6131800e+05   1.0000468e-02
   1.7576900e+05   0.0000000e+00
   1.9151400e+05   0.0000000e+00
   2.0866900e+05   0.0000000e+00
   2.2736000e+05   0.0000000e+00
   2.4772700e+05   0.0000000e+00
   2.6991700e+05   0.0000000e+00
   2.9409500e+05   0.0000000e+00
   3.2043900e+05   0.0000000e+00
   3.4914300e+05   0.0000000e+00
   3.8041800e+05   0.0000000e+00
   4.1449400e+05   0.0000000e+00
   4.5162300e+05   0.0000000e+00
   4.9207800e+05   0.0000000e+00
   5.3615600e+05   1.0000038e-02
