   1.3120500e+02   1.0000490e-02
   1.4336300e+02   0.0000000e+00
   1.5664700e+02   0.0000000e+00
   1.7116100e+02   3.0000617e-02
   1.8702100e+02   9.9998554e-03
   2.0435000e+02   5.0000140e-02
   2.2328500e+02   3.0000707e-02
   2.4397500e+02   2.9999292e-02
   2.6658100e+02   0.0000000e+00
   2.9128300e+02   9.9999839e-03
   3.1827300e+02   3.0000015e-02
   3.4776400e+02   3.9999377e-02
   3.7998700e+02   4.0000673e-02
   4.1519700e+02   3.9999068e-02
   4.5366800e+02   1.0000098e-02
   4.9570500e+02   4.0000204e-02
   5.4163700e+02   4.0000187e-02
   5.9182500e+02   2.9999950e-02
   6.4666300e+02   3.9999767e-02
   7.0658200e+02   1.0000062e-02
   7.7205400e+02   4.9999983e-02
   8.4359200e+02   1.9999787e-02
   9.2175800e+02   2.0000586e-02
   1.0071700e+03   0.0000000e+00
   1.1004900e+03   9.9999124e-03
   1.2024600e+03   1.0000045e-02
   1.3138800e+03   2.0001090e-02
   1.4356300e+03   2.9999069e-02
   1.5686500e+03   2.9999949e-02
   1.7140000e+03   4.0000405e-02
   1.8728200e+03   2.9999346e-02
   2.0463500e+03   3.0000918e-02
   2.2359700e+03   0.0000000e+00
   2.4431500e+03   0.0000000e+00
   2.6695300e+03   3.0000316e-02
   2.9168900e+03   0.0000000e+00
   3.1871600e+03   1.0000317e-02
   3.4824900e+03   9.9998532e-03
   3.8051700e+03   1.0000158e-02
   4.1577600e+03   1.9999714e-02
   4.5430100e+03   0.0000000e+00
   4.9639600e+03   0.0000000e+00
   5.4239200e+03   2.0000121e-02
   5.9265000e+03   0.0000000e+00
   6.4756400e+03   0.0000000e+00
   7.0756700e+03   0.0000000e+00
   7.7313000e+03   0.0000000e+00
   8.4476800e+03   0.0000000e+00
   9.2304400e+03   0.0000000e+00
   1.0085700e+04   2.0001375e-02
   1.1020300e+04   9.9996936e-03
   1.2041400e+04   0.0000000e+00
   1.3157100e+04   0.0000000e+00
   1.4376300e+04   0.0000000e+00
   1.5708400e+04   0.0000000e+00
   1.7163900e+04   1.0000022e-02
   1.8754300e+04   0.0000000e+00
   2.0492100e+04   1.9999197e-02
   2.2390800e+04   1.0000370e-02
   2.4465600e+04   0.0000000e+00
   2.6732500e+04   9.9999215e-03
   2.9209500e+04   0.0000000e+00
   3.1916100e+04   0.0000000e+00
   3.4873400e+04   0.0000000e+00
   3.8104800e+04   0.0000000e+00
   4.1635500e+04   0.0000000e+00
   4.5493400e+04   1.0000025e-02
   4.9708800e+04   0.0000000e+00
   5.4314800e+04   0.0000000e+00
   5.9347600e+04   0.0000000e+00
   6.4846700e+04   0.0000000e+00
   7.0855400e+04   9.9999577e-03
   7.7420800e+04   0.0000000e+00
   8.4594600e+04   0.0000000e+00
   9.2433100e+04   0.0000000e+00
   1.0099800e+05   0.0000000e+00
   1.1035600e+05   0.0000000e+00
   1.2058200e+05   0.0000000e+00
   1.3175500e+05   0.0000000e+00
   1.4396300e+05   0.0000000e+00
   1.5730300e+05   0.0000000e+00
   1.7187800e+05   0.0000000e+00
   1.8780400e+05   0.0000000e+00
   2.0520600e+05   0.0000000e+00
   2.2422100e+05   0.0000000e+00
   2.4499700e+05   0.0000000e+00
   2.6769800e+05   0.0000000e+00
   2.9250300e+05   0.0000000e+00
   3.1960600e+05   0.0000000e+00
   3.4922000e+05   0.0000000e+00
   3.8157900e+05   0.0000000e+00
   4.1693600e+05   0.0000000e+00
   4.5556900e+05   0.0000000e+00
   4.9778100e+05   0.0000000e+00
   5.4390600e+05   0.0000000e+00
   5.9430400e+05   9.9998368e-03
   6.4937100e+05   0.0000000e+00
   7.0954200e+05   0.0000000e+00
   7.7528800e+05   9.9999259e-03
