   1.4356000e+02   2.0000789e-02
   1.5674800e+02   0.0000000e+00
   1.7114700e+02   0.0000000e+00
   1.8686800e+02   0.0000000e+00
   2.0403400e+02   1.0000178e-02
   2.2277700e+02   0.0000000e+00
   2.4324100e+02   2.9999725e-02
   2.6558500e+02   2.0000148e-02
   2.8998200e+02   0.0000000e+00
   3.1662000e+02   1.0000034e-02
   3.4570500e+02   0.0000000e+00
   3.7746100e+02   2.0000102e-02
   4.1213500e+02   3.9999926e-02
   4.4999400e+02   6.0000242e-02
   4.9133100e+02   1.0000024e-02
   5.3646500e+02   1.9999992e-02
   5.8574500e+02   6.0000186e-02
   6.3955200e+02   1.9999805e-02
   6.9830100e+02   2.0000201e-02
   7.6244800e+02   1.0000028e-02
   8.3248700e+02   9.9999376e-03
   9.0895900e+02   2.0000109e-02
   9.9245700e+02   3.9997949e-02
   1.0836200e+03   0.0000000e+00
   1.1831700e+03   0.0000000e+00
   1.2918500e+03   0.0000000e+00
   1.4105200e+03   2.9999731e-02
   1.5400900e+03   2.0000886e-02
   1.6815700e+03   2.0000003e-02
   1.8360400e+03   2.0000040e-02
   2.0047000e+03   2.9999508e-02
   2.1888500e+03   3.0000247e-02
   2.3899200e+03   1.0000025e-02
   2.6094600e+03   0.0000000e+00
   2.8491700e+03   1.9999543e-02
   3.1108900e+03   2.0000128e-02
   3.3966600e+03   3.0000099e-02
   3.7086800e+03   2.9999906e-02
   4.0493600e+03   3.0000299e-02
   4.4213400e+03   0.0000000e+00
   4.8274800e+03   0.0000000e+00
   5.2709400e+03   9.9999761e-03
   5.7551300e+03   2.0000009e-02
   6.2838000e+03   0.0000000e+00
   6.8610300e+03   0.0000000e+00
   7.4912900e+03   9.9999205e-03
   8.1794400e+03   1.0000058e-02
   8.9308100e+03   9.9999798e-03
   9.7512000e+03   1.9998831e-02
   1.0646900e+04   0.0000000e+00
   1.1625000e+04   0.0000000e+00
   1.2692900e+04   1.9998799e-02
   1.3858800e+04   1.0000162e-02
   1.5131900e+04   0.0000000e+00
   1.6521900e+04   0.0000000e+00
   1.8039700e+04   1.9999540e-02
   1.9696800e+04   2.9999099e-02
   2.1506100e+04   0.0000000e+00
   2.3481700e+04   3.0000731e-02
   2.5638800e+04   9.9996133e-03
   2.7993900e+04   1.0000232e-02
   3.0565500e+04   0.0000000e+00
   3.3373200e+04   1.0000037e-02
   3.6438900e+04   0.0000000e+00
   3.9786200e+04   2.0000089e-02
   4.3441000e+04   9.9999536e-03
   4.7431500e+04   0.0000000e+00
   5.1788600e+04   0.0000000e+00
   5.6545900e+04   0.0000000e+00
   6.1740300e+04   0.0000000e+00
   6.7411800e+04   0.0000000e+00
   7.3604300e+04   0.0000000e+00
   8.0365600e+04   0.0000000e+00
   8.7748000e+04   0.0000000e+00
   9.5808600e+04   0.0000000e+00
   1.0461000e+05   0.0000000e+00
   1.1421900e+05   0.0000000e+00
   1.2471100e+05   9.9999539e-03
   1.3616700e+05   0.0000000e+00
   1.4867600e+05   9.9996691e-03
   1.6233300e+05   0.0000000e+00
   1.7724500e+05   0.0000000e+00
   1.9352700e+05   0.0000000e+00
   2.1130500e+05   0.0000000e+00
   2.3071500e+05   0.0000000e+00
   2.5190900e+05   0.0000000e+00
   2.7504900e+05   0.0000000e+00
   3.0031600e+05   0.0000000e+00
   3.2790300e+05   0.0000000e+00
   3.5802400e+05   9.9999253e-03
   3.9091200e+05   0.0000000e+00
   4.2682200e+05   0.0000000e+00
   4.6603000e+05   0.0000000e+00
   5.0883900e+05   0.0000000e+00
   5.5558200e+05   0.0000000e+00
   6.0661800e+05   0.0000000e+00
   6.6234200e+05   0.0000000e+00
   7.2318500e+05   0.0000000e+00
   7.8961700e+05   0.0000000e+00
