   9.6747500e+01   1.9998895e-02
   1.0251200e+02   0.0000000e+00
   1.0862100e+02   0.0000000e+00
   1.1509300e+02   0.0000000e+00
   1.2195100e+02   0.0000000e+00
   1.2921700e+02   0.0000000e+00
   1.3691700e+02   1.9999092e-02
   1.4507500e+02   0.0000000e+00
   1.5372000e+02   9.9993382e-03
   1.6287900e+02   2.0001348e-02
   1.7258500e+02   2.9998082e-02
   1.8286800e+02   0.0000000e+00
   1.9376500e+02   0.0000000e+00
   2.0531100e+02   9.9994622e-03
   2.1754400e+02   1.0000293e-02
   2.3050700e+02   9.9999865e-03
   2.4424200e+02   1.9999460e-02
   2.5879500e+02   0.0000000e+00
   2.7421600e+02   9.9997131e-03
   2.9055500e+02   9.9999542e-03
   3.0786800e+02   1.0000171e-02
   3.2621300e+02   5.0000562e-02
   3.4565100e+02   9.9999965e-03
   3.6624700e+02   0.0000000e+00
   3.8807000e+02   4.0000589e-02
   4.1119400e+02   0.0000000e+00
   4.3569500e+02   3.0000649e-02
   4.6165700e+02   0.0000000e+00
   4.8916500e+02   9.9998402e-03
   5.1831200e+02   3.0000762e-02
   5.4919700e+02   2.9999531e-02
   5.8192100e+02   9.9998776e-03
   6.1659500e+02   0.0000000e+00
   6.5333600e+02   2.0000132e-02
   6.9226600e+02   0.0000000e+00
   7.3351500e+02   2.0000300e-02
   7.7722300e+02   4.9999208e-02
   8.2353400e+02   9.9999337e-03
   8.7260500e+02   4.0000627e-02
   9.2460100e+02   9.9999304e-03
   9.7969400e+02   9.9999839e-03
   1.0380700e+03   4.9996262e-02
   1.0999200e+03   0.0000000e+00
   1.1654700e+03   1.9998373e-02
   1.2349100e+03   0.0000000e+00
   1.3084900e+03   1.0000276e-02
   1.3864600e+03   1.0000738e-02
   1.4690800e+03   1.9998504e-02
   1.5566100e+03   0.0000000e+00
   1.6493700e+03   0.0000000e+00
   1.7476400e+03   1.0000439e-02
   1.8517800e+03   9.9999597e-03
   1.9621200e+03   1.0000413e-02
   2.0790400e+03   9.9998661e-03
   2.2029200e+03   9.9997412e-03
   2.3341800e+03   2.0000725e-02
   2.4732700e+03   0.0000000e+00
   2.6206400e+03   0.0000000e+00
   2.7767900e+03   1.0000105e-02
   2.9422500e+03   0.0000000e+00
   3.1175700e+03   0.0000000e+00
   3.3033300e+03   1.9999699e-02
   3.5001600e+03   0.0000000e+00
   3.7087200e+03   1.0000063e-02
   3.9297100e+03   0.0000000e+00
   4.1638700e+03   1.0000049e-02
   4.4119800e+03   1.9999804e-02
   4.6748700e+03   0.0000000e+00
   4.9534300e+03   0.0000000e+00
   5.2485800e+03   1.0000244e-02
   5.5613300e+03   9.9997525e-03
   5.8927000e+03   1.0000182e-02
   6.2438300e+03   0.0000000e+00
   6.6158700e+03   1.0000139e-02
   7.0100900e+03   0.0000000e+00
   7.4277900e+03   2.0000297e-02
   7.8703900e+03   9.9998686e-03
   8.3393500e+03   1.0000016e-02
   8.8362600e+03   0.0000000e+00
   9.3627800e+03   0.0000000e+00
   9.9206700e+03   0.0000000e+00
   1.0511800e+04   1.0000664e-02
   1.1138200e+04   0.0000000e+00
   1.1801800e+04   0.0000000e+00
   1.2505100e+04   0.0000000e+00
   1.3250200e+04   9.9996491e-03
   1.4039700e+04   2.0000680e-02
   1.4876300e+04   9.9997443e-03
   1.5762700e+04   0.0000000e+00
   1.6702000e+04   9.9999686e-03
   1.7697200e+04   9.9999500e-03
   1.8751700e+04   0.0000000e+00
   1.9869000e+04   0.0000000e+00
   2.1052900e+04   0.0000000e+00
   2.2307400e+04   1.9999808e-02
   2.3636600e+04   0.0000000e+00
   2.5045000e+04   2.0000846e-02
   2.6537400e+04   0.0000000e+00
   2.8118600e+04   0.0000000e+00
