   3.9404400e+01   2.0000108e-02
   4.2823900e+01   0.0000000e+00
   4.6540100e+01   0.0000000e+00
   5.0578800e+01   0.0000000e+00
   5.4968000e+01   0.0000000e+00
   5.9738100e+01   0.0000000e+00
   6.4922100e+01   0.0000000e+00
   7.0556000e+01   0.0000000e+00
   7.6678800e+01   9.9999811e-03
   8.3332900e+01   0.0000000e+00
   9.0564400e+01   1.0000125e-02
   9.8423600e+01   2.0000628e-02
   1.0696500e+02   9.9996842e-03
   1.1624700e+02   0.0000000e+00
   1.2633500e+02   1.9999582e-02
   1.3729800e+02   3.0001017e-02
   1.4921300e+02   9.9995721e-03
   1.6216100e+02   0.0000000e+00
   1.7623300e+02   3.0001169e-02
   1.9152700e+02   1.9999345e-02
   2.0814700e+02   2.0000257e-02
   2.2621000e+02   9.9998361e-03
   2.4584000e+02   0.0000000e+00
   2.6717400e+02   1.9999868e-02
   2.9035900e+02   2.0000686e-02
   3.1555700e+02   6.9998068e-02
   3.4294000e+02   9.9999850e-03
   3.7270000e+02   3.0000332e-02
   4.0504300e+02   2.9999742e-02
   4.4019200e+02   0.0000000e+00
   4.7839200e+02   9.9998923e-03
   5.1990600e+02   1.0000003e-02
   5.6502300e+02   3.0000449e-02
   6.1405600e+02   9.9999450e-03
   6.6734300e+02   3.9999707e-02
   7.2525400e+02   2.9999991e-02
   7.8819100e+02   0.0000000e+00
   8.5659000e+02   2.9999939e-02
   9.3092400e+02   0.0000000e+00
   1.0117100e+03   3.9997651e-02
   1.0995000e+03   5.0003133e-02
   1.1949200e+03   1.9999209e-02
   1.2986100e+03   9.9997838e-03
   1.4113000e+03   2.0001351e-02
   1.5337800e+03   0.0000000e+00
   1.6668800e+03   9.9999872e-03
   1.8115300e+03   0.0000000e+00
   1.9687300e+03   0.0000000e+00
   2.1395700e+03   9.9999820e-03
   2.3252400e+03   2.0000719e-02
   2.5270300e+03   2.9999530e-02
   2.7463200e+03   9.9998595e-03
   2.9846400e+03   0.0000000e+00
   3.2436500e+03   9.9999711e-03
   3.5251300e+03   0.0000000e+00
   3.8310400e+03   9.9998633e-03
   4.1634900e+03   0.0000000e+00
   4.5248000e+03   0.0000000e+00
   4.9174500e+03   0.0000000e+00
   5.3441900e+03   9.9999178e-03
   5.8079500e+03   2.0000024e-02
   6.3119600e+03   1.0000053e-02
   6.8597100e+03   0.0000000e+00
   7.4549900e+03   2.9999632e-02
   8.1019200e+03   1.0000047e-02
   8.8050000e+03   1.9999979e-02
   9.5690900e+03   1.0000129e-02
   1.0399500e+04   9.9993139e-03
   1.1301900e+04   0.0000000e+00
   1.2282700e+04   0.0000000e+00
   1.3348600e+04   0.0000000e+00
   1.4507000e+04   9.9999714e-03
   1.5765900e+04   0.0000000e+00
   1.7134000e+04   1.0000146e-02
   1.8620900e+04   9.9999487e-03
   2.0236800e+04   0.0000000e+00
   2.1993000e+04   0.0000000e+00
   2.3901500e+04   9.9997546e-03
   2.5975600e+04   0.0000000e+00
   2.8229800e+04   0.0000000e+00
   3.0679500e+04   1.0000214e-02
   3.3341900e+04   1.0000053e-02
   3.6235300e+04   0.0000000e+00
   3.9379700e+04   0.0000000e+00
   4.2797100e+04   1.0000010e-02
   4.6511000e+04   0.0000000e+00
   5.0547200e+04   0.0000000e+00
   5.4933600e+04   9.9999933e-03
   5.9700700e+04   0.0000000e+00
   6.4881500e+04   0.0000000e+00
   7.0511800e+04   0.0000000e+00
   7.6630800e+04   0.0000000e+00
   8.3280700e+04   0.0000000e+00
   9.0507800e+04   0.0000000e+00
   9.8362000e+04   0.0000000e+00
   1.0689800e+05   0.0000000e+00
   1.1617400e+05   0.0000000e+00
   1.2625600e+05   0.0000000e+00
   1.3721200e+05   9.9998677e-03
