   7.8573400e+01   1.0000058e-02
   8.5936400e+01   0.0000000e+00
   9.3989300e+01   3.0000435e-02
   1.0279700e+02   1.0000114e-02
   1.1243000e+02   0.0000000e+00
   1.2296500e+02   2.0000241e-02
   1.3448800e+02   3.0000811e-02
   1.4709100e+02   1.9999133e-02
   1.6087400e+02   2.0001028e-02
   1.7595000e+02   1.0000054e-02
   1.9243800e+02   3.0000059e-02
   2.1047100e+02   0.0000000e+00
   2.3019300e+02   2.0000006e-02
   2.5176400e+02   1.0000271e-02
   2.7535700e+02   1.9999879e-02
   3.0116000e+02   1.9999912e-02
   3.2938100e+02   5.0000451e-02
   3.6024700e+02   2.9999958e-02
   3.9400500e+02   2.9999642e-02
   4.3092600e+02   3.9999723e-02
   4.7130700e+02   0.0000000e+00
   5.1547300e+02   4.9999953e-02
   5.6377700e+02   9.9999265e-03
   6.1660700e+02   2.9999953e-02
   6.7438800e+02   0.0000000e+00
   7.3758400e+02   4.9999583e-02
   8.0670100e+02   2.0000169e-02
   8.8229600e+02   9.9999868e-03
   9.6497400e+02   1.0000030e-02
   1.0554000e+03   2.0000052e-02
   1.1543000e+03   2.0000525e-02
   1.2624700e+03   0.0000000e+00
   1.3807700e+03   1.0000048e-02
   1.5101600e+03   1.9999467e-02
   1.6516700e+03   0.0000000e+00
   1.8064500e+03   4.0000187e-02
   1.9757300e+03   0.0000000e+00
   2.1608700e+03   5.9999812e-02
   2.3633600e+03   0.0000000e+00
   2.5848300e+03   0.0000000e+00
   2.8270500e+03   9.9997432e-03
   3.0919600e+03   9.9999415e-03
   3.3817000e+03   1.0000223e-02
   3.6986000e+03   1.0000057e-02
   4.0451900e+03   2.9999491e-02
   4.4242500e+03   0.0000000e+00
   4.8388400e+03   0.0000000e+00
   5.2922800e+03   1.0000032e-02
   5.7882100e+03   0.0000000e+00
   6.3306100e+03   2.0000038e-02
   6.9238400e+03   2.0000006e-02
   7.5726600e+03   0.0000000e+00
   8.2822800e+03   0.0000000e+00
   9.0584000e+03   0.0000000e+00
   9.9072400e+03   0.0000000e+00
   1.0835600e+04   2.0000232e-02
   1.1851000e+04   1.0000575e-02
   1.2961600e+04   0.0000000e+00
   1.4176200e+04   9.9998498e-03
   1.5504600e+04   0.0000000e+00
   1.6957500e+04   0.0000000e+00
   1.8546500e+04   0.0000000e+00
   2.0284500e+04   0.0000000e+00
   2.2185300e+04   0.0000000e+00
   2.4264300e+04   9.9997553e-03
   2.6538000e+04   0.0000000e+00
   2.9024800e+04   1.0000148e-02
   3.1744700e+04   9.9998705e-03
   3.4719400e+04   1.0000023e-02
   3.7972900e+04   0.0000000e+00
   4.1531300e+04   0.0000000e+00
   4.5423100e+04   9.9999657e-03
   4.9679600e+04   0.0000000e+00
   5.4335000e+04   0.0000000e+00
   5.9426700e+04   9.9998817e-03
   6.4995400e+04   0.0000000e+00
   7.1086000e+04   0.0000000e+00
   7.7747300e+04   0.0000000e+00
   8.5032900e+04   1.0000057e-02
   9.3001200e+04   0.0000000e+00
   1.0171600e+05   0.0000000e+00
   1.1124800e+05   0.0000000e+00
   1.2167300e+05   9.9993839e-03
   1.3307400e+05   0.0000000e+00
   1.4554400e+05   0.0000000e+00
   1.5918300e+05   0.0000000e+00
   1.7410000e+05   0.0000000e+00
   1.9041400e+05   0.0000000e+00
   2.0825800e+05   0.0000000e+00
   2.2777300e+05   0.0000000e+00
   2.4911700e+05   0.0000000e+00
   2.7246200e+05   0.0000000e+00
   2.9799400e+05   0.0000000e+00
   3.2591800e+05   0.0000000e+00
   3.5645900e+05   0.0000000e+00
   3.8986200e+05   0.0000000e+00
   4.2639600e+05   0.0000000e+00
   4.6635200e+05   0.0000000e+00
   5.1005300e+05   9.9999747e-03
