   3.6249600e+01   2.0000024e-02
   4.0676000e+01   2.0000018e-02
   4.5642900e+01   0.0000000e+00
   5.1216300e+01   0.0000000e+00
   5.7470300e+01   9.9999396e-03
   6.4487900e+01   9.9999850e-03
   7.2362400e+01   9.9999911e-03
   8.1198500e+01   3.0000118e-02
   9.1113600e+01   2.9998974e-02
   1.0223900e+02   5.0002800e-02
   1.1472400e+02   2.9998412e-02
   1.2873200e+02   3.0001306e-02
   1.4445200e+02   2.0000157e-02
   1.6209100e+02   9.9996507e-03
   1.8188300e+02   2.0000416e-02
   2.0409300e+02   3.9999202e-02
   2.2901400e+02   5.0000581e-02
   2.5697900e+02   1.9999751e-02
   2.8835800e+02   9.9999944e-03
   3.2356900e+02   2.0000192e-02
   3.6308000e+02   3.9999791e-02
   4.0741500e+02   4.0000037e-02
   4.5716400e+02   1.0000032e-02
   5.1298800e+02   0.0000000e+00
   5.7562800e+02   9.9999457e-03
   6.4591700e+02   1.0000071e-02
   7.2479000e+02   3.9999904e-02
   8.1329300e+02   1.9999942e-02
   9.1260300e+02   1.0000022e-02
   1.0240400e+03   9.9996614e-03
   1.1490800e+03   2.0000932e-02
   1.2894000e+03   0.0000000e+00
   1.4468400e+03   3.0001324e-02
   1.6235200e+03   9.9997212e-03
   1.8217600e+03   0.0000000e+00
   2.0442100e+03   2.0000278e-02
   2.2938300e+03   1.0000102e-02
   2.5739300e+03   0.0000000e+00
   2.8882300e+03   9.9997815e-03
   3.2409000e+03   0.0000000e+00
   3.6366500e+03   3.9999415e-02
   4.0807100e+03   9.9999827e-03
   4.5790000e+03   0.0000000e+00
   5.1381400e+03   1.9999949e-02
   5.7655500e+03   1.0000113e-02
   6.4695800e+03   1.0000009e-02
   7.2595700e+03   0.0000000e+00
   8.1460200e+03   0.0000000e+00
   9.1407300e+03   1.0000068e-02
   1.0256900e+04   9.9995624e-03
   1.1509300e+04   0.0000000e+00
   1.2914700e+04   9.9999936e-03
   1.4491700e+04   1.0000187e-02
   1.6261300e+04   0.0000000e+00
   1.8247000e+04   9.9999356e-03
   2.0475100e+04   1.9999325e-02
   2.2975200e+04   0.0000000e+00
   2.5780700e+04   0.0000000e+00
   2.8928800e+04   9.9998358e-03
   3.2461200e+04   0.0000000e+00
   3.6425000e+04   9.9999887e-03
   4.0872800e+04   1.0000117e-02
   4.5863800e+04   0.0000000e+00
   5.1464100e+04   0.0000000e+00
   5.7748400e+04   9.9998732e-03
   6.4799900e+04   0.0000000e+00
   7.2712600e+04   9.9999261e-03
   8.1591400e+04   9.9999627e-03
   9.1554400e+04   0.0000000e+00
   1.0273400e+05   2.0000493e-02
   1.1527900e+05   0.0000000e+00
   1.2935500e+05   0.0000000e+00
   1.4515100e+05   0.0000000e+00
   1.6287500e+05   0.0000000e+00
   1.8276300e+05   1.0000002e-02
   2.0508000e+05   0.0000000e+00
   2.3012200e+05   0.0000000e+00
   2.5822200e+05   0.0000000e+00
   2.8975400e+05   0.0000000e+00
   3.2513500e+05   0.0000000e+00
   3.6483700e+05   1.0000049e-02
   4.0938700e+05   0.0000000e+00
   4.5937600e+05   0.0000000e+00
   5.1547000e+05   0.0000000e+00
   5.7841400e+05   0.0000000e+00
   6.4904300e+05   0.0000000e+00
   7.2829700e+05   9.9999352e-03
   8.1722800e+05   0.0000000e+00
   9.1701900e+05   0.0000000e+00
   1.0289900e+06   0.0000000e+00
   1.1546400e+06   0.0000000e+00
   1.2956400e+06   0.0000000e+00
   1.4538400e+06   0.0000000e+00
   1.6313700e+06   0.0000000e+00
   1.8305800e+06   0.0000000e+00
   2.0541100e+06   0.0000000e+00
   2.3049300e+06   0.0000000e+00
   2.5863800e+06   0.0000000e+00
   2.9022000e+06   0.0000000e+00
