   5.6456900e+01   9.9998808e-03
   6.1317700e+01   0.0000000e+00
   6.6597100e+01   0.0000000e+00
   7.2331000e+01   0.0000000e+00
   7.8558600e+01   0.0000000e+00
   8.5322400e+01   0.0000000e+00
   9.2668500e+01   9.9998530e-03
   1.0064700e+02   1.0000477e-02
   1.0931300e+02   0.0000000e+00
   1.1872400e+02   1.9999956e-02
   1.2894600e+02   1.0000805e-02
   1.4004900e+02   3.0000063e-02
   1.5210700e+02   0.0000000e+00
   1.6520300e+02   2.9998440e-02
   1.7942600e+02   2.0000893e-02
   1.9487500e+02   9.9997383e-03
   2.1165300e+02   1.9999925e-02
   2.2987600e+02   4.0000028e-02
   2.4966800e+02   5.9999850e-02
   2.7116400e+02   5.0000169e-02
   2.9451100e+02   9.9999894e-03
   3.1986800e+02   1.9999851e-02
   3.4740800e+02   1.0000210e-02
   3.7732000e+02   2.0000167e-02
   4.0980700e+02   2.9999335e-02
   4.4509000e+02   2.0000175e-02
   4.8341200e+02   9.9999863e-03
   5.2503300e+02   2.0000184e-02
   5.7023800e+02   2.9999571e-02
   6.1933400e+02   1.0000010e-02
   6.7265800e+02   2.0000019e-02
   7.3057300e+02   1.0000097e-02
   7.9347500e+02   2.0000007e-02
   8.6179200e+02   1.9999969e-02
   9.3599100e+02   2.0000336e-02
   1.0165800e+03   9.9993350e-03
   1.1041000e+03   2.0001682e-02
   1.1991700e+03   4.9996861e-02
   1.3024100e+03   2.0000730e-02
   1.4145500e+03   1.9999867e-02
   1.5363400e+03   1.0000249e-02
   1.6686200e+03   9.9996123e-03
   1.8122800e+03   0.0000000e+00
   1.9683200e+03   3.0000088e-02
   2.1377900e+03   9.9999798e-03
   2.3218500e+03   0.0000000e+00
   2.5217500e+03   2.0000052e-02
   2.7388700e+03   0.0000000e+00
   2.9746900e+03   9.9997637e-03
   3.2308000e+03   3.0000356e-02
   3.5089700e+03   1.0000081e-02
   3.8110900e+03   1.0000024e-02
   4.1392200e+03   1.9999939e-02
   4.4956000e+03   9.9998886e-03
   4.8826600e+03   1.9999970e-02
   5.3030500e+03   0.0000000e+00
   5.7596400e+03   0.0000000e+00
   6.2555400e+03   0.0000000e+00
   6.7941300e+03   0.0000000e+00
   7.3790900e+03   1.0000031e-02
   8.0144200e+03   0.0000000e+00
   8.7044500e+03   1.0000136e-02
   9.4539000e+03   1.0000397e-02
   1.0267900e+04   0.0000000e+00
   1.1151900e+04   1.0000387e-02
   1.2112100e+04   0.0000000e+00
   1.3154900e+04   0.0000000e+00
   1.4287500e+04   1.0000517e-02
   1.5517700e+04   0.0000000e+00
   1.6853700e+04   0.0000000e+00
   1.8304800e+04   9.9998934e-03
   1.9880800e+04   0.0000000e+00
   2.1592500e+04   0.0000000e+00
   2.3451600e+04   1.0000250e-02
   2.5470800e+04   0.0000000e+00
   2.7663800e+04   9.9999635e-03
   3.0045600e+04   0.0000000e+00
   3.2632500e+04   0.0000000e+00
   3.5442100e+04   0.0000000e+00
   3.8493600e+04   0.0000000e+00
   4.1807800e+04   0.0000000e+00
   4.5407400e+04   0.0000000e+00
   4.9316900e+04   0.0000000e+00
   5.3563000e+04   1.0000010e-02
   5.8174700e+04   0.0000000e+00
   6.3183500e+04   0.0000000e+00
   6.8623500e+04   0.0000000e+00
   7.4531900e+04   0.0000000e+00
   8.0949000e+04   0.0000000e+00
   8.7918600e+04   0.0000000e+00
   9.5488300e+04   0.0000000e+00
   1.0371000e+05   0.0000000e+00
   1.1263900e+05   0.0000000e+00
   1.2233700e+05   0.0000000e+00
   1.3287000e+05   0.0000000e+00
   1.4431000e+05   0.0000000e+00
   1.5673500e+05   0.0000000e+00
   1.7023000e+05   0.0000000e+00
   1.8488600e+05   9.9997354e-03
