   4.3617100e+01   1.9999992e-02
   4.7478900e+01   9.9999717e-03
   5.1682600e+01   0.0000000e+00
   5.6258500e+01   0.0000000e+00
   6.1239600e+01   0.0000000e+00
   6.6661700e+01   9.9999280e-03
   7.2563800e+01   0.0000000e+00
   7.8988500e+01   0.0000000e+00
   8.5982000e+01   0.0000000e+00
   9.3594700e+01   0.0000000e+00
   1.0188100e+02   0.0000000e+00
   1.1090200e+02   0.0000000e+00
   1.2072100e+02   0.0000000e+00
   1.3140900e+02   0.0000000e+00
   1.4304400e+02   0.0000000e+00
   1.5570900e+02   2.0001077e-02
   1.6949600e+02   9.9994132e-03
   1.8450200e+02   2.0000492e-02
   2.0083800e+02   1.0000046e-02
   2.1862000e+02   9.9998516e-03
   2.3797600e+02   9.9999695e-03
   2.5904600e+02   0.0000000e+00
   2.8198200e+02   0.0000000e+00
   3.0694800e+02   4.0000467e-02
   3.3412500e+02   6.0000241e-02
   3.6370800e+02   0.0000000e+00
   3.9591000e+02   2.9999724e-02
   4.3096300e+02   0.0000000e+00
   4.6912000e+02   1.9999892e-02
   5.1065500e+02   2.0000151e-02
   5.5586800e+02   1.0000051e-02
   6.0508400e+02   3.9999798e-02
   6.5865700e+02   3.0000248e-02
   7.1697400e+02   1.0000004e-02
   7.8045400e+02   1.9999959e-02
   8.4955400e+02   1.9999940e-02
   9.2477200e+02   5.0000029e-02
   1.0066500e+03   0.0000000e+00
   1.0957800e+03   2.0000285e-02
   1.1928000e+03   1.9998422e-02
   1.2984000e+03   4.0000447e-02
   1.4133600e+03   4.0000876e-02
   1.5385000e+03   2.0000502e-02
   1.6747200e+03   1.9999102e-02
   1.8229900e+03   5.0001428e-02
   1.9844000e+03   1.0000229e-02
   2.1601000e+03   0.0000000e+00
   2.3513500e+03   1.9999520e-02
   2.5595300e+03   1.0000129e-02
   2.7861500e+03   9.9999385e-03
   3.0328300e+03   9.9998996e-03
   3.3013500e+03   2.0000189e-02
   3.5936500e+03   0.0000000e+00
   3.9118300e+03   2.0000119e-02
   4.2581800e+03   9.9999263e-03
   4.6351900e+03   9.9999321e-03
   5.0455800e+03   3.0000108e-02
   5.4923100e+03   0.0000000e+00
   5.9785900e+03   2.0000159e-02
   6.5079300e+03   9.9999510e-03
   7.0841300e+03   3.0000058e-02
   7.7113500e+03   9.9999661e-03
   8.3941000e+03   1.9999958e-02
   9.1373000e+03   0.0000000e+00
   9.9463000e+03   0.0000000e+00
   1.0826900e+04   1.9999943e-02
   1.1785500e+04   1.0000247e-02
   1.2829000e+04   0.0000000e+00
   1.3964900e+04   0.0000000e+00
   1.5201300e+04   0.0000000e+00
   1.6547200e+04   0.0000000e+00
   1.8012300e+04   0.0000000e+00
   1.9607100e+04   0.0000000e+00
   2.1343000e+04   0.0000000e+00
   2.3232700e+04   0.0000000e+00
   2.5289700e+04   9.9999326e-03
   2.7528800e+04   0.0000000e+00
   2.9966200e+04   1.0000150e-02
   3.2619400e+04   0.0000000e+00
   3.5507400e+04   0.0000000e+00
   3.8651200e+04   0.0000000e+00
   4.2073300e+04   0.0000000e+00
   4.5798400e+04   1.0000198e-02
   4.9853400e+04   0.0000000e+00
   5.4267300e+04   0.0000000e+00
   5.9072100e+04   0.0000000e+00
   6.4302200e+04   0.0000000e+00
   6.9995400e+04   0.0000000e+00
   7.6192700e+04   0.0000000e+00
   8.2938700e+04   0.0000000e+00
   9.0282000e+04   0.0000000e+00
   9.8275400e+04   0.0000000e+00
   1.0697700e+05   0.0000000e+00
   1.1644800e+05   0.0000000e+00
   1.2675800e+05   9.9999960e-03
   1.3798100e+05   0.0000000e+00
   1.5019800e+05   0.0000000e+00
   1.6349600e+05   0.0000000e+00
   1.7797200e+05   9.9997546e-03
