   5.3896300e+01   9.9999260e-03
   5.9149300e+01   0.0000000e+00
   6.4914300e+01   0.0000000e+00
   7.1241200e+01   0.0000000e+00
   7.8184800e+01   9.9999673e-03
   8.5805100e+01   0.0000000e+00
   9.4168100e+01   0.0000000e+00
   1.0334600e+02   2.0000647e-02
   1.1341900e+02   0.0000000e+00
   1.2447300e+02   1.0000116e-02
   1.3660500e+02   0.0000000e+00
   1.4992000e+02   0.0000000e+00
   1.6453200e+02   9.9999053e-03
   1.8056800e+02   1.9999856e-02
   1.9816700e+02   0.0000000e+00
   2.1748100e+02   3.0000114e-02
   2.3867800e+02   1.0000043e-02
   2.6194100e+02   9.9999223e-03
   2.8747100e+02   0.0000000e+00
   3.1549000e+02   3.9999529e-02
   3.4623900e+02   4.0000657e-02
   3.7998600e+02   1.9999752e-02
   4.1702100e+02   2.9999871e-02
   4.5766600e+02   1.0000086e-02
   5.0227300e+02   9.9999315e-03
   5.5122700e+02   1.0000074e-02
   6.0495300e+02   3.9999998e-02
   6.6391500e+02   9.9999096e-03
   7.2862300e+02   1.0000047e-02
   7.9963900e+02   9.9999406e-03
   8.7757600e+02   1.0000037e-02
   9.6311000e+02   2.0000036e-02
   1.0569800e+03   1.0000090e-02
   1.1600000e+03   5.0000107e-02
   1.2730600e+03   1.0000054e-02
   1.3971400e+03   1.9999560e-02
   1.5333100e+03   1.0000342e-02
   1.6827600e+03   9.9999685e-03
   1.8467700e+03   3.9998638e-02
   2.0267600e+03   4.0000072e-02
   2.2243000e+03   2.9999617e-02
   2.4410900e+03   1.0000317e-02
   2.6790200e+03   0.0000000e+00
   2.9401300e+03   1.9999939e-02
   3.2266900e+03   9.9999643e-03
   3.5411800e+03   3.9999655e-02
   3.8863200e+03   1.0000208e-02
   4.2651100e+03   0.0000000e+00
   4.6808100e+03   0.0000000e+00
   5.1370200e+03   0.0000000e+00
   5.6377100e+03   9.9999865e-03
   6.1871900e+03   2.9999657e-02
   6.7902200e+03   1.0000100e-02
   7.4520400e+03   1.9999817e-02
   8.1783500e+03   0.0000000e+00
   8.9754600e+03   2.0000028e-02
   9.8502600e+03   1.9999553e-02
   1.0810300e+04   2.0001228e-02
   1.1864000e+04   0.0000000e+00
   1.3020300e+04   0.0000000e+00
   1.4289300e+04   0.0000000e+00
   1.5682000e+04   2.0000575e-02
   1.7210500e+04   0.0000000e+00
   1.8887900e+04   0.0000000e+00
   2.0728800e+04   2.0000546e-02
   2.2749200e+04   9.9997272e-03
   2.4966400e+04   0.0000000e+00
   2.7399800e+04   1.9999748e-02
   3.0070300e+04   9.9999482e-03
   3.3001100e+04   1.0000098e-02
   3.6217600e+04   0.0000000e+00
   3.9747600e+04   0.0000000e+00
   4.3621600e+04   0.0000000e+00
   4.7873200e+04   1.0000031e-02
   5.2539200e+04   1.0000103e-02
   5.7660000e+04   1.9999800e-02
   6.3279800e+04   1.0000023e-02
   6.9447400e+04   0.0000000e+00
   7.6216100e+04   0.0000000e+00
   8.3644600e+04   9.9998969e-03
   9.1797000e+04   0.0000000e+00
   1.0074400e+05   0.0000000e+00
   1.1056300e+05   0.0000000e+00
   1.2133900e+05   1.0000521e-02
   1.3316600e+05   0.0000000e+00
   1.4614500e+05   0.0000000e+00
   1.6038900e+05   0.0000000e+00
   1.7602100e+05   0.0000000e+00
   1.9317700e+05   0.0000000e+00
   2.1200500e+05   0.0000000e+00
   2.3266800e+05   0.0000000e+00
   2.5534600e+05   0.0000000e+00
   2.8023300e+05   0.0000000e+00
   3.0754600e+05   0.0000000e+00
   3.3752100e+05   0.0000000e+00
   3.7041800e+05   0.0000000e+00
   4.0652100e+05   0.0000000e+00
   4.4614200e+05   0.0000000e+00
   4.8962600e+05   0.0000000e+00
