   4.2042700e+01   1.0000101e-02
   4.6278900e+01   0.0000000e+00
   5.0941900e+01   9.9999263e-03
   5.6074700e+01   0.0000000e+00
   6.1724700e+01   0.0000000e+00
   6.7944000e+01   1.0000089e-02
   7.4790000e+01   9.9999493e-03
   8.2325700e+01   9.9999543e-03
   9.0620700e+01   0.0000000e+00
   9.9751500e+01   0.0000000e+00
   1.0980200e+02   3.0001253e-02
   1.2086600e+02   2.9999285e-02
   1.3304400e+02   4.0001895e-02
   1.4645000e+02   1.9999987e-02
   1.6120600e+02   4.9997424e-02
   1.7744800e+02   2.0000568e-02
   1.9532800e+02   1.0000015e-02
   2.1500900e+02   2.0000010e-02
   2.3667300e+02   3.0000241e-02
   2.6052000e+02   4.9998833e-02
   2.8676900e+02   0.0000000e+00
   3.1566400e+02   3.0000151e-02
   3.4747000e+02   9.9998363e-03
   3.8248000e+02   3.9999746e-02
   4.2101800e+02   2.9999834e-02
   4.6343900e+02   2.0000224e-02
   5.1013500e+02   2.9999713e-02
   5.6153500e+02   1.0000062e-02
   6.1811500e+02   1.9999852e-02
   6.8039500e+02   3.0000106e-02
   7.4895100e+02   1.9999959e-02
   8.2441400e+02   2.0000042e-02
   9.0748100e+02   3.0000114e-02
   9.9891800e+02   2.0000458e-02
   1.0995700e+03   1.9999811e-02
   1.2103600e+03   0.0000000e+00
   1.3323100e+03   1.9999746e-02
   1.4665500e+03   1.0000143e-02
   1.6143200e+03   3.0000522e-02
   1.7769800e+03   0.0000000e+00
   1.9560200e+03   1.0000189e-02
   2.1531100e+03   0.0000000e+00
   2.3700600e+03   9.9998455e-03
   2.6088600e+03   9.9997990e-03
   2.8717200e+03   1.0000311e-02
   3.1610800e+03   0.0000000e+00
   3.4795800e+03   0.0000000e+00
   3.8301800e+03   9.9999204e-03
   4.2161000e+03   2.0000055e-02
   4.6409100e+03   0.0000000e+00
   5.1085200e+03   0.0000000e+00
   5.6232500e+03   0.0000000e+00
   6.1898400e+03   1.9999983e-02
   6.8135200e+03   1.9999975e-02
   7.5000400e+03   1.0000103e-02
   8.2557400e+03   9.9999275e-03
   9.0875700e+03   1.9999557e-02
   1.0003200e+04   0.0000000e+00
   1.1011100e+04   1.0000301e-02
   1.2120600e+04   2.0000742e-02
   1.3341900e+04   0.0000000e+00
   1.4686200e+04   0.0000000e+00
   1.6165900e+04   0.0000000e+00
   1.7794800e+04   0.0000000e+00
   1.9587800e+04   9.9998167e-03
   2.1561400e+04   2.0000035e-02
   2.3733900e+04   0.0000000e+00
   2.6125300e+04   0.0000000e+00
   2.8757600e+04   0.0000000e+00
   3.1655200e+04   0.0000000e+00
   3.4844700e+04   0.0000000e+00
   3.8355600e+04   0.0000000e+00
   4.2220300e+04   0.0000000e+00
   4.6474400e+04   9.9999995e-03
   5.1157100e+04   9.9999877e-03
   5.6311600e+04   0.0000000e+00
   6.1985400e+04   0.0000000e+00
   6.8231000e+04   0.0000000e+00
   7.5105900e+04   0.0000000e+00
   8.2673400e+04   1.0000035e-02
   9.1003500e+04   0.0000000e+00
   1.0017300e+05   0.0000000e+00
   1.1026600e+05   0.0000000e+00
   1.2137600e+05   0.0000000e+00
   1.3360600e+05   1.0000018e-02
   1.4706800e+05   0.0000000e+00
   1.6188600e+05   0.0000000e+00
   1.7819800e+05   0.0000000e+00
   1.9615300e+05   0.0000000e+00
   2.1591700e+05   0.0000000e+00
   2.3767300e+05   0.0000000e+00
   2.6162000e+05   0.0000000e+00
   2.8798100e+05   0.0000000e+00
   3.1699700e+05   0.0000000e+00
   3.4893700e+05   0.0000000e+00
   3.8409600e+05   0.0000000e+00
   4.2279700e+05   0.0000000e+00
   4.6539700e+05   0.0000000e+00
   5.1229000e+05   0.0000000e+00
