   3.6694600e+01   1.9999968e-02
   4.0147800e+01   9.9997995e-03
   4.3925900e+01   1.0000158e-02
   4.8059700e+01   0.0000000e+00
   5.2582400e+01   0.0000000e+00
   5.7530800e+01   0.0000000e+00
   6.2944800e+01   0.0000000e+00
   6.8868300e+01   1.0000053e-02
   7.5349300e+01   1.0000013e-02
   8.2440200e+01   1.0000009e-02
   9.0198400e+01   0.0000000e+00
   9.8686600e+01   2.0000695e-02
   1.0797400e+02   9.9999482e-03
   1.1813500e+02   4.9998708e-02
   1.2925200e+02   0.0000000e+00
   1.4141600e+02   1.9999795e-02
   1.5472400e+02   1.9999179e-02
   1.6928400e+02   1.0000128e-02
   1.8521500e+02   7.0000100e-02
   2.0264500e+02   3.9999516e-02
   2.2171500e+02   3.0000114e-02
   2.4258000e+02   1.0000243e-02
   2.6540900e+02   1.9999407e-02
   2.9038500e+02   4.0001087e-02
   3.1771300e+02   5.0000098e-02
   3.4761200e+02   9.9998294e-03
   3.8032400e+02   1.9999975e-02
   4.1611500e+02   1.9999872e-02
   4.5527400e+02   0.0000000e+00
   4.9811900e+02   0.0000000e+00
   5.4499500e+02   0.0000000e+00
   5.9628300e+02   1.9999927e-02
   6.5239700e+02   1.0000018e-02
   7.1379200e+02   0.0000000e+00
   7.8096500e+02   9.9999611e-03
   8.5445900e+02   1.9999897e-02
   9.3486900e+02   1.0000360e-02
   1.0228500e+03   9.9993162e-03
   1.1191000e+03   0.0000000e+00
   1.2244200e+03   9.9994714e-03
   1.3396400e+03   1.0000024e-02
   1.4657100e+03   2.0000886e-02
   1.6036500e+03   9.9997191e-03
   1.7545600e+03   0.0000000e+00
   1.9196800e+03   0.0000000e+00
   2.1003300e+03   2.0000425e-02
   2.2979900e+03   2.0000352e-02
   2.5142500e+03   1.9999372e-02
   2.7508500e+03   1.0000250e-02
   3.0097300e+03   1.9999607e-02
   3.2929600e+03   0.0000000e+00
   3.6028500e+03   9.9999068e-03
   3.9419000e+03   0.0000000e+00
   4.3128600e+03   4.0000031e-02
   4.7187300e+03   1.0000101e-02
   5.1628000e+03   9.9999105e-03
   5.6486500e+03   0.0000000e+00
   6.1802300e+03   0.0000000e+00
   6.7618300e+03   3.0000313e-02
   7.3981700e+03   0.0000000e+00
   8.0943800e+03   2.0000093e-02
   8.8561200e+03   9.9999566e-03
   9.6895400e+03   0.0000000e+00
   1.0601400e+04   2.0000792e-02
   1.1599100e+04   0.0000000e+00
   1.2690600e+04   0.0000000e+00
   1.3884900e+04   9.9995405e-03
   1.5191500e+04   0.0000000e+00
   1.6621200e+04   1.9999208e-02
   1.8185300e+04   0.0000000e+00
   1.9896700e+04   0.0000000e+00
   2.1769100e+04   0.0000000e+00
   2.3817700e+04   1.9999923e-02
   2.6059100e+04   1.0000250e-02
   2.8511500e+04   0.0000000e+00
   3.1194600e+04   0.0000000e+00
   3.4130200e+04   0.0000000e+00
   3.7342100e+04   0.0000000e+00
   4.0856200e+04   1.0000124e-02
   4.4701100e+04   0.0000000e+00
   4.8907800e+04   0.0000000e+00
   5.3510300e+04   2.0000088e-02
   5.8546000e+04   0.0000000e+00
   6.4055600e+04   0.0000000e+00
   7.0083600e+04   0.0000000e+00
   7.6679000e+04   0.0000000e+00
   8.3895000e+04   0.0000000e+00
   9.1790100e+04   9.9998377e-03
   1.0042800e+05   0.0000000e+00
   1.0987900e+05   9.9996486e-03
   1.2021900e+05   0.0000000e+00
   1.3153300e+05   0.0000000e+00
   1.4391100e+05   0.0000000e+00
   1.5745400e+05   0.0000000e+00
   1.7227200e+05   0.0000000e+00
   1.8848300e+05   0.0000000e+00
   2.0622100e+05   0.0000000e+00
   2.2562800e+05   0.0000000e+00
   2.4686100e+05   0.0000000e+00
