   8.2317900e+01   9.9999647e-03
   8.9764500e+01   0.0000000e+00
   9.7884800e+01   3.0001240e-02
   1.0674000e+02   0.0000000e+00
   1.1639500e+02   1.0000636e-02
   1.2692500e+02   1.0000145e-02
   1.3840700e+02   0.0000000e+00
   1.5092700e+02   9.9999077e-03
   1.6458000e+02   9.9998676e-03
   1.7946800e+02   0.0000000e+00
   1.9570300e+02   1.0000193e-02
   2.1340700e+02   4.9999564e-02
   2.3271200e+02   6.0001358e-02
   2.5376400e+02   3.0000049e-02
   2.7672000e+02   1.9999567e-02
   3.0175200e+02   0.0000000e+00
   3.2904900e+02   1.0000224e-02
   3.5881600e+02   1.9999970e-02
   3.9127500e+02   2.9999705e-02
   4.2667000e+02   3.9999615e-02
   4.6526700e+02   5.0000048e-02
   5.0735600e+02   2.0000306e-02
   5.5325300e+02   9.9999908e-03
   6.0330100e+02   0.0000000e+00
   6.5787600e+02   4.0000294e-02
   7.1738900e+02   2.9999928e-02
   7.8228500e+02   2.0000028e-02
   8.5305200e+02   2.9999832e-02
   9.3022000e+02   1.0000049e-02
   1.0143700e+03   9.9998213e-03
   1.1061300e+03   4.9998781e-02
   1.2061900e+03   1.0000521e-02
   1.3153100e+03   9.9995789e-03
   1.4342900e+03   3.0000276e-02
   1.5640400e+03   1.0000287e-02
   1.7055300e+03   0.0000000e+00
   1.8598100e+03   3.9999565e-02
   2.0280500e+03   1.0000473e-02
   2.2115200e+03   1.9999259e-02
   2.4115700e+03   2.0000472e-02
   2.6297300e+03   0.0000000e+00
   2.8676200e+03   0.0000000e+00
   3.1270300e+03   0.0000000e+00
   3.4099000e+03   1.0000135e-02
   3.7183700e+03   2.0000022e-02
   4.0547400e+03   5.0000342e-02
   4.4215400e+03   1.0000020e-02
   4.8215200e+03   0.0000000e+00
   5.2576800e+03   0.0000000e+00
   5.7333000e+03   0.0000000e+00
   6.2519400e+03   0.0000000e+00
   6.8175000e+03   1.0000092e-02
   7.4342300e+03   9.9999547e-03
   8.1067400e+03   0.0000000e+00
   8.8400900e+03   0.0000000e+00
   9.6397800e+03   0.0000000e+00
   1.0511800e+04   9.9998546e-03
   1.1462700e+04   0.0000000e+00
   1.2499700e+04   9.9996394e-03
   1.3630400e+04   0.0000000e+00
   1.4863400e+04   0.0000000e+00
   1.6208000e+04   0.0000000e+00
   1.7674200e+04   0.0000000e+00
   1.9273000e+04   0.0000000e+00
   2.1016500e+04   0.0000000e+00
   2.2917700e+04   1.0000122e-02
   2.4990900e+04   9.9999352e-03
   2.7251600e+04   0.0000000e+00
   2.9716800e+04   0.0000000e+00
   3.2405100e+04   0.0000000e+00
   3.5336500e+04   2.0000007e-02
   3.8533100e+04   0.0000000e+00
   4.2018800e+04   0.0000000e+00
   4.5819900e+04   0.0000000e+00
   4.9964900e+04   1.0000008e-02
   5.4484800e+04   0.0000000e+00
   5.9413600e+04   9.9999270e-03
   6.4788200e+04   0.0000000e+00
   7.0649100e+04   9.9999338e-03
   7.7040100e+04   0.0000000e+00
   8.4009300e+04   1.0000010e-02
   9.1608900e+04   0.0000000e+00
   9.9896000e+04   1.0000254e-02
   1.0893300e+05   0.0000000e+00
   1.1878700e+05   0.0000000e+00
   1.2953300e+05   0.0000000e+00
   1.4125000e+05   0.0000000e+00
   1.5402800e+05   0.0000000e+00
   1.6796200e+05   0.0000000e+00
   1.8315600e+05   0.0000000e+00
   1.9972500e+05   0.0000000e+00
   2.1779200e+05   0.0000000e+00
   2.3749400e+05   0.0000000e+00
   2.5897800e+05   0.0000000e+00
   2.8240500e+05   0.0000000e+00
   3.0795200e+05   0.0000000e+00
   3.3581000e+05   0.0000000e+00
   3.6618800e+05   0.0000000e+00
   3.9931400e+05   0.0000000e+00
