   5.6467400e+01   3.0000495e-02
   6.1689600e+01   0.0000000e+00
   6.7394600e+01   0.0000000e+00
   7.3627300e+01   0.0000000e+00
   8.0436300e+01   0.0000000e+00
   8.7875100e+01   9.9999856e-03
   9.6001800e+01   2.9999882e-02
   1.0488000e+02   1.9999338e-02
   1.1457900e+02   1.0000664e-02
   1.2517600e+02   9.9997887e-03
   1.3675200e+02   4.0000564e-02
   1.4939900e+02   9.9997168e-03
   1.6321500e+02   0.0000000e+00
   1.7830900e+02   2.9999927e-02
   1.9479900e+02   1.9999893e-02
   2.1281400e+02   1.9999832e-02
   2.3249500e+02   3.0001096e-02
   2.5399700e+02   2.9999211e-02
   2.7748600e+02   3.0000161e-02
   3.0314800e+02   9.9999443e-03
   3.3118300e+02   3.0000157e-02
   3.6181100e+02   9.9999225e-03
   3.9527100e+02   0.0000000e+00
   4.3182600e+02   9.9999237e-03
   4.7176100e+02   7.0000549e-02
   5.1539000e+02   2.9999807e-02
   5.6305300e+02   0.0000000e+00
   6.1512400e+02   1.0000052e-02
   6.7201100e+02   5.0000303e-02
   7.3415900e+02   9.9999830e-03
   8.0205400e+02   2.9999971e-02
   8.7622800e+02   1.9999836e-02
   9.5726100e+02   2.0000295e-02
   1.0457900e+03   4.9997619e-02
   1.1425000e+03   3.0000361e-02
   1.2481600e+03   9.9999895e-03
   1.3635900e+03   2.0000794e-02
   1.4897000e+03   1.0000201e-02
   1.6274700e+03   0.0000000e+00
   1.7779700e+03   0.0000000e+00
   1.9424000e+03   0.0000000e+00
   2.1220300e+03   1.0000213e-02
   2.3182800e+03   0.0000000e+00
   2.5326700e+03   0.0000000e+00
   2.7669000e+03   0.0000000e+00
   3.0227800e+03   0.0000000e+00
   3.3023200e+03   1.0000018e-02
   3.6077200e+03   1.0000225e-02
   3.9413700e+03   2.9999349e-02
   4.3058600e+03   4.0000195e-02
   4.7040700e+03   2.9999799e-02
   5.1391000e+03   0.0000000e+00
   5.6143700e+03   1.0000073e-02
   6.1335900e+03   0.0000000e+00
   6.7008200e+03   9.9999375e-03
   7.3205100e+03   9.9999670e-03
   7.9975100e+03   0.0000000e+00
   8.7371200e+03   1.0000013e-02
   9.5451300e+03   2.0000832e-02
   1.0427900e+04   0.0000000e+00
   1.1392200e+04   0.0000000e+00
   1.2445800e+04   1.0000107e-02
   1.3596800e+04   0.0000000e+00
   1.4854200e+04   9.9998629e-03
   1.6227900e+04   1.0000266e-02
   1.7728700e+04   0.0000000e+00
   1.9368200e+04   0.0000000e+00
   2.1159400e+04   0.0000000e+00
   2.3116200e+04   0.0000000e+00
   2.5254000e+04   1.0000027e-02
   2.7589500e+04   0.0000000e+00
   3.0141000e+04   0.0000000e+00
   3.2928400e+04   0.0000000e+00
   3.5973700e+04   0.0000000e+00
   3.9300500e+04   0.0000000e+00
   4.2935000e+04   0.0000000e+00
   4.6905700e+04   0.0000000e+00
   5.1243500e+04   0.0000000e+00
   5.5982500e+04   0.0000000e+00
   6.1159800e+04   0.0000000e+00
   6.6815800e+04   0.0000000e+00
   7.2994900e+04   1.0000001e-02
   7.9745500e+04   0.0000000e+00
   8.7120400e+04   0.0000000e+00
   9.5177300e+04   0.0000000e+00
   1.0397900e+05   0.0000000e+00
   1.1359500e+05   0.0000000e+00
   1.2410100e+05   0.0000000e+00
   1.3557700e+05   0.0000000e+00
   1.4811600e+05   9.9994538e-03
   1.6181300e+05   0.0000000e+00
   1.7677800e+05   0.0000000e+00
   1.9312600e+05   0.0000000e+00
   2.1098700e+05   0.0000000e+00
   2.3049900e+05   0.0000000e+00
   2.5181500e+05   0.0000000e+00
   2.7510300e+05   0.0000000e+00
   3.0054500e+05   0.0000000e+00
   3.2833900e+05   1.0000075e-02
