   1.0821500e+02   1.9998652e-02
   1.1946600e+02   3.0000745e-02
   1.3188800e+02   1.9999725e-02
   1.4560100e+02   1.9999830e-02
   1.6074000e+02   2.9999668e-02
   1.7745300e+02   1.0000018e-02
   1.9590400e+02   5.0001424e-02
   2.1627400e+02   3.9999426e-02
   2.3876100e+02   2.0000372e-02
   2.6358700e+02   1.0000074e-02
   2.9099400e+02   4.9999250e-02
   3.2125000e+02   9.9998908e-03
   3.5465200e+02   2.0000289e-02
   3.9152800e+02   4.0000343e-02
   4.3223800e+02   6.9999412e-02
   4.7718000e+02   1.9999806e-02
   5.2679500e+02   3.0000377e-02
   5.8157000e+02   9.9999399e-03
   6.4203900e+02   3.0000062e-02
   7.0879600e+02   1.0000008e-02
   7.8249400e+02   2.9999997e-02
   8.6385500e+02   1.0000041e-02
   9.5367600e+02   1.0000392e-02
   1.0528400e+03   9.9999969e-03
   1.1623100e+03   1.9999587e-02
   1.2831600e+03   1.0000149e-02
   1.4165800e+03   1.9999920e-02
   1.5638700e+03   0.0000000e+00
   1.7264700e+03   1.9999748e-02
   1.9059800e+03   2.0000326e-02
   2.1041600e+03   0.0000000e+00
   2.3229400e+03   1.9999892e-02
   2.5644700e+03   2.0000377e-02
   2.8311200e+03   3.0000130e-02
   3.1254900e+03   1.0000090e-02
   3.4504700e+03   2.9999404e-02
   3.8092300e+03   1.9999990e-02
   4.2053000e+03   2.0000360e-02
   4.6425600e+03   9.9998686e-03
   5.1252700e+03   0.0000000e+00
   5.6581800e+03   2.0000115e-02
   6.2465000e+03   1.9999762e-02
   6.8959800e+03   1.9999982e-02
   7.6130000e+03   0.0000000e+00
   8.4045800e+03   9.9999566e-03
   9.2784500e+03   0.0000000e+00
   1.0243200e+04   0.0000000e+00
   1.1308200e+04   0.0000000e+00
   1.2484000e+04   1.0000433e-02
   1.3782100e+04   9.9999326e-03
   1.5215100e+04   0.0000000e+00
   1.6797100e+04   0.0000000e+00
   1.8543600e+04   0.0000000e+00
   2.0471700e+04   0.0000000e+00
   2.2600300e+04   0.0000000e+00
   2.4950200e+04   0.0000000e+00
   2.7544400e+04   0.0000000e+00
   3.0408400e+04   9.9998564e-03
   3.3570100e+04   0.0000000e+00
   3.7060600e+04   1.9999878e-02
   4.0914000e+04   0.0000000e+00
   4.5168100e+04   0.0000000e+00
   4.9864500e+04   0.0000000e+00
   5.5049300e+04   0.0000000e+00
   6.0773100e+04   0.0000000e+00
   6.7092100e+04   0.0000000e+00
   7.4068100e+04   0.0000000e+00
   8.1769400e+04   0.0000000e+00
   9.0271500e+04   0.0000000e+00
   9.9657600e+04   0.0000000e+00
   1.1002000e+05   0.0000000e+00
   1.2145900e+05   0.0000000e+00
   1.3408800e+05   0.0000000e+00
   1.4803000e+05   0.0000000e+00
   1.6342100e+05   0.0000000e+00
   1.8041300e+05   0.0000000e+00
   1.9917200e+05   0.0000000e+00
   2.1988100e+05   0.0000000e+00
   2.4274400e+05   0.0000000e+00
   2.6798300e+05   0.0000000e+00
   2.9584700e+05   1.0000265e-02
   3.2660900e+05   0.0000000e+00
   3.6056800e+05   0.0000000e+00
   3.9805900e+05   9.9998375e-03
   4.3944700e+05   0.0000000e+00
   4.8514000e+05   0.0000000e+00
   5.3558300e+05   0.0000000e+00
   5.9127100e+05   0.0000000e+00
   6.5274900e+05   0.0000000e+00
   7.2061900e+05   0.0000000e+00
   7.9554700e+05   0.0000000e+00
   8.7826500e+05   0.0000000e+00
   9.6958300e+05   0.0000000e+00
   1.0704000e+06   0.0000000e+00
   1.1816900e+06   0.0000000e+00
   1.3045600e+06   0.0000000e+00
   1.4402000e+06   0.0000000e+00
   1.5899500e+06   0.0000000e+00
   1.7552700e+06   1.0000197e-02
