   4.7908800e+01   1.0000011e-02
   5.1589700e+01   0.0000000e+00
   5.5553400e+01   0.0000000e+00
   5.9821700e+01   0.0000000e+00
   6.4417800e+01   0.0000000e+00
   6.9367100e+01   2.0000177e-02
   7.4696700e+01   0.0000000e+00
   8.0435700e+01   1.0000043e-02
   8.6615700e+01   1.0000035e-02
   9.3270500e+01   0.0000000e+00
   1.0043700e+02   9.9991644e-03
   1.0815300e+02   0.0000000e+00
   1.1646300e+02   1.0000016e-02
   1.2541100e+02   1.9999080e-02
   1.3504600e+02   1.0000233e-02
   1.4542200e+02   1.0000047e-02
   1.5659500e+02   9.9996860e-03
   1.6862600e+02   1.0000192e-02
   1.8158200e+02   2.9999672e-02
   1.9553300e+02   2.9999879e-02
   2.1055600e+02   1.0000447e-02
   2.2673400e+02   1.9999728e-02
   2.4415400e+02   0.0000000e+00
   2.6291200e+02   2.0000121e-02
   2.8311200e+02   2.0000137e-02
   3.0486400e+02   3.9999926e-02
   3.2828700e+02   3.0000488e-02
   3.5351000e+02   0.0000000e+00
   3.8067000e+02   2.0000426e-02
   4.0991800e+02   9.9998489e-03
   4.4141200e+02   9.9999160e-03
   4.7532600e+02   1.0000016e-02
   5.1184600e+02   3.0000193e-02
   5.5117200e+02   3.9999790e-02
   5.9351900e+02   2.0000097e-02
   6.3912000e+02   3.0000405e-02
   6.8822500e+02   9.9999925e-03
   7.4110200e+02   6.9999098e-02
   7.9804100e+02   1.0000109e-02
   8.5935600e+02   9.9999484e-03
   9.2538100e+02   1.0000005e-02
   9.9647900e+02   0.0000000e+00
   1.0730400e+03   2.9998927e-02
   1.1554800e+03   1.0000357e-02
   1.2442600e+03   1.0000238e-02
   1.3398600e+03   0.0000000e+00
   1.4428000e+03   0.0000000e+00
   1.5536500e+03   2.0000205e-02
   1.6730200e+03   9.9999750e-03
   1.8015600e+03   1.0000277e-02
   1.9399800e+03   9.9999434e-03
   2.0890300e+03   2.9999536e-02
   2.2495300e+03   2.0000699e-02
   2.4223700e+03   0.0000000e+00
   2.6084800e+03   1.9999736e-02
   2.8088900e+03   9.9999664e-03
   3.0247000e+03   9.9999276e-03
   3.2570900e+03   0.0000000e+00
   3.5073400e+03   9.9998970e-03
   3.7768100e+03   1.0000096e-02
   4.0669900e+03   9.9999462e-03
   4.3794600e+03   0.0000000e+00
   4.7159400e+03   9.9999457e-03
   5.0782700e+03   1.9999997e-02
   5.4684400e+03   2.0000148e-02
   5.8885900e+03   1.0000060e-02
   6.3410200e+03   0.0000000e+00
   6.8282100e+03   0.0000000e+00
   7.3528200e+03   1.0000052e-02
   7.9177500e+03   0.0000000e+00
   8.5260800e+03   1.0000037e-02
   9.1811500e+03   0.0000000e+00
   9.8865500e+03   9.9993998e-03
   1.0646100e+04   0.0000000e+00
   1.1464100e+04   1.9999973e-02
   1.2344900e+04   1.0000320e-02
   1.3293400e+04   0.0000000e+00
   1.4314700e+04   0.0000000e+00
   1.5414500e+04   1.0000695e-02
   1.6598900e+04   9.9999206e-03
   1.7874200e+04   0.0000000e+00
   1.9247500e+04   0.0000000e+00
   2.0726300e+04   9.9998580e-03
   2.2318700e+04   0.0000000e+00
   2.4033500e+04   0.0000000e+00
   2.5880000e+04   0.0000000e+00
   2.7868400e+04   0.0000000e+00
   3.0009500e+04   0.0000000e+00
   3.2315200e+04   0.0000000e+00
   3.4798000e+04   1.0000093e-02
   3.7471600e+04   0.0000000e+00
   4.0350600e+04   0.0000000e+00
   4.3450700e+04   0.0000000e+00
   4.6789100e+04   0.0000000e+00
   5.0384000e+04   0.0000000e+00
   5.4255000e+04   0.0000000e+00
   5.8423500e+04   0.0000000e+00
   6.2912300e+04   0.0000000e+00
   6.7745900e+04   1.0000002e-02
