   5.9859600e+01   9.9998485e-03
   6.5038400e+01   1.0000079e-02
   7.0665400e+01   0.0000000e+00
   7.6779200e+01   0.0000000e+00
   8.3421900e+01   0.0000000e+00
   9.0639300e+01   0.0000000e+00
   9.8481200e+01   9.9994337e-03
   1.0700100e+02   0.0000000e+00
   1.1625900e+02   0.0000000e+00
   1.2631700e+02   1.0000341e-02
   1.3724600e+02   9.9998791e-03
   1.4912000e+02   1.0000418e-02
   1.6202200e+02   9.9995316e-03
   1.7603900e+02   0.0000000e+00
   1.9127000e+02   9.9999233e-03
   2.0781800e+02   1.0000098e-02
   2.2579800e+02   1.9999542e-02
   2.4533300e+02   0.0000000e+00
   2.6655900e+02   0.0000000e+00
   2.8962000e+02   0.0000000e+00
   3.1467800e+02   3.0000044e-02
   3.4190300e+02   1.9999689e-02
   3.7148300e+02   0.0000000e+00
   4.0362300e+02   1.9999801e-02
   4.3854300e+02   1.0000107e-02
   4.7648500e+02   4.9999765e-02
   5.1770900e+02   1.9999676e-02
   5.6249900e+02   2.0000023e-02
   6.1116500e+02   2.0000249e-02
   6.6404200e+02   0.0000000e+00
   7.2149300e+02   0.0000000e+00
   7.8391400e+02   2.9999977e-02
   8.5173600e+02   1.0000028e-02
   9.2542600e+02   1.9999667e-02
   1.0054900e+03   4.9998633e-02
   1.0924800e+03   3.0000459e-02
   1.1870000e+03   0.0000000e+00
   1.2897000e+03   3.9999533e-02
   1.4012800e+03   0.0000000e+00
   1.5225100e+03   1.0000481e-02
   1.6542400e+03   2.0000018e-02
   1.7973600e+03   9.9998474e-03
   1.9528600e+03   2.0000471e-02
   2.1218200e+03   1.9999584e-02
   2.3053900e+03   0.0000000e+00
   2.5048500e+03   2.9999599e-02
   2.7215600e+03   1.9999855e-02
   2.9570200e+03   0.0000000e+00
   3.2128500e+03   3.0000190e-02
   3.4908200e+03   3.0000371e-02
   3.7928400e+03   1.9999641e-02
   4.1209800e+03   1.0000127e-02
   4.4775200e+03   0.0000000e+00
   4.8649000e+03   1.0000037e-02
   5.2858000e+03   0.0000000e+00
   5.7431100e+03   0.0000000e+00
   6.2399900e+03   3.0000198e-02
   6.7798600e+03   2.9999771e-02
   7.3664300e+03   1.0000090e-02
   8.0037600e+03   9.9999534e-03
   8.6962200e+03   1.9999951e-02
   9.4485900e+03   0.0000000e+00
   1.0266100e+04   0.0000000e+00
   1.1154200e+04   1.0000656e-02
   1.2119300e+04   0.0000000e+00
   1.3167800e+04   0.0000000e+00
   1.4307100e+04   0.0000000e+00
   1.5544900e+04   0.0000000e+00
   1.6889800e+04   0.0000000e+00
   1.8351000e+04   1.0000144e-02
   1.9938700e+04   9.9997732e-03
   2.1663700e+04   0.0000000e+00
   2.3538000e+04   0.0000000e+00
   2.5574500e+04   9.9998678e-03
   2.7787100e+04   0.0000000e+00
   3.0191100e+04   0.0000000e+00
   3.2803200e+04   9.9998633e-03
   3.5641200e+04   1.0000053e-02
   3.8724800e+04   1.0000106e-02
   4.2075200e+04   0.0000000e+00
   4.5715400e+04   1.0000090e-02
   4.9670600e+04   1.0000093e-02
   5.3968000e+04   1.9999763e-02
   5.8637100e+04   1.9999936e-02
   6.3710200e+04   0.0000000e+00
   6.9222300e+04   9.9999658e-03
   7.5211200e+04   9.9998925e-03
   8.1718200e+04   0.0000000e+00
   8.8788300e+04   0.0000000e+00
   9.6470000e+04   0.0000000e+00
   1.0481600e+05   1.0000658e-02
   1.1388500e+05   0.0000000e+00
   1.2373800e+05   0.0000000e+00
   1.3444300e+05   0.0000000e+00
   1.4607500e+05   1.0000007e-02
   1.5871300e+05   0.0000000e+00
   1.7244400e+05   0.0000000e+00
   1.8736400e+05   9.9998842e-03
   2.0357400e+05   9.9996357e-03
