   3.8193500e+01   1.9999696e-02
   4.2053700e+01   9.9999586e-03
   4.6304100e+01   0.0000000e+00
   5.0984200e+01   0.0000000e+00
   5.6137200e+01   0.0000000e+00
   6.1811000e+01   0.0000000e+00
   6.8058300e+01   2.0000180e-02
   7.4937100e+01   0.0000000e+00
   8.2511100e+01   0.0000000e+00
   9.0850500e+01   1.0000110e-02
   1.0003300e+02   1.9999097e-02
   1.1014300e+02   1.0000618e-02
   1.2127600e+02   9.9996161e-03
   1.3353300e+02   9.9997397e-03
   1.4702900e+02   2.0000825e-02
   1.6189000e+02   9.9997508e-03
   1.7825200e+02   2.9999703e-02
   1.9626800e+02   1.0000475e-02
   2.1610600e+02   2.9999987e-02
   2.3794800e+02   0.0000000e+00
   2.6199700e+02   1.0000232e-02
   2.8847800e+02   2.9999192e-02
   3.1763400e+02   2.0000214e-02
   3.4973800e+02   9.9998785e-03
   3.8508600e+02   2.0000459e-02
   4.2400800e+02   2.9999343e-02
   4.6686200e+02   4.0000561e-02
   5.1404900e+02   9.9998828e-03
   5.6600400e+02   1.0000070e-02
   6.2321100e+02   4.0000220e-02
   6.8620000e+02   1.0000020e-02
   7.5555500e+02   2.9999674e-02
   8.3191900e+02   3.9999965e-02
   9.1600200e+02   9.9996275e-03
   1.0085800e+03   3.0000330e-02
   1.1105200e+03   9.9998432e-03
   1.2227600e+03   0.0000000e+00
   1.3463500e+03   2.0000358e-02
   1.4824300e+03   9.9999539e-03
   1.6322600e+03   9.9997390e-03
   1.7972300e+03   2.0000210e-02
   1.9788800e+03   2.0000220e-02
   2.1788900e+03   1.9999742e-02
   2.3991100e+03   9.9999722e-03
   2.6415900e+03   2.0000087e-02
   2.9085800e+03   0.0000000e+00
   3.2025500e+03   0.0000000e+00
   3.5262400e+03   3.9999841e-02
   3.8826400e+03   9.9999211e-03
   4.2750600e+03   1.0000118e-02
   4.7071500e+03   2.0000142e-02
   5.1829100e+03   1.9999897e-02
   5.7067500e+03   0.0000000e+00
   6.2835400e+03   3.9999752e-02
   6.9186200e+03   0.0000000e+00
   7.6178900e+03   1.0000034e-02
   8.3878400e+03   0.0000000e+00
   9.2356100e+03   0.0000000e+00
   1.0169100e+04   2.0000063e-02
   1.1196900e+04   9.9992929e-03
   1.2328500e+04   0.0000000e+00
   1.3574600e+04   1.0000000e-02
   1.4946600e+04   0.0000000e+00
   1.6457300e+04   1.9999353e-02
   1.8120600e+04   1.0000155e-02
   1.9952100e+04   0.0000000e+00
   2.1968700e+04   9.9999933e-03
   2.4189100e+04   0.0000000e+00
   2.6633900e+04   0.0000000e+00
   2.9325800e+04   0.0000000e+00
   3.2289800e+04   1.0000095e-02
   3.5553400e+04   0.0000000e+00
   3.9146800e+04   0.0000000e+00
   4.3103400e+04   9.9999537e-03
   4.7459900e+04   0.0000000e+00
   5.2256800e+04   0.0000000e+00
   5.7538400e+04   0.0000000e+00
   6.3353900e+04   0.0000000e+00
   6.9757100e+04   1.0000077e-02
   7.6807600e+04   0.0000000e+00
   8.4570600e+04   0.0000000e+00
   9.3118200e+04   0.0000000e+00
   1.0253000e+05   0.0000000e+00
   1.1289300e+05   0.0000000e+00
   1.2430300e+05   9.9996580e-03
   1.3686600e+05   9.9998342e-03
   1.5069900e+05   0.0000000e+00
   1.6593100e+05   1.0000111e-02
   1.8270200e+05   0.0000000e+00
   2.0116700e+05   0.0000000e+00
   2.2150000e+05   0.0000000e+00
   2.4388700e+05   0.0000000e+00
   2.6853700e+05   9.9998843e-03
   2.9567800e+05   0.0000000e+00
   3.2556300e+05   0.0000000e+00
   3.5846800e+05   0.0000000e+00
   3.9469800e+05   0.0000000e+00
   4.3459100e+05   0.0000000e+00
   4.7851600e+05   0.0000000e+00
