   6.1698500e+01   1.0000099e-02
   6.6389000e+01   0.0000000e+00
   7.1436000e+01   0.0000000e+00
   7.6866700e+01   1.0000036e-02
   8.2710300e+01   0.0000000e+00
   8.8998100e+01   0.0000000e+00
   9.5764000e+01   3.9999014e-02
   1.0304400e+02   0.0000000e+00
   1.1087800e+02   1.9999657e-02
   1.1930700e+02   1.0000038e-02
   1.2837700e+02   0.0000000e+00
   1.3813600e+02   3.0001694e-02
   1.4863800e+02   4.0000870e-02
   1.5993800e+02   0.0000000e+00
   1.7209600e+02   2.9999711e-02
   1.8517900e+02   2.0000333e-02
   1.9925700e+02   1.0000028e-02
   2.1440500e+02   2.0000589e-02
   2.3070500e+02   2.9998924e-02
   2.4824300e+02   1.0000009e-02
   2.6711500e+02   4.0000729e-02
   2.8742200e+02   3.9999265e-02
   3.0927200e+02   3.0000607e-02
   3.3278400e+02   1.0000012e-02
   3.5808300e+02   2.9999733e-02
   3.8530500e+02   2.0000197e-02
   4.1459700e+02   9.9998419e-03
   4.4611500e+02   3.0000327e-02
   4.8003000e+02   3.0000092e-02
   5.1652300e+02   0.0000000e+00
   5.5579000e+02   1.9999857e-02
   5.9804200e+02   4.0000471e-02
   6.4350700e+02   1.0000039e-02
   6.9242800e+02   1.9999714e-02
   7.4506700e+02   2.0000120e-02
   8.0170900e+02   0.0000000e+00
   8.6265700e+02   1.9999975e-02
   9.2823800e+02   9.9999079e-03
   9.9880400e+02   0.0000000e+00
   1.0747400e+03   0.0000000e+00
   1.1564400e+03   1.9998910e-02
   1.2443500e+03   2.0000332e-02
   1.3389500e+03   1.0000002e-02
   1.4407400e+03   2.0000288e-02
   1.5502700e+03   3.0001263e-02
   1.6681300e+03   0.0000000e+00
   1.7949400e+03   0.0000000e+00
   1.9314000e+03   9.9994110e-03
   2.0782200e+03   9.9999455e-03
   2.2362100e+03   0.0000000e+00
   2.4062200e+03   0.0000000e+00
   2.5891400e+03   0.0000000e+00
   2.7859700e+03   2.0000401e-02
   2.9977700e+03   1.0000138e-02
   3.2256700e+03   9.9999245e-03
   3.4708900e+03   9.9998454e-03
   3.7347500e+03   1.0000213e-02
   4.0186800e+03   0.0000000e+00
   4.3241900e+03   0.0000000e+00
   4.6529200e+03   9.9998766e-03
   5.0066400e+03   1.0000105e-02
   5.3872600e+03   9.9999824e-03
   5.7968100e+03   0.0000000e+00
   6.2375000e+03   0.0000000e+00
   6.7116800e+03   0.0000000e+00
   7.2219200e+03   2.0000175e-02
   7.7709500e+03   1.9999884e-02
   8.3617100e+03   9.9999155e-03
   8.9973800e+03   2.0000023e-02
   9.6813800e+03   0.0000000e+00
   1.0417400e+04   0.0000000e+00
   1.1209300e+04   0.0000000e+00
   1.2061500e+04   9.9995280e-03
   1.2978400e+04   0.0000000e+00
   1.3965100e+04   0.0000000e+00
   1.5026700e+04   0.0000000e+00
   1.6169100e+04   0.0000000e+00
   1.7398300e+04   0.0000000e+00
   1.8721000e+04   0.0000000e+00
   2.0144200e+04   0.0000000e+00
   2.1675600e+04   0.0000000e+00
   2.3323400e+04   1.0000036e-02
   2.5096500e+04   0.0000000e+00
   2.7004400e+04   0.0000000e+00
   2.9057300e+04   0.0000000e+00
   3.1266300e+04   0.0000000e+00
   3.3643200e+04   0.0000000e+00
   3.6200900e+04   0.0000000e+00
   3.8952900e+04   1.0000044e-02
   4.1914200e+04   0.0000000e+00
   4.5100600e+04   1.0000146e-02
   4.8529300e+04   0.0000000e+00
   5.2218600e+04   0.0000000e+00
   5.6188300e+04   1.0000115e-02
   6.0459900e+04   0.0000000e+00
   6.5056200e+04   0.0000000e+00
   7.0001900e+04   0.0000000e+00
   7.5323600e+04   0.0000000e+00
   8.1049800e+04   1.0000030e-02
