   3.8531200e+01   2.9999545e-02
   4.3389300e+01   4.0000630e-02
   4.8860100e+01   9.9998693e-03
   5.5020500e+01   1.0000118e-02
   6.1957800e+01   1.0000013e-02
   6.9769700e+01   0.0000000e+00
   7.8566500e+01   1.0000008e-02
   8.8472500e+01   4.0000045e-02
   9.9627500e+01   2.0000043e-02
   1.1218900e+02   9.9998078e-02
   1.2633400e+02   2.0000293e-02
   1.4226300e+02   9.9999313e-03
   1.6020000e+02   2.0000282e-02
   1.8039900e+02   2.9999290e-02
   2.0314400e+02   6.0001563e-02
   2.2875800e+02   1.9999475e-02
   2.5760000e+02   6.0001278e-02
   2.9008000e+02   1.9999724e-02
   3.2665400e+02   0.0000000e+00
   3.6784000e+02   3.0000071e-02
   4.1421900e+02   1.0000113e-02
   4.6644600e+02   5.9999570e-02
   5.2525700e+02   2.0000090e-02
   5.9148400e+02   1.9999792e-02
   6.6606000e+02   3.0000091e-02
   7.5004000e+02   4.0000323e-02
   8.4460900e+02   0.0000000e+00
   9.5110000e+02   0.0000000e+00
   1.0710200e+03   3.0000351e-02
   1.2060600e+03   9.9996785e-03
   1.3581200e+03   1.0000125e-02
   1.5293600e+03   0.0000000e+00
   1.7221900e+03   1.9999919e-02
   1.9393300e+03   0.0000000e+00
   2.1838500e+03   1.0000024e-02
   2.4592000e+03   9.9998071e-03
   2.7692600e+03   9.9999773e-03
   3.1184200e+03   1.0000159e-02
   3.5116100e+03   2.0000045e-02
   3.9543700e+03   1.9999839e-02
   4.4529500e+03   1.0000042e-02
   5.0144000e+03   1.0000077e-02
   5.6466400e+03   9.9999785e-03
   6.3585900e+03   0.0000000e+00
   7.1603100e+03   0.0000000e+00
   8.0631100e+03   2.9999938e-02
   9.0797400e+03   0.0000000e+00
   1.0224600e+04   0.0000000e+00
   1.1513700e+04   0.0000000e+00
   1.2965400e+04   0.0000000e+00
   1.4600100e+04   0.0000000e+00
   1.6441000e+04   0.0000000e+00
   1.8513900e+04   0.0000000e+00
   2.0848300e+04   9.9998516e-03
   2.3476900e+04   0.0000000e+00
   2.6437000e+04   0.0000000e+00
   2.9770200e+04   1.0000116e-02
   3.3523800e+04   0.0000000e+00
   3.7750600e+04   0.0000000e+00
   4.2510400e+04   0.0000000e+00
   4.7870300e+04   0.0000000e+00
   5.3906000e+04   9.9999847e-03
   6.0702700e+04   9.9999642e-03
   6.8356300e+04   0.0000000e+00
   7.6975000e+04   0.0000000e+00
   8.6680300e+04   0.0000000e+00
   9.7609300e+04   0.0000000e+00
   1.0991600e+05   0.0000000e+00
   1.2377500e+05   0.0000000e+00
   1.3938100e+05   0.0000000e+00
   1.5695500e+05   0.0000000e+00
   1.7674400e+05   0.0000000e+00
   1.9902900e+05   0.0000000e+00
   2.2412400e+05   9.9998280e-03
   2.5238200e+05   0.0000000e+00
   2.8420300e+05   0.0000000e+00
   3.2003700e+05   0.0000000e+00
   3.6038900e+05   0.0000000e+00
   4.0582800e+05   0.0000000e+00
   4.5699700e+05   0.0000000e+00
   5.1461700e+05   0.0000000e+00
   5.7950200e+05   9.9999589e-03
   6.5256800e+05   0.0000000e+00
   7.3484600e+05   0.0000000e+00
   8.2749900e+05   0.0000000e+00
   9.3183300e+05   0.0000000e+00
   1.0493200e+06   0.0000000e+00
   1.1816300e+06   0.0000000e+00
   1.3306100e+06   0.0000000e+00
   1.4983800e+06   0.0000000e+00
   1.6873000e+06   0.0000000e+00
   1.9000400e+06   0.0000000e+00
   2.1396100e+06   0.0000000e+00
   2.4093800e+06   0.0000000e+00
   2.7131700e+06   0.0000000e+00
   3.0552500e+06   0.0000000e+00
   3.4404700e+06   0.0000000e+00
   3.8742600e+06   0.0000000e+00
   4.3627500e+06   9.9999426e-03
