   4.9220100e+01   1.0000017e-02
   5.3912300e+01   2.0000004e-02
   5.9051800e+01   0.0000000e+00
   6.4681200e+01   0.0000000e+00
   7.0847300e+01   0.0000000e+00
   7.7601300e+01   1.0000050e-02
   8.4999100e+01   0.0000000e+00
   9.3102100e+01   2.0000953e-02
   1.0197800e+02   9.9994094e-03
   1.1169900e+02   9.9996752e-03
   1.2234700e+02   1.0000457e-02
   1.3401100e+02   9.9997335e-03
   1.4678600e+02   2.0001064e-02
   1.6078000e+02   1.9999742e-02
   1.7610700e+02   0.0000000e+00
   1.9289500e+02   1.0000104e-02
   2.1128400e+02   4.0000401e-02
   2.3142600e+02   3.0000128e-02
   2.5348800e+02   1.9999872e-02
   2.7765300e+02   1.0000068e-02
   3.0412200e+02   3.9999972e-02
   3.3311400e+02   3.0000052e-02
   3.6487000e+02   1.9999842e-02
   3.9965300e+02   9.9999588e-03
   4.3775200e+02   2.9999873e-02
   4.7948300e+02   3.0000341e-02
   5.2519300e+02   1.0000032e-02
   5.7526000e+02   3.0000057e-02
   6.3010000e+02   0.0000000e+00
   6.9016700e+02   1.9999994e-02
   7.5596100e+02   4.0000428e-02
   8.2802800e+02   0.0000000e+00
   9.0696400e+02   0.0000000e+00
   9.9342600e+02   3.0000049e-02
   1.0881300e+03   2.9999442e-02
   1.1918600e+03   2.9999770e-02
   1.3054800e+03   2.0001220e-02
   1.4299400e+03   2.9998560e-02
   1.5662500e+03   2.9999664e-02
   1.7155600e+03   5.0001324e-02
   1.8791100e+03   2.0000444e-02
   2.0582500e+03   1.9999685e-02
   2.2544600e+03   2.0000090e-02
   2.4693800e+03   1.0000099e-02
   2.7047900e+03   0.0000000e+00
   2.9626400e+03   0.0000000e+00
   3.2450700e+03   2.9999587e-02
   3.5544200e+03   1.9999692e-02
   3.8932600e+03   0.0000000e+00
   4.2644100e+03   2.0000056e-02
   4.6709400e+03   9.9999201e-03
   5.1162200e+03   0.0000000e+00
   5.6039600e+03   0.0000000e+00
   6.1381900e+03   9.9998624e-03
   6.7233400e+03   1.0000010e-02
   7.3642800e+03   2.0000211e-02
   8.0663300e+03   0.0000000e+00
   8.8352900e+03   0.0000000e+00
   9.6775700e+03   9.9995794e-03
   1.0600100e+04   2.0001593e-02
   1.1610700e+04   0.0000000e+00
   1.2717500e+04   0.0000000e+00
   1.3929900e+04   0.0000000e+00
   1.5257800e+04   0.0000000e+00
   1.6712400e+04   0.0000000e+00
   1.8305600e+04   0.0000000e+00
   2.0050600e+04   0.0000000e+00
   2.1962100e+04   9.9997245e-03
   2.4055700e+04   0.0000000e+00
   2.6349000e+04   0.0000000e+00
   2.8860800e+04   0.0000000e+00
   3.1612200e+04   0.0000000e+00
   3.4625800e+04   0.0000000e+00
   3.7926700e+04   0.0000000e+00
   4.1542200e+04   1.0000114e-02
   4.5502500e+04   0.0000000e+00
   4.9840300e+04   0.0000000e+00
   5.4591600e+04   0.0000000e+00
   5.9795800e+04   0.0000000e+00
   6.5496200e+04   0.0000000e+00
   7.1740000e+04   0.0000000e+00
   7.8579000e+04   0.0000000e+00
   8.6070000e+04   0.0000000e+00
   9.4275100e+04   9.9995439e-03
   1.0326200e+05   0.0000000e+00
   1.1310600e+05   0.0000000e+00
   1.2388900e+05   0.0000000e+00
   1.3569900e+05   0.0000000e+00
   1.4863600e+05   0.0000000e+00
   1.6280500e+05   0.0000000e+00
   1.7832600e+05   0.0000000e+00
   1.9532500e+05   0.0000000e+00
   2.1394600e+05   0.0000000e+00
   2.3434200e+05   1.0000032e-02
   2.5668200e+05   0.0000000e+00
   2.8115100e+05   0.0000000e+00
   3.0795300e+05   0.0000000e+00
   3.3731100e+05   0.0000000e+00
   3.6946700e+05   0.0000000e+00
