   4.0007600e+01   1.0000043e-02
   4.3582900e+01   9.9997591e-03
   4.7477600e+01   0.0000000e+00
   5.1720500e+01   0.0000000e+00
   5.6342500e+01   0.0000000e+00
   6.1377600e+01   0.0000000e+00
   6.6862600e+01   0.0000000e+00
   7.2837800e+01   2.0000103e-02
   7.9347000e+01   0.0000000e+00
   8.6437800e+01   1.0000035e-02
   9.4162400e+01   9.9997423e-03
   1.0257700e+02   2.0000377e-02
   1.1174400e+02   3.9999822e-02
   1.2173000e+02   3.0001562e-02
   1.3260900e+02   0.0000000e+00
   1.4445900e+02   4.0001119e-02
   1.5736900e+02   1.9999555e-02
   1.7143200e+02   9.9999462e-03
   1.8675200e+02   3.9999528e-02
   2.0344100e+02   4.0000927e-02
   2.2162200e+02   9.9998416e-03
   2.4142700e+02   9.9999046e-03
   2.6300200e+02   1.0000294e-02
   2.8650600e+02   4.9998563e-02
   3.1210900e+02   4.0000475e-02
   3.4000100e+02   3.0000691e-02
   3.7038600e+02   2.9999444e-02
   4.0348500e+02   1.0000109e-02
   4.3954300e+02   3.0000100e-02
   4.7882300e+02   9.9999802e-03
   5.2161300e+02   3.9999940e-02
   5.6822700e+02   0.0000000e+00
   6.1900600e+02   2.0000112e-02
   6.7432400e+02   0.0000000e+00
   7.3458500e+02   0.0000000e+00
   8.0023200e+02   2.0000041e-02
   8.7174500e+02   0.0000000e+00
   9.4964800e+02   9.9995440e-03
   1.0345100e+03   3.0000117e-02
   1.1269600e+03   4.0003365e-02
   1.2276800e+03   2.9999541e-02
   1.3373900e+03   9.9994973e-03
   1.4569000e+03   2.0000543e-02
   1.5871000e+03   2.9999598e-02
   1.7289300e+03   0.0000000e+00
   1.8834400e+03   9.9997684e-03
   2.0517500e+03   0.0000000e+00
   2.2351100e+03   0.0000000e+00
   2.4348500e+03   9.9999577e-03
   2.6524400e+03   9.9997505e-03
   2.8894700e+03   0.0000000e+00
   3.1476900e+03   1.0000187e-02
   3.4289900e+03   1.9999828e-02
   3.7354200e+03   0.0000000e+00
   4.0692400e+03   2.0000095e-02
   4.4328900e+03   9.9998412e-03
   4.8290300e+03   0.0000000e+00
   5.2605800e+03   9.9999449e-03
   5.7306900e+03   0.0000000e+00
   6.2428200e+03   0.0000000e+00
   6.8007100e+03   0.0000000e+00
   7.4084600e+03   9.9998680e-03
   8.0705100e+03   1.0000070e-02
   8.7917400e+03   9.9999292e-03
   9.5774100e+03   0.0000000e+00
   1.0433300e+04   1.0000270e-02
   1.1365700e+04   1.0000024e-02
   1.2381400e+04   0.0000000e+00
   1.3487800e+04   0.0000000e+00
   1.4693200e+04   0.0000000e+00
   1.6006200e+04   0.0000000e+00
   1.7436600e+04   0.0000000e+00
   1.8994900e+04   0.0000000e+00
   2.0692400e+04   0.0000000e+00
   2.2541500e+04   0.0000000e+00
   2.4556000e+04   9.9997711e-03
   2.6750400e+04   1.0000167e-02
   2.9141000e+04   0.0000000e+00
   3.1745200e+04   0.0000000e+00
   3.4582100e+04   9.9998854e-03
   3.7672500e+04   0.0000000e+00
   4.1039200e+04   0.0000000e+00
   4.4706600e+04   0.0000000e+00
   4.8701800e+04   0.0000000e+00
   5.3054100e+04   9.9999968e-03
   5.7795300e+04   0.0000000e+00
   6.2960200e+04   9.9999132e-03
   6.8586600e+04   0.0000000e+00
   7.4715900e+04   1.0000009e-02
   8.1392900e+04   0.0000000e+00
   8.8666600e+04   0.0000000e+00
   9.6590300e+04   0.0000000e+00
   1.0522200e+05   0.0000000e+00
   1.1462500e+05   0.0000000e+00
   1.2486900e+05   0.0000000e+00
   1.3602800e+05   0.0000000e+00
   1.4818400e+05   0.0000000e+00
   1.6142700e+05   0.0000000e+00
   1.7585200e+05   1.0000562e-02
