   4.9277900e+01   1.0000067e-02
   5.4228600e+01   0.0000000e+00
   5.9676600e+01   0.0000000e+00
   6.5672000e+01   0.0000000e+00
   7.2269700e+01   9.9999593e-03
   7.9530200e+01   9.9999191e-03
   8.7520100e+01   1.0000026e-02
   9.6312800e+01   0.0000000e+00
   1.0598900e+02   1.9999819e-02
   1.1663700e+02   1.0000153e-02
   1.2835500e+02   0.0000000e+00
   1.4125000e+02   2.9998795e-02
   1.5544000e+02   2.9999585e-02
   1.7105600e+02   2.9999855e-02
   1.8824100e+02   3.0000673e-02
   2.0715300e+02   9.9997687e-03
   2.2796400e+02   3.0000869e-02
   2.5086700e+02   2.9999887e-02
   2.7607000e+02   1.9999903e-02
   3.0380500e+02   2.0000304e-02
   3.3432700e+02   1.9999480e-02
   3.6791400e+02   0.0000000e+00
   4.0487700e+02   2.9999562e-02
   4.4555200e+02   1.9999975e-02
   4.9031400e+02   1.9999991e-02
   5.3957300e+02   2.0000096e-02
   5.9378100e+02   2.0000077e-02
   6.5343500e+02   6.0000176e-02
   7.1908200e+02   4.9999989e-02
   7.9132400e+02   9.9999407e-03
   8.7082300e+02   0.0000000e+00
   9.5831000e+02   2.0000822e-02
   1.0545900e+03   2.9997653e-02
   1.1605300e+03   2.0001331e-02
   1.2771300e+03   2.9998721e-02
   1.4054300e+03   2.0000556e-02
   1.5466300e+03   1.9999892e-02
   1.7020100e+03   1.9999845e-02
   1.8730000e+03   1.0000031e-02
   2.0611700e+03   1.9999649e-02
   2.2682400e+03   2.0000253e-02
   2.4961200e+03   2.9999866e-02
   2.7468900e+03   9.9998521e-03
   3.0228500e+03   1.0000056e-02
   3.3265400e+03   1.0000033e-02
   3.6607400e+03   0.0000000e+00
   4.0285100e+03   2.0000421e-02
   4.4332400e+03   9.9999835e-03
   4.8786200e+03   9.9998693e-03
   5.3687400e+03   1.0000082e-02
   5.9081100e+03   0.0000000e+00
   6.5016600e+03   1.0000078e-02
   7.1548500e+03   2.0000098e-02
   7.8736600e+03   0.0000000e+00
   8.6646800e+03   2.0000030e-02
   9.5351700e+03   0.0000000e+00
   1.0493100e+04   0.0000000e+00
   1.1547300e+04   1.0000085e-02
   1.2707400e+04   9.9997099e-03
   1.3984000e+04   1.0000050e-02
   1.5388900e+04   0.0000000e+00
   1.6934900e+04   1.0000251e-02
   1.8636300e+04   0.0000000e+00
   2.0508600e+04   0.0000000e+00
   2.2569000e+04   0.0000000e+00
   2.4836300e+04   0.0000000e+00
   2.7331500e+04   0.0000000e+00
   3.0077300e+04   0.0000000e+00
   3.3099000e+04   1.0000108e-02
   3.6424300e+04   0.0000000e+00
   4.0083600e+04   1.0000088e-02
   4.4110600e+04   0.0000000e+00
   4.8542200e+04   9.9999172e-03
   5.3418900e+04   0.0000000e+00
   5.8785600e+04   0.0000000e+00
   6.4691400e+04   0.0000000e+00
   7.1190600e+04   0.0000000e+00
   7.8342700e+04   0.0000000e+00
   8.6213400e+04   0.0000000e+00
   9.4874700e+04   0.0000000e+00
   1.0440600e+05   0.0000000e+00
   1.1489500e+05   0.0000000e+00
   1.2643800e+05   0.0000000e+00
   1.3914100e+05   0.0000000e+00
   1.5311900e+05   0.0000000e+00
   1.6850200e+05   0.0000000e+00
   1.8543100e+05   0.0000000e+00
   2.0406000e+05   0.0000000e+00
   2.2456100e+05   0.0000000e+00
   2.4712100e+05   0.0000000e+00
   2.7194800e+05   0.0000000e+00
   2.9926900e+05   0.0000000e+00
   3.2933500e+05   0.0000000e+00
   3.6242100e+05   0.0000000e+00
   3.9883100e+05   0.0000000e+00
   4.3890000e+05   0.0000000e+00
   4.8299300e+05   0.0000000e+00
   5.3151700e+05   0.0000000e+00
   5.8491500e+05   0.0000000e+00
