   5.8132600e+01   1.0000130e-02
   6.3397600e+01   0.0000000e+00
   6.9139300e+01   0.0000000e+00
   7.5401100e+01   0.0000000e+00
   8.2229900e+01   0.0000000e+00
   8.9677300e+01   9.9999662e-03
   9.7799100e+01   0.0000000e+00
   1.0665700e+02   0.0000000e+00
   1.1631600e+02   0.0000000e+00
   1.2685100e+02   1.9999115e-02
   1.3833900e+02   0.0000000e+00
   1.5086800e+02   1.0000203e-02
   1.6453200e+02   9.9998525e-03
   1.7943300e+02   1.0000134e-02
   1.9568400e+02   2.9999093e-02
   2.1340600e+02   5.0000956e-02
   2.3273400e+02   3.9999721e-02
   2.5381200e+02   9.9999656e-03
   2.7679900e+02   2.0000023e-02
   3.0186800e+02   1.0000206e-02
   3.2920800e+02   2.9999555e-02
   3.5902300e+02   7.0000445e-02
   3.9153900e+02   2.0000217e-02
   4.2700000e+02   2.9999843e-02
   4.6567200e+02   3.9999382e-02
   5.0784600e+02   4.0000610e-02
   5.5384100e+02   3.0000044e-02
   6.0400100e+02   1.9999708e-02
   6.5870300e+02   0.0000000e+00
   7.1836000e+02   0.0000000e+00
   7.8342000e+02   1.0000116e-02
   8.5437300e+02   5.9999752e-02
   9.3175100e+02   1.0000350e-02
   1.0161400e+03   0.0000000e+00
   1.1081700e+03   2.9998909e-02
   1.2085300e+03   9.9996913e-03
   1.3179800e+03   4.0001245e-02
   1.4373500e+03   1.0000232e-02
   1.5675300e+03   9.9995204e-03
   1.7094900e+03   3.0001099e-02
   1.8643200e+03   1.9999267e-02
   2.0331600e+03   1.0000091e-02
   2.2173000e+03   2.0000487e-02
   2.4181200e+03   9.9998904e-03
   2.6371200e+03   0.0000000e+00
   2.8759600e+03   9.9997106e-03
   3.1364200e+03   3.0000145e-02
   3.4204800e+03   0.0000000e+00
   3.7302700e+03   0.0000000e+00
   4.0681100e+03   2.9999376e-02
   4.4365400e+03   0.0000000e+00
   4.8383500e+03   2.0000149e-02
   5.2765500e+03   0.0000000e+00
   5.7544300e+03   9.9999138e-03
   6.2755900e+03   0.0000000e+00
   6.8439600e+03   0.0000000e+00
   7.4638000e+03   0.0000000e+00
   8.1397700e+03   2.0000089e-02
   8.8769700e+03   0.0000000e+00
   9.6809300e+03   0.0000000e+00
   1.0557700e+04   0.0000000e+00
   1.1513900e+04   1.0000160e-02
   1.2556700e+04   1.9999595e-02
   1.3693900e+04   0.0000000e+00
   1.4934100e+04   0.0000000e+00
   1.6286700e+04   0.0000000e+00
   1.7761700e+04   0.0000000e+00
   1.9370300e+04   0.0000000e+00
   2.1124700e+04   9.9999712e-03
   2.3037900e+04   0.0000000e+00
   2.5124300e+04   1.0000231e-02
   2.7399800e+04   9.9998991e-03
   2.9881300e+04   1.0000103e-02
   3.2587600e+04   0.0000000e+00
   3.5539000e+04   0.0000000e+00
   3.8757600e+04   0.0000000e+00
   4.2267800e+04   0.0000000e+00
   4.6095900e+04   0.0000000e+00
   5.0270700e+04   0.0000000e+00
   5.4823500e+04   0.0000000e+00
   5.9788800e+04   0.0000000e+00
   6.5203700e+04   0.0000000e+00
   7.1109000e+04   0.0000000e+00
   7.7549200e+04   0.0000000e+00
   8.4572600e+04   0.0000000e+00
   9.2232100e+04   9.9995907e-03
   1.0058500e+05   0.0000000e+00
   1.0969500e+05   0.0000000e+00
   1.1963000e+05   0.0000000e+00
   1.3046400e+05   0.0000000e+00
   1.4228000e+05   0.0000000e+00
   1.5516600e+05   0.0000000e+00
   1.6921900e+05   1.0000169e-02
   1.8454500e+05   0.0000000e+00
   2.0125900e+05   0.0000000e+00
   2.1948600e+05   0.0000000e+00
   2.3936400e+05   0.0000000e+00
   2.6104300e+05   0.0000000e+00
   2.8468500e+05   9.9999366e-03
