   5.7928000e+01   9.9999427e-03
   6.3304400e+01   0.0000000e+00
   6.9179900e+01   0.0000000e+00
   7.5600600e+01   9.9999903e-03
   8.2617300e+01   9.9999384e-03
   9.0285200e+01   0.0000000e+00
   9.8664800e+01   0.0000000e+00
   1.0782200e+02   0.0000000e+00
   1.1782900e+02   0.0000000e+00
   1.2876500e+02   1.0000788e-02
   1.4071700e+02   1.9999562e-02
   1.5377700e+02   3.9998850e-02
   1.6804900e+02   9.9999386e-03
   1.8364600e+02   2.0000433e-02
   2.0069100e+02   1.0000184e-02
   2.1931800e+02   0.0000000e+00
   2.3967300e+02   4.0000514e-02
   2.6191800e+02   3.9999487e-02
   2.8622700e+02   1.0000186e-02
   3.1279300e+02   3.9999783e-02
   3.4182400e+02   4.9999234e-02
   3.7354900e+02   2.9999951e-02
   4.0821900e+02   1.0000045e-02
   4.4610700e+02   4.0000625e-02
   4.8751200e+02   4.9999745e-02
   5.3275900e+02   1.9999720e-02
   5.8220500e+02   1.0000010e-02
   6.3624100e+02   3.0000424e-02
   6.9529300e+02   2.0000016e-02
   7.5982500e+02   2.9999845e-02
   8.3034600e+02   2.9999790e-02
   9.0741200e+02   2.0000144e-02
   9.9163200e+02   4.0000911e-02
   1.0836700e+03   1.0000197e-02
   1.1842500e+03   0.0000000e+00
   1.2941600e+03   1.9999276e-02
   1.4142700e+03   4.0002301e-02
   1.5455400e+03   1.9999265e-02
   1.6889800e+03   3.0000259e-02
   1.8457400e+03   2.0000271e-02
   2.0170500e+03   9.9996062e-03
   2.2042500e+03   1.0000359e-02
   2.4088400e+03   0.0000000e+00
   2.6324100e+03   9.9999687e-03
   2.8767300e+03   1.9999500e-02
   3.1437200e+03   1.0000088e-02
   3.4355000e+03   0.0000000e+00
   3.7543600e+03   0.0000000e+00
   4.1028100e+03   0.0000000e+00
   4.4836000e+03   1.0000135e-02
   4.8997400e+03   0.0000000e+00
   5.3545000e+03   0.0000000e+00
   5.8514600e+03   1.0000025e-02
   6.3945500e+03   9.9999504e-03
   6.9880400e+03   1.0000001e-02
   7.6366200e+03   0.0000000e+00
   8.3454000e+03   9.9999052e-03
   9.1199500e+03   3.0000135e-02
   9.9664000e+03   9.9998975e-03
   1.0891400e+04   0.0000000e+00
   1.1902300e+04   9.9992700e-03
   1.3006900e+04   0.0000000e+00
   1.4214200e+04   0.0000000e+00
   1.5533400e+04   1.0000020e-02
   1.6975100e+04   0.0000000e+00
   1.8550600e+04   0.0000000e+00
   2.0272300e+04   0.0000000e+00
   2.2153900e+04   0.0000000e+00
   2.4210000e+04   0.0000000e+00
   2.6457000e+04   0.0000000e+00
   2.8912600e+04   9.9998243e-03
   3.1596000e+04   0.0000000e+00
   3.4528500e+04   0.0000000e+00
   3.7733200e+04   0.0000000e+00
   4.1235300e+04   0.0000000e+00
   4.5062500e+04   0.0000000e+00
   4.9244800e+04   1.0000107e-02
   5.3815400e+04   0.0000000e+00
   5.8810100e+04   0.0000000e+00
   6.4268500e+04   0.0000000e+00
   7.0233400e+04   0.0000000e+00
   7.6751900e+04   0.0000000e+00
   8.3875500e+04   0.0000000e+00
   9.1660200e+04   9.9994882e-03
   1.0016700e+05   0.0000000e+00
   1.0946400e+05   0.0000000e+00
   1.1962400e+05   0.0000000e+00
   1.3072600e+05   0.0000000e+00
   1.4285900e+05   0.0000000e+00
   1.5611900e+05   0.0000000e+00
   1.7060800e+05   0.0000000e+00
   1.8644300e+05   0.0000000e+00
   2.0374700e+05   0.0000000e+00
   2.2265800e+05   0.0000000e+00
   2.4332300e+05   0.0000000e+00
   2.6590600e+05   0.0000000e+00
   2.9058600e+05   0.0000000e+00
   3.1755600e+05   0.0000000e+00
   3.4702900e+05   1.0000089e-02
