   4.3586800e+01   9.9999470e-03
   4.7725200e+01   0.0000000e+00
   5.2256600e+01   0.0000000e+00
   5.7218200e+01   0.0000000e+00
   6.2650900e+01   0.0000000e+00
   6.8599400e+01   0.0000000e+00
   7.5112700e+01   9.9999984e-03
   8.2244400e+01   1.9999899e-02
   9.0053200e+01   1.0000089e-02
   9.8603500e+01   0.0000000e+00
   1.0796600e+02   2.0000009e-02
   1.1821700e+02   9.9997534e-03
   1.2944100e+02   2.0000009e-02
   1.4173100e+02   5.0000425e-02
   1.5518800e+02   1.9999195e-02
   1.6992200e+02   1.0000273e-02
   1.8605600e+02   9.9997855e-03
   2.0372100e+02   4.0000744e-02
   2.2306400e+02   3.9999718e-02
   2.4424300e+02   9.9999686e-03
   2.6743300e+02   3.0000140e-02
   2.9282500e+02   3.0000271e-02
   3.2062800e+02   0.0000000e+00
   3.5107000e+02   6.0000067e-02
   3.8440300e+02   5.0000070e-02
   4.2090100e+02   2.9999824e-02
   4.6086400e+02   3.0000266e-02
   5.0462200e+02   0.0000000e+00
   5.5253400e+02   0.0000000e+00
   6.0499600e+02   3.9999737e-02
   6.6243800e+02   1.9999859e-02
   7.2533400e+02   1.9999956e-02
   7.9420200e+02   2.0000048e-02
   8.6960900e+02   0.0000000e+00
   9.5217600e+02   5.9998603e-02
   1.0425800e+03   0.0000000e+00
   1.1415700e+03   2.0000231e-02
   1.2499600e+03   2.0000072e-02
   1.3686400e+03   1.0000159e-02
   1.4985900e+03   1.9999161e-02
   1.6408700e+03   2.0000513e-02
   1.7966700e+03   0.0000000e+00
   1.9672600e+03   2.9999296e-02
   2.1540400e+03   1.0000026e-02
   2.3585600e+03   0.0000000e+00
   2.5825000e+03   2.0000008e-02
   2.8277000e+03   9.9999672e-03
   3.0961800e+03   0.0000000e+00
   3.3901500e+03   0.0000000e+00
   3.7120400e+03   1.9999666e-02
   4.0644800e+03   1.0000009e-02
   4.4503900e+03   9.9999838e-03
   4.8729400e+03   0.0000000e+00
   5.3356100e+03   0.0000000e+00
   5.8422100e+03   2.0000041e-02
   6.3969100e+03   0.0000000e+00
   7.0042800e+03   9.9999231e-03
   7.6693100e+03   0.0000000e+00
   8.3974900e+03   9.9999418e-03
   9.1948000e+03   0.0000000e+00
   1.0067800e+04   0.0000000e+00
   1.1023700e+04   0.0000000e+00
   1.2070400e+04   0.0000000e+00
   1.3216400e+04   1.0000336e-02
   1.4471300e+04   0.0000000e+00
   1.5845300e+04   0.0000000e+00
   1.7349800e+04   2.0000034e-02
   1.8997100e+04   0.0000000e+00
   2.0800800e+04   0.0000000e+00
   2.2775700e+04   0.0000000e+00
   2.4938200e+04   9.9999771e-03
   2.7306000e+04   0.0000000e+00
   2.9898600e+04   0.0000000e+00
   3.2737400e+04   0.0000000e+00
   3.5845700e+04   0.0000000e+00
   3.9249200e+04   0.0000000e+00
   4.2975800e+04   0.0000000e+00
   4.7056200e+04   0.0000000e+00
   5.1524000e+04   0.0000000e+00
   5.6416000e+04   0.0000000e+00
   6.1772500e+04   0.0000000e+00
   6.7637700e+04   9.9998616e-03
   7.4059600e+04   0.0000000e+00
   8.1091400e+04   9.9999278e-03
   8.8790700e+04   0.0000000e+00
   9.7221100e+04   0.0000000e+00
   1.0645200e+05   0.0000000e+00
   1.1655900e+05   1.0000075e-02
   1.2762600e+05   0.0000000e+00
   1.3974400e+05   0.0000000e+00
   1.5301200e+05   0.0000000e+00
   1.6754000e+05   9.9997606e-03
   1.8344700e+05   0.0000000e+00
   2.0086500e+05   0.0000000e+00
   2.1993700e+05   0.0000000e+00
   2.4081900e+05   0.0000000e+00
   2.6368400e+05   0.0000000e+00
   2.8872000e+05   0.0000000e+00
   3.1613300e+05   0.0000000e+00
