   1.0740800e+02   4.9999302e-02
   1.1745700e+02   0.0000000e+00
   1.2844700e+02   9.9995860e-03
   1.4046400e+02   2.0000153e-02
   1.5360600e+02   0.0000000e+00
   1.6797700e+02   2.0000024e-02
   1.8369300e+02   0.0000000e+00
   2.0088000e+02   9.9997988e-03
   2.1967400e+02   3.0000392e-02
   2.4022700e+02   2.0000269e-02
   2.6270300e+02   2.9999415e-02
   2.8728100e+02   1.9999920e-02
   3.1415900e+02   2.0000114e-02
   3.4355200e+02   4.0000356e-02
   3.7569500e+02   2.9999892e-02
   4.1084500e+02   0.0000000e+00
   4.4928400e+02   1.9999959e-02
   4.9131900e+02   3.0000050e-02
   5.3728700e+02   0.0000000e+00
   5.8755600e+02   1.9999714e-02
   6.4252700e+02   5.0000822e-02
   7.0264300e+02   3.9999749e-02
   7.6838200e+02   0.0000000e+00
   8.4027200e+02   1.0000034e-02
   9.1888800e+02   3.0000187e-02
   1.0048600e+03   9.9994677e-03
   1.0988700e+03   1.0000880e-02
   1.2016900e+03   2.0000060e-02
   1.3141200e+03   1.9998527e-02
   1.4370600e+03   4.0002388e-02
   1.5715200e+03   9.9999073e-03
   1.7185500e+03   3.0000359e-02
   1.8793400e+03   0.0000000e+00
   2.0551700e+03   1.9999812e-02
   2.2474500e+03   9.9999155e-03
   2.4577200e+03   0.0000000e+00
   2.6876600e+03   1.0000061e-02
   2.9391200e+03   1.0000176e-02
   3.2141100e+03   9.9999006e-03
   3.5148200e+03   3.0000229e-02
   3.8436700e+03   0.0000000e+00
   4.2032800e+03   1.0000012e-02
   4.5965400e+03   1.0000142e-02
   5.0266000e+03   0.0000000e+00
   5.4968900e+03   3.0000027e-02
   6.0111800e+03   1.9999731e-02
   6.5735800e+03   2.0000161e-02
   7.1886100e+03   0.0000000e+00
   7.8611800e+03   1.9999885e-02
   8.5966700e+03   1.0000067e-02
   9.4009800e+03   0.0000000e+00
   1.0280500e+04   1.0000490e-02
   1.1242400e+04   9.9996204e-03
   1.2294200e+04   1.0000432e-02
   1.3444500e+04   0.0000000e+00
   1.4702300e+04   0.0000000e+00
   1.6077900e+04   0.0000000e+00
   1.7582100e+04   0.0000000e+00
   1.9227100e+04   1.0000031e-02
   2.1026000e+04   1.0000005e-02
   2.2993200e+04   1.0000210e-02
   2.5144500e+04   0.0000000e+00
   2.7497000e+04   0.0000000e+00
   3.0069600e+04   0.0000000e+00
   3.2883000e+04   0.0000000e+00
   3.5959500e+04   0.0000000e+00
   3.9323900e+04   0.0000000e+00
   4.3003000e+04   0.0000000e+00
   4.7026400e+04   9.9999974e-03
   5.1426200e+04   1.0000125e-02
   5.6237700e+04   9.9999865e-03
   6.1499300e+04   0.0000000e+00
   6.7253100e+04   0.0000000e+00
   7.3545400e+04   0.0000000e+00
   8.0426300e+04   1.0000025e-02
   8.7951000e+04   1.0000010e-02
   9.6179700e+04   9.9996308e-03
   1.0517800e+05   2.0001045e-02
   1.1501900e+05   0.0000000e+00
   1.2578000e+05   0.0000000e+00
   1.3754800e+05   0.0000000e+00
   1.5041700e+05   0.0000000e+00
   1.6449000e+05   0.0000000e+00
   1.7988000e+05   0.0000000e+00
   1.9670900e+05   0.0000000e+00
   2.1511400e+05   0.0000000e+00
   2.3524000e+05   0.0000000e+00
   2.5724900e+05   0.0000000e+00
   2.8131700e+05   0.0000000e+00
   3.0763700e+05   0.0000000e+00
   3.3642000e+05   0.0000000e+00
   3.6789500e+05   0.0000000e+00
   4.0231600e+05   0.0000000e+00
   4.3995600e+05   0.0000000e+00
   4.8111900e+05   0.0000000e+00
   5.2613200e+05   0.0000000e+00
   5.7535700e+05   0.0000000e+00
   6.2918800e+05   0.0000000e+00
   6.8805500e+05   0.0000000e+00
