   5.3680700e+01   9.9998277e-03
   5.8284100e+01   2.0000198e-02
   6.3282400e+01   0.0000000e+00
   6.8709300e+01   0.0000000e+00
   7.4601600e+01   1.9999737e-02
   8.0999100e+01   1.0000102e-02
   8.7945400e+01   0.0000000e+00
   9.5487300e+01   0.0000000e+00
   1.0367600e+02   2.0000216e-02
   1.1256700e+02   0.0000000e+00
   1.2222000e+02   1.9999635e-02
   1.3270100e+02   9.9999702e-03
   1.4408100e+02   2.0000039e-02
   1.5643700e+02   1.0000340e-02
   1.6985300e+02   1.9999992e-02
   1.8441900e+02   1.9999807e-02
   2.0023400e+02   4.0001315e-02
   2.1740600e+02   2.9998451e-02
   2.3604900e+02   5.0000412e-02
   2.5629200e+02   3.0000236e-02
   2.7827100e+02   2.0000323e-02
   3.0213500e+02   9.9999645e-03
   3.2804500e+02   1.9999967e-02
   3.5617700e+02   9.9998307e-03
   3.8672100e+02   1.0000007e-02
   4.1988500e+02   2.0000031e-02
   4.5589300e+02   2.0000067e-02
   4.9498900e+02   3.0000279e-02
   5.3743800e+02   4.0000090e-02
   5.8352700e+02   9.9999432e-03
   6.3356800e+02   2.0000140e-02
   6.8790100e+02   9.9999699e-03
   7.4689300e+02   1.9999989e-02
   8.1094400e+02   0.0000000e+00
   8.8048800e+02   0.0000000e+00
   9.5599500e+02   0.0000000e+00
   1.0379800e+03   2.9998773e-02
   1.1269900e+03   1.0000279e-02
   1.2236400e+03   2.9998543e-02
   1.3285700e+03   4.0002055e-02
   1.4425100e+03   9.9996235e-03
   1.5662100e+03   1.0000500e-02
   1.7005300e+03   1.9999855e-02
   1.8463600e+03   2.0000242e-02
   2.0047000e+03   1.9999322e-02
   2.1766100e+03   2.0000059e-02
   2.3632700e+03   1.0000184e-02
   2.5659400e+03   0.0000000e+00
   2.7859800e+03   1.0000140e-02
   3.0249000e+03   9.9997922e-03
   3.2843000e+03   0.0000000e+00
   3.5659600e+03   0.0000000e+00
   3.8717600e+03   1.0000013e-02
   4.2037900e+03   2.9999765e-02
   4.5642900e+03   0.0000000e+00
   4.9557100e+03   1.0000100e-02
   5.3807000e+03   0.0000000e+00
   5.8421300e+03   2.9999930e-02
   6.3431300e+03   0.0000000e+00
   6.8870900e+03   0.0000000e+00
   7.4777100e+03   0.0000000e+00
   8.1189700e+03   1.0000034e-02
   8.8152300e+03   0.0000000e+00
   9.5711900e+03   0.0000000e+00
   1.0392000e+04   0.0000000e+00
   1.1283200e+04   0.0000000e+00
   1.2250800e+04   0.0000000e+00
   1.3301400e+04   0.0000000e+00
   1.4442000e+04   1.9999917e-02
   1.5680500e+04   0.0000000e+00
   1.7025300e+04   9.9998028e-03
   1.8485300e+04   0.0000000e+00
   2.0070500e+04   2.0000172e-02
   2.1791700e+04   0.0000000e+00
   2.3660500e+04   9.9997845e-03
   2.5689500e+04   1.0000223e-02
   2.7892600e+04   2.0000206e-02
   3.0284600e+04   0.0000000e+00
   3.2881700e+04   0.0000000e+00
   3.5701500e+04   0.0000000e+00
   3.8763100e+04   0.0000000e+00
   4.2087300e+04   0.0000000e+00
   4.5696600e+04   0.0000000e+00
   4.9615400e+04   0.0000000e+00
   5.3870200e+04   0.0000000e+00
   5.8490000e+04   0.0000000e+00
   6.3505900e+04   0.0000000e+00
   6.8951900e+04   0.0000000e+00
   7.4865000e+04   0.0000000e+00
   8.1285200e+04   0.0000000e+00
   8.8255900e+04   0.0000000e+00
   9.5824500e+04   0.0000000e+00
   1.0404200e+05   0.0000000e+00
   1.1296400e+05   0.0000000e+00
   1.2265200e+05   0.0000000e+00
   1.3317000e+05   0.0000000e+00
   1.4459000e+05   0.0000000e+00
   1.5699000e+05   0.0000000e+00
   1.7045300e+05   0.0000000e+00
