   4.6074600e+01   9.9999507e-03
   4.9765000e+01   0.0000000e+00
   5.3751000e+01   0.0000000e+00
   5.8056300e+01   0.0000000e+00
   6.2706400e+01   0.0000000e+00
   6.7729000e+01   1.0000044e-02
   7.3153900e+01   9.9998915e-03
   7.9013200e+01   0.0000000e+00
   8.5341900e+01   0.0000000e+00
   9.2177500e+01   2.0000006e-02
   9.9560600e+01   0.0000000e+00
   1.0753500e+02   9.9997791e-03
   1.1614800e+02   2.9999756e-02
   1.2545100e+02   1.0000765e-02
   1.3550000e+02   3.9999817e-02
   1.4635300e+02   1.9999373e-02
   1.5807500e+02   3.9999138e-02
   1.7073600e+02   1.0000438e-02
   1.8441200e+02   2.9998461e-02
   1.9918200e+02   2.0000253e-02
   2.1513600e+02   2.0000321e-02
   2.3236800e+02   3.0000124e-02
   2.5098000e+02   2.0000354e-02
   2.7108300e+02   2.9998819e-02
   2.9279500e+02   3.0000033e-02
   3.1624700e+02   6.0001540e-02
   3.4157800e+02   9.9999334e-03
   3.6893700e+02   9.9998087e-03
   3.9848700e+02   2.0000329e-02
   4.3040500e+02   2.0000022e-02
   4.6487900e+02   9.9999433e-03
   5.0211400e+02   0.0000000e+00
   5.4233200e+02   6.0000119e-02
   5.8577100e+02   0.0000000e+00
   6.3268900e+02   1.9999892e-02
   6.8336500e+02   0.0000000e+00
   7.3810000e+02   0.0000000e+00
   7.9722000e+02   1.9999839e-02
   8.6107400e+02   9.9999532e-03
   9.3004300e+02   1.0000477e-02
   1.0045400e+03   2.9999994e-02
   1.0850000e+03   1.9998905e-02
   1.1719000e+03   1.0000534e-02
   1.2657700e+03   9.9996366e-03
   1.3671500e+03   9.9996276e-03
   1.4766500e+03   3.0001249e-02
   1.5949300e+03   2.0000284e-02
   1.7226800e+03   9.9999487e-03
   1.8606600e+03   0.0000000e+00
   2.0096900e+03   1.0000036e-02
   2.1706600e+03   9.9998535e-03
   2.3445200e+03   0.0000000e+00
   2.5323100e+03   0.0000000e+00
   2.7351400e+03   2.0000405e-02
   2.9542200e+03   1.9999761e-02
   3.1908400e+03   0.0000000e+00
   3.4464100e+03   1.0000132e-02
   3.7224600e+03   0.0000000e+00
   4.0206200e+03   0.0000000e+00
   4.3426600e+03   9.9999386e-03
   4.6904900e+03   9.9999286e-03
   5.0661800e+03   9.9999206e-03
   5.4719600e+03   0.0000000e+00
   5.9102500e+03   0.0000000e+00
   6.3836400e+03   0.0000000e+00
   6.8949500e+03   0.0000000e+00
   7.4472100e+03   0.0000000e+00
   8.0437100e+03   0.0000000e+00
   8.6879800e+03   1.0000004e-02
   9.3838600e+03   1.0000345e-02
   1.0135500e+04   0.0000000e+00
   1.0947300e+04   0.0000000e+00
   1.1824100e+04   0.0000000e+00
   1.2771200e+04   0.0000000e+00
   1.3794100e+04   0.0000000e+00
   1.4899000e+04   0.0000000e+00
   1.6092400e+04   1.9999346e-02
   1.7381300e+04   1.0000117e-02
   1.8773500e+04   0.0000000e+00
   2.0277200e+04   0.0000000e+00
   2.1901300e+04   0.0000000e+00
   2.3655500e+04   0.0000000e+00
   2.5550300e+04   0.0000000e+00
   2.7596700e+04   1.0000435e-02
   2.9807200e+04   0.0000000e+00
   3.2194600e+04   0.0000000e+00
   3.4773300e+04   0.0000000e+00
   3.7558500e+04   0.0000000e+00
   4.0566800e+04   0.0000000e+00
   4.3816100e+04   0.0000000e+00
   4.7325600e+04   9.9999440e-03
   5.1116200e+04   0.0000000e+00
   5.5210500e+04   0.0000000e+00
   5.9632600e+04   0.0000000e+00
   6.4409000e+04   0.0000000e+00
   6.9567900e+04   0.0000000e+00
   7.5140100e+04   3.0000176e-02
   8.1158600e+04   0.0000000e+00
   8.7659100e+04   1.0000014e-02
