   3.9331000e+01   1.0000068e-02
   4.3849600e+01   0.0000000e+00
   4.8887300e+01   0.0000000e+00
   5.4503700e+01   0.0000000e+00
   6.0765400e+01   0.0000000e+00
   6.7746500e+01   1.9999999e-02
   7.5529600e+01   9.9999808e-03
   8.4206900e+01   2.0000054e-02
   9.3881100e+01   1.0000277e-02
   1.0466700e+02   2.9998197e-02
   1.1669100e+02   3.0001782e-02
   1.3009800e+02   9.9997558e-03
   1.4504400e+02   9.9996996e-03
   1.6170700e+02   1.0000054e-02
   1.8028500e+02   2.0000742e-02
   2.0099800e+02   1.9999346e-02
   2.2408900e+02   4.0000521e-02
   2.4983400e+02   2.9999617e-02
   2.7853600e+02   4.0000320e-02
   3.1053600e+02   5.9999540e-02
   3.4621200e+02   0.0000000e+00
   3.8598700e+02   1.0000108e-02
   4.3033200e+02   2.0000004e-02
   4.7977100e+02   2.0000039e-02
   5.3489000e+02   4.9999852e-02
   5.9634100e+02   2.9999939e-02
   6.6485200e+02   3.0000023e-02
   7.4123400e+02   0.0000000e+00
   8.2639100e+02   3.0000122e-02
   9.2133200e+02   1.9999980e-02
   1.0271800e+03   3.0000384e-02
   1.1451900e+03   2.9998706e-02
   1.2767500e+03   2.9999874e-02
   1.4234300e+03   3.0001413e-02
   1.5869700e+03   0.0000000e+00
   1.7692900e+03   9.9997009e-03
   1.9725500e+03   2.0000144e-02
   2.1991700e+03   1.9999723e-02
   2.4518200e+03   5.0000172e-02
   2.7335000e+03   1.0000294e-02
   3.0475500e+03   0.0000000e+00
   3.3976600e+03   2.0000324e-02
   3.7880100e+03   0.0000000e+00
   4.2232000e+03   9.9998994e-03
   4.7083800e+03   2.0000129e-02
   5.2493100e+03   2.9999958e-02
   5.8523800e+03   9.9999288e-03
   6.5247300e+03   0.0000000e+00
   7.2743300e+03   0.0000000e+00
   8.1100500e+03   0.0000000e+00
   9.0417800e+03   2.0000921e-02
   1.0080600e+04   9.9998924e-03
   1.1238700e+04   0.0000000e+00
   1.2529800e+04   1.0000005e-02
   1.3969300e+04   0.0000000e+00
   1.5574200e+04   0.0000000e+00
   1.7363500e+04   9.9999324e-03
   1.9358300e+04   0.0000000e+00
   2.1582300e+04   0.0000000e+00
   2.4061800e+04   0.0000000e+00
   2.6826100e+04   0.0000000e+00
   2.9908000e+04   0.0000000e+00
   3.3344100e+04   0.0000000e+00
   3.7174800e+04   0.0000000e+00
   4.1445700e+04   9.9999595e-03
   4.6207200e+04   0.0000000e+00
   5.1515700e+04   0.0000000e+00
   5.7434200e+04   0.0000000e+00
   6.4032500e+04   0.0000000e+00
   7.1389000e+04   0.0000000e+00
   7.9590500e+04   9.9999340e-03
   8.8734300e+04   0.0000000e+00
   9.8928700e+04   9.9998274e-03
   1.1029400e+05   0.0000000e+00
   1.2296500e+05   0.0000000e+00
   1.3709200e+05   0.0000000e+00
   1.5284200e+05   0.0000000e+00
   1.7040200e+05   0.0000000e+00
   1.8997800e+05   0.0000000e+00
   2.1180400e+05   0.0000000e+00
   2.3613800e+05   0.0000000e+00
   2.6326600e+05   0.0000000e+00
   2.9351200e+05   0.0000000e+00
   3.2723200e+05   0.0000000e+00
   3.6482700e+05   9.9998969e-03
   4.0674000e+05   0.0000000e+00
   4.5346900e+05   0.0000000e+00
   5.0556600e+05   0.0000000e+00
   5.6364800e+05   0.0000000e+00
   6.2840300e+05   0.0000000e+00
   7.0059800e+05   0.0000000e+00
   7.8108700e+05   0.0000000e+00
   8.7082200e+05   0.0000000e+00
   9.7086800e+05   0.0000000e+00
   1.0824100e+06   0.0000000e+00
   1.2067600e+06   0.0000000e+00
   1.3454000e+06   0.0000000e+00
   1.4999700e+06   0.0000000e+00
   1.6722900e+06   0.0000000e+00
