   4.3570000e+01   1.0000084e-02
   4.7688600e+01   0.0000000e+00
   5.2196500e+01   0.0000000e+00
   5.7130500e+01   1.0000029e-02
   6.2530900e+01   0.0000000e+00
   6.8441700e+01   2.0000236e-02
   7.4911400e+01   0.0000000e+00
   8.1992500e+01   0.0000000e+00
   8.9743100e+01   9.9998783e-03
   9.8226200e+01   0.0000000e+00
   1.0751100e+02   1.0000240e-02
   1.1767400e+02   0.0000000e+00
   1.2879700e+02   0.0000000e+00
   1.4097200e+02   1.0000190e-02
   1.5429800e+02   3.9998925e-02
   1.6888300e+02   2.0001112e-02
   1.8484800e+02   2.9999743e-02
   2.0232100e+02   2.0000160e-02
   2.2144600e+02   3.9998749e-02
   2.4237800e+02   0.0000000e+00
   2.6529000e+02   1.9999911e-02
   2.9036700e+02   1.9999558e-02
   3.1781400e+02   3.9999721e-02
   3.4785600e+02   3.9999967e-02
   3.8073800e+02   2.0000451e-02
   4.1672900e+02   1.9999870e-02
   4.5612100e+02   3.0000070e-02
   4.9923700e+02   1.9999782e-02
   5.4642800e+02   3.0000321e-02
   5.9808100e+02   3.0000015e-02
   6.5461600e+02   1.0000018e-02
   7.1649500e+02   1.9999875e-02
   7.8422300e+02   0.0000000e+00
   8.5835400e+02   1.9999784e-02
   9.3949100e+02   1.0000160e-02
   1.0283000e+03   2.9999225e-02
   1.1255000e+03   2.9999852e-02
   1.2318900e+03   1.0000214e-02
   1.3483400e+03   0.0000000e+00
   1.4757900e+03   3.0001486e-02
   1.6153000e+03   4.0000047e-02
   1.7679900e+03   9.9998090e-03
   1.9351100e+03   1.9999924e-02
   2.1180300e+03   2.9999667e-02
   2.3182400e+03   2.0000250e-02
   2.5373800e+03   1.9999844e-02
   2.7772300e+03   2.0000428e-02
   3.0397600e+03   1.9999985e-02
   3.3271000e+03   9.9999364e-03
   3.6416000e+03   9.9999848e-03
   3.9858300e+03   1.0000003e-02
   4.3626000e+03   9.9998851e-03
   4.7749800e+03   0.0000000e+00
   5.2263500e+03   0.0000000e+00
   5.7203800e+03   9.9999362e-03
   6.2611100e+03   1.0000075e-02
   6.8529600e+03   1.9999933e-02
   7.5007500e+03   0.0000000e+00
   8.2097800e+03   3.0000075e-02
   8.9858300e+03   0.0000000e+00
   9.8352300e+03   0.0000000e+00
   1.0764900e+04   1.0000189e-02
   1.1782500e+04   1.0000276e-02
   1.2896300e+04   0.0000000e+00
   1.4115300e+04   1.0000111e-02
   1.5449600e+04   0.0000000e+00
   1.6910000e+04   1.0000248e-02
   1.8508500e+04   0.0000000e+00
   2.0258000e+04   0.0000000e+00
   2.2173000e+04   0.0000000e+00
   2.4268900e+04   0.0000000e+00
   2.6563000e+04   0.0000000e+00
   2.9074000e+04   9.9997104e-03
   3.1822200e+04   0.0000000e+00
   3.4830300e+04   0.0000000e+00
   3.8122700e+04   0.0000000e+00
   4.1726400e+04   0.0000000e+00
   4.5670600e+04   0.0000000e+00
   4.9987800e+04   0.0000000e+00
   5.4713000e+04   0.0000000e+00
   5.9884800e+04   0.0000000e+00
   6.5545600e+04   0.0000000e+00
   7.1741500e+04   0.0000000e+00
   7.8523000e+04   0.0000000e+00
   8.5945600e+04   0.0000000e+00
   9.4069800e+04   0.0000000e+00
   1.0296200e+05   0.0000000e+00
   1.1269500e+05   0.0000000e+00
   1.2334700e+05   0.0000000e+00
   1.3500700e+05   0.0000000e+00
   1.4776900e+05   0.0000000e+00
   1.6173700e+05   0.0000000e+00
   1.7702600e+05   0.0000000e+00
   1.9375900e+05   0.0000000e+00
   2.1207500e+05   0.0000000e+00
   2.3212200e+05   0.0000000e+00
   2.5406400e+05   0.0000000e+00
   2.7808000e+05   0.0000000e+00
   3.0436600e+05   1.0000023e-02
