   4.1357100e+01   1.0000149e-02
   4.5166100e+01   9.9999188e-03
   4.9325800e+01   0.0000000e+00
   5.3868700e+01   0.0000000e+00
   5.8829900e+01   0.0000000e+00
   6.4248000e+01   0.0000000e+00
   7.0165200e+01   0.0000000e+00
   7.6627300e+01   1.0000053e-02
   8.3684600e+01   0.0000000e+00
   9.1391800e+01   1.0000020e-02
   9.9808900e+01   1.9999620e-02
   1.0900100e+02   0.0000000e+00
   1.1904000e+02   9.9996044e-03
   1.3000300e+02   3.0002174e-02
   1.4197700e+02   9.9993416e-03
   1.5505200e+02   2.0001255e-02
   1.6933300e+02   9.9997947e-03
   1.8492800e+02   2.0000507e-02
   2.0196000e+02   2.9999568e-02
   2.2056000e+02   3.9999547e-02
   2.4087300e+02   2.9999867e-02
   2.6305700e+02   4.9999440e-02
   2.8728400e+02   1.0000179e-02
   3.1374300e+02   3.9999637e-02
   3.4263800e+02   2.0000290e-02
   3.7419500e+02   7.0000212e-02
   4.0865800e+02   0.0000000e+00
   4.4629400e+02   1.9999939e-02
   4.8739700e+02   2.0000159e-02
   5.3228600e+02   6.0000230e-02
   5.8130900e+02   1.0000042e-02
   6.3484700e+02   1.9999798e-02
   6.9331500e+02   2.0000158e-02
   7.5716900e+02   9.9999951e-03
   8.2690300e+02   2.0000047e-02
   9.0306000e+02   3.9999697e-02
   9.8623000e+02   2.9999787e-02
   1.0770600e+03   0.0000000e+00
   1.1762600e+03   9.9998448e-03
   1.2845900e+03   1.0000094e-02
   1.4029000e+03   0.0000000e+00
   1.5321000e+03   1.0000381e-02
   1.6732100e+03   9.9999959e-03
   1.8273100e+03   9.9998423e-03
   1.9956000e+03   9.9998852e-03
   2.1793900e+03   0.0000000e+00
   2.3801100e+03   3.0000642e-02
   2.5993200e+03   0.0000000e+00
   2.8387100e+03   9.9999493e-03
   3.1001500e+03   0.0000000e+00
   3.3856700e+03   1.0000130e-02
   3.6974900e+03   0.0000000e+00
   4.0380200e+03   2.0000187e-02
   4.4099200e+03   1.9999633e-02
   4.8160600e+03   0.0000000e+00
   5.2596200e+03   0.0000000e+00
   5.7440200e+03   1.0000065e-02
   6.2730400e+03   1.0000044e-02
   6.8507800e+03   0.0000000e+00
   7.4817200e+03   0.0000000e+00
   8.1707800e+03   0.0000000e+00
   8.9233000e+03   0.0000000e+00
   9.7451200e+03   9.9996324e-03
   1.0642600e+04   1.0000294e-02
   1.1622800e+04   0.0000000e+00
   1.2693300e+04   9.9997195e-03
   1.3862300e+04   0.0000000e+00
   1.5139000e+04   0.0000000e+00
   1.6533300e+04   1.0000043e-02
   1.8056000e+04   9.9998159e-03
   1.9718900e+04   0.0000000e+00
   2.1535000e+04   0.0000000e+00
   2.3518300e+04   9.9999671e-03
   2.5684300e+04   0.0000000e+00
   2.8049800e+04   0.0000000e+00
   3.0633200e+04   0.0000000e+00
   3.3454400e+04   0.0000000e+00
   3.6535600e+04   1.9999530e-02
   3.9900400e+04   0.0000000e+00
   4.3575200e+04   0.0000000e+00
   4.7588400e+04   0.0000000e+00
   5.1971300e+04   0.0000000e+00
   5.6757700e+04   2.0000346e-02
   6.1985100e+04   0.0000000e+00
   6.7693800e+04   0.0000000e+00
   7.3928300e+04   1.0000006e-02
   8.0737000e+04   0.0000000e+00
   8.8172800e+04   1.0000032e-02
   9.6293400e+04   0.0000000e+00
   1.0516200e+05   0.0000000e+00
   1.1484700e+05   0.0000000e+00
   1.2542400e+05   0.0000000e+00
   1.3697600e+05   0.0000000e+00
   1.4959100e+05   0.0000000e+00
   1.6336800e+05   0.0000000e+00
   1.7841400e+05   0.0000000e+00
   1.9484600e+05   0.0000000e+00
   2.1279100e+05   0.0000000e+00
   2.3238900e+05   0.0000000e+00
