   4.5723200e+01   1.0000120e-02
   5.0060800e+01   0.0000000e+00
   5.4809800e+01   1.0000079e-02
   6.0009400e+01   0.0000000e+00
   6.5702200e+01   0.0000000e+00
   7.1935100e+01   0.0000000e+00
   7.8759200e+01   0.0000000e+00
   8.6230700e+01   1.0000008e-02
   9.4411000e+01   0.0000000e+00
   1.0336700e+02   0.0000000e+00
   1.1317300e+02   0.0000000e+00
   1.2391000e+02   1.9998726e-02
   1.3566400e+02   0.0000000e+00
   1.4853400e+02   3.0000584e-02
   1.6262500e+02   0.0000000e+00
   1.7805200e+02   1.9999957e-02
   1.9494300e+02   3.0000967e-02
   2.1343700e+02   4.0000531e-02
   2.3368500e+02   2.9999289e-02
   2.5585300e+02   4.0000741e-02
   2.8012500e+02   1.9999885e-02
   3.0669900e+02   1.9999932e-02
   3.3579400e+02   2.9999797e-02
   3.6764900e+02   2.9999835e-02
   4.0252600e+02   3.0000144e-02
   4.4071200e+02   1.0000169e-02
   4.8252100e+02   2.9999685e-02
   5.2829500e+02   2.0000041e-02
   5.7841200e+02   9.9999654e-03
   6.3328300e+02   3.0000171e-02
   6.9336000e+02   5.0000087e-02
   7.5913600e+02   1.9999790e-02
   8.3115100e+02   2.0000111e-02
   9.0999900e+02   9.9999470e-03
   9.9632600e+02   9.9996757e-03
   1.0908400e+03   1.0000653e-02
   1.1943300e+03   0.0000000e+00
   1.3076300e+03   2.0000209e-02
   1.4316800e+03   3.9998082e-02
   1.5674900e+03   0.0000000e+00
   1.7161900e+03   4.0000626e-02
   1.8790000e+03   9.9998785e-03
   2.0572500e+03   9.9999008e-03
   2.2524100e+03   0.0000000e+00
   2.4660900e+03   0.0000000e+00
   2.7000400e+03   0.0000000e+00
   2.9561800e+03   1.9999370e-02
   3.2366100e+03   2.0000469e-02
   3.5436600e+03   1.9999964e-02
   3.8798300e+03   2.9999871e-02
   4.2478900e+03   0.0000000e+00
   4.6508700e+03   9.9998421e-03
   5.0920700e+03   0.0000000e+00
   5.5751300e+03   1.0000041e-02
   6.1040200e+03   0.0000000e+00
   6.6830800e+03   2.0000227e-02
   7.3170800e+03   9.9999144e-03
   8.0112100e+03   1.0000024e-02
   8.7712000e+03   1.9999958e-02
   9.6032800e+03   0.0000000e+00
   1.0514300e+04   0.0000000e+00
   1.1511700e+04   0.0000000e+00
   1.2603800e+04   1.0000285e-02
   1.3799500e+04   1.0000058e-02
   1.5108600e+04   0.0000000e+00
   1.6541800e+04   1.0000333e-02
   1.8111100e+04   9.9999090e-03
   1.9829200e+04   0.0000000e+00
   2.1710300e+04   1.0000202e-02
   2.3769900e+04   9.9998276e-03
   2.6024800e+04   0.0000000e+00
   2.8493700e+04   0.0000000e+00
   3.1196700e+04   0.0000000e+00
   3.4156200e+04   0.0000000e+00
   3.7396500e+04   0.0000000e+00
   4.0944100e+04   1.0000067e-02
   4.4828300e+04   0.0000000e+00
   4.9080900e+04   1.0000046e-02
   5.3737000e+04   1.0000048e-02
   5.8834800e+04   1.0000027e-02
   6.4416200e+04   0.0000000e+00
   7.0527000e+04   0.0000000e+00
   7.7217600e+04   0.0000000e+00
   8.4542900e+04   0.0000000e+00
   9.2563100e+04   0.0000000e+00
   1.0134400e+05   9.9999060e-03
   1.1095800e+05   0.0000000e+00
   1.2148400e+05   0.0000000e+00
   1.3300900e+05   0.0000000e+00
   1.4562700e+05   0.0000000e+00
   1.5944200e+05   0.0000000e+00
   1.7456700e+05   0.0000000e+00
   1.9112800e+05   0.0000000e+00
   2.0925900e+05   0.0000000e+00
   2.2911100e+05   0.0000000e+00
   2.5084500e+05   0.0000000e+00
   2.7464200e+05   0.0000000e+00
   3.0069600e+05   0.0000000e+00
   3.2922100e+05   0.0000000e+00
