   3.6673000e+01   9.9999933e-03
   4.0487200e+01   1.0000003e-02
   4.4698100e+01   0.0000000e+00
   4.9346900e+01   0.0000000e+00
   5.4479300e+01   0.0000000e+00
   6.0145500e+01   0.0000000e+00
   6.6400900e+01   0.0000000e+00
   7.3307000e+01   0.0000000e+00
   8.0931400e+01   1.9999926e-02
   8.9348700e+01   1.9999842e-02
   9.8641400e+01   1.0000319e-02
   1.0890100e+02   0.0000000e+00
   1.2022700e+02   0.0000000e+00
   1.3273100e+02   2.0000270e-02
   1.4653600e+02   2.0000612e-02
   1.6177700e+02   2.9998807e-02
   1.7860200e+02   4.0000815e-02
   1.9717800e+02   3.0000538e-02
   2.1768600e+02   3.9998994e-02
   2.4032600e+02   4.0001099e-02
   2.6532200e+02   4.9998396e-02
   2.9291600e+02   1.0000014e-02
   3.2338100e+02   5.0000641e-02
   3.5701500e+02   4.0000447e-02
   3.9414700e+02   2.9999661e-02
   4.3514000e+02   1.9999973e-02
   4.8039700e+02   1.9999990e-02
   5.3036100e+02   1.0000083e-02
   5.8552200e+02   9.9998964e-03
   6.4641900e+02   9.9999389e-03
   7.1365000e+02   1.0000051e-02
   7.8787400e+02   3.9999820e-02
   8.6981700e+02   2.9999973e-02
   9.6028300e+02   1.0000185e-02
   1.0601600e+03   9.9997771e-03
   1.1704200e+03   9.9999613e-03
   1.2921500e+03   1.9999785e-02
   1.4265400e+03   1.0000108e-02
   1.5749100e+03   0.0000000e+00
   1.7387100e+03   1.0000235e-02
   1.9195500e+03   1.9999536e-02
   2.1191900e+03   3.0000226e-02
   2.3396000e+03   9.9999383e-03
   2.5829300e+03   1.0000017e-02
   2.8515700e+03   0.0000000e+00
   3.1481500e+03   0.0000000e+00
   3.4755700e+03   0.0000000e+00
   3.8370500e+03   1.0000107e-02
   4.2361300e+03   0.0000000e+00
   4.6767100e+03   0.0000000e+00
   5.1631100e+03   3.0000364e-02
   5.7001100e+03   0.0000000e+00
   6.2929500e+03   0.0000000e+00
   6.9474500e+03   2.0000147e-02
   7.6700300e+03   0.0000000e+00
   8.4677500e+03   1.0000084e-02
   9.3484500e+03   9.9995913e-03
   1.0320700e+04   1.0000790e-02
   1.1394200e+04   0.0000000e+00
   1.2579200e+04   1.9999851e-02
   1.3887500e+04   0.0000000e+00
   1.5331900e+04   2.9999848e-02
   1.6926500e+04   0.0000000e+00
   1.8687000e+04   0.0000000e+00
   2.0630500e+04   0.0000000e+00
   2.2776200e+04   0.0000000e+00
   2.5145000e+04   1.0000280e-02
   2.7760300e+04   9.9999038e-03
   3.0647500e+04   9.9999525e-03
   3.3835000e+04   0.0000000e+00
   3.7354100e+04   9.9999123e-03
   4.1239100e+04   9.9999938e-03
   4.5528200e+04   0.0000000e+00
   5.0263400e+04   9.9998760e-03
   5.5491000e+04   0.0000000e+00
   6.1262400e+04   0.0000000e+00
   6.7634100e+04   0.0000000e+00
   7.4668400e+04   0.0000000e+00
   8.2434300e+04   0.0000000e+00
   9.1008000e+04   9.9996778e-03
   1.0047300e+05   0.0000000e+00
   1.1092300e+05   0.0000000e+00
   1.2246000e+05   0.0000000e+00
   1.3519600e+05   0.0000000e+00
   1.4925700e+05   1.0000250e-02
   1.6478100e+05   0.0000000e+00
   1.8191900e+05   0.0000000e+00
   2.0084000e+05   0.0000000e+00
   2.2172800e+05   0.0000000e+00
   2.4478900e+05   0.0000000e+00
   2.7024900e+05   0.0000000e+00
   2.9835600e+05   0.0000000e+00
   3.2938700e+05   9.9999787e-03
   3.6364500e+05   0.0000000e+00
   4.0146600e+05   0.0000000e+00
   4.4322100e+05   0.0000000e+00
   4.8931900e+05   0.0000000e+00
   5.4021000e+05   0.0000000e+00
   5.9639500e+05   1.0000067e-02
