   1.0784100e+02   1.9999559e-02
   1.1796900e+02   2.0000951e-02
   1.2904900e+02   9.9999817e-03
   1.4116900e+02   1.9999560e-02
   1.5442700e+02   1.0000334e-02
   1.6893100e+02   1.9999102e-02
   1.8479600e+02   4.0000547e-02
   2.0215200e+02   2.0000232e-02
   2.2113800e+02   2.0000132e-02
   2.4190700e+02   0.0000000e+00
   2.6462600e+02   0.0000000e+00
   2.8947900e+02   3.0000599e-02
   3.1666700e+02   2.9999333e-02
   3.4640700e+02   5.0000203e-02
   3.7894100e+02   2.0000299e-02
   4.1453100e+02   2.0000030e-02
   4.5346300e+02   2.9999711e-02
   4.9605100e+02   2.9999877e-02
   5.4263900e+02   2.0000108e-02
   5.9360300e+02   2.9999967e-02
   6.4935300e+02   2.9999989e-02
   7.1033900e+02   1.0000028e-02
   7.7705300e+02   9.9999475e-03
   8.5003200e+02   3.0000180e-02
   9.2986600e+02   8.0002485e-02
   1.0172000e+03   0.0000000e+00
   1.1127300e+03   2.0000810e-02
   1.2172400e+03   2.9999854e-02
   1.3315600e+03   3.9997618e-02
   1.4566100e+03   0.0000000e+00
   1.5934200e+03   1.9999974e-02
   1.7430700e+03   2.9999007e-02
   1.9067700e+03   9.9999705e-03
   2.0858500e+03   1.0000029e-02
   2.2817500e+03   1.0000095e-02
   2.4960500e+03   3.0000710e-02
   2.7304800e+03   0.0000000e+00
   2.9869200e+03   0.0000000e+00
   3.2674400e+03   1.9999853e-02
   3.5743100e+03   0.0000000e+00
   3.9100100e+03   9.9999882e-03
   4.2772300e+03   2.0000016e-02
   4.6789400e+03   0.0000000e+00
   5.1183700e+03   2.0000084e-02
   5.5990800e+03   1.0000069e-02
   6.1249400e+03   0.0000000e+00
   6.7001800e+03   1.0000044e-02
   7.3294500e+03   1.0000020e-02
   8.0178200e+03   0.0000000e+00
   8.7708400e+03   0.0000000e+00
   9.5945800e+03   0.0000000e+00
   1.0495700e+04   1.9999262e-02
   1.1481400e+04   0.0000000e+00
   1.2559700e+04   0.0000000e+00
   1.3739300e+04   1.0000226e-02
   1.5029700e+04   0.0000000e+00
   1.6441300e+04   0.0000000e+00
   1.7985400e+04   0.0000000e+00
   1.9674500e+04   0.0000000e+00
   2.1522300e+04   0.0000000e+00
   2.3543700e+04   9.9996555e-03
   2.5754800e+04   2.0000433e-02
   2.8173700e+04   0.0000000e+00
   3.0819700e+04   0.0000000e+00
   3.3714200e+04   0.0000000e+00
   3.6880600e+04   0.0000000e+00
   4.0344400e+04   0.0000000e+00
   4.4133500e+04   0.0000000e+00
   4.8278400e+04   9.9999514e-03
   5.2812600e+04   0.0000000e+00
   5.7772700e+04   0.0000000e+00
   6.3198600e+04   1.0000012e-02
   6.9134100e+04   0.0000000e+00
   7.5627000e+04   0.0000000e+00
   8.2729800e+04   0.0000000e+00
   9.0499600e+04   0.0000000e+00
   9.8999100e+04   0.0000000e+00
   1.0829700e+05   0.0000000e+00
   1.1846800e+05   0.0000000e+00
   1.2959400e+05   0.0000000e+00
   1.4176600e+05   0.0000000e+00
   1.5508000e+05   0.0000000e+00
   1.6964500e+05   0.0000000e+00
   1.8557700e+05   1.0000515e-02
   2.0300700e+05   0.0000000e+00
   2.2207300e+05   0.0000000e+00
   2.4292900e+05   0.0000000e+00
   2.6574500e+05   0.0000000e+00
   2.9070300e+05   0.0000000e+00
   3.1800500e+05   0.0000000e+00
   3.4787200e+05   0.0000000e+00
   3.8054300e+05   0.0000000e+00
   4.1628300e+05   0.0000000e+00
   4.5538000e+05   0.0000000e+00
   4.9814800e+05   0.0000000e+00
   5.4493300e+05   0.0000000e+00
   5.9611200e+05   0.0000000e+00
   6.5209800e+05   0.0000000e+00
   7.1334200e+05   0.0000000e+00
