   1.0420600e+02   4.0005298e-02
   1.1135900e+02   0.0000000e+00
   1.1900100e+02   0.0000000e+00
   1.2716900e+02   9.9999314e-03
   1.3589700e+02   1.9999793e-02
   1.4522400e+02   1.9999483e-02
   1.5519100e+02   2.0001260e-02
   1.6584300e+02   0.0000000e+00
   1.7722500e+02   0.0000000e+00
   1.8938900e+02   2.9999124e-02
   2.0238700e+02   2.9998927e-02
   2.1627700e+02   2.0000212e-02
   2.3112100e+02   1.0000210e-02
   2.4698400e+02   9.9997678e-03
   2.6393500e+02   0.0000000e+00
   2.8205000e+02   1.9999911e-02
   3.0140800e+02   1.0000137e-02
   3.2209500e+02   4.0000848e-02
   3.4420200e+02   4.9998316e-02
   3.6782500e+02   9.9999484e-03
   3.9307000e+02   2.0000140e-02
   4.2004800e+02   1.0000204e-02
   4.4887800e+02   3.9999875e-02
   4.7968600e+02   2.9999547e-02
   5.1260800e+02   1.9999947e-02
   5.4779000e+02   2.0000138e-02
   5.8538700e+02   9.9999749e-03
   6.2556400e+02   3.0000230e-02
   6.6849900e+02   0.0000000e+00
   7.1438000e+02   1.0000118e-02
   7.6341100e+02   0.0000000e+00
   8.1580600e+02   3.0000178e-02
   8.7179800e+02   0.0000000e+00
   9.3163300e+02   0.0000000e+00
   9.9557400e+02   2.9998394e-02
   1.0639000e+03   0.0000000e+00
   1.1369200e+03   1.9999713e-02
   1.2149500e+03   0.0000000e+00
   1.2983400e+03   1.0000013e-02
   1.3874500e+03   2.0000966e-02
   1.4826800e+03   0.0000000e+00
   1.5844400e+03   1.9999026e-02
   1.6931800e+03   5.0000398e-02
   1.8093900e+03   0.0000000e+00
   1.9335800e+03   0.0000000e+00
   2.0662800e+03   0.0000000e+00
   2.2081000e+03   0.0000000e+00
   2.3596500e+03   1.9999853e-02
   2.5216000e+03   1.0000210e-02
   2.6946700e+03   9.9997613e-03
   2.8796100e+03   0.0000000e+00
   3.0772500e+03   0.0000000e+00
   3.2884500e+03   0.0000000e+00
   3.5141500e+03   1.0000075e-02
   3.7553400e+03   0.0000000e+00
   4.0130800e+03   2.9999836e-02
   4.2885100e+03   1.0000143e-02
   4.5828500e+03   2.0000183e-02
   4.8973900e+03   9.9998725e-03
   5.2335100e+03   1.9999771e-02
   5.5927000e+03   0.0000000e+00
   5.9765500e+03   9.9999400e-03
   6.3867400e+03   2.0000245e-02
   6.8250900e+03   0.0000000e+00
   7.2935200e+03   9.9999865e-03
   7.7941000e+03   9.9998744e-03
   8.3290300e+03   0.0000000e+00
   8.9006800e+03   1.0000086e-02
   9.5115700e+03   1.0000246e-02
   1.0164400e+04   0.0000000e+00
   1.0862000e+04   0.0000000e+00
   1.1607500e+04   1.0000497e-02
   1.2404200e+04   9.9995401e-03
   1.3255500e+04   0.0000000e+00
   1.4165300e+04   0.0000000e+00
   1.5137500e+04   0.0000000e+00
   1.6176400e+04   1.0000494e-02
   1.7286700e+04   0.0000000e+00
   1.8473100e+04   1.0000206e-02
   1.9741000e+04   0.0000000e+00
   2.1095900e+04   0.0000000e+00
   2.2543800e+04   9.9996310e-03
   2.4091000e+04   0.0000000e+00
   2.5744500e+04   0.0000000e+00
   2.7511400e+04   0.0000000e+00
   2.9399600e+04   0.0000000e+00
   3.1417400e+04   1.0000057e-02
   3.3573700e+04   0.0000000e+00
   3.5878000e+04   0.0000000e+00
   3.8340400e+04   0.0000000e+00
   4.0971800e+04   0.0000000e+00
   4.3783900e+04   0.0000000e+00
   4.6788900e+04   1.0000052e-02
   5.0000200e+04   0.0000000e+00
   5.3431900e+04   0.0000000e+00
   5.7099100e+04   0.0000000e+00
   6.1018000e+04   0.0000000e+00
   6.5205900e+04   0.0000000e+00
   6.9681200e+04   0.0000000e+00
