   8.1402900e+01   1.0000004e-02
   8.7449400e+01   0.0000000e+00
   9.3945100e+01   9.9996796e-03
   1.0092300e+02   0.0000000e+00
   1.0842000e+02   0.0000000e+00
   1.1647300e+02   0.0000000e+00
   1.2512400e+02   1.0000955e-02
   1.3441900e+02   0.0000000e+00
   1.4440300e+02   9.9999249e-03
   1.5512900e+02   0.0000000e+00
   1.6665200e+02   2.0000503e-02
   1.7903100e+02   9.9998566e-03
   1.9232900e+02   1.0000029e-02
   2.0661500e+02   1.9999903e-02
   2.2196200e+02   4.9999795e-02
   2.3844900e+02   2.0000390e-02
   2.5616100e+02   9.9998301e-03
   2.7518800e+02   3.0000438e-02
   2.9562900e+02   9.9995634e-03
   3.1758700e+02   2.0000827e-02
   3.4117800e+02   2.9999606e-02
   3.6652000e+02   9.9997563e-03
   3.9374400e+02   4.0000244e-02
   4.2299100e+02   2.0000432e-02
   4.5441100e+02   1.9999935e-02
   4.8816400e+02   1.9999856e-02
   5.2442400e+02   4.0000304e-02
   5.6337800e+02   1.9999979e-02
   6.0522500e+02   2.9999730e-02
   6.5018000e+02   5.0000296e-02
   6.9847500e+02   2.9999514e-02
   7.5035600e+02   0.0000000e+00
   8.0609200e+02   3.0000211e-02
   8.6596800e+02   2.9999990e-02
   9.3029100e+02   0.0000000e+00
   9.9939200e+02   0.0000000e+00
   1.0736300e+03   1.9998074e-02
   1.1533700e+03   1.9999747e-02
   1.2390400e+03   2.0001120e-02
   1.3310800e+03   2.9999729e-02
   1.4299500e+03   9.9995228e-03
   1.5361600e+03   1.0000475e-02
   1.6502700e+03   2.0000030e-02
   1.7728500e+03   2.9998811e-02
   1.9045300e+03   2.0000463e-02
   2.0460000e+03   1.0000360e-02
   2.1979800e+03   9.9998056e-03
   2.3612400e+03   1.0000001e-02
   2.5366300e+03   4.0000435e-02
   2.7250500e+03   0.0000000e+00
   2.9274600e+03   0.0000000e+00
   3.1449100e+03   9.9999955e-03
   3.3785100e+03   9.9999309e-03
   3.6294600e+03   9.9999288e-03
   3.8990500e+03   0.0000000e+00
   4.1886700e+03   1.0000029e-02
   4.4998000e+03   0.0000000e+00
   4.8340400e+03   0.0000000e+00
   5.1931100e+03   0.0000000e+00
   5.5788400e+03   1.0000018e-02
   5.9932300e+03   0.0000000e+00
   6.4384100e+03   0.0000000e+00
   6.9166400e+03   9.9999788e-03
   7.4304000e+03   9.9999625e-03
   7.9823200e+03   0.0000000e+00
   8.5752400e+03   0.0000000e+00
   9.2122000e+03   0.0000000e+00
   9.8964700e+03   0.0000000e+00
   1.0631600e+04   0.0000000e+00
   1.1421300e+04   0.0000000e+00
   1.2269600e+04   0.0000000e+00
   1.3181000e+04   0.0000000e+00
   1.4160100e+04   0.0000000e+00
   1.5211900e+04   0.0000000e+00
   1.6341800e+04   0.0000000e+00
   1.7555600e+04   0.0000000e+00
   1.8859600e+04   0.0000000e+00
   2.0260500e+04   1.0000484e-02
   2.1765500e+04   2.9999809e-02
   2.3382200e+04   1.0000008e-02
   2.5119000e+04   0.0000000e+00
   2.6984800e+04   0.0000000e+00
   2.8989200e+04   0.0000000e+00
   3.1142400e+04   0.0000000e+00
   3.3455700e+04   0.0000000e+00
   3.5940700e+04   0.0000000e+00
   3.8610400e+04   0.0000000e+00
   4.1478300e+04   0.0000000e+00
   4.4559300e+04   9.9999649e-03
   4.7869100e+04   0.0000000e+00
   5.1424700e+04   0.0000000e+00
   5.5244500e+04   0.0000000e+00
   5.9348000e+04   0.0000000e+00
   6.3756300e+04   0.0000000e+00
   6.8492000e+04   0.0000000e+00
   7.3579500e+04   0.0000000e+00
   7.9044900e+04   0.0000000e+00
   8.4916300e+04   0.0000000e+00
   9.1223800e+04   1.0000021e-02
