   8.6200200e+01   9.9999475e-03
   9.3189700e+01   0.0000000e+00
   1.0074600e+02   0.0000000e+00
   1.0891500e+02   0.0000000e+00
   1.1774600e+02   0.0000000e+00
   1.2729400e+02   0.0000000e+00
   1.3761500e+02   2.0000834e-02
   1.4877400e+02   2.9999233e-02
   1.6083700e+02   0.0000000e+00
   1.7387900e+02   3.0000134e-02
   1.8797800e+02   4.9999552e-02
   2.0322000e+02   3.9999851e-02
   2.1969800e+02   3.9999556e-02
   2.3751200e+02   1.0000197e-02
   2.5677100e+02   1.9999796e-02
   2.7759100e+02   0.0000000e+00
   3.0009900e+02   5.0001017e-02
   3.2443300e+02   1.9999557e-02
   3.5073900e+02   4.0000576e-02
   3.7917900e+02   1.0000106e-02
   4.0992500e+02   2.9999356e-02
   4.4316300e+02   3.0000111e-02
   4.7909700e+02   2.0000232e-02
   5.1794500e+02   9.9998637e-03
   5.5994200e+02   6.0000065e-02
   6.0534500e+02   2.9999797e-02
   6.5442900e+02   2.0000252e-02
   7.0749400e+02   1.9999972e-02
   7.6486100e+02   2.0000135e-02
   8.2688000e+02   1.9999852e-02
   8.9392700e+02   1.0000038e-02
   9.6641100e+02   0.0000000e+00
   1.0447700e+03   2.0001121e-02
   1.1294900e+03   0.0000000e+00
   1.2210700e+03   0.0000000e+00
   1.3200800e+03   1.0000116e-02
   1.4271200e+03   0.0000000e+00
   1.5428400e+03   9.9999311e-03
   1.6679400e+03   2.9998937e-02
   1.8031800e+03   1.0000615e-02
   1.9494000e+03   0.0000000e+00
   2.1074600e+03   1.0000397e-02
   2.2783500e+03   0.0000000e+00
   2.4630800e+03   1.0000060e-02
   2.6628000e+03   1.0000313e-02
   2.8787200e+03   0.0000000e+00
   3.1121400e+03   1.9999434e-02
   3.3644800e+03   0.0000000e+00
   3.6372900e+03   0.0000000e+00
   3.9322200e+03   2.0000376e-02
   4.2510700e+03   9.9998016e-03
   4.5957600e+03   1.0000063e-02
   4.9684100e+03   0.0000000e+00
   5.3712700e+03   0.0000000e+00
   5.8068000e+03   0.0000000e+00
   6.2776500e+03   0.0000000e+00
   6.7866700e+03   0.0000000e+00
   7.3369700e+03   0.0000000e+00
   7.9318800e+03   2.0000154e-02
   8.5750400e+03   1.0000087e-02
   9.2703500e+03   9.9995006e-03
   1.0022000e+04   0.0000000e+00
   1.0834700e+04   0.0000000e+00
   1.1713200e+04   0.0000000e+00
   1.2663000e+04   1.9998576e-02
   1.3689700e+04   2.0001227e-02
   1.4799800e+04   0.0000000e+00
   1.5999800e+04   9.9996792e-03
   1.7297100e+04   1.0000454e-02
   1.8699700e+04   0.0000000e+00
   2.0215900e+04   9.9999560e-03
   2.1855100e+04   0.0000000e+00
   2.3627300e+04   9.9999204e-03
   2.5543100e+04   0.0000000e+00
   2.7614200e+04   1.0000022e-02
   2.9853300e+04   1.0000178e-02
   3.2274000e+04   0.0000000e+00
   3.4890900e+04   9.9999066e-03
   3.7720000e+04   1.0000246e-02
   4.0778600e+04   0.0000000e+00
   4.4085100e+04   0.0000000e+00
   4.7659700e+04   0.0000000e+00
   5.1524200e+04   0.0000000e+00
   5.5702100e+04   9.9998020e-03
   6.0218600e+04   1.0000179e-02
   6.5101500e+04   0.0000000e+00
   7.0380200e+04   0.0000000e+00
   7.6087000e+04   0.0000000e+00
   8.2256500e+04   0.0000000e+00
   8.8926200e+04   0.0000000e+00
   9.6136800e+04   0.0000000e+00
   1.0393200e+05   0.0000000e+00
   1.1235900e+05   0.0000000e+00
   1.2147000e+05   0.0000000e+00
   1.3131900e+05   0.0000000e+00
   1.4196700e+05   0.0000000e+00
   1.5347900e+05   0.0000000e+00
   1.6592400e+05   0.0000000e+00
   1.7937800e+05   9.9994509e-03
