   1.2850400e+02   4.0003266e-02
   1.3939600e+02   9.9998540e-03
   1.5121000e+02   9.9996470e-03
   1.6402500e+02   0.0000000e+00
   1.7792700e+02   0.0000000e+00
   1.9300700e+02   4.9997460e-02
   2.0936400e+02   1.0000425e-02
   2.2710900e+02   3.9999846e-02
   2.4635700e+02   2.9999365e-02
   2.6723600e+02   5.9999919e-02
   2.8988500e+02   4.0000543e-02
   3.1445400e+02   1.0000042e-02
   3.4110500e+02   9.9997966e-03
   3.7001400e+02   3.0000230e-02
   4.0137400e+02   2.0000237e-02
   4.3539200e+02   1.9999652e-02
   4.7229200e+02   2.9999905e-02
   5.1232000e+02   2.0000190e-02
   5.5574100e+02   4.0000336e-02
   6.0284200e+02   3.9999569e-02
   6.5393400e+02   1.0000027e-02
   7.0935700e+02   4.0000000e-02
   7.6947700e+02   1.9999875e-02
   8.3469200e+02   1.0000089e-02
   9.0543500e+02   3.9999913e-02
   9.8217300e+02   1.0000629e-02
   1.0654200e+03   0.0000000e+00
   1.1557100e+03   2.0000019e-02
   1.2536600e+03   9.9998675e-03
   1.3599100e+03   2.0000607e-02
   1.4751700e+03   1.9999199e-02
   1.6001900e+03   2.0001356e-02
   1.7358200e+03   0.0000000e+00
   1.8829300e+03   0.0000000e+00
   2.0425100e+03   1.0000063e-02
   2.2156200e+03   9.9999798e-03
   2.4034000e+03   1.0000224e-02
   2.6071000e+03   1.0000053e-02
   2.8280600e+03   0.0000000e+00
   3.0677400e+03   2.0000006e-02
   3.3277400e+03   4.0000605e-02
   3.6097800e+03   2.0000063e-02
   3.9157200e+03   1.0000040e-02
   4.2475900e+03   1.9999712e-02
   4.6075800e+03   0.0000000e+00
   4.9980900e+03   9.9999676e-03
   5.4216900e+03   0.0000000e+00
   5.8811900e+03   0.0000000e+00
   6.3796400e+03   9.9999534e-03
   6.9203300e+03   0.0000000e+00
   7.5068500e+03   0.0000000e+00
   8.1430800e+03   9.9999974e-03
   8.8332300e+03   0.0000000e+00
   9.5818700e+03   0.0000000e+00
   1.0394000e+04   0.0000000e+00
   1.1274900e+04   2.0000421e-02
   1.2230500e+04   0.0000000e+00
   1.3267000e+04   0.0000000e+00
   1.4391400e+04   0.0000000e+00
   1.5611200e+04   0.0000000e+00
   1.6934200e+04   2.0001049e-02
   1.8369500e+04   0.0000000e+00
   1.9926300e+04   0.0000000e+00
   2.1615100e+04   0.0000000e+00
   2.3447100e+04   0.0000000e+00
   2.5434300e+04   0.0000000e+00
   2.7589900e+04   1.0000331e-02
   2.9928300e+04   0.0000000e+00
   3.2464800e+04   0.0000000e+00
   3.5216200e+04   0.0000000e+00
   3.8200900e+04   0.0000000e+00
   4.1438500e+04   0.0000000e+00
   4.4950600e+04   0.0000000e+00
   4.8760300e+04   9.9998235e-03
   5.2892800e+04   1.0000184e-02
   5.7375700e+04   0.0000000e+00
   6.2238400e+04   0.0000000e+00
   6.7513300e+04   0.0000000e+00
   7.3235200e+04   0.0000000e+00
   7.9442100e+04   0.0000000e+00
   8.6175100e+04   0.0000000e+00
   9.3478700e+04   0.0000000e+00
   1.0140100e+05   0.0000000e+00
   1.0999500e+05   0.0000000e+00
   1.1931800e+05   0.0000000e+00
   1.2943000e+05   0.0000000e+00
   1.4040000e+05   0.0000000e+00
   1.5229900e+05   0.0000000e+00
   1.6520700e+05   0.0000000e+00
   1.7920900e+05   0.0000000e+00
   1.9439700e+05   0.0000000e+00
   2.1087300e+05   0.0000000e+00
   2.2874500e+05   0.0000000e+00
   2.4813200e+05   0.0000000e+00
   2.6916100e+05   1.0000352e-02
   2.9197400e+05   0.0000000e+00
   3.1671900e+05   0.0000000e+00
   3.4356200e+05   0.0000000e+00
   3.7268000e+05   0.0000000e+00
