   8.7310300e+01   9.9999923e-03
   9.3132000e+01   9.9999883e-03
   9.9341900e+01   0.0000000e+00
   1.0596600e+02   1.0000510e-02
   1.1303200e+02   9.9989909e-03
   1.2056800e+02   0.0000000e+00
   1.2860800e+02   0.0000000e+00
   1.3718300e+02   9.9998663e-03
   1.4633000e+02   9.9999493e-03
   1.5608700e+02   2.0000741e-02
   1.6649500e+02   9.9994700e-03
   1.7759600e+02   1.0000143e-02
   1.8943800e+02   0.0000000e+00
   2.0207000e+02   9.9995124e-03
   2.1554300e+02   1.9999931e-02
   2.2991500e+02   1.0000411e-02
   2.4524600e+02   1.9999314e-02
   2.6159800e+02   2.0000144e-02
   2.7904100e+02   1.9999962e-02
   2.9764700e+02   4.0000835e-02
   3.1749400e+02   1.0000009e-02
   3.3866400e+02   9.9997700e-03
   3.6124500e+02   2.0000628e-02
   3.8533300e+02   0.0000000e+00
   4.1102600e+02   1.9999611e-02
   4.3843200e+02   2.9999931e-02
   4.6766600e+02   1.0000241e-02
   4.9885000e+02   0.0000000e+00
   5.3211200e+02   9.9998961e-03
   5.6759200e+02   1.0000237e-02
   6.0543900e+02   0.0000000e+00
   6.4580800e+02   0.0000000e+00
   6.8887000e+02   2.9999521e-02
   7.3480200e+02   3.0000349e-02
   7.8379800e+02   5.9999389e-02
   8.3606000e+02   2.9999914e-02
   8.9180700e+02   0.0000000e+00
   9.5127200e+02   1.9999610e-02
   1.0147000e+03   1.0000216e-02
   1.0823600e+03   1.0000020e-02
   1.1545300e+03   2.9999183e-02
   1.2315100e+03   1.0000574e-02
   1.3136300e+03   1.9999863e-02
   1.4012200e+03   0.0000000e+00
   1.4946500e+03   1.9999868e-02
   1.5943100e+03   2.9998391e-02
   1.7006100e+03   2.0001038e-02
   1.8140100e+03   9.9995775e-03
   1.9349600e+03   0.0000000e+00
   2.0639800e+03   1.0000499e-02
   2.2016100e+03   1.0000031e-02
   2.3484100e+03   9.9994963e-03
   2.5049900e+03   2.0000172e-02
   2.6720200e+03   2.0000473e-02
   2.8501900e+03   1.0000222e-02
   3.0402400e+03   9.9996032e-03
   3.2429500e+03   2.0000470e-02
   3.4591900e+03   9.9998769e-03
   3.6898400e+03   9.9998893e-03
   3.9358700e+03   3.0000304e-02
   4.1983100e+03   1.0000129e-02
   4.4782500e+03   9.9999348e-03
   4.7768500e+03   0.0000000e+00
   5.0953600e+03   9.9999977e-03
   5.4351100e+03   0.0000000e+00
   5.7975200e+03   0.0000000e+00
   6.1840900e+03   0.0000000e+00
   6.5964300e+03   1.0000026e-02
   7.0362700e+03   0.0000000e+00
   7.5054400e+03   2.9999976e-02
   8.0058900e+03   9.9999967e-03
   8.5397100e+03   0.0000000e+00
   9.1091200e+03   0.0000000e+00
   9.7165000e+03   0.0000000e+00
   1.0364400e+04   0.0000000e+00
   1.1055500e+04   0.0000000e+00
   1.1792600e+04   9.9998489e-03
   1.2578900e+04   1.0000677e-02
   1.3417700e+04   9.9992126e-03
   1.4312300e+04   0.0000000e+00
   1.5266700e+04   9.9994424e-03
   1.6284600e+04   1.0000629e-02
   1.7370500e+04   0.0000000e+00
   1.8528700e+04   0.0000000e+00
   1.9764200e+04   0.0000000e+00
   2.1082000e+04   0.0000000e+00
   2.2487700e+04   0.0000000e+00
   2.3987200e+04   0.0000000e+00
   2.5586600e+04   0.0000000e+00
   2.7292600e+04   0.0000000e+00
   2.9112500e+04   0.0000000e+00
   3.1053600e+04   0.0000000e+00
   3.3124300e+04   0.0000000e+00
   3.5332900e+04   0.0000000e+00
   3.7688900e+04   0.0000000e+00
   4.0201900e+04   0.0000000e+00
   4.2882500e+04   9.9998871e-03
   4.5741800e+04   0.0000000e+00
   4.8791800e+04   1.0000138e-02
