   5.4151800e+02   9.9999578e-03
   5.7891500e+02   1.0000037e-02
   6.1889500e+02   1.0000026e-02
   6.6163600e+02   0.0000000e+00
   7.0732900e+02   0.0000000e+00
   7.5617700e+02   0.0000000e+00
   8.0839800e+02   1.0000023e-02
   8.6422600e+02   0.0000000e+00
   9.2390900e+02   0.0000000e+00
   9.8771500e+02   1.0000524e-02
   1.0559300e+03   9.9996654e-03
   1.1288500e+03   1.0000241e-02
   1.2068100e+03   0.0000000e+00
   1.2901500e+03   4.0001089e-02
   1.3792500e+03   1.9999833e-02
   1.4745000e+03   2.0000227e-02
   1.5763300e+03   3.9999627e-02
   1.6851900e+03   0.0000000e+00
   1.8015700e+03   1.9999032e-02
   1.9259800e+03   4.0000496e-02
   2.0589900e+03   9.9997393e-03
   2.2011800e+03   3.0001299e-02
   2.3532000e+03   1.9999781e-02
   2.5157100e+03   1.9999450e-02
   2.6894400e+03   1.0000390e-02
   2.8751800e+03   1.0000018e-02
   3.0737400e+03   3.9999522e-02
   3.2860100e+03   9.9999428e-03
   3.5129400e+03   1.9999726e-02
   3.7555400e+03   0.0000000e+00
   4.0149000e+03   1.0000048e-02
   4.2921700e+03   0.0000000e+00
   4.5885900e+03   9.9997505e-03
   4.9054700e+03   3.9999929e-02
   5.2442400e+03   0.0000000e+00
   5.6064100e+03   3.0000100e-02
   5.9935900e+03   2.0000159e-02
   6.4075100e+03   9.9999690e-03
   6.8500100e+03   2.9999904e-02
   7.3230700e+03   5.9999807e-02
   7.8288000e+03   1.0000047e-02
   8.3694600e+03   1.9999841e-02
   8.9474500e+03   1.0000008e-02
   9.5653600e+03   9.9993206e-03
   1.0225900e+04   9.9999332e-03
   1.0932100e+04   1.0000353e-02
   1.1687100e+04   9.9998883e-03
   1.2494200e+04   0.0000000e+00
   1.3357100e+04   9.9995539e-03
   1.4279500e+04   1.0000561e-02
   1.5265700e+04   9.9995614e-03
   1.6319900e+04   2.0000840e-02
   1.7447000e+04   1.0000116e-02
   1.8651900e+04   3.0000107e-02
   1.9940000e+04   9.9996225e-03
   2.1317000e+04   0.0000000e+00
   2.2789200e+04   9.9998937e-03
   2.4363000e+04   9.9999724e-03
   2.6045500e+04   9.9999986e-03
   2.7844200e+04   0.0000000e+00
   2.9767100e+04   1.9999864e-02
   3.1822800e+04   0.0000000e+00
   3.4020500e+04   9.9997747e-03
   3.6369900e+04   0.0000000e+00
   3.8881600e+04   1.0000141e-02
   4.1566800e+04   9.9999935e-03
   4.4437400e+04   1.0000164e-02
   4.7506300e+04   0.0000000e+00
   5.0787000e+04   0.0000000e+00
   5.4294400e+04   1.0000071e-02
   5.8044000e+04   9.9999649e-03
   6.2052500e+04   9.9999190e-03
   6.6337800e+04   0.0000000e+00
   7.0919100e+04   0.0000000e+00
   7.5816800e+04   0.0000000e+00
   8.1052700e+04   0.0000000e+00
   8.6650200e+04   0.0000000e+00
   9.2634200e+04   2.9999946e-02
   9.9031500e+04   0.0000000e+00
   1.0587100e+05   9.9994009e-03
   1.1318200e+05   0.0000000e+00
   1.2099800e+05   0.0000000e+00
   1.2935500e+05   9.9997789e-03
   1.3828800e+05   0.0000000e+00
   1.4783800e+05   0.0000000e+00
   1.5804800e+05   0.0000000e+00
   1.6896200e+05   0.0000000e+00
   1.8063100e+05   0.0000000e+00
   1.9310500e+05   0.0000000e+00
   2.0644100e+05   0.0000000e+00
   2.2069800e+05   0.0000000e+00
   2.3593900e+05   0.0000000e+00
   2.5223300e+05   0.0000000e+00
   2.6965200e+05   0.0000000e+00
   2.8827500e+05   0.0000000e+00
   3.0818300e+05   9.9999665e-03
   3.2946600e+05   0.0000000e+00
   3.5221900e+05   0.0000000e+00
   3.7654300e+05   9.9999942e-03
