   9.8358500e+01   9.9995617e-03
   1.0645800e+02   2.0000332e-02
   1.1522500e+02   0.0000000e+00
   1.2471400e+02   9.9997758e-03
   1.3498400e+02   3.0000083e-02
   1.4610000e+02   0.0000000e+00
   1.5813200e+02   0.0000000e+00
   1.7115400e+02   2.9998797e-02
   1.8524800e+02   1.0000491e-02
   2.0050400e+02   0.0000000e+00
   2.1701500e+02   3.9999408e-02
   2.3488600e+02   1.0000022e-02
   2.5422900e+02   2.0000140e-02
   2.7516500e+02   3.0000027e-02
   2.9782500e+02   5.0000175e-02
   3.2235100e+02   1.0000117e-02
   3.4889700e+02   2.9999186e-02
   3.7762800e+02   2.0000150e-02
   4.0872600e+02   2.0000178e-02
   4.4238500e+02   3.9999411e-02
   4.7881500e+02   1.0000096e-02
   5.1824600e+02   2.0000148e-02
   5.6092400e+02   3.9999824e-02
   6.0711600e+02   1.9999950e-02
   6.5711200e+02   2.9999814e-02
   7.1122500e+02   2.0000132e-02
   7.6979500e+02   2.0000048e-02
   8.3318800e+02   1.9999935e-02
   9.0180100e+02   3.9999760e-02
   9.7606400e+02   0.0000000e+00
   1.0564400e+03   1.0000215e-02
   1.1434400e+03   1.9999396e-02
   1.2376000e+03   1.0000288e-02
   1.3395200e+03   1.9999975e-02
   1.4498300e+03   1.0000502e-02
   1.5692300e+03   1.9999121e-02
   1.6984500e+03   0.0000000e+00
   1.8383200e+03   0.0000000e+00
   1.9897100e+03   1.9999695e-02
   2.1535600e+03   0.0000000e+00
   2.3309000e+03   2.0000038e-02
   2.5228500e+03   0.0000000e+00
   2.7306100e+03   1.0000149e-02
   2.9554800e+03   2.9999506e-02
   3.1988600e+03   0.0000000e+00
   3.4622900e+03   0.0000000e+00
   3.7474100e+03   0.0000000e+00
   4.0560100e+03   9.9998920e-03
   4.3900200e+03   2.0000009e-02
   4.7515400e+03   9.9999638e-03
   5.1428300e+03   0.0000000e+00
   5.5663500e+03   1.0000007e-02
   6.0247400e+03   3.0000097e-02
   6.5208800e+03   9.9998815e-03
   7.0578700e+03   0.0000000e+00
   7.6390900e+03   9.9999815e-03
   8.2681700e+03   1.0000095e-02
   8.9490600e+03   1.9999791e-02
   9.6860100e+03   1.0000560e-02
   1.0483700e+04   1.9999294e-02
   1.1347000e+04   0.0000000e+00
   1.2281400e+04   0.0000000e+00
   1.3292800e+04   0.0000000e+00
   1.4387500e+04   9.9999134e-03
   1.5572300e+04   0.0000000e+00
   1.6854700e+04   0.0000000e+00
   1.8242600e+04   0.0000000e+00
   1.9744900e+04   0.0000000e+00
   2.1370900e+04   0.0000000e+00
   2.3130800e+04   0.0000000e+00
   2.5035600e+04   0.0000000e+00
   2.7097300e+04   0.0000000e+00
   2.9328800e+04   9.9998458e-03
   3.1744000e+04   0.0000000e+00
   3.4358200e+04   0.0000000e+00
   3.7187600e+04   0.0000000e+00
   4.0250000e+04   1.0000016e-02
   4.3564600e+04   9.9998692e-03
   4.7152100e+04   0.0000000e+00
   5.1035100e+04   0.0000000e+00
   5.5237900e+04   0.0000000e+00
   5.9786700e+04   0.0000000e+00
   6.4710200e+04   0.0000000e+00
   7.0039100e+04   0.0000000e+00
   7.5806800e+04   0.0000000e+00
   8.2049500e+04   0.0000000e+00
   8.8806300e+04   0.0000000e+00
   9.6119500e+04   1.0000047e-02
   1.0403500e+05   0.0000000e+00
   1.1260200e+05   0.0000000e+00
   1.2187500e+05   1.0000556e-02
   1.3191200e+05   0.0000000e+00
   1.4277500e+05   0.0000000e+00
   1.5453200e+05   0.0000000e+00
   1.6725800e+05   0.0000000e+00
   1.8103200e+05   0.0000000e+00
   1.9594000e+05   0.0000000e+00
   2.1207500e+05   0.0000000e+00
   2.2954000e+05   9.9996684e-03
