   9.3896100e+01   3.9999530e-02
   1.0292100e+02   1.0000537e-02
   1.1281400e+02   9.9997182e-03
   1.2365700e+02   0.0000000e+00
   1.3554200e+02   0.0000000e+00
   1.4857000e+02   9.9998984e-03
   1.6285000e+02   1.0000185e-02
   1.7850300e+02   9.9998717e-03
   1.9566000e+02   0.0000000e+00
   2.1446700e+02   3.0000173e-02
   2.3508100e+02   2.9999607e-02
   2.5767600e+02   9.9999735e-03
   2.8244300e+02   3.0000440e-02
   3.0959100e+02   2.9999107e-02
   3.3934700e+02   4.0001084e-02
   3.7196500e+02   2.9999861e-02
   4.0771700e+02   1.9999713e-02
   4.4690500e+02   9.9999670e-03
   4.8986000e+02   6.0000083e-02
   5.3694400e+02   4.0000382e-02
   5.8855400e+02   1.9999984e-02
   6.4512400e+02   4.9999654e-02
   7.0713100e+02   2.0000196e-02
   7.7509900e+02   3.9999870e-02
   8.4959900e+02   2.9999965e-02
   9.3126000e+02   2.9999993e-02
   1.0207700e+03   0.0000000e+00
   1.1188800e+03   0.0000000e+00
   1.2264300e+03   9.9999490e-03
   1.3443100e+03   0.0000000e+00
   1.4735200e+03   0.0000000e+00
   1.6151500e+03   4.9998923e-02
   1.7703900e+03   2.0000591e-02
   1.9405600e+03   9.9999527e-03
   2.1270800e+03   3.0000175e-02
   2.3315300e+03   1.0000014e-02
   2.5556300e+03   1.0000029e-02
   2.8012700e+03   3.0000104e-02
   3.0705200e+03   0.0000000e+00
   3.3656400e+03   1.0000129e-02
   3.6891400e+03   1.0000005e-02
   4.0437300e+03   9.9999738e-03
   4.4324000e+03   9.9999892e-03
   4.8584300e+03   1.0000050e-02
   5.3254100e+03   0.0000000e+00
   5.8372700e+03   1.9999938e-02
   6.3983300e+03   9.9999834e-03
   7.0133200e+03   1.0000004e-02
   7.6874200e+03   0.0000000e+00
   8.4263200e+03   9.9999588e-03
   9.2362300e+03   0.0000000e+00
   1.0124000e+04   1.0000159e-02
   1.1097100e+04   9.9998230e-03
   1.2163700e+04   0.0000000e+00
   1.3332800e+04   0.0000000e+00
   1.4614300e+04   0.0000000e+00
   1.6019000e+04   0.0000000e+00
   1.7558700e+04   1.0000028e-02
   1.9246400e+04   9.9999304e-03
   2.1096300e+04   1.0000400e-02
   2.3124100e+04   9.9999219e-03
   2.5346700e+04   0.0000000e+00
   2.7782900e+04   0.0000000e+00
   3.0453300e+04   0.0000000e+00
   3.3380400e+04   2.0000441e-02
   3.6588900e+04   0.0000000e+00
   4.0105700e+04   0.0000000e+00
   4.3960500e+04   0.0000000e+00
   4.8185900e+04   0.0000000e+00
   5.2817400e+04   0.0000000e+00
   5.7894000e+04   9.9999757e-03
   6.3458600e+04   0.0000000e+00
   6.9558100e+04   0.0000000e+00
   7.6243800e+04   0.0000000e+00
   8.3572100e+04   0.0000000e+00
   9.1604800e+04   0.0000000e+00
   1.0041000e+05   0.0000000e+00
   1.1006100e+05   0.0000000e+00
   1.2063900e+05   1.0000425e-02
   1.3223500e+05   0.0000000e+00
   1.4494500e+05   0.0000000e+00
   1.5887700e+05   0.0000000e+00
   1.7414700e+05   0.0000000e+00
   1.9088600e+05   0.0000000e+00
   2.0923300e+05   0.0000000e+00
   2.2934400e+05   0.0000000e+00
   2.5138800e+05   0.0000000e+00
   2.7555100e+05   0.0000000e+00
   3.0203600e+05   0.0000000e+00
   3.3106700e+05   0.0000000e+00
   3.6288800e+05   0.0000000e+00
   3.9776800e+05   0.0000000e+00
   4.3600000e+05   0.0000000e+00
   4.7790700e+05   0.0000000e+00
   5.2384200e+05   0.0000000e+00
   5.7419200e+05   0.0000000e+00
   6.2938200e+05   0.0000000e+00
   6.8987600e+05   9.9999940e-03
   7.5618500e+05   1.0000091e-02
