   2.1366200e+02   1.0000198e-02
   2.3452700e+02   0.0000000e+00
   2.5742900e+02   9.9997958e-03
   2.8256700e+02   2.0000462e-02
   3.1016100e+02   0.0000000e+00
   3.4044900e+02   0.0000000e+00
   3.7369400e+02   0.0000000e+00
   4.1018600e+02   4.0000322e-02
   4.5024200e+02   9.9999424e-03
   4.9420900e+02   4.0000261e-02
   5.4247000e+02   0.0000000e+00
   5.9544300e+02   1.0000121e-02
   6.5359000e+02   0.0000000e+00
   7.1741400e+02   2.0000228e-02
   7.8747200e+02   2.9999832e-02
   8.6437000e+02   9.9999846e-03
   9.4877800e+02   7.0001180e-02
   1.0414300e+03   5.0001008e-02
   1.1431300e+03   3.0000228e-02
   1.2547600e+03   1.9998450e-02
   1.3772800e+03   2.0000688e-02
   1.5117800e+03   2.0000174e-02
   1.6594100e+03   3.9998764e-02
   1.8214500e+03   3.0000088e-02
   1.9993200e+03   3.0000188e-02
   2.1945600e+03   4.0001176e-02
   2.4088700e+03   9.9999331e-03
   2.6441000e+03   9.9999053e-03
   2.9023000e+03   1.0000135e-02
   3.1857200e+03   9.9998947e-03
   3.4968100e+03   3.9999796e-02
   3.8382800e+03   4.0000416e-02
   4.2131000e+03   2.0000031e-02
   4.6245200e+03   9.9998735e-03
   5.0761100e+03   2.0000206e-02
   5.5718100e+03   1.0000014e-02
   6.1159100e+03   0.0000000e+00
   6.7131400e+03   2.0000152e-02
   7.3687000e+03   4.9999969e-02
   8.0882700e+03   0.0000000e+00
   8.8781100e+03   0.0000000e+00
   9.7450700e+03   1.0000014e-02
   1.0696700e+04   2.0000747e-02
   1.1741300e+04   0.0000000e+00
   1.2887800e+04   9.9997893e-03
   1.4146300e+04   2.0001081e-02
   1.5527800e+04   9.9998469e-03
   1.7044100e+04   1.0000015e-02
   1.8708500e+04   0.0000000e+00
   2.0535400e+04   0.0000000e+00
   2.2540800e+04   0.0000000e+00
   2.4741900e+04   9.9999721e-03
   2.7158000e+04   1.0000194e-02
   2.9810100e+04   0.0000000e+00
   3.2721100e+04   1.0000011e-02
   3.5916400e+04   0.0000000e+00
   3.9423700e+04   0.0000000e+00
   4.3273500e+04   1.0000102e-02
   4.7499300e+04   9.9999729e-03
   5.2137700e+04   0.0000000e+00
   5.7229100e+04   0.0000000e+00
   6.2817600e+04   1.0000013e-02
   6.8951900e+04   0.0000000e+00
   7.5685200e+04   0.0000000e+00
   8.3076100e+04   2.0000074e-02
   9.1188700e+04   0.0000000e+00
   1.0009300e+05   0.0000000e+00
   1.0986800e+05   0.0000000e+00
   1.2059700e+05   9.9995315e-03
   1.3237300e+05   0.0000000e+00
   1.4530000e+05   0.0000000e+00
   1.5948900e+05   0.0000000e+00
   1.7506300e+05   0.0000000e+00
   1.9215800e+05   0.0000000e+00
   2.1092300e+05   0.0000000e+00
   2.3152000e+05   0.0000000e+00
   2.5412900e+05   0.0000000e+00
   2.7894500e+05   0.0000000e+00
   3.0618500e+05   0.0000000e+00
   3.3608400e+05   0.0000000e+00
   3.6890400e+05   0.0000000e+00
   4.0492800e+05   0.0000000e+00
   4.4447000e+05   0.0000000e+00
   4.8787400e+05   0.0000000e+00
   5.3551600e+05   0.0000000e+00
   5.8781000e+05   0.0000000e+00
   6.4521200e+05   1.9999869e-02
   7.0821800e+05   0.0000000e+00
   7.7737700e+05   0.0000000e+00
   8.5329000e+05   0.0000000e+00
   9.3661600e+05   0.0000000e+00
   1.0280800e+06   0.0000000e+00
   1.1284700e+06   0.0000000e+00
   1.2386700e+06   0.0000000e+00
   1.3596300e+06   0.0000000e+00
   1.4924000e+06   0.0000000e+00
   1.6381400e+06   0.0000000e+00
   1.7981100e+06   0.0000000e+00
   1.9736900e+06   0.0000000e+00
