   9.4871300e+01   2.0001103e-02
   1.0285300e+02   9.9992029e-03
   1.1150500e+02   5.0001856e-02
   1.2088600e+02   2.0000322e-02
   1.3105600e+02   9.9996640e-03
   1.4208100e+02   0.0000000e+00
   1.5403400e+02   1.0000408e-02
   1.6699300e+02   1.9999154e-02
   1.8104100e+02   0.0000000e+00
   1.9627200e+02   1.9998949e-02
   2.1278300e+02   5.0000178e-02
   2.3068400e+02   3.0000117e-02
   2.5009100e+02   1.0000228e-02
   2.7113100e+02   3.9999003e-02
   2.9394000e+02   3.0000728e-02
   3.1866900e+02   9.9997057e-03
   3.4547700e+02   4.0001288e-02
   3.7454200e+02   3.9999730e-02
   4.0605100e+02   3.0000029e-02
   4.4021100e+02   5.0000344e-02
   4.7724500e+02   1.9999823e-02
   5.1739400e+02   3.0000027e-02
   5.6092100e+02   1.0000057e-02
   6.0811000e+02   1.9999760e-02
   6.5926800e+02   0.0000000e+00
   7.1473100e+02   2.9999783e-02
   7.7485900e+02   2.0000023e-02
   8.4004600e+02   1.0000017e-02
   9.1071700e+02   1.9999917e-02
   9.8733300e+02   1.9998880e-02
   1.0703900e+03   3.0000157e-02
   1.1604400e+03   2.0000970e-02
   1.2580700e+03   1.0000187e-02
   1.3639100e+03   9.9998320e-03
   1.4786500e+03   9.9996126e-03
   1.6030400e+03   1.0000004e-02
   1.7379000e+03   2.0000651e-02
   1.8841100e+03   3.9998743e-02
   2.0426100e+03   1.9999942e-02
   2.2144500e+03   4.0000846e-02
   2.4007500e+03   1.0000060e-02
   2.6027200e+03   0.0000000e+00
   2.8216800e+03   9.9999886e-03
   3.0590600e+03   0.0000000e+00
   3.3164100e+03   0.0000000e+00
   3.5954100e+03   0.0000000e+00
   3.8978800e+03   0.0000000e+00
   4.2258000e+03   0.0000000e+00
   4.5813100e+03   0.0000000e+00
   4.9667200e+03   0.0000000e+00
   5.3845600e+03   1.0000026e-02
   5.8375500e+03   9.9998692e-03
   6.3286400e+03   1.0000125e-02
   6.8610600e+03   0.0000000e+00
   7.4382600e+03   1.9999978e-02
   8.0640200e+03   0.0000000e+00
   8.7424300e+03   0.0000000e+00
   9.4779000e+03   0.0000000e+00
   1.0275300e+04   0.0000000e+00
   1.1139700e+04   0.0000000e+00
   1.2076800e+04   0.0000000e+00
   1.3092800e+04   0.0000000e+00
   1.4194300e+04   0.0000000e+00
   1.5388400e+04   1.0000099e-02
   1.6683000e+04   0.0000000e+00
   1.8086500e+04   0.0000000e+00
   1.9608100e+04   0.0000000e+00
   2.1257700e+04   0.0000000e+00
   2.3046000e+04   0.0000000e+00
   2.4984800e+04   0.0000000e+00
   2.7086700e+04   0.0000000e+00
   2.9365400e+04   1.0000263e-02
   3.1835900e+04   0.0000000e+00
   3.4514100e+04   0.0000000e+00
   3.7417700e+04   0.0000000e+00
   4.0565600e+04   0.0000000e+00
   4.3978300e+04   0.0000000e+00
   4.7678000e+04   0.0000000e+00
   5.1689100e+04   0.0000000e+00
   5.6037500e+04   1.0000020e-02
   6.0751800e+04   1.0000038e-02
   6.5862700e+04   0.0000000e+00
   7.1403600e+04   0.0000000e+00
   7.7410600e+04   0.0000000e+00
   8.3922900e+04   0.0000000e+00
   9.0983100e+04   0.0000000e+00
   9.8637300e+04   0.0000000e+00
   1.0693500e+05   0.0000000e+00
   1.1593200e+05   0.0000000e+00
   1.2568500e+05   0.0000000e+00
   1.3625800e+05   0.0000000e+00
   1.4772100e+05   0.0000000e+00
   1.6014900e+05   0.0000000e+00
   1.7362100e+05   0.0000000e+00
   1.8822800e+05   0.0000000e+00
   2.0406300e+05   0.0000000e+00
   2.2123000e+05   0.0000000e+00
   2.3984200e+05   0.0000000e+00
   2.6001900e+05   1.0000134e-02
