   7.8838000e+01   9.9999822e-03
   8.6768200e+01   0.0000000e+00
   9.5496100e+01   1.0000030e-02
   1.0510200e+02   9.9999174e-03
   1.1567400e+02   0.0000000e+00
   1.2731000e+02   1.9998593e-02
   1.4011500e+02   1.0000670e-02
   1.5421000e+02   1.9998953e-02
   1.6972100e+02   9.9999581e-03
   1.8679300e+02   4.0001467e-02
   2.0558300e+02   9.9998474e-03
   2.2626200e+02   2.9999321e-02
   2.4902100e+02   3.0000185e-02
   2.7407000e+02   3.0000586e-02
   3.0163900e+02   2.9999512e-02
   3.3198000e+02   2.0000301e-02
   3.6537400e+02   3.9999407e-02
   4.0212600e+02   1.0000130e-02
   4.4257600e+02   2.9999879e-02
   4.8709400e+02   1.9999922e-02
   5.3609000e+02   6.0000190e-02
   5.9001500e+02   2.0000020e-02
   6.4936400e+02   2.9999643e-02
   7.1468200e+02   1.9999951e-02
   7.8657100e+02   2.0000127e-02
   8.6569200e+02   0.0000000e+00
   9.5277100e+02   2.0000162e-02
   1.0486100e+03   2.0000274e-02
   1.1540900e+03   4.0000551e-02
   1.2701800e+03   0.0000000e+00
   1.3979400e+03   2.0000383e-02
   1.5385600e+03   2.9999607e-02
   1.6933200e+03   1.0000040e-02
   1.8636500e+03   2.9999599e-02
   2.0511100e+03   1.0000042e-02
   2.2574300e+03   0.0000000e+00
   2.4845000e+03   0.0000000e+00
   2.7344200e+03   0.0000000e+00
   3.0094700e+03   1.0000022e-02
   3.3121900e+03   3.0000059e-02
   3.6453600e+03   1.9999864e-02
   4.0120400e+03   1.0000101e-02
   4.4156100e+03   2.9999943e-02
   4.8597700e+03   1.0000053e-02
   5.3486100e+03   1.9999984e-02
   5.8866200e+03   1.9999741e-02
   6.4787400e+03   2.0000040e-02
   7.1304300e+03   0.0000000e+00
   7.8476800e+03   9.9999925e-03
   8.6370700e+03   1.9999980e-02
   9.5058600e+03   9.9995033e-03
   1.0462000e+04   0.0000000e+00
   1.1514400e+04   9.9998177e-03
   1.2672600e+04   0.0000000e+00
   1.3947400e+04   9.9996608e-03
   1.5350300e+04   0.0000000e+00
   1.6894400e+04   0.0000000e+00
   1.8593800e+04   0.0000000e+00
   2.0464100e+04   0.0000000e+00
   2.2522500e+04   0.0000000e+00
   2.4788100e+04   0.0000000e+00
   2.7281500e+04   0.0000000e+00
   3.0025700e+04   0.0000000e+00
   3.3045900e+04   0.0000000e+00
   3.6370000e+04   0.0000000e+00
   4.0028400e+04   0.0000000e+00
   4.4054800e+04   0.0000000e+00
   4.8486200e+04   0.0000000e+00
   5.3363400e+04   0.0000000e+00
   5.8731200e+04   0.0000000e+00
   6.4638900e+04   0.0000000e+00
   7.1140800e+04   0.0000000e+00
   7.8296800e+04   2.0000043e-02
   8.6172600e+04   0.0000000e+00
   9.4840600e+04   0.0000000e+00
   1.0438000e+05   1.0000462e-02
   1.1488000e+05   1.0000308e-02
   1.2643600e+05   0.0000000e+00
   1.3915400e+05   0.0000000e+00
   1.5315100e+05   9.9998168e-03
   1.6855600e+05   0.0000000e+00
   1.8551100e+05   0.0000000e+00
   2.0417200e+05   0.0000000e+00
   2.2470900e+05   0.0000000e+00
   2.4731200e+05   0.0000000e+00
   2.7218900e+05   0.0000000e+00
   2.9956800e+05   0.0000000e+00
   3.2970100e+05   0.0000000e+00
   3.6286600e+05   0.0000000e+00
   3.9936600e+05   0.0000000e+00
   4.3953800e+05   0.0000000e+00
   4.8375000e+05   0.0000000e+00
   5.3241000e+05   0.0000000e+00
   5.8596500e+05   0.0000000e+00
   6.4490600e+05   0.0000000e+00
   7.0977700e+05   0.0000000e+00
   7.8117200e+05   0.0000000e+00
   8.5974900e+05   0.0000000e+00
   9.4623100e+05   9.9998865e-03
