   7.8578800e+01   2.0000044e-02
   8.7437000e+01   3.0000058e-02
   9.7293800e+01   1.0000245e-02
   1.0826200e+02   2.9999141e-02
   1.2046600e+02   1.9999809e-02
   1.3404600e+02   0.0000000e+00
   1.4915700e+02   2.0000602e-02
   1.6597200e+02   1.0000009e-02
   1.8468200e+02   2.9999763e-02
   2.0550100e+02   1.9999903e-02
   2.2866700e+02   1.0000137e-02
   2.5444500e+02   5.9998813e-02
   2.8312800e+02   1.9999958e-02
   3.1504500e+02   1.9999953e-02
   3.5056000e+02   4.0000341e-02
   3.9007900e+02   1.0000083e-02
   4.3405300e+02   1.9999697e-02
   4.8298300e+02   3.0000134e-02
   5.3743000e+02   0.0000000e+00
   5.9801500e+02   2.9999904e-02
   6.6542900e+02   2.0000083e-02
   7.4044300e+02   9.9999564e-03
   8.2391300e+02   3.9999735e-02
   9.1679200e+02   2.9999444e-02
   1.0201400e+03   0.0000000e+00
   1.1351400e+03   1.0000408e-02
   1.2631100e+03   1.9999957e-02
   1.4055000e+03   1.9999723e-02
   1.5639400e+03   1.9999648e-02
   1.7402400e+03   3.0000434e-02
   1.9364200e+03   2.9999595e-02
   2.1547100e+03   9.9999744e-03
   2.3976100e+03   2.0000514e-02
   2.6679000e+03   0.0000000e+00
   2.9686500e+03   1.0000109e-02
   3.3033100e+03   0.0000000e+00
   3.6756900e+03   0.0000000e+00
   4.0900500e+03   0.0000000e+00
   4.5511200e+03   1.0000063e-02
   5.0641700e+03   9.9999337e-03
   5.6350500e+03   2.0000023e-02
   6.2702900e+03   0.0000000e+00
   6.9771400e+03   1.9999885e-02
   7.7636700e+03   1.9999983e-02
   8.6388700e+03   9.9999840e-03
   9.6127300e+03   2.0000539e-02
   1.0696400e+04   2.9999942e-02
   1.1902200e+04   0.0000000e+00
   1.3243900e+04   0.0000000e+00
   1.4736900e+04   0.0000000e+00
   1.6398200e+04   2.0000373e-02
   1.8246800e+04   1.9999444e-02
   2.0303700e+04   3.0000841e-02
   2.2592600e+04   1.9999537e-02
   2.5139400e+04   1.0000109e-02
   2.7973400e+04   0.0000000e+00
   3.1126800e+04   0.0000000e+00
   3.4635700e+04   2.0000059e-02
   3.8540200e+04   1.0000153e-02
   4.2884900e+04   9.9999564e-03
   4.7719300e+04   9.9999818e-03
   5.3098700e+04   0.0000000e+00
   5.9084500e+04   0.0000000e+00
   6.5745100e+04   0.0000000e+00
   7.3156600e+04   0.0000000e+00
   8.1403500e+04   0.0000000e+00
   9.0580100e+04   0.0000000e+00
   1.0079100e+05   0.0000000e+00
   1.1215300e+05   0.0000000e+00
   1.2479600e+05   0.0000000e+00
   1.3886500e+05   0.0000000e+00
   1.5451900e+05   0.0000000e+00
   1.7193800e+05   0.0000000e+00
   1.9132000e+05   0.0000000e+00
   2.1288800e+05   0.0000000e+00
   2.3688700e+05   0.0000000e+00
   2.6359100e+05   0.0000000e+00
   2.9330600e+05   0.0000000e+00
   3.2637000e+05   0.0000000e+00
   3.6316200e+05   0.0000000e+00
   4.0410100e+05   0.0000000e+00
   4.4965600e+05   0.0000000e+00
   5.0034500e+05   0.0000000e+00
   5.5674900e+05   0.0000000e+00
   6.1951200e+05   0.0000000e+00
   6.8934900e+05   0.0000000e+00
   7.6705900e+05   0.0000000e+00
   8.5353000e+05   0.0000000e+00
   9.4974900e+05   0.0000000e+00
   1.0568100e+06   0.0000000e+00
   1.1759500e+06   0.0000000e+00
   1.3085100e+06   0.0000000e+00
   1.4560200e+06   0.0000000e+00
   1.6201600e+06   0.0000000e+00
   1.8028000e+06   0.0000000e+00
   2.0060300e+06   0.0000000e+00
   2.2321700e+06   0.0000000e+00
   2.4838000e+06   0.0000000e+00
   2.7638000e+06   0.0000000e+00
