   9.5941900e+01   4.0000553e-02
   1.0491800e+02   1.0000246e-02
   1.1473400e+02   0.0000000e+00
   1.2546800e+02   0.0000000e+00
   1.3720600e+02   9.9996291e-03
   1.5004200e+02   1.0000419e-02
   1.6408000e+02   2.0000357e-02
   1.7943100e+02   0.0000000e+00
   1.9621700e+02   3.0001011e-02
   2.1457500e+02   2.0000201e-02
   2.3465000e+02   1.9999150e-02
   2.5660200e+02   0.0000000e+00
   2.8060900e+02   1.0000109e-02
   3.0686200e+02   2.0000096e-02
   3.3557100e+02   2.0000153e-02
   3.6696600e+02   1.9999455e-02
   4.0129700e+02   3.0000096e-02
   4.3884100e+02   2.0000302e-02
   4.7989800e+02   9.9999088e-03
   5.2479500e+02   1.0000035e-02
   5.7389300e+02   1.9999897e-02
   6.2758400e+02   3.0000312e-02
   6.8629900e+02   4.9999596e-02
   7.5050600e+02   3.0000201e-02
   8.2072100e+02   9.9999108e-03
   8.9750400e+02   2.9999982e-02
   9.8147100e+02   1.9999188e-02
   1.0732900e+03   2.0001354e-02
   1.1737100e+03   5.0001105e-02
   1.2835200e+03   1.9999804e-02
   1.4036000e+03   1.9999170e-02
   1.5349100e+03   2.9999907e-02
   1.6785100e+03   2.0000614e-02
   1.8355500e+03   1.9999198e-02
   2.0072700e+03   4.0001588e-02
   2.1950700e+03   1.9999785e-02
   2.4004300e+03   9.9997652e-03
   2.6250000e+03   1.0000179e-02
   2.8705900e+03   1.9999878e-02
   3.1391500e+03   0.0000000e+00
   3.4328400e+03   2.9999684e-02
   3.7540000e+03   1.0000002e-02
   4.1052100e+03   1.0000031e-02
   4.4892800e+03   0.0000000e+00
   4.9092800e+03   9.9999375e-03
   5.3685700e+03   0.0000000e+00
   5.8708400e+03   9.9999201e-03
   6.4200900e+03   0.0000000e+00
   7.0207300e+03   9.9999740e-03
   7.6775600e+03   2.0000139e-02
   8.3958500e+03   9.9999459e-03
   9.1813300e+03   9.9999569e-03
   1.0040300e+04   9.9996939e-03
   1.0979600e+04   9.9998742e-03
   1.2006800e+04   1.0000754e-02
   1.3130200e+04   0.0000000e+00
   1.4358600e+04   9.9997401e-03
   1.5701900e+04   9.9999237e-03
   1.7170900e+04   1.0000334e-02
   1.8777400e+04   9.9997688e-03
   2.0534100e+04   1.0000036e-02
   2.2455200e+04   0.0000000e+00
   2.4556000e+04   1.0000146e-02
   2.6853400e+04   0.0000000e+00
   2.9365700e+04   0.0000000e+00
   3.2113000e+04   0.0000000e+00
   3.5117400e+04   0.0000000e+00
   3.8402900e+04   0.0000000e+00
   4.1995700e+04   1.0000091e-02
   4.5924700e+04   0.0000000e+00
   5.0221200e+04   0.0000000e+00
   5.4919700e+04   0.0000000e+00
   6.0057800e+04   0.0000000e+00
   6.5676600e+04   0.0000000e+00
   7.1821000e+04   0.0000000e+00
   7.8540300e+04   0.0000000e+00
   8.5888200e+04   0.0000000e+00
   9.3923600e+04   0.0000000e+00
   1.0271100e+05   0.0000000e+00
   1.1232000e+05   0.0000000e+00
   1.2282800e+05   0.0000000e+00
   1.3432000e+05   0.0000000e+00
   1.4688600e+05   0.0000000e+00
   1.6062800e+05   0.0000000e+00
   1.7565600e+05   0.0000000e+00
   1.9209000e+05   0.0000000e+00
   2.1006100e+05   0.0000000e+00
   2.2971300e+05   0.0000000e+00
   2.5120400e+05   0.0000000e+00
   2.7470600e+05   0.0000000e+00
   3.0040700e+05   0.0000000e+00
   3.2851200e+05   0.0000000e+00
   3.5924600e+05   0.0000000e+00
   3.9285500e+05   0.0000000e+00
   4.2961000e+05   0.0000000e+00
   4.6980200e+05   0.0000000e+00
   5.1375500e+05   0.0000000e+00
   5.6182000e+05   0.0000000e+00
   6.1438200e+05   9.9999665e-03
