   1.0022600e+02   1.0000386e-02
   1.0943200e+02   0.0000000e+00
   1.1948300e+02   2.0001059e-02
   1.3045800e+02   9.9996740e-03
   1.4244000e+02   0.0000000e+00
   1.5552300e+02   9.9995713e-03
   1.6980700e+02   1.0000235e-02
   1.8540400e+02   9.9999056e-03
   2.0243300e+02   1.0000392e-02
   2.2102700e+02   9.9999681e-03
   2.4132800e+02   1.9999369e-02
   2.6349300e+02   4.0000582e-02
   2.8769500e+02   9.9998193e-03
   3.1411900e+02   5.0000805e-02
   3.4297100e+02   9.9998349e-03
   3.7447200e+02   7.0000360e-02
   4.0886700e+02   3.9999892e-02
   4.4642100e+02   0.0000000e+00
   4.8742500e+02   5.9999414e-02
   5.3219400e+02   4.0000434e-02
   5.8107600e+02   5.9999678e-02
   6.3444700e+02   2.9999873e-02
   6.9272000e+02   1.0000035e-02
   7.5634600e+02   1.9999847e-02
   8.2581500e+02   1.9999900e-02
   9.0166500e+02   9.9999871e-03
   9.8448200e+02   1.0000523e-02
   1.0749100e+03   1.0000066e-02
   1.1736400e+03   0.0000000e+00
   1.2814300e+03   2.0000290e-02
   1.3991300e+03   2.0000268e-02
   1.5276400e+03   9.9998516e-03
   1.6679500e+03   1.0000023e-02
   1.8211500e+03   2.9999874e-02
   1.9884200e+03   2.0000541e-02
   2.1710600e+03   0.0000000e+00
   2.3704700e+03   9.9997925e-03
   2.5881900e+03   9.9999057e-03
   2.8259100e+03   2.0000240e-02
   3.0854700e+03   4.0000493e-02
   3.3688700e+03   0.0000000e+00
   3.6782900e+03   1.0000090e-02
   4.0161400e+03   0.0000000e+00
   4.3850200e+03   1.0000007e-02
   4.7877800e+03   1.9999874e-02
   5.2275300e+03   0.0000000e+00
   5.7076700e+03   0.0000000e+00
   6.2319200e+03   9.9999395e-03
   6.8043100e+03   1.0000020e-02
   7.4292800e+03   9.9999959e-03
   8.1116500e+03   1.0000061e-02
   8.8567000e+03   0.0000000e+00
   9.6701800e+03   1.0000291e-02
   1.0558400e+04   1.9998414e-02
   1.1528100e+04   0.0000000e+00
   1.2587000e+04   0.0000000e+00
   1.3743100e+04   2.0000134e-02
   1.5005400e+04   1.9999611e-02
   1.6383600e+04   0.0000000e+00
   1.7888400e+04   0.0000000e+00
   1.9531500e+04   1.9999474e-02
   2.1325400e+04   0.0000000e+00
   2.3284100e+04   1.0000369e-02
   2.5422800e+04   9.9997776e-03
   2.7757800e+04   0.0000000e+00
   3.0307300e+04   0.0000000e+00
   3.3091000e+04   0.0000000e+00
   3.6130400e+04   0.0000000e+00
   3.9448900e+04   0.0000000e+00
   4.3072300e+04   9.9998735e-03
   4.7028400e+04   0.0000000e+00
   5.1347900e+04   0.0000000e+00
   5.6064200e+04   0.0000000e+00
   6.1213600e+04   0.0000000e+00
   6.6836000e+04   0.0000000e+00
   7.2974900e+04   0.0000000e+00
   7.9677500e+04   0.0000000e+00
   8.6995800e+04   0.0000000e+00
   9.4986300e+04   0.0000000e+00
   1.0371100e+05   0.0000000e+00
   1.1323600e+05   0.0000000e+00
   1.2363700e+05   0.0000000e+00
   1.3499300e+05   0.0000000e+00
   1.4739200e+05   0.0000000e+00
   1.6093000e+05   0.0000000e+00
   1.7571100e+05   0.0000000e+00
   1.9185000e+05   0.0000000e+00
   2.0947100e+05   0.0000000e+00
   2.2871100e+05   0.0000000e+00
   2.4971800e+05   0.0000000e+00
   2.7265400e+05   0.0000000e+00
   2.9769700e+05   0.0000000e+00
   3.2504000e+05   0.0000000e+00
   3.5489500e+05   0.0000000e+00
   3.8749100e+05   0.0000000e+00
   4.2308200e+05   0.0000000e+00
   4.6194100e+05   0.0000000e+00
   5.0437000e+05   0.0000000e+00
   5.5069600e+05   0.0000000e+00
