   1.0502500e+02   3.0002349e-02
   1.1326600e+02   1.0000097e-02
   1.2215300e+02   9.9998498e-03
   1.3173700e+02   1.9999747e-02
   1.4207300e+02   9.9998957e-03
   1.5322000e+02   0.0000000e+00
   1.6524200e+02   2.0000068e-02
   1.7820700e+02   1.9999713e-02
   1.9218900e+02   2.9999520e-02
   2.0726800e+02   1.0000379e-02
   2.2353100e+02   4.9999084e-02
   2.4106900e+02   2.9999306e-02
   2.5998300e+02   2.0000567e-02
   2.8038200e+02   5.0000207e-02
   3.0238100e+02   2.0000056e-02
   3.2610600e+02   1.9999681e-02
   3.5169200e+02   2.0000048e-02
   3.7928600e+02   0.0000000e+00
   4.0904500e+02   2.0000082e-02
   4.4113900e+02   2.0000025e-02
   4.7575100e+02   9.9998286e-03
   5.1307800e+02   5.0000804e-02
   5.5333500e+02   3.0000025e-02
   5.9675000e+02   0.0000000e+00
   6.4357100e+02   0.0000000e+00
   6.9406600e+02   3.0000143e-02
   7.4852300e+02   9.9999043e-03
   8.0725200e+02   4.0000354e-02
   8.7059000e+02   1.0000008e-02
   9.3889700e+02   9.9995313e-03
   1.0125600e+03   1.0000451e-02
   1.0920100e+03   3.0000167e-02
   1.1776900e+03   9.9998052e-03
   1.2700900e+03   1.9999655e-02
   1.3697400e+03   2.9999821e-02
   1.4772100e+03   1.0000610e-02
   1.5931200e+03   2.9998350e-02
   1.7181100e+03   1.0000448e-02
   1.8529200e+03   9.9999488e-03
   1.9983000e+03   1.0000160e-02
   2.1550900e+03   9.9994588e-03
   2.3241700e+03   1.0000221e-02
   2.5065300e+03   0.0000000e+00
   2.7031900e+03   1.0000282e-02
   2.9152900e+03   0.0000000e+00
   3.1440200e+03   9.9999385e-03
   3.3907000e+03   2.0000275e-02
   3.6567400e+03   1.0000019e-02
   3.9436500e+03   0.0000000e+00
   4.2530700e+03   3.0000164e-02
   4.5867700e+03   0.0000000e+00
   4.9466500e+03   1.0000067e-02
   5.3347700e+03   0.0000000e+00
   5.7533300e+03   9.9999954e-03
   6.2047400e+03   0.0000000e+00
   6.6915700e+03   1.0000089e-02
   7.2166000e+03   0.0000000e+00
   7.7828100e+03   0.0000000e+00
   8.3934600e+03   9.9999500e-03
   9.0520100e+03   0.0000000e+00
   9.7622400e+03   1.0000144e-02
   1.0528200e+04   0.0000000e+00
   1.1354200e+04   0.0000000e+00
   1.2245100e+04   0.0000000e+00
   1.3205800e+04   0.0000000e+00
   1.4242000e+04   0.0000000e+00
   1.5359400e+04   1.9999840e-02
   1.6564500e+04   0.0000000e+00
   1.7864200e+04   0.0000000e+00
   1.9265800e+04   0.0000000e+00
   2.0777400e+04   0.0000000e+00
   2.2407600e+04   0.0000000e+00
   2.4165800e+04   0.0000000e+00
   2.6061800e+04   0.0000000e+00
   2.8106600e+04   1.0000175e-02
   3.0311900e+04   1.0000062e-02
   3.2690200e+04   0.0000000e+00
   3.5255100e+04   0.0000000e+00
   3.8021200e+04   0.0000000e+00
   4.1004400e+04   0.0000000e+00
   4.4221600e+04   0.0000000e+00
   4.7691200e+04   0.0000000e+00
   5.1433100e+04   1.0000090e-02
   5.5468600e+04   0.0000000e+00
   5.9820700e+04   0.0000000e+00
   6.4514200e+04   0.0000000e+00
   6.9576100e+04   9.9998860e-03
   7.5035000e+04   0.0000000e+00
   8.0922300e+04   0.0000000e+00
   8.7271500e+04   0.0000000e+00
   9.4118900e+04   0.0000000e+00
   1.0150300e+05   0.0000000e+00
   1.0946800e+05   0.0000000e+00
   1.1805600e+05   1.0000242e-02
   1.2731900e+05   0.0000000e+00
   1.3730900e+05   0.0000000e+00
   1.4808200e+05   0.0000000e+00
   1.5970100e+05   0.0000000e+00
   1.7223100e+05   9.9997686e-03
