   9.1184200e+01   9.9999977e-03
   9.9305300e+01   0.0000000e+00
   1.0815000e+02   1.9999788e-02
   1.1778200e+02   0.0000000e+00
   1.2827200e+02   1.9999540e-02
   1.3969600e+02   3.0000648e-02
   1.5213800e+02   4.0000548e-02
   1.6568800e+02   2.9998800e-02
   1.8044400e+02   6.0000596e-02
   1.9651500e+02   1.9999885e-02
   2.1401700e+02   2.0000135e-02
   2.3307800e+02   0.0000000e+00
   2.5383700e+02   2.9999489e-02
   2.7644400e+02   1.0000065e-02
   3.0106500e+02   3.0000308e-02
   3.2787900e+02   3.9998946e-02
   3.5708000e+02   4.0000541e-02
   3.8888300e+02   3.0000006e-02
   4.2351800e+02   3.0000263e-02
   4.6123800e+02   3.9999937e-02
   5.0231700e+02   1.9999676e-02
   5.4705400e+02   0.0000000e+00
   5.9577700e+02   1.9999805e-02
   6.4883800e+02   4.9999739e-02
   7.0662500e+02   0.0000000e+00
   7.6955900e+02   1.9999954e-02
   8.3809800e+02   3.0000245e-02
   9.1274200e+02   2.9999875e-02
   9.9403300e+02   1.9999046e-02
   1.0825600e+03   4.0001573e-02
   1.1789800e+03   9.9996960e-03
   1.2839800e+03   2.0000878e-02
   1.3983400e+03   3.0000067e-02
   1.5228800e+03   0.0000000e+00
   1.6585100e+03   9.9999079e-03
   1.8062200e+03   2.0000324e-02
   1.9670900e+03   9.9997576e-03
   2.1422800e+03   2.0000228e-02
   2.3330800e+03   1.9999954e-02
   2.5408700e+03   1.0000129e-02
   2.7671700e+03   0.0000000e+00
   3.0136200e+03   0.0000000e+00
   3.2820200e+03   0.0000000e+00
   3.5743300e+03   1.0000014e-02
   3.8926700e+03   0.0000000e+00
   4.2393600e+03   0.0000000e+00
   4.6169300e+03   9.9998530e-03
   5.0281200e+03   2.0000089e-02
   5.4759400e+03   0.0000000e+00
   5.9636400e+03   0.0000000e+00
   6.4947800e+03   0.0000000e+00
   7.0732200e+03   0.0000000e+00
   7.7031800e+03   0.0000000e+00
   8.3892500e+03   0.0000000e+00
   9.1364200e+03   0.0000000e+00
   9.9501300e+03   0.0000000e+00
   1.0836300e+04   0.0000000e+00
   1.1801400e+04   1.0000313e-02
   1.2852500e+04   0.0000000e+00
   1.3997200e+04   0.0000000e+00
   1.5243800e+04   0.0000000e+00
   1.6601500e+04   0.0000000e+00
   1.8080000e+04   0.0000000e+00
   1.9690300e+04   0.0000000e+00
   2.1444000e+04   0.0000000e+00
   2.3353800e+04   1.0000224e-02
   2.5433800e+04   0.0000000e+00
   2.7699000e+04   0.0000000e+00
   3.0165900e+04   0.0000000e+00
   3.2852600e+04   0.0000000e+00
   3.5778500e+04   0.0000000e+00
   3.8965000e+04   0.0000000e+00
   4.2435400e+04   0.0000000e+00
   4.6214800e+04   0.0000000e+00
   5.0330800e+04   0.0000000e+00
   5.4813400e+04   9.9999279e-03
   5.9695200e+04   0.0000000e+00
   6.5011900e+04   0.0000000e+00
   7.0802000e+04   0.0000000e+00
   7.7107800e+04   0.0000000e+00
   8.3975200e+04   0.0000000e+00
   9.1454300e+04   1.0000025e-02
   9.9599500e+04   0.0000000e+00
   1.0847000e+05   1.0000391e-02
   1.1813100e+05   0.0000000e+00
   1.2865200e+05   0.0000000e+00
   1.4011000e+05   9.9995448e-03
   1.5258800e+05   0.0000000e+00
   1.6617800e+05   0.0000000e+00
   1.8097900e+05   0.0000000e+00
   1.9709700e+05   1.0000005e-02
   2.1465100e+05   0.0000000e+00
   2.3376800e+05   0.0000000e+00
   2.5458900e+05   0.0000000e+00
   2.7726300e+05   0.0000000e+00
   3.0195700e+05   0.0000000e+00
   3.2885000e+05   0.0000000e+00
   3.5813800e+05   0.0000000e+00
   3.9003500e+05   9.9998444e-03
