   9.3749600e+01   2.0000439e-02
   1.0438700e+02   0.0000000e+00
   1.1623100e+02   0.0000000e+00
   1.2941900e+02   3.9999069e-02
   1.4410300e+02   7.0002392e-02
   1.6045400e+02   1.9999285e-02
   1.7865900e+02   3.0000938e-02
   1.9893100e+02   4.9999279e-02
   2.2150200e+02   2.9999566e-02
   2.4663400e+02   5.9999935e-02
   2.7461800e+02   1.0000272e-01
   3.0577800e+02   3.9999406e-02
   3.4047200e+02   9.9999434e-03
   3.7910300e+02   4.0000509e-02
   4.2211800e+02   4.9999985e-02
   4.7001300e+02   1.9999868e-02
   5.2334200e+02   9.9999483e-03
   5.8272200e+02   4.0000134e-02
   6.4884000e+02   4.0000102e-02
   7.2246000e+02   3.0000069e-02
   8.0443300e+02   0.0000000e+00
   8.9570700e+02   0.0000000e+00
   9.9733700e+02   3.0000417e-02
   1.1105000e+03   1.9999854e-02
   1.2365000e+03   2.0000326e-02
   1.3768000e+03   3.9998352e-02
   1.5330100e+03   1.9999795e-02
   1.7069500e+03   1.0000144e-02
   1.9006300e+03   9.9998846e-03
   2.1162800e+03   0.0000000e+00
   2.3564100e+03   9.9997720e-03
   2.6237700e+03   1.9999813e-02
   2.9214700e+03   0.0000000e+00
   3.2529600e+03   0.0000000e+00
   3.6220500e+03   0.0000000e+00
   4.0330200e+03   1.9999957e-02
   4.4906200e+03   9.9999414e-03
   5.0001400e+03   0.0000000e+00
   5.5674800e+03   0.0000000e+00
   6.1991800e+03   0.0000000e+00
   6.9025600e+03   0.0000000e+00
   7.6857500e+03   0.0000000e+00
   8.5578100e+03   0.0000000e+00
   9.5288000e+03   0.0000000e+00
   1.0610000e+04   9.9996175e-03
   1.1813800e+04   1.0000452e-02
   1.3154300e+04   9.9997948e-03
   1.4646800e+04   1.0000134e-02
   1.6308700e+04   0.0000000e+00
   1.8159100e+04   1.0000007e-02
   2.0219500e+04   0.0000000e+00
   2.2513700e+04   0.0000000e+00
   2.5068200e+04   0.0000000e+00
   2.7912500e+04   0.0000000e+00
   3.1079600e+04   0.0000000e+00
   3.4605900e+04   0.0000000e+00
   3.8532500e+04   9.9999444e-03
   4.2904500e+04   0.0000000e+00
   4.7772600e+04   0.0000000e+00
   5.3193000e+04   0.0000000e+00
   5.9228500e+04   0.0000000e+00
   6.5948800e+04   0.0000000e+00
   7.3431600e+04   0.0000000e+00
   8.1763400e+04   9.9999867e-03
   9.1040600e+04   0.0000000e+00
   1.0137000e+05   0.0000000e+00
   1.1287200e+05   0.0000000e+00
   1.2567900e+05   0.0000000e+00
   1.3993900e+05   0.0000000e+00
   1.5581700e+05   0.0000000e+00
   1.7349700e+05   0.0000000e+00
   1.9318200e+05   0.0000000e+00
   2.1510100e+05   0.0000000e+00
   2.3950800e+05   0.0000000e+00
   2.6668300e+05   0.0000000e+00
   2.9694200e+05   0.0000000e+00
   3.3063400e+05   0.0000000e+00
   3.6814900e+05   9.9998939e-03
   4.0992000e+05   0.0000000e+00
   4.5643100e+05   0.0000000e+00
   5.0822000e+05   0.0000000e+00
   5.6588400e+05   0.0000000e+00
   6.3009100e+05   0.0000000e+00
   7.0158400e+05   0.0000000e+00
   7.8118800e+05   0.0000000e+00
   8.6982400e+05   0.0000000e+00
   9.6851800e+05   0.0000000e+00
   1.0784100e+06   0.0000000e+00
   1.2007700e+06   0.0000000e+00
   1.3370100e+06   0.0000000e+00
   1.4887200e+06   0.0000000e+00
   1.6576300e+06   0.0000000e+00
   1.8457100e+06   0.0000000e+00
   2.0551300e+06   0.0000000e+00
   2.2883100e+06   0.0000000e+00
   2.5479600e+06   0.0000000e+00
   2.8370600e+06   0.0000000e+00
   3.1589600e+06   0.0000000e+00
   3.5173900e+06   0.0000000e+00
