   1.0605600e+02   9.9992739e-03
   1.1391200e+02   2.0000936e-02
   1.2235100e+02   2.0000622e-02
   1.3141500e+02   9.9997920e-03
   1.4115000e+02   1.9999296e-02
   1.5160600e+02   3.0000135e-02
   1.6283700e+02   3.0000078e-02
   1.7490000e+02   3.0001027e-02
   1.8785700e+02   2.9999139e-02
   2.0177300e+02   2.9999376e-02
   2.1672000e+02   4.0001033e-02
   2.3277500e+02   2.0000109e-02
   2.5001900e+02   1.9999531e-02
   2.6854000e+02   1.0000296e-02
   2.8843400e+02   0.0000000e+00
   3.0980100e+02   1.9999984e-02
   3.3275100e+02   4.9999814e-02
   3.5740100e+02   9.9999058e-03
   3.8387700e+02   5.0000829e-02
   4.1231500e+02   9.9999223e-03
   4.4285900e+02   1.0000033e-02
   4.7566600e+02   2.9999760e-02
   5.1090300e+02   3.0000293e-02
   5.4875100e+02   1.9999804e-02
   5.8940200e+02   1.0000050e-02
   6.3306500e+02   2.9999730e-02
   6.7996200e+02   3.0000254e-02
   7.3033400e+02   1.9999985e-02
   7.8443700e+02   0.0000000e+00
   8.4254800e+02   2.0000021e-02
   9.0496400e+02   2.0000110e-02
   9.7200400e+02   0.0000000e+00
   1.0440100e+03   9.9999847e-03
   1.1213500e+03   2.0000099e-02
   1.2044200e+03   9.9995992e-03
   1.2936400e+03   1.0000712e-02
   1.3894800e+03   9.9997936e-03
   1.4924100e+03   1.9998716e-02
   1.6029600e+03   0.0000000e+00
   1.7217100e+03   2.0000860e-02
   1.8492600e+03   0.0000000e+00
   1.9862500e+03   9.9999287e-03
   2.1333900e+03   9.9999178e-03
   2.2914300e+03   1.0000057e-02
   2.4611800e+03   9.9997780e-03
   2.6435000e+03   0.0000000e+00
   2.8393300e+03   0.0000000e+00
   3.0496700e+03   0.0000000e+00
   3.2755900e+03   2.0000377e-02
   3.5182500e+03   0.0000000e+00
   3.7788800e+03   0.0000000e+00
   4.0588200e+03   0.0000000e+00
   4.3594900e+03   2.0000558e-02
   4.6824500e+03   0.0000000e+00
   5.0293200e+03   0.0000000e+00
   5.4018900e+03   0.0000000e+00
   5.8020600e+03   1.0000106e-02
   6.2318800e+03   0.0000000e+00
   6.6935400e+03   0.0000000e+00
   7.1893900e+03   1.0000016e-02
   7.7219800e+03   0.0000000e+00
   8.2940300e+03   0.0000000e+00
   8.9084500e+03   9.9999193e-03
   9.5683800e+03   9.9999617e-03
   1.0277200e+04   0.0000000e+00
   1.1038500e+04   0.0000000e+00
   1.1856300e+04   1.9999769e-02
   1.2734600e+04   0.0000000e+00
   1.3678000e+04   9.9993823e-03
   1.4691200e+04   0.0000000e+00
   1.5779600e+04   0.0000000e+00
   1.6948500e+04   9.9996557e-03
   1.8204000e+04   0.0000000e+00
   1.9552600e+04   0.0000000e+00
   2.1001100e+04   0.0000000e+00
   2.2556800e+04   0.0000000e+00
   2.4227800e+04   0.0000000e+00
   2.6022600e+04   0.0000000e+00
   2.7950400e+04   1.9999415e-02
   3.0020900e+04   0.0000000e+00
   3.2244900e+04   0.0000000e+00
   3.4633600e+04   0.0000000e+00
   3.7199200e+04   0.0000000e+00
   3.9954900e+04   0.0000000e+00
   4.2914800e+04   0.0000000e+00
   4.6093900e+04   9.9998951e-03
   4.9508500e+04   0.0000000e+00
   5.3176100e+04   0.0000000e+00
   5.7115400e+04   0.0000000e+00
   6.1346500e+04   0.0000000e+00
   6.5891000e+04   0.0000000e+00
   7.0772200e+04   0.0000000e+00
   7.6015000e+04   0.0000000e+00
   8.1646200e+04   0.0000000e+00
   8.7694600e+04   0.0000000e+00
   9.4191000e+04   0.0000000e+00
   1.0116900e+05   1.9998488e-02
   1.0866300e+05   0.0000000e+00
   1.1671300e+05   9.9998771e-03
