   1.2024300e+02   2.0001410e-02
   1.2974400e+02   1.9998160e-02
   1.3999400e+02   6.0000837e-02
   1.5105500e+02   4.0000869e-02
   1.6299000e+02   4.0000871e-02
   1.7586800e+02   1.9999768e-02
   1.8976300e+02   5.0000006e-02
   2.0475600e+02   3.0000807e-02
   2.2093400e+02   7.9996440e-02
   2.3838900e+02   2.0000133e-02
   2.5722400e+02   1.9999925e-02
   2.7754700e+02   4.0000470e-02
   2.9947600e+02   9.9998484e-03
   3.2313700e+02   1.0000059e-02
   3.4866800e+02   3.9999971e-02
   3.7621600e+02   1.0000144e-02
   4.0594100e+02   2.9999962e-02
   4.3801400e+02   3.9999809e-02
   4.7262100e+02   9.9998825e-03
   5.0996200e+02   4.0000286e-02
   5.5025400e+02   1.9999935e-02
   5.9372900e+02   0.0000000e+00
   6.4063900e+02   0.0000000e+00
   6.9125600e+02   0.0000000e+00
   7.4587100e+02   1.0000060e-02
   8.0480200e+02   9.9999159e-03
   8.6838800e+02   2.0000106e-02
   9.3699900e+02   0.0000000e+00
   1.0110300e+03   9.9999376e-03
   1.0909100e+03   9.9997638e-03
   1.1771000e+03   0.0000000e+00
   1.2701100e+03   1.0000008e-02
   1.3704600e+03   9.9992109e-03
   1.4787300e+03   1.0000558e-02
   1.5955700e+03   0.0000000e+00
   1.7216300e+03   2.0000763e-02
   1.8576600e+03   9.9998804e-03
   2.0044300e+03   5.0000576e-02
   2.1628000e+03   2.9999864e-02
   2.3336800e+03   9.9999046e-03
   2.5180600e+03   0.0000000e+00
   2.7170100e+03   2.0000138e-02
   2.9316800e+03   0.0000000e+00
   3.1633100e+03   0.0000000e+00
   3.4132400e+03   0.0000000e+00
   3.6829100e+03   0.0000000e+00
   3.9739000e+03   0.0000000e+00
   4.2878700e+03   0.0000000e+00
   4.6266500e+03   1.0000059e-02
   4.9922000e+03   1.0000023e-02
   5.3866300e+03   0.0000000e+00
   5.8122200e+03   1.0000021e-02
   6.2714400e+03   0.0000000e+00
   6.7669400e+03   0.0000000e+00
   7.3015900e+03   1.0000100e-02
   7.8784900e+03   0.0000000e+00
   8.5009600e+03   0.0000000e+00
   9.1726100e+03   9.9999764e-03
   9.8973300e+03   0.0000000e+00
   1.0679300e+04   0.0000000e+00
   1.1523100e+04   9.9996515e-03
   1.2433500e+04   0.0000000e+00
   1.3415900e+04   0.0000000e+00
   1.4475800e+04   0.0000000e+00
   1.5619600e+04   0.0000000e+00
   1.6853700e+04   0.0000000e+00
   1.8185200e+04   0.0000000e+00
   1.9622100e+04   0.0000000e+00
   2.1172400e+04   0.0000000e+00
   2.2845200e+04   0.0000000e+00
   2.4650200e+04   0.0000000e+00
   2.6597800e+04   0.0000000e+00
   2.8699200e+04   0.0000000e+00
   3.0966700e+04   0.0000000e+00
   3.3413400e+04   0.0000000e+00
   3.6053300e+04   0.0000000e+00
   3.8901900e+04   0.0000000e+00
   4.1975500e+04   0.0000000e+00
   4.5291900e+04   0.0000000e+00
   4.8870400e+04   0.0000000e+00
   5.2731600e+04   0.0000000e+00
   5.6897900e+04   0.0000000e+00
   6.1393400e+04   9.9998999e-03
   6.6244000e+04   0.0000000e+00
   7.1477900e+04   0.0000000e+00
   7.7125300e+04   1.0000024e-02
   8.3218900e+04   9.9999175e-03
   8.9793900e+04   0.0000000e+00
   9.6888500e+04   1.0000533e-02
   1.0454400e+05   9.9989235e-03
   1.1280300e+05   0.0000000e+00
   1.2171600e+05   0.0000000e+00
   1.3133300e+05   0.0000000e+00
   1.4170900e+05   0.0000000e+00
   1.5290500e+05   0.0000000e+00
   1.6498600e+05   0.0000000e+00
   1.7802200e+05   0.0000000e+00
   1.9208700e+05   0.0000000e+00
   2.0726400e+05   1.0000152e-02
