   7.6223500e+01   9.9998606e-03
   8.1787200e+01   0.0000000e+00
   8.7757100e+01   0.0000000e+00
   9.4162800e+01   3.0000006e-02
   1.0103600e+02   0.0000000e+00
   1.0841100e+02   0.0000000e+00
   1.1632400e+02   0.0000000e+00
   1.2481500e+02   9.9993182e-03
   1.3392500e+02   0.0000000e+00
   1.4370100e+02   9.9998560e-03
   1.5419000e+02   1.0000191e-02
   1.6544500e+02   3.9998973e-02
   1.7752100e+02   3.0000491e-02
   1.9047900e+02   3.0000800e-02
   2.0438300e+02   1.9999369e-02
   2.1930100e+02   2.0000715e-02
   2.3530900e+02   2.9998542e-02
   2.5248400e+02   4.0001025e-02
   2.7091400e+02   4.0000475e-02
   2.9068900e+02   9.9999161e-03
   3.1190700e+02   0.0000000e+00
   3.3467400e+02   3.0000278e-02
   3.5910300e+02   1.0000035e-02
   3.8531500e+02   9.9999281e-03
   4.1344000e+02   2.9999859e-02
   4.4361800e+02   6.0000050e-02
   4.7599900e+02   2.9999568e-02
   5.1074300e+02   1.0000106e-02
   5.4802400e+02   0.0000000e+00
   5.8802600e+02   1.9999684e-02
   6.3094700e+02   2.0000167e-02
   6.7700200e+02   2.9999811e-02
   7.2641800e+02   0.0000000e+00
   7.7944200e+02   3.9999534e-02
   8.3633500e+02   2.0000157e-02
   8.9738200e+02   1.9999857e-02
   9.6288400e+02   3.0001017e-02
   1.0331700e+03   9.9995168e-03
   1.1085800e+03   4.0000779e-02
   1.1895000e+03   0.0000000e+00
   1.2763200e+03   0.0000000e+00
   1.3694900e+03   0.0000000e+00
   1.4694500e+03   3.0000193e-02
   1.5767100e+03   2.0000225e-02
   1.6918000e+03   1.0000072e-02
   1.8152900e+03   0.0000000e+00
   1.9477900e+03   0.0000000e+00
   2.0899600e+03   1.0000491e-02
   2.2425200e+03   2.9998616e-02
   2.4062000e+03   0.0000000e+00
   2.5818400e+03   1.0000215e-02
   2.7703000e+03   0.0000000e+00
   2.9725100e+03   1.9999839e-02
   3.1894800e+03   0.0000000e+00
   3.4222900e+03   0.0000000e+00
   3.6720900e+03   0.0000000e+00
   3.9401300e+03   1.9999934e-02
   4.2277300e+03   0.0000000e+00
   4.5363200e+03   0.0000000e+00
   4.8674400e+03   1.0000063e-02
   5.2227300e+03   9.9999724e-03
   5.6039500e+03   1.0000045e-02
   6.0130000e+03   0.0000000e+00
   6.4519000e+03   0.0000000e+00
   6.9228500e+03   0.0000000e+00
   7.4281700e+03   9.9999573e-03
   7.9703700e+03   0.0000000e+00
   8.5521500e+03   9.9998878e-03
   9.1763900e+03   0.0000000e+00
   9.8462000e+03   0.0000000e+00
   1.0564900e+04   0.0000000e+00
   1.1336100e+04   0.0000000e+00
   1.2163500e+04   2.0001102e-02
   1.3051400e+04   0.0000000e+00
   1.4004000e+04   0.0000000e+00
   1.5026200e+04   9.9999424e-03
   1.6123000e+04   0.0000000e+00
   1.7299900e+04   0.0000000e+00
   1.8562700e+04   0.0000000e+00
   1.9917600e+04   0.0000000e+00
   2.1371400e+04   0.0000000e+00
   2.2931400e+04   0.0000000e+00
   2.4605200e+04   0.0000000e+00
   2.6401200e+04   9.9999917e-03
   2.8328300e+04   0.0000000e+00
   3.0396100e+04   0.0000000e+00
   3.2614800e+04   0.0000000e+00
   3.4995400e+04   0.0000000e+00
   3.7549900e+04   0.0000000e+00
   4.0290700e+04   0.0000000e+00
   4.3231700e+04   0.0000000e+00
   4.6387300e+04   0.0000000e+00
   4.9773200e+04   0.0000000e+00
   5.3406300e+04   0.0000000e+00
   5.7304600e+04   9.9999454e-03
   6.1487400e+04   0.0000000e+00
   6.5975500e+04   0.0000000e+00
   7.0791300e+04   0.0000000e+00
   7.5958500e+04   0.0000000e+00
