   9.9728800e+01   1.9999317e-02
   1.0965200e+02   0.0000000e+00
   1.2056300e+02   2.0000559e-02
   1.3256000e+02   0.0000000e+00
   1.4575000e+02   2.0000072e-02
   1.6025300e+02   1.9999952e-02
   1.7619900e+02   2.0000244e-02
   1.9373200e+02   5.0001541e-02
   2.1301000e+02   3.9998780e-02
   2.3420500e+02   4.0000469e-02
   2.5751000e+02   1.0000150e-02
   2.8313400e+02   9.9998937e-03
   3.1130700e+02   3.0000295e-02
   3.4228400e+02   2.9999951e-02
   3.7634300e+02   4.0000081e-02
   4.1379100e+02   3.9999635e-02
   4.5496500e+02   3.9999599e-02
   5.0023600e+02   0.0000000e+00
   5.5001300e+02   5.9999950e-02
   6.0474200e+02   4.9999949e-02
   6.6491700e+02   2.0000082e-02
   7.3108000e+02   3.9999825e-02
   8.0382600e+02   2.0000009e-02
   8.8381100e+02   2.0000049e-02
   9.7175500e+02   2.0000007e-02
   1.0684500e+03   3.0000952e-02
   1.1747700e+03   9.9995304e-03
   1.2916600e+03   0.0000000e+00
   1.4201900e+03   0.0000000e+00
   1.5615100e+03   9.9994734e-03
   1.7168800e+03   0.0000000e+00
   1.8877200e+03   1.0000076e-02
   2.0755600e+03   2.0000055e-02
   2.2820900e+03   1.9999980e-02
   2.5091700e+03   5.0000917e-02
   2.7588500e+03   3.0000095e-02
   3.0333700e+03   0.0000000e+00
   3.3352000e+03   9.9999732e-03
   3.6670700e+03   1.0000194e-02
   4.0319700e+03   9.9999501e-03
   4.4331700e+03   1.9999807e-02
   4.8742900e+03   0.0000000e+00
   5.3593100e+03   1.0000013e-02
   5.8925900e+03   0.0000000e+00
   6.4789400e+03   0.0000000e+00
   7.1236200e+03   1.0000031e-02
   7.8324600e+03   9.9999406e-03
   8.6118300e+03   0.0000000e+00
   9.4687600e+03   1.0000464e-02
   1.0411000e+04   0.0000000e+00
   1.1446900e+04   0.0000000e+00
   1.2585900e+04   1.0000264e-02
   1.3838300e+04   1.0000118e-02
   1.5215300e+04   0.0000000e+00
   1.6729300e+04   0.0000000e+00
   1.8393900e+04   1.0000027e-02
   2.0224200e+04   0.0000000e+00
   2.2236600e+04   1.0000165e-02
   2.4449300e+04   0.0000000e+00
   2.6882100e+04   0.0000000e+00
   2.9557100e+04   0.0000000e+00
   3.2498100e+04   1.0000203e-02
   3.5731900e+04   0.0000000e+00
   3.9287400e+04   0.0000000e+00
   4.3196700e+04   0.0000000e+00
   4.7495000e+04   0.0000000e+00
   5.2221000e+04   0.0000000e+00
   5.7417300e+04   0.0000000e+00
   6.3130600e+04   0.0000000e+00
   6.9412400e+04   0.0000000e+00
   7.6319300e+04   0.0000000e+00
   8.3913500e+04   0.0000000e+00
   9.2263400e+04   0.0000000e+00
   1.0144400e+05   0.0000000e+00
   1.1153800e+05   0.0000000e+00
   1.2263700e+05   0.0000000e+00
   1.3484000e+05   0.0000000e+00
   1.4825700e+05   0.0000000e+00
   1.6301000e+05   0.0000000e+00
   1.7923000e+05   0.0000000e+00
   1.9706400e+05   0.0000000e+00
   2.1667300e+05   0.0000000e+00
   2.3823300e+05   0.0000000e+00
   2.6193900e+05   9.9998706e-03
   2.8800300e+05   0.0000000e+00
   3.1666100e+05   0.0000000e+00
   3.4817100e+05   0.0000000e+00
   3.8281500e+05   0.0000000e+00
   4.2090800e+05   0.0000000e+00
   4.6279000e+05   0.0000000e+00
   5.0884000e+05   0.0000000e+00
   5.5947300e+05   0.0000000e+00
   6.1514300e+05   0.0000000e+00
   6.7635300e+05   0.0000000e+00
   7.4365400e+05   0.0000000e+00
   8.1765100e+05   0.0000000e+00
   8.9901200e+05   0.0000000e+00
   9.8846900e+05   0.0000000e+00
   1.0868300e+06   0.0000000e+00
