   9.8980500e+01   3.0002390e-02
   1.0547600e+02   0.0000000e+00
   1.1239700e+02   9.9995412e-03
   1.1977200e+02   9.9996344e-03
   1.2763100e+02   0.0000000e+00
   1.3600600e+02   0.0000000e+00
   1.4493100e+02   1.9999625e-02
   1.5444100e+02   1.9999550e-02
   1.6457500e+02   0.0000000e+00
   1.7537400e+02   3.0000435e-02
   1.8688200e+02   1.0000011e-02
   1.9914500e+02   3.0000730e-02
   2.1221300e+02   9.9998906e-03
   2.2613800e+02   1.0000061e-02
   2.4097700e+02   2.0000441e-02
   2.5679000e+02   3.9999541e-02
   2.7364000e+02   2.0000111e-02
   2.9159600e+02   2.9999816e-02
   3.1073000e+02   3.0000419e-02
   3.3112000e+02   2.9999121e-02
   3.5284700e+02   0.0000000e+00
   3.7600100e+02   0.0000000e+00
   4.0067300e+02   2.0000246e-02
   4.2696500e+02   0.0000000e+00
   4.5498200e+02   1.9999775e-02
   4.8483700e+02   4.0000681e-02
   5.1665200e+02   1.0000005e-02
   5.5055400e+02   4.9999107e-02
   5.8668000e+02   2.0000404e-02
   6.2517800e+02   0.0000000e+00
   6.6620100e+02   0.0000000e+00
   7.0991600e+02   1.0000048e-02
   7.5650000e+02   2.9999636e-02
   8.0614000e+02   0.0000000e+00
   8.5903800e+02   2.9999976e-02
   9.1540700e+02   0.0000000e+00
   9.7547500e+02   2.9997927e-02
   1.0394800e+03   2.0000127e-02
   1.1076900e+03   1.0000618e-02
   1.1803800e+03   9.9993371e-03
   1.2578300e+03   2.0000598e-02
   1.3403700e+03   0.0000000e+00
   1.4283300e+03   9.9994554e-03
   1.5220500e+03   1.0000485e-02
   1.6219300e+03   1.9998340e-02
   1.7283500e+03   1.0000661e-02
   1.8417700e+03   0.0000000e+00
   1.9626200e+03   2.0000829e-02
   2.0914100e+03   0.0000000e+00
   2.2286400e+03   2.9999820e-02
   2.3748800e+03   1.0000206e-02
   2.5307200e+03   1.9999768e-02
   2.6967800e+03   2.0000019e-02
   2.8737400e+03   1.9999923e-02
   3.0623100e+03   0.0000000e+00
   3.2632600e+03   0.0000000e+00
   3.4773900e+03   0.0000000e+00
   3.7055700e+03   0.0000000e+00
   3.9487200e+03   0.0000000e+00
   4.2078400e+03   0.0000000e+00
   4.4839500e+03   0.0000000e+00
   4.7781800e+03   2.0000121e-02
   5.0917200e+03   0.0000000e+00
   5.4258300e+03   2.0000227e-02
   5.7818700e+03   0.0000000e+00
   6.1612600e+03   1.0000158e-02
   6.5655600e+03   0.0000000e+00
   6.9963800e+03   0.0000000e+00
   7.4554800e+03   0.0000000e+00
   7.9446900e+03   9.9999602e-03
   8.4660100e+03   1.0000040e-02
   9.0215400e+03   0.0000000e+00
   9.6135300e+03   0.0000000e+00
   1.0244400e+04   0.0000000e+00
   1.0916600e+04   9.9995480e-03
   1.1632900e+04   0.0000000e+00
   1.2396200e+04   2.0001850e-02
   1.3209700e+04   0.0000000e+00
   1.4076500e+04   1.0000253e-02
   1.5000200e+04   0.0000000e+00
   1.5984400e+04   1.0000202e-02
   1.7033300e+04   0.0000000e+00
   1.8151000e+04   0.0000000e+00
   1.9342100e+04   1.9999927e-02
   2.0611300e+04   0.0000000e+00
   2.1963800e+04   9.9997662e-03
   2.3405000e+04   0.0000000e+00
   2.4940800e+04   0.0000000e+00
   2.6577400e+04   0.0000000e+00
   2.8321400e+04   0.0000000e+00
   3.0179800e+04   0.0000000e+00
   3.2160100e+04   0.0000000e+00
   3.4270400e+04   0.0000000e+00
   3.6519200e+04   0.0000000e+00
   3.8915600e+04   0.0000000e+00
   4.1469200e+04   0.0000000e+00
   4.4190300e+04   0.0000000e+00
   4.7090000e+04   0.0000000e+00
   5.0180000e+04   1.0000168e-02
