   1.4892000e+02   4.0002867e-02
   1.6107900e+02   4.9997221e-02
   1.7422900e+02   2.0000919e-02
   1.8845400e+02   1.9999115e-02
   2.0383900e+02   1.0000111e-02
   2.2048100e+02   7.0002109e-02
   2.3848200e+02   1.9999973e-02
   2.5795200e+02   9.9996977e-03
   2.7901100e+02   6.0000114e-02
   3.0179000e+02   4.0000431e-02
   3.2642900e+02   9.9999062e-03
   3.5307900e+02   3.0000083e-02
   3.8190500e+02   1.0000174e-02
   4.1308500e+02   3.9999874e-02
   4.4681000e+02   3.9999586e-02
   4.8328800e+02   4.0000323e-02
   5.2274500e+02   2.9999413e-02
   5.6542200e+02   4.0000793e-02
   6.1158500e+02   9.9998306e-03
   6.6151500e+02   2.0000243e-02
   7.1552300e+02   9.9998845e-03
   7.7393900e+02   2.0000075e-02
   8.3712500e+02   1.9999915e-02
   9.0546900e+02   4.0000448e-02
   9.7939400e+02   9.9995372e-03
   1.0593500e+03   1.0000320e-02
   1.1458400e+03   1.0000121e-02
   1.2393900e+03   9.9994170e-03
   1.3405700e+03   1.0000282e-02
   1.4500200e+03   9.9997954e-03
   1.5684000e+03   1.0000206e-02
   1.6964500e+03   1.9999816e-02
   1.8349500e+03   3.0000202e-02
   1.9847600e+03   1.0000039e-02
   2.1468000e+03   0.0000000e+00
   2.3220700e+03   0.0000000e+00
   2.5116500e+03   9.9997349e-03
   2.7167000e+03   1.0000164e-02
   2.9385000e+03   9.9998237e-03
   3.1784000e+03   0.0000000e+00
   3.4378900e+03   0.0000000e+00
   3.7185700e+03   0.0000000e+00
   4.0221600e+03   1.0000123e-02
   4.3505400e+03   0.0000000e+00
   4.7057200e+03   0.0000000e+00
   5.0899100e+03   1.0000003e-02
   5.5054600e+03   9.9998985e-03
   5.9549300e+03   0.0000000e+00
   6.4411000e+03   0.0000000e+00
   6.9669700e+03   0.0000000e+00
   7.5357600e+03   0.0000000e+00
   8.1509900e+03   0.0000000e+00
   8.8164600e+03   0.0000000e+00
   9.5362500e+03   1.9999860e-02
   1.0314800e+04   9.9997691e-03
   1.1156900e+04   0.0000000e+00
   1.2067800e+04   0.0000000e+00
   1.3053000e+04   0.0000000e+00
   1.4118700e+04   1.0000203e-02
   1.5271400e+04   0.0000000e+00
   1.6518200e+04   0.0000000e+00
   1.7866700e+04   0.0000000e+00
   1.9325400e+04   1.0000254e-02
   2.0903200e+04   0.0000000e+00
   2.2609700e+04   0.0000000e+00
   2.4455600e+04   1.9999942e-02
   2.6452200e+04   0.0000000e+00
   2.8611800e+04   1.0000323e-02
   3.0947800e+04   0.0000000e+00
   3.3474400e+04   9.9999544e-03
   3.6207300e+04   0.0000000e+00
   3.9163300e+04   0.0000000e+00
   4.2360700e+04   9.9999982e-03
   4.5819100e+04   0.0000000e+00
   4.9559900e+04   0.0000000e+00
   5.3606000e+04   0.0000000e+00
   5.7982500e+04   0.0000000e+00
   6.2716300e+04   0.0000000e+00
   6.7836600e+04   0.0000000e+00
   7.3374900e+04   0.0000000e+00
   7.9365300e+04   0.0000000e+00
   8.5844900e+04   0.0000000e+00
   9.2853400e+04   0.0000000e+00
   1.0043400e+05   0.0000000e+00
   1.0863400e+05   0.0000000e+00
   1.1750300e+05   0.0000000e+00
   1.2709600e+05   0.0000000e+00
   1.3747200e+05   0.0000000e+00
   1.4869600e+05   0.0000000e+00
   1.6083600e+05   0.0000000e+00
   1.7396600e+05   0.0000000e+00
   1.8816900e+05   0.0000000e+00
   2.0353200e+05   0.0000000e+00
   2.2014900e+05   0.0000000e+00
   2.3812200e+05   0.0000000e+00
   2.5756300e+05   0.0000000e+00
   2.7859000e+05   0.0000000e+00
   3.0133500e+05   0.0000000e+00
   3.2593700e+05   9.9999848e-03
