   8.9140300e+01   9.9999272e-03
   9.7877600e+01   9.9996805e-03
   1.0747100e+02   1.9999852e-02
   1.1800500e+02   0.0000000e+00
   1.2957200e+02   1.9999452e-02
   1.4227200e+02   3.0001611e-02
   1.5621800e+02   4.9999652e-02
   1.7153000e+02   4.0000145e-02
   1.8834300e+02   7.0000235e-02
   2.0680400e+02   3.9999196e-02
   2.2707400e+02   2.9999543e-02
   2.4933100e+02   6.0000189e-02
   2.7377000e+02   3.0000725e-02
   3.0060500e+02   2.9999361e-02
   3.3006900e+02   4.0000279e-02
   3.6242200e+02   4.0000379e-02
   3.9794600e+02   4.0000263e-02
   4.3695200e+02   1.0000015e-02
   4.7978100e+02   2.9999981e-02
   5.2680800e+02   2.9999741e-02
   5.7844400e+02   2.0000106e-02
   6.3514200e+02   1.9999917e-02
   6.9739700e+02   0.0000000e+00
   7.6575400e+02   3.0000232e-02
   8.4081200e+02   0.0000000e+00
   9.2322600e+02   2.0000350e-02
   1.0137200e+03   1.9999479e-02
   1.1130800e+03   0.0000000e+00
   1.2221800e+03   1.0000365e-02
   1.3419800e+03   1.0000171e-02
   1.4735200e+03   3.9999744e-02
   1.6179500e+03   9.9995315e-03
   1.7765300e+03   1.0000460e-02
   1.9506700e+03   2.0000094e-02
   2.1418700e+03   9.9999671e-03
   2.3518100e+03   0.0000000e+00
   2.5823300e+03   1.9999714e-02
   2.8354400e+03   0.0000000e+00
   3.1133600e+03   0.0000000e+00
   3.4185300e+03   0.0000000e+00
   3.7536000e+03   9.9999920e-03
   4.1215200e+03   1.0000166e-02
   4.5255100e+03   2.0000002e-02
   4.9690900e+03   0.0000000e+00
   5.4561400e+03   1.0000011e-02
   5.9909400e+03   0.0000000e+00
   6.5781600e+03   1.0000022e-02
   7.2229400e+03   0.0000000e+00
   7.9309200e+03   0.0000000e+00
   8.7082900e+03   1.9999850e-02
   9.5618500e+03   1.0000176e-02
   1.0499100e+04   0.0000000e+00
   1.1528200e+04   9.9994116e-03
   1.2658100e+04   0.0000000e+00
   1.3898900e+04   0.0000000e+00
   1.5261200e+04   0.0000000e+00
   1.6757100e+04   0.0000000e+00
   1.8399600e+04   0.0000000e+00
   2.0203000e+04   0.0000000e+00
   2.2183300e+04   0.0000000e+00
   2.4357700e+04   0.0000000e+00
   2.6745100e+04   0.0000000e+00
   2.9366600e+04   0.0000000e+00
   3.2245100e+04   0.0000000e+00
   3.5405700e+04   0.0000000e+00
   3.8876100e+04   0.0000000e+00
   4.2686600e+04   0.0000000e+00
   4.6870700e+04   0.0000000e+00
   5.1464800e+04   0.0000000e+00
   5.6509300e+04   1.9999971e-02
   6.2048200e+04   0.0000000e+00
   6.8130000e+04   0.0000000e+00
   7.4808000e+04   0.0000000e+00
   8.2140500e+04   0.0000000e+00
   9.0191700e+04   0.0000000e+00
   9.9032100e+04   0.0000000e+00
   1.0873900e+05   0.0000000e+00
   1.1939700e+05   0.0000000e+00
   1.3110000e+05   0.0000000e+00
   1.4395100e+05   0.0000000e+00
   1.5806000e+05   0.0000000e+00
   1.7355300e+05   0.0000000e+00
   1.9056400e+05   0.0000000e+00
   2.0924300e+05   0.0000000e+00
   2.2975200e+05   0.0000000e+00
   2.5227200e+05   0.0000000e+00
   2.7699900e+05   0.0000000e+00
   3.0415000e+05   0.0000000e+00
   3.3396200e+05   0.0000000e+00
   3.6669700e+05   0.0000000e+00
   4.0263900e+05   0.0000000e+00
   4.4210500e+05   0.0000000e+00
   4.8543900e+05   0.0000000e+00
   5.3302100e+05   0.0000000e+00
   5.8526700e+05   0.0000000e+00
   6.4263300e+05   0.0000000e+00
   7.0562300e+05   0.0000000e+00
   7.7478600e+05   0.0000000e+00
   8.5072900e+05   0.0000000e+00
