   7.2990200e+01   1.9999838e-02
   8.0604400e+01   1.0000012e-02
   8.9013000e+01   0.0000000e+00
   9.8298700e+01   0.0000000e+00
   1.0855300e+02   0.0000000e+00
   1.1987700e+02   0.0000000e+00
   1.3238300e+02   1.9999918e-02
   1.4619300e+02   9.9995622e-03
   1.6144300e+02   0.0000000e+00
   1.7828500e+02   4.0001055e-02
   1.9688400e+02   6.9997612e-02
   2.1742200e+02   2.0000647e-02
   2.4010400e+02   3.9999558e-02
   2.6515100e+02   1.9999812e-02
   2.9281100e+02   3.0000265e-02
   3.2335700e+02   4.9999594e-02
   3.5708900e+02   2.9999869e-02
   3.9434000e+02   4.9999967e-02
   4.3547700e+02   3.0000312e-02
   4.8090600e+02   2.9999665e-02
   5.3107300e+02   2.9999974e-02
   5.8647400e+02   5.0000539e-02
   6.4765500e+02   1.9999838e-02
   7.1521700e+02   1.0000038e-02
   7.8982800e+02   9.9999950e-03
   8.7222200e+02   0.0000000e+00
   9.6321100e+02   4.9998953e-02
   1.0636900e+03   4.0002466e-02
   1.1746600e+03   1.9998611e-02
   1.2971900e+03   2.0001233e-02
   1.4325200e+03   4.0000455e-02
   1.5819600e+03   9.9995189e-03
   1.7469800e+03   1.0000367e-02
   1.9292300e+03   9.9997704e-03
   2.1304800e+03   2.0000055e-02
   2.3527300e+03   1.9999649e-02
   2.5981600e+03   0.0000000e+00
   2.8692000e+03   0.0000000e+00
   3.1685100e+03   1.0000124e-02
   3.4990500e+03   1.0000088e-02
   3.8640700e+03   9.9998567e-03
   4.2671600e+03   0.0000000e+00
   4.7123100e+03   1.9999883e-02
   5.2038900e+03   1.0000100e-02
   5.7467600e+03   9.9999128e-03
   6.3462500e+03   1.0000114e-02
   7.0082900e+03   0.0000000e+00
   7.7393800e+03   1.0000085e-02
   8.5467500e+03   9.9999613e-03
   9.4383300e+03   9.9996867e-03
   1.0422900e+04   0.0000000e+00
   1.1510200e+04   1.0000539e-02
   1.2711000e+04   0.0000000e+00
   1.4037000e+04   0.0000000e+00
   1.5501300e+04   0.0000000e+00
   1.7118400e+04   9.9996164e-03
   1.8904100e+04   1.0000204e-02
   2.0876200e+04   0.0000000e+00
   2.3054000e+04   0.0000000e+00
   2.5458900e+04   0.0000000e+00
   2.8114800e+04   0.0000000e+00
   3.1047700e+04   0.0000000e+00
   3.4286600e+04   0.0000000e+00
   3.7863300e+04   0.0000000e+00
   4.1813200e+04   1.0000005e-02
   4.6175100e+04   0.0000000e+00
   5.0992000e+04   0.0000000e+00
   5.6311400e+04   0.0000000e+00
   6.2185800e+04   0.0000000e+00
   6.8672900e+04   0.0000000e+00
   7.5836800e+04   0.0000000e+00
   8.3748000e+04   0.0000000e+00
   9.2484500e+04   0.0000000e+00
   1.0213200e+05   0.0000000e+00
   1.1278700e+05   0.0000000e+00
   1.2455300e+05   9.9998546e-03
   1.3754600e+05   0.0000000e+00
   1.5189400e+05   0.0000000e+00
   1.6774000e+05   0.0000000e+00
   1.8523800e+05   0.0000000e+00
   2.0456200e+05   0.0000000e+00
   2.2590200e+05   0.0000000e+00
   2.4946800e+05   0.0000000e+00
   2.7549200e+05   0.0000000e+00
   3.0423100e+05   0.0000000e+00
   3.3596800e+05   0.0000000e+00
   3.7101600e+05   0.0000000e+00
   4.0971900e+05   0.0000000e+00
   4.5246100e+05   0.0000000e+00
   4.9966100e+05   0.0000000e+00
   5.5178500e+05   0.0000000e+00
   6.0934700e+05   0.0000000e+00
   6.7291300e+05   0.0000000e+00
   7.4311100e+05   0.0000000e+00
   8.2063100e+05   0.0000000e+00
   9.0623900e+05   0.0000000e+00
   1.0007800e+06   0.0000000e+00
   1.1051800e+06   0.0000000e+00
   1.2204700e+06   0.0000000e+00
