   1.1752600e+02   1.0000161e-02
   1.2879300e+02   3.0000123e-02
   1.4114000e+02   4.9997815e-02
   1.5467000e+02   6.0001205e-02
   1.6949800e+02   3.9999513e-02
   1.8574700e+02   4.0000042e-02
   2.0355400e+02   3.9999797e-02
   2.2306800e+02   4.0000429e-02
   2.4445300e+02   0.0000000e+00
   2.6788800e+02   3.9999185e-02
   2.9356900e+02   2.0000337e-02
   3.2171300e+02   3.9999235e-02
   3.5255400e+02   3.0000702e-02
   3.8635300e+02   3.9999558e-02
   4.2339100e+02   3.9999932e-02
   4.6398000e+02   1.9999898e-02
   5.0846000e+02   2.0000268e-02
   5.5720500e+02   1.9999859e-02
   6.1062200e+02   1.9999917e-02
   6.6916000e+02   3.9999899e-02
   7.3331000e+02   1.0000106e-02
   8.0361100e+02   9.9999704e-03
   8.8065000e+02   0.0000000e+00
   9.6507500e+02   0.0000000e+00
   1.0575900e+03   2.0000394e-02
   1.1589800e+03   1.0000200e-02
   1.2700900e+03   1.0000064e-02
   1.3918500e+03   9.9998580e-03
   1.5252800e+03   2.9999226e-02
   1.6715000e+03   0.0000000e+00
   1.8317500e+03   9.9998054e-03
   2.0073500e+03   2.0000289e-02
   2.1997900e+03   2.9999156e-02
   2.4106700e+03   0.0000000e+00
   2.6417800e+03   1.0000072e-02
   2.8950400e+03   9.9997389e-03
   3.1725700e+03   1.0000209e-02
   3.4767200e+03   9.9999666e-03
   3.8100200e+03   0.0000000e+00
   4.1752700e+03   0.0000000e+00
   4.5755400e+03   1.9999922e-02
   5.0141800e+03   2.0000293e-02
   5.4948800e+03   9.9998856e-03
   6.0216500e+03   0.0000000e+00
   6.5989300e+03   0.0000000e+00
   7.2315500e+03   9.9999289e-03
   7.9248100e+03   0.0000000e+00
   8.6845400e+03   9.9999246e-03
   9.5170900e+03   0.0000000e+00
   1.0429500e+04   9.9995997e-03
   1.1429300e+04   1.0000092e-02
   1.2525000e+04   0.0000000e+00
   1.3725700e+04   0.0000000e+00
   1.5041600e+04   0.0000000e+00
   1.6483500e+04   1.0000486e-02
   1.8063800e+04   0.0000000e+00
   1.9795500e+04   0.0000000e+00
   2.1693200e+04   1.0000217e-02
   2.3772900e+04   0.0000000e+00
   2.6051900e+04   9.9999650e-03
   2.8549400e+04   0.0000000e+00
   3.1286300e+04   1.0000270e-02
   3.4285700e+04   0.0000000e+00
   3.7572500e+04   1.0000125e-02
   4.1174500e+04   0.0000000e+00
   4.5121700e+04   0.0000000e+00
   4.9447400e+04   0.0000000e+00
   5.4187800e+04   0.0000000e+00
   5.9382600e+04   0.0000000e+00
   6.5075400e+04   0.0000000e+00
   7.1313900e+04   0.0000000e+00
   7.8150600e+04   0.0000000e+00
   8.5642600e+04   0.0000000e+00
   9.3852900e+04   0.0000000e+00
   1.0285000e+05   0.0000000e+00
   1.1271000e+05   0.0000000e+00
   1.2351500e+05   0.0000000e+00
   1.3535600e+05   0.0000000e+00
   1.4833200e+05   0.0000000e+00
   1.6255300e+05   0.0000000e+00
   1.7813600e+05   0.0000000e+00
   1.9521300e+05   0.0000000e+00
   2.1392800e+05   0.0000000e+00
   2.3443600e+05   0.0000000e+00
   2.5691100e+05   0.0000000e+00
   2.8154000e+05   0.0000000e+00
   3.0853000e+05   1.0000056e-02
   3.3810800e+05   0.0000000e+00
   3.7052200e+05   0.0000000e+00
   4.0604200e+05   0.0000000e+00
   4.4496800e+05   0.0000000e+00
   4.8762600e+05   0.0000000e+00
   5.3437300e+05   0.0000000e+00
   5.8560100e+05   0.0000000e+00
   6.4174100e+05   0.0000000e+00
   7.0326300e+05   0.0000000e+00
   7.7068200e+05   0.0000000e+00
   8.4456500e+05   0.0000000e+00
   9.2553100e+05   0.0000000e+00
