   1.2755400e+02   2.9998423e-02
   1.3678400e+02   0.0000000e+00
   1.4668300e+02   0.0000000e+00
   1.5729700e+02   0.0000000e+00
   1.6868000e+02   1.0000316e-02
   1.8088700e+02   1.0000040e-02
   1.9397700e+02   1.9999637e-02
   2.0801400e+02   2.0000018e-02
   2.2306700e+02   2.0000854e-02
   2.3921000e+02   9.9997273e-03
   2.5652000e+02   9.9999067e-03
   2.7508300e+02   1.0000262e-02
   2.9499000e+02   5.0000011e-02
   3.1633700e+02   2.0000168e-02
   3.3922900e+02   2.9999620e-02
   3.6377700e+02   4.0000311e-02
   3.9010200e+02   7.0000237e-02
   4.1833200e+02   2.9999280e-02
   4.4860400e+02   2.0000356e-02
   4.8106800e+02   1.9999633e-02
   5.1588000e+02   1.0000048e-02
   5.5321200e+02   2.0000306e-02
   5.9324600e+02   9.9998996e-03
   6.3617600e+02   9.9999730e-03
   6.8221300e+02   3.0000258e-02
   7.3158200e+02   0.0000000e+00
   7.8452300e+02   9.9999336e-03
   8.4129500e+02   4.0000278e-02
   9.0217600e+02   0.0000000e+00
   9.6746200e+02   9.9995927e-03
   1.0374700e+03   1.0000356e-02
   1.1125500e+03   1.9999972e-02
   1.1930600e+03   5.0002171e-02
   1.2794000e+03   9.9995658e-03
   1.3719800e+03   0.0000000e+00
   1.4712600e+03   0.0000000e+00
   1.5777300e+03   2.0001253e-02
   1.6919100e+03   9.9995682e-03
   1.8143400e+03   2.0000666e-02
   1.9456400e+03   0.0000000e+00
   2.0864300e+03   3.0000958e-02
   2.2374200e+03   1.9999771e-02
   2.3993300e+03   0.0000000e+00
   2.5729600e+03   1.9999599e-02
   2.7591500e+03   3.0000418e-02
   2.9588200e+03   0.0000000e+00
   3.1729300e+03   9.9999747e-03
   3.4025400e+03   2.0000303e-02
   3.6487700e+03   1.0000207e-02
   3.9128200e+03   0.0000000e+00
   4.1959700e+03   0.0000000e+00
   4.4996100e+03   0.0000000e+00
   4.8252300e+03   0.0000000e+00
   5.1744100e+03   0.0000000e+00
   5.5488500e+03   0.0000000e+00
   5.9504000e+03   0.0000000e+00
   6.3810000e+03   0.0000000e+00
   6.8427600e+03   0.0000000e+00
   7.3379400e+03   1.0000116e-02
   7.8689600e+03   0.0000000e+00
   8.4384000e+03   1.9999742e-02
   9.0490400e+03   2.0000058e-02
   9.7038800e+03   0.0000000e+00
   1.0406100e+04   9.9994635e-03
   1.1159100e+04   0.0000000e+00
   1.1966700e+04   1.0000308e-02
   1.2832700e+04   0.0000000e+00
   1.3761300e+04   0.0000000e+00
   1.4757100e+04   0.0000000e+00
   1.5825000e+04   0.0000000e+00
   1.6970200e+04   1.0000357e-02
   1.8198300e+04   0.0000000e+00
   1.9515200e+04   0.0000000e+00
   2.0927400e+04   0.0000000e+00
   2.2441900e+04   0.0000000e+00
   2.4065900e+04   0.0000000e+00
   2.5807400e+04   0.0000000e+00
   2.7675000e+04   0.0000000e+00
   2.9677700e+04   0.0000000e+00
   3.1825300e+04   0.0000000e+00
   3.4128400e+04   0.0000000e+00
   3.6598100e+04   9.9998817e-03
   3.9246500e+04   0.0000000e+00
   4.2086600e+04   9.9999535e-03
   4.5132200e+04   0.0000000e+00
   4.8398200e+04   0.0000000e+00
   5.1900600e+04   1.0000005e-02
   5.5656400e+04   0.0000000e+00
   5.9684000e+04   0.0000000e+00
   6.4003000e+04   0.0000000e+00
   6.8634600e+04   1.0000056e-02
   7.3601400e+04   0.0000000e+00
   7.8927600e+04   0.0000000e+00
   8.4639200e+04   9.9999405e-03
   9.0764100e+04   0.0000000e+00
   9.7332300e+04   0.0000000e+00
   1.0437600e+05   0.0000000e+00
   1.1192900e+05   1.0000260e-02
   1.2002900e+05   2.0000210e-02
