   1.0193300e+02   9.9996235e-03
   1.1073200e+02   0.0000000e+00
   1.2029100e+02   9.9999374e-03
   1.3067500e+02   1.9999214e-02
   1.4195500e+02   2.0001263e-02
   1.5421000e+02   4.9999606e-02
   1.6752200e+02   3.9999271e-02
   1.8198300e+02   2.0000558e-02
   1.9769300e+02   4.9997890e-02
   2.1475800e+02   4.0000117e-02
   2.3329700e+02   1.0000356e-02
   2.5343700e+02   1.9999253e-02
   2.7531400e+02   4.0001049e-02
   2.9908100e+02   0.0000000e+00
   3.2489900e+02   4.0000351e-02
   3.5294600e+02   1.9999422e-02
   3.8341300e+02   9.9999980e-03
   4.1651100e+02   5.0001133e-02
   4.5246700e+02   3.0000007e-02
   4.9152600e+02   2.9999495e-02
   5.3395600e+02   1.0000093e-02
   5.8005000e+02   1.0000079e-02
   6.3012300e+02   0.0000000e+00
   6.8451800e+02   1.9999779e-02
   7.4360800e+02   1.0000022e-02
   8.0780000e+02   9.9999911e-03
   8.7753300e+02   3.0000158e-02
   9.5328600e+02   2.0000487e-02
   1.0355800e+03   6.9995499e-02
   1.1249700e+03   2.0001476e-02
   1.2220900e+03   9.9994287e-03
   1.3275800e+03   0.0000000e+00
   1.4421900e+03   1.9999070e-02
   1.5666800e+03   1.9999562e-02
   1.7019200e+03   1.0000139e-02
   1.8488400e+03   9.9999614e-03
   2.0084400e+03   3.0000288e-02
   2.1818200e+03   1.0000274e-02
   2.3701700e+03   2.9999475e-02
   2.5747700e+03   0.0000000e+00
   2.7970300e+03   1.0000307e-02
   3.0384900e+03   9.9997538e-03
   3.3007800e+03   0.0000000e+00
   3.5857200e+03   1.0000123e-02
   3.8952600e+03   0.0000000e+00
   4.2315200e+03   0.0000000e+00
   4.5968000e+03   0.0000000e+00
   4.9936200e+03   0.0000000e+00
   5.4246900e+03   1.9999817e-02
   5.8929700e+03   0.0000000e+00
   6.4016800e+03   0.0000000e+00
   6.9543000e+03   0.0000000e+00
   7.5546300e+03   1.0000003e-02
   8.2067800e+03   0.0000000e+00
   8.9152300e+03   0.0000000e+00
   9.6848300e+03   0.0000000e+00
   1.0520900e+04   0.0000000e+00
   1.1429100e+04   0.0000000e+00
   1.2415700e+04   1.0000194e-02
   1.3487500e+04   9.9999981e-03
   1.4651800e+04   0.0000000e+00
   1.5916600e+04   1.0000068e-02
   1.7290600e+04   0.0000000e+00
   1.8783200e+04   9.9996926e-03
   2.0404600e+04   0.0000000e+00
   2.2166000e+04   1.0000142e-02
   2.4079500e+04   0.0000000e+00
   2.6158200e+04   0.0000000e+00
   2.8416300e+04   0.0000000e+00
   3.0869300e+04   0.0000000e+00
   3.3534000e+04   0.0000000e+00
   3.6428900e+04   0.0000000e+00
   3.9573600e+04   0.0000000e+00
   4.2989700e+04   0.0000000e+00
   4.6700800e+04   9.9999280e-03
   5.0732200e+04   0.0000000e+00
   5.5111700e+04   0.0000000e+00
   5.9869200e+04   0.0000000e+00
   6.5037300e+04   0.0000000e+00
   7.0651700e+04   0.0000000e+00
   7.6750600e+04   1.0000066e-02
   8.3376100e+04   9.9999956e-03
   9.0573500e+04   0.0000000e+00
   9.8392200e+04   0.0000000e+00
   1.0688600e+05   0.0000000e+00
   1.1611300e+05   0.0000000e+00
   1.2613600e+05   0.0000000e+00
   1.3702500e+05   0.0000000e+00
   1.4885300e+05   0.0000000e+00
   1.6170300e+05   0.0000000e+00
   1.7566200e+05   0.0000000e+00
   1.9082600e+05   0.0000000e+00
   2.0729900e+05   0.0000000e+00
   2.2519400e+05   0.0000000e+00
   2.4463400e+05   0.0000000e+00
   2.6575200e+05   0.0000000e+00
   2.8869300e+05   0.0000000e+00
   3.1361400e+05   0.0000000e+00
   3.4068600e+05   1.0000135e-02
