   1.0134600e+02   9.9997768e-03
   1.0831400e+02   0.0000000e+00
   1.1576100e+02   0.0000000e+00
   1.2372100e+02   9.9993984e-03
   1.3222700e+02   0.0000000e+00
   1.4131900e+02   9.9995129e-03
   1.5103500e+02   1.0000433e-02
   1.6142000e+02   3.9997969e-02
   1.7251800e+02   0.0000000e+00
   1.8438000e+02   0.0000000e+00
   1.9705700e+02   0.0000000e+00
   2.1060600e+02   5.9998314e-02
   2.2508600e+02   1.0000003e-02
   2.4056200e+02   4.9999758e-02
   2.5710200e+02   1.0000392e-02
   2.7478000e+02   3.9998520e-02
   2.9367200e+02   3.0000466e-02
   3.1386400e+02   5.9999953e-02
   3.3544400e+02   1.0000112e-02
   3.5850800e+02   9.9997789e-03
   3.8315700e+02   2.0000518e-02
   4.0950200e+02   5.9998587e-02
   4.3765700e+02   5.0000867e-02
   4.6774900e+02   0.0000000e+00
   4.9990900e+02   2.0000173e-02
   5.3428100e+02   1.0000002e-02
   5.7101600e+02   1.0000091e-02
   6.1027700e+02   2.9999931e-02
   6.5223700e+02   2.9999915e-02
   6.9708200e+02   9.9998896e-03
   7.4501000e+02   0.0000000e+00
   7.9623400e+02   1.0000014e-02
   8.5098000e+02   2.0000064e-02
   9.0949000e+02   4.0000109e-02
   9.7202300e+02   1.0000687e-02
   1.0388600e+03   0.0000000e+00
   1.1102800e+03   1.0000235e-02
   1.1866200e+03   4.0001374e-02
   1.2682100e+03   0.0000000e+00
   1.3554000e+03   1.0000826e-02
   1.4486000e+03   1.0000039e-02
   1.5482000e+03   0.0000000e+00
   1.6546400e+03   2.0000652e-02
   1.7684100e+03   1.0000109e-02
   1.8900000e+03   2.0000215e-02
   2.0199500e+03   9.9997628e-03
   2.1588300e+03   9.9998478e-03
   2.3072600e+03   0.0000000e+00
   2.4659000e+03   1.0000279e-02
   2.6354500e+03   0.0000000e+00
   2.8166500e+03   0.0000000e+00
   3.0103100e+03   0.0000000e+00
   3.2172900e+03   0.0000000e+00
   3.4384900e+03   0.0000000e+00
   3.6749100e+03   9.9999206e-03
   3.9275800e+03   1.0000195e-02
   4.1976300e+03   1.9999894e-02
   4.4862400e+03   9.9998256e-03
   4.7946900e+03   0.0000000e+00
   5.1243600e+03   1.0000006e-02
   5.4766900e+03   9.9998877e-03
   5.8532400e+03   0.0000000e+00
   6.2556900e+03   9.9998855e-03
   6.6858000e+03   0.0000000e+00
   7.1454900e+03   0.0000000e+00
   7.6367900e+03   0.0000000e+00
   8.1618600e+03   0.0000000e+00
   8.7230300e+03   0.0000000e+00
   9.3227900e+03   0.0000000e+00
   9.9637900e+03   1.0000619e-02
   1.0648900e+04   0.0000000e+00
   1.1381000e+04   0.0000000e+00
   1.2163500e+04   1.0001002e-02
   1.2999900e+04   0.0000000e+00
   1.3893700e+04   0.0000000e+00
   1.4849000e+04   0.0000000e+00
   1.5869900e+04   0.0000000e+00
   1.6961100e+04   0.0000000e+00
   1.8127200e+04   0.0000000e+00
   1.9373600e+04   0.0000000e+00
   2.0705600e+04   0.0000000e+00
   2.2129300e+04   9.9998914e-03
   2.3650800e+04   1.9999567e-02
   2.5276900e+04   0.0000000e+00
   2.7014800e+04   0.0000000e+00
   2.8872300e+04   0.0000000e+00
   3.0857400e+04   0.0000000e+00
   3.2979000e+04   9.9999925e-03
   3.5246500e+04   0.0000000e+00
   3.7670000e+04   0.0000000e+00
   4.0260000e+04   0.0000000e+00
   4.3028100e+04   0.0000000e+00
   4.5986500e+04   0.0000000e+00
   4.9148400e+04   9.9998976e-03
   5.2527600e+04   0.0000000e+00
   5.6139200e+04   0.0000000e+00
   5.9999100e+04   0.0000000e+00
   6.4124400e+04   9.9999143e-03
   6.8533300e+04   1.0000066e-02
