   1.1114300e+02   9.9999737e-03
   1.2131700e+02   4.9998375e-02
   1.3242200e+02   1.0000044e-02
   1.4454400e+02   3.0000914e-02
   1.5777600e+02   5.0000655e-02
   1.7221900e+02   3.0000164e-02
   1.8798400e+02   4.9999909e-02
   2.0519200e+02   1.9999763e-02
   2.2397500e+02   5.9998078e-02
   2.4447700e+02   1.0000234e-02
   2.6685700e+02   9.9999682e-03
   2.9128500e+02   3.9999733e-02
   3.1794900e+02   9.9999541e-03
   3.4705400e+02   1.0000179e-02
   3.7882400e+02   3.9999226e-02
   4.1350100e+02   2.0000013e-02
   4.5135300e+02   5.0000181e-02
   4.9267000e+02   1.9999963e-02
   5.3776900e+02   3.0000331e-02
   5.8699700e+02   9.9998725e-03
   6.4073000e+02   1.0000102e-02
   6.9938300e+02   0.0000000e+00
   7.6340500e+02   1.9999949e-02
   8.3328700e+02   1.9999972e-02
   9.0956600e+02   1.0000016e-02
   9.9282800e+02   9.9998373e-03
   1.0837100e+03   5.9998144e-02
   1.1829100e+03   0.0000000e+00
   1.2912000e+03   1.9998930e-02
   1.4093900e+03   2.0000551e-02
   1.5384100e+03   0.0000000e+00
   1.6792400e+03   1.9999054e-02
   1.8329500e+03   0.0000000e+00
   2.0007400e+03   0.0000000e+00
   2.1838900e+03   0.0000000e+00
   2.3838000e+03   2.0000583e-02
   2.6020200e+03   2.0000100e-02
   2.8402100e+03   0.0000000e+00
   3.1002000e+03   0.0000000e+00
   3.3839900e+03   1.9999928e-02
   3.6937600e+03   1.0000093e-02
   4.0318900e+03   0.0000000e+00
   4.4009700e+03   2.0000239e-02
   4.8038400e+03   0.0000000e+00
   5.2435800e+03   0.0000000e+00
   5.7235800e+03   9.9998852e-03
   6.2475100e+03   2.0000086e-02
   6.8194100e+03   9.9999856e-03
   7.4436600e+03   0.0000000e+00
   8.1250500e+03   2.0000050e-02
   8.8688200e+03   0.0000000e+00
   9.6806700e+03   9.9995340e-03
   1.0566800e+04   1.0000141e-02
   1.1534100e+04   0.0000000e+00
   1.2590000e+04   0.0000000e+00
   1.3742500e+04   0.0000000e+00
   1.5000400e+04   1.0000425e-02
   1.6373600e+04   0.0000000e+00
   1.7872400e+04   0.0000000e+00
   1.9508500e+04   0.0000000e+00
   2.1294300e+04   0.0000000e+00
   2.3243500e+04   1.0000383e-02
   2.5371300e+04   0.0000000e+00
   2.7693800e+04   9.9996624e-03
   3.0228800e+04   0.0000000e+00
   3.2996000e+04   0.0000000e+00
   3.6016400e+04   1.0000164e-02
   3.9313400e+04   0.0000000e+00
   4.2912100e+04   0.0000000e+00
   4.6840300e+04   0.0000000e+00
   5.1128100e+04   0.0000000e+00
   5.5808400e+04   9.9999737e-03
   6.0917100e+04   0.0000000e+00
   6.6493400e+04   0.0000000e+00
   7.2580200e+04   1.0000017e-02
   7.9224200e+04   0.0000000e+00
   8.6476400e+04   0.0000000e+00
   9.4392500e+04   0.0000000e+00
   1.0303300e+05   0.0000000e+00
   1.1246500e+05   0.0000000e+00
   1.2276000e+05   0.0000000e+00
   1.3399700e+05   0.0000000e+00
   1.4626300e+05   0.0000000e+00
   1.5965200e+05   0.0000000e+00
   1.7426700e+05   0.0000000e+00
   1.9021900e+05   0.0000000e+00
   2.0763200e+05   0.0000000e+00
   2.2663900e+05   9.9997380e-03
   2.4738500e+05   0.0000000e+00
   2.7003100e+05   0.0000000e+00
   2.9475000e+05   0.0000000e+00
   3.2173100e+05   0.0000000e+00
   3.5118200e+05   0.0000000e+00
   3.8333000e+05   0.0000000e+00
   4.1842000e+05   0.0000000e+00
   4.5672200e+05   0.0000000e+00
   4.9853000e+05   0.0000000e+00
   5.4416600e+05   0.0000000e+00
   5.9397900e+05   9.9998264e-03
