   8.5038000e+01   9.9999639e-03
   9.3632800e+01   0.0000000e+00
   1.0309600e+02   2.0000044e-02
   1.1351600e+02   9.9998897e-03
   1.2498900e+02   4.0000879e-02
   1.3762200e+02   3.0001088e-02
   1.5153200e+02   3.9999104e-02
   1.6684700e+02   9.9998265e-03
   1.8371000e+02   2.0000336e-02
   2.0227800e+02   2.9999526e-02
   2.2272200e+02   1.0000174e-02
   2.4523300e+02   8.0000781e-02
   2.7001900e+02   1.9999367e-02
   2.9730900e+02   6.0001736e-02
   3.2735900e+02   1.9999858e-02
   3.6044500e+02   5.9999481e-02
   3.9687500e+02   1.9999843e-02
   4.3698700e+02   2.0000231e-02
   4.8115400e+02   1.9999866e-02
   5.2978400e+02   3.0000325e-02
   5.8333000e+02   9.9999326e-03
   6.4228700e+02   9.9999852e-03
   7.0720300e+02   5.9999795e-02
   7.7868000e+02   0.0000000e+00
   8.5738200e+02   0.0000000e+00
   9.4403800e+02   1.9999500e-02
   1.0394500e+03   1.0000220e-02
   1.1445100e+03   1.0000351e-02
   1.2601900e+03   0.0000000e+00
   1.3875500e+03   9.9999675e-03
   1.5277900e+03   0.0000000e+00
   1.6822100e+03   2.9999689e-02
   1.8522300e+03   9.9997186e-03
   2.0394300e+03   1.0000170e-02
   2.2455600e+03   0.0000000e+00
   2.4725200e+03   2.0000122e-02
   2.7224200e+03   9.9998040e-03
   2.9975700e+03   1.0000131e-02
   3.3005400e+03   2.0000188e-02
   3.6341300e+03   9.9999261e-03
   4.0014300e+03   1.0000098e-02
   4.4058600e+03   9.9999685e-03
   4.8511600e+03   9.9998156e-03
   5.3414600e+03   0.0000000e+00
   5.8813300e+03   0.0000000e+00
   6.4757600e+03   0.0000000e+00
   7.1302600e+03   0.0000000e+00
   7.8509200e+03   1.9999915e-02
   8.6444100e+03   0.0000000e+00
   9.5181100e+03   0.0000000e+00
   1.0480100e+04   0.0000000e+00
   1.1539300e+04   0.0000000e+00
   1.2705600e+04   0.0000000e+00
   1.3989800e+04   0.0000000e+00
   1.5403700e+04   0.0000000e+00
   1.6960600e+04   9.9999228e-03
   1.8674800e+04   2.0000328e-02
   2.0562300e+04   1.9999662e-02
   2.2640500e+04   1.0000077e-02
   2.4928800e+04   0.0000000e+00
   2.7448300e+04   0.0000000e+00
   3.0222600e+04   9.9999967e-03
   3.3277200e+04   9.9998981e-03
   3.6640500e+04   1.0000095e-02
   4.0343800e+04   0.0000000e+00
   4.4421300e+04   0.0000000e+00
   4.8911000e+04   9.9999050e-03
   5.3854400e+04   1.0000009e-02
   5.9297500e+04   0.0000000e+00
   6.5290800e+04   0.0000000e+00
   7.1889700e+04   0.0000000e+00
   7.9155600e+04   0.0000000e+00
   8.7155900e+04   0.0000000e+00
   9.5964800e+04   0.0000000e+00
   1.0566400e+05   0.0000000e+00
   1.1634300e+05   1.0000112e-02
   1.2810200e+05   0.0000000e+00
   1.4105000e+05   0.0000000e+00
   1.5530600e+05   0.0000000e+00
   1.7100200e+05   1.0000419e-02
   1.8828600e+05   0.0000000e+00
   2.0731600e+05   0.0000000e+00
   2.2826900e+05   0.0000000e+00
   2.5134000e+05   0.0000000e+00
   2.7674400e+05   9.9998064e-03
   3.0471400e+05   0.0000000e+00
   3.3551200e+05   0.0000000e+00
   3.6942200e+05   0.0000000e+00
   4.0675900e+05   0.0000000e+00
   4.4787100e+05   0.0000000e+00
   4.9313700e+05   0.0000000e+00
   5.4297900e+05   0.0000000e+00
   5.9785800e+05   0.0000000e+00
   6.5828300e+05   0.0000000e+00
   7.2481600e+05   0.0000000e+00
   7.9807400e+05   0.0000000e+00
   8.7873500e+05   0.0000000e+00
   9.6754900e+05   0.0000000e+00
   1.0653400e+06   0.0000000e+00
