   9.7545600e+01   1.9999899e-02
   1.0599500e+02   0.0000000e+00
   1.1517600e+02   0.0000000e+00
   1.2515300e+02   1.0000172e-02
   1.3599400e+02   2.0000202e-02
   1.4777400e+02   3.9999232e-02
   1.6057400e+02   2.0000029e-02
   1.7448300e+02   4.0000561e-02
   1.8959700e+02   3.0000058e-02
   2.0602000e+02   5.9998281e-02
   2.2386500e+02   6.9998795e-02
   2.4325600e+02   8.9999930e-02
   2.6432700e+02   2.0000713e-02
   2.8722400e+02   2.9999347e-02
   3.1210300e+02   1.0000165e-02
   3.3913800e+02   3.9999537e-02
   3.6851400e+02   3.0000122e-02
   4.0043500e+02   1.0000043e-02
   4.3512100e+02   4.9999554e-02
   4.7281100e+02   2.9999906e-02
   5.1376600e+02   0.0000000e+00
   5.5826900e+02   0.0000000e+00
   6.0662600e+02   1.0000114e-02
   6.5917300e+02   9.9998544e-03
   7.1627000e+02   2.0000070e-02
   7.7831400e+02   0.0000000e+00
   8.4573200e+02   1.0000010e-02
   9.1899000e+02   9.9999677e-03
   9.9859300e+02   1.9999577e-02
   1.0850900e+03   9.9998781e-03
   1.1790800e+03   0.0000000e+00
   1.2812200e+03   1.0000042e-02
   1.3922000e+03   2.9999295e-02
   1.5127900e+03   0.0000000e+00
   1.6438300e+03   1.0000064e-02
   1.7862200e+03   1.9999571e-02
   1.9409400e+03   9.9996935e-03
   2.1090600e+03   2.0000170e-02
   2.2917500e+03   1.9999684e-02
   2.4902600e+03   1.0000100e-02
   2.7059700e+03   0.0000000e+00
   2.9403600e+03   2.0000317e-02
   3.1950600e+03   0.0000000e+00
   3.4718200e+03   0.0000000e+00
   3.7725500e+03   9.9999908e-03
   4.0993300e+03   0.0000000e+00
   4.4544200e+03   0.0000000e+00
   4.8402600e+03   0.0000000e+00
   5.2595200e+03   0.0000000e+00
   5.7151100e+03   0.0000000e+00
   6.2101500e+03   0.0000000e+00
   6.7480800e+03   0.0000000e+00
   7.3326000e+03   0.0000000e+00
   7.9677500e+03   1.0000156e-02
   8.6579300e+03   0.0000000e+00
   9.4078800e+03   2.0000093e-02
   1.0222800e+04   0.0000000e+00
   1.1108300e+04   9.9999522e-03
   1.2070500e+04   1.0000453e-02
   1.3116100e+04   0.0000000e+00
   1.4252200e+04   0.0000000e+00
   1.5486700e+04   0.0000000e+00
   1.6828200e+04   0.0000000e+00
   1.8285800e+04   0.0000000e+00
   1.9869800e+04   0.0000000e+00
   2.1590900e+04   9.9999220e-03
   2.3461100e+04   0.0000000e+00
   2.5493300e+04   0.0000000e+00
   2.7701600e+04   0.0000000e+00
   3.0101100e+04   0.0000000e+00
   3.2708500e+04   0.0000000e+00
   3.5541700e+04   9.9998777e-03
   3.8620300e+04   0.0000000e+00
   4.1965600e+04   1.0000051e-02
   4.5600700e+04   0.0000000e+00
   4.9550700e+04   0.0000000e+00
   5.3842800e+04   1.0000008e-02
   5.8506700e+04   0.0000000e+00
   6.3574600e+04   9.9999083e-03
   6.9081400e+04   1.0000054e-02
   7.5065300e+04   9.9999935e-03
   8.1567500e+04   0.0000000e+00
   8.8632900e+04   0.0000000e+00
   9.6310300e+04   0.0000000e+00
   1.0465300e+05   0.0000000e+00
   1.1371800e+05   0.0000000e+00
   1.2356800e+05   0.0000000e+00
   1.3427200e+05   0.0000000e+00
   1.4590200e+05   0.0000000e+00
   1.5854000e+05   0.0000000e+00
   1.7227300e+05   0.0000000e+00
   1.8719600e+05   0.0000000e+00
   2.0341100e+05   0.0000000e+00
   2.2103000e+05   0.0000000e+00
   2.4017600e+05   0.0000000e+00
   2.6098000e+05   0.0000000e+00
   2.8358600e+05   0.0000000e+00
   3.0815100e+05   0.0000000e+00
   3.3484300e+05   9.9999121e-03
