   7.4973000e+01   1.0000039e-02
   8.0221400e+01   9.9999989e-03
   8.5837200e+01   0.0000000e+00
   9.1846100e+01   0.0000000e+00
   9.8275700e+01   0.0000000e+00
   1.0515500e+02   0.0000000e+00
   1.1251700e+02   9.9992908e-03
   1.2039300e+02   0.0000000e+00
   1.2882100e+02   2.0000120e-02
   1.3783900e+02   1.9999482e-02
   1.4748800e+02   0.0000000e+00
   1.5781300e+02   5.0002254e-02
   1.6886100e+02   3.9997107e-02
   1.8068100e+02   3.0001531e-02
   1.9333000e+02   3.0000412e-02
   2.0686400e+02   3.9999418e-02
   2.2134500e+02   4.0000188e-02
   2.3684000e+02   4.9997953e-02
   2.5341900e+02   1.0000389e-02
   2.7116000e+02   1.9999815e-02
   2.9014200e+02   0.0000000e+00
   3.1045300e+02   8.0000477e-02
   3.3218600e+02   3.9999670e-02
   3.5544000e+02   0.0000000e+00
   3.8032200e+02   1.0000028e-02
   4.0694600e+02   4.0000286e-02
   4.3543400e+02   3.0000019e-02
   4.6591600e+02   2.0000099e-02
   4.9853200e+02   9.9999944e-03
   5.3343100e+02   1.9999927e-02
   5.7077300e+02   9.9999479e-03
   6.1072900e+02   0.0000000e+00
   6.5348200e+02   9.9999841e-03
   6.9922800e+02   0.0000000e+00
   7.4817700e+02   0.0000000e+00
   8.0055200e+02   0.0000000e+00
   8.5659400e+02   2.9999629e-02
   9.1655800e+02   0.0000000e+00
   9.8072100e+02   1.0000733e-02
   1.0493800e+03   9.9999629e-03
   1.1228400e+03   0.0000000e+00
   1.2014400e+03   9.9994059e-03
   1.2855400e+03   2.0001600e-02
   1.3755400e+03   9.9997165e-03
   1.4718300e+03   9.9996694e-03
   1.5748600e+03   1.0000348e-02
   1.6851100e+03   1.9999410e-02
   1.8030700e+03   9.9998679e-03
   1.9292900e+03   0.0000000e+00
   2.0643500e+03   0.0000000e+00
   2.2088600e+03   0.0000000e+00
   2.3634900e+03   2.9999394e-02
   2.5289400e+03   1.0000264e-02
   2.7059800e+03   0.0000000e+00
   2.8954100e+03   0.0000000e+00
   3.0981000e+03   2.0000153e-02
   3.3149800e+03   0.0000000e+00
   3.5470400e+03   9.9997611e-03
   3.7953400e+03   0.0000000e+00
   4.0610300e+03   1.0000100e-02
   4.3453200e+03   0.0000000e+00
   4.6495100e+03   9.9999173e-03
   4.9749900e+03   0.0000000e+00
   5.3232600e+03   9.9997944e-03
   5.6959000e+03   0.0000000e+00
   6.0946400e+03   1.0000079e-02
   6.5212900e+03   0.0000000e+00
   6.9778000e+03   0.0000000e+00
   7.4662700e+03   0.0000000e+00
   7.9889400e+03   9.9998933e-03
   8.5481900e+03   0.0000000e+00
   9.1466000e+03   0.0000000e+00
   9.7868900e+03   9.9998656e-03
   1.0472000e+04   0.0000000e+00
   1.1205100e+04   1.0000002e-02
   1.1989500e+04   9.9999238e-03
   1.2828800e+04   0.0000000e+00
   1.3726900e+04   0.0000000e+00
   1.4687800e+04   1.0000006e-02
   1.5716000e+04   0.0000000e+00
   1.6816200e+04   0.0000000e+00
   1.7993400e+04   0.0000000e+00
   1.9253000e+04   0.0000000e+00
   2.0600700e+04   0.0000000e+00
   2.2042900e+04   1.0000106e-02
   2.3586000e+04   0.0000000e+00
   2.5237100e+04   0.0000000e+00
   2.7003700e+04   0.0000000e+00
   2.8894100e+04   1.0000027e-02
   3.0916800e+04   1.0000040e-02
   3.3081100e+04   0.0000000e+00
   3.5396900e+04   0.0000000e+00
   3.7874800e+04   0.0000000e+00
   4.0526200e+04   0.0000000e+00
   4.3363200e+04   0.0000000e+00
   4.6398700e+04   0.0000000e+00
   4.9646800e+04   0.0000000e+00
   5.3122300e+04   1.0000114e-02
   5.6841100e+04   9.9997841e-03
