   9.0686600e+01   9.9999523e-03
   9.8246000e+01   2.0000963e-02
   1.0643600e+02   9.9997199e-03
   1.1530800e+02   1.0000133e-02
   1.2492000e+02   1.9999937e-02
   1.3533300e+02   2.9999789e-02
   1.4661400e+02   2.9998889e-02
   1.5883500e+02   1.9999682e-02
   1.7207500e+02   1.0000092e-02
   1.8641900e+02   2.0000602e-02
   2.0195900e+02   3.0000138e-02
   2.1879400e+02   3.9999582e-02
   2.3703200e+02   2.0000455e-02
   2.5679100e+02   3.9998881e-02
   2.7819600e+02   4.0000199e-02
   3.0138600e+02   3.0000128e-02
   3.2650900e+02   1.9999895e-02
   3.5372600e+02   5.0000295e-02
   3.8321200e+02   3.0000208e-02
   4.1515600e+02   1.9999673e-02
   4.4976200e+02   2.0000370e-02
   4.8725400e+02   2.9999627e-02
   5.2787000e+02   9.9999385e-03
   5.7187200e+02   2.9999923e-02
   6.1954200e+02   3.0000103e-02
   6.7118600e+02   3.0000134e-02
   7.2713500e+02   9.9998890e-03
   7.8774700e+02   2.0000288e-02
   8.5341300e+02   2.9999677e-02
   9.2455100e+02   1.0000011e-02
   1.0016200e+03   0.0000000e+00
   1.0851100e+03   2.0001611e-02
   1.1755700e+03   9.9996835e-03
   1.2735600e+03   9.9998686e-03
   1.3797200e+03   0.0000000e+00
   1.4947300e+03   1.0000172e-02
   1.6193300e+03   9.9996963e-03
   1.7543100e+03   0.0000000e+00
   1.9005500e+03   1.9999258e-02
   2.0589700e+03   2.0000866e-02
   2.2306100e+03   1.0000058e-02
   2.4165500e+03   9.9995693e-03
   2.6179800e+03   1.9999994e-02
   2.8362100e+03   0.0000000e+00
   3.0726400e+03   9.9996675e-03
   3.3287600e+03   1.0000018e-02
   3.6062400e+03   0.0000000e+00
   3.9068500e+03   0.0000000e+00
   4.2325200e+03   1.0000154e-02
   4.5853400e+03   9.9998690e-03
   4.9675600e+03   1.0000108e-02
   5.3816500e+03   0.0000000e+00
   5.8302500e+03   1.0000033e-02
   6.3162500e+03   0.0000000e+00
   6.8427600e+03   0.0000000e+00
   7.4131600e+03   2.9999689e-02
   8.0311000e+03   0.0000000e+00
   8.7005600e+03   0.0000000e+00
   9.4258200e+03   0.0000000e+00
   1.0211500e+04   0.0000000e+00
   1.1062800e+04   0.0000000e+00
   1.1984900e+04   1.0000591e-02
   1.2984000e+04   0.0000000e+00
   1.4066300e+04   0.0000000e+00
   1.5238800e+04   0.0000000e+00
   1.6509100e+04   0.0000000e+00
   1.7885300e+04   0.0000000e+00
   1.9376100e+04   0.0000000e+00
   2.0991300e+04   1.0000037e-02
   2.2741100e+04   0.0000000e+00
   2.4636700e+04   1.0000143e-02
   2.6690400e+04   0.0000000e+00
   2.8915300e+04   0.0000000e+00
   3.1325600e+04   0.0000000e+00
   3.3936800e+04   0.0000000e+00
   3.6765700e+04   0.0000000e+00
   3.9830400e+04   0.0000000e+00
   4.3150600e+04   0.0000000e+00
   4.6747600e+04   0.0000000e+00
   5.0644400e+04   0.0000000e+00
   5.4866000e+04   0.0000000e+00
   5.9439500e+04   1.0000075e-02
   6.4394300e+04   0.0000000e+00
   6.9762000e+04   0.0000000e+00
   7.5577300e+04   0.0000000e+00
   8.1877200e+04   0.0000000e+00
   8.8702400e+04   0.0000000e+00
   9.6096400e+04   0.0000000e+00
   1.0410700e+05   0.0000000e+00
   1.1278500e+05   0.0000000e+00
   1.2218600e+05   0.0000000e+00
   1.3237200e+05   0.0000000e+00
   1.4340600e+05   0.0000000e+00
   1.5536000e+05   0.0000000e+00
   1.6831000e+05   0.0000000e+00
   1.8234100e+05   0.0000000e+00
   1.9754000e+05   0.0000000e+00
   2.1400700e+05   0.0000000e+00
   2.3184600e+05   9.9998908e-03
