   9.0307400e+01   3.0001177e-02
   1.0005700e+02   9.9993390e-03
   1.1085800e+02   1.0000150e-02
   1.2282600e+02   0.0000000e+00
   1.3608600e+02   4.9999056e-02
   1.5077700e+02   4.0001720e-02
   1.6705500e+02   5.9998216e-02
   1.8508900e+02   3.0000775e-02
   2.0507100e+02   3.9998938e-02
   2.2720900e+02   2.0000333e-02
   2.5173800e+02   9.9997897e-03
   2.7891400e+02   5.0000821e-02
   3.0902500e+02   2.9999913e-02
   3.4238600e+02   3.0000317e-02
   3.7934900e+02   4.0000065e-02
   4.2030200e+02   9.9999759e-03
   4.6567600e+02   9.9999052e-03
   5.1594800e+02   3.0000187e-02
   5.7164800e+02   3.0000109e-02
   6.3336100e+02   9.9999805e-03
   7.0173600e+02   9.9999435e-03
   7.7749200e+02   1.0000016e-02
   8.6142700e+02   1.9999999e-02
   9.5442300e+02   1.0000122e-02
   1.0574600e+03   4.0000294e-02
   1.1716200e+03   0.0000000e+00
   1.2981000e+03   1.0000166e-02
   1.4382400e+03   2.0000484e-02
   1.5935100e+03   2.9998568e-02
   1.7655300e+03   3.0000059e-02
   1.9561300e+03   2.0000351e-02
   2.1673100e+03   2.9999399e-02
   2.4012800e+03   0.0000000e+00
   2.6605200e+03   0.0000000e+00
   2.9477400e+03   1.9999650e-02
   3.2659600e+03   1.9999995e-02
   3.6185400e+03   0.0000000e+00
   4.0091800e+03   1.0000090e-02
   4.4420000e+03   9.9999915e-03
   4.9215400e+03   3.0000047e-02
   5.4528500e+03   2.0000063e-02
   6.0415200e+03   1.0000033e-02
   6.6937400e+03   0.0000000e+00
   7.4163600e+03   0.0000000e+00
   8.2170000e+03   0.0000000e+00
   9.1040800e+03   0.0000000e+00
   1.0086900e+04   1.0000527e-02
   1.1175900e+04   2.0000030e-02
   1.2382400e+04   0.0000000e+00
   1.3719100e+04   1.0000269e-02
   1.5200200e+04   0.0000000e+00
   1.6841100e+04   0.0000000e+00
   1.8659200e+04   0.0000000e+00
   2.0673600e+04   1.9999651e-02
   2.2905400e+04   1.0000077e-02
   2.5378200e+04   0.0000000e+00
   2.8117900e+04   0.0000000e+00
   3.1153400e+04   0.0000000e+00
   3.4516600e+04   0.0000000e+00
   3.8242900e+04   1.0000130e-02
   4.2371500e+04   0.0000000e+00
   4.6945700e+04   0.0000000e+00
   5.2013800e+04   0.0000000e+00
   5.7629000e+04   0.0000000e+00
   6.3850400e+04   9.9999508e-03
   7.0743400e+04   9.9999969e-03
   7.8380600e+04   0.0000000e+00
   8.6842200e+04   0.0000000e+00
   9.6217400e+04   0.0000000e+00
   1.0660500e+05   0.0000000e+00
   1.1811300e+05   0.0000000e+00
   1.3086400e+05   0.0000000e+00
   1.4499200e+05   0.0000000e+00
   1.6064500e+05   0.0000000e+00
   1.7798700e+05   0.0000000e+00
   1.9720200e+05   0.0000000e+00
   2.1849100e+05   0.0000000e+00
   2.4207800e+05   0.0000000e+00
   2.6821200e+05   0.0000000e+00
   2.9716700e+05   0.0000000e+00
   3.2924800e+05   0.0000000e+00
   3.6479300e+05   0.0000000e+00
   4.0417400e+05   0.0000000e+00
   4.4780700e+05   0.0000000e+00
   4.9615100e+05   0.0000000e+00
   5.4971300e+05   0.0000000e+00
   6.0905800e+05   0.0000000e+00
   6.7480900e+05   0.0000000e+00
   7.4765900e+05   0.0000000e+00
   8.2837300e+05   0.0000000e+00
   9.1780100e+05   0.0000000e+00
   1.0168800e+06   0.0000000e+00
   1.1266600e+06   0.0000000e+00
   1.2482900e+06   0.0000000e+00
   1.3830500e+06   0.0000000e+00
   1.5323600e+06   0.0000000e+00
   1.6977900e+06   0.0000000e+00
   1.8810700e+06   0.0000000e+00
   2.0841500e+06   0.0000000e+00
