   1.2175600e+02   3.0002369e-02
   1.2979100e+02   9.9994120e-03
   1.3835500e+02   1.0000363e-02
   1.4748500e+02   1.9999747e-02
   1.5721700e+02   1.9999412e-02
   1.6759100e+02   1.0000112e-02
   1.7865000e+02   3.0001001e-02
   1.9043900e+02   1.9999166e-02
   2.0300500e+02   2.0000362e-02
   2.1640100e+02   1.0000213e-02
   2.3068100e+02   1.0000017e-02
   2.4590300e+02   1.9999519e-02
   2.6212900e+02   9.9998973e-03
   2.7942600e+02   3.0000622e-02
   2.9786500e+02   2.9999623e-02
   3.1752000e+02   1.9999732e-02
   3.3847200e+02   0.0000000e+00
   3.6080700e+02   4.0000549e-02
   3.8461600e+02   3.0000175e-02
   4.0999600e+02   1.9999642e-02
   4.3705000e+02   5.0000485e-02
   4.6589000e+02   4.0000332e-02
   4.9663300e+02   9.9998740e-03
   5.2940400e+02   2.0000029e-02
   5.6433800e+02   1.9999950e-02
   6.0157700e+02   1.0000151e-02
   6.4127400e+02   1.0000032e-02
   6.8359000e+02   0.0000000e+00
   7.2869800e+02   9.9998371e-03
   7.7678200e+02   2.0000103e-02
   8.2804000e+02   9.9999942e-03
   8.8268000e+02   1.0000081e-02
   9.4092600e+02   2.0001595e-02
   1.0030200e+03   9.9990700e-03
   1.0692000e+03   0.0000000e+00
   1.1397500e+03   1.0000072e-02
   1.2149600e+03   3.0002955e-02
   1.2951400e+03   9.9996746e-03
   1.3806000e+03   0.0000000e+00
   1.4717000e+03   0.0000000e+00
   1.5688100e+03   2.0001582e-02
   1.6723400e+03   9.9997404e-03
   1.7826900e+03   3.9998435e-02
   1.9003200e+03   1.0000224e-02
   2.0257200e+03   0.0000000e+00
   2.1593900e+03   9.9998342e-03
   2.3018800e+03   0.0000000e+00
   2.4537800e+03   0.0000000e+00
   2.6157000e+03   9.9998399e-03
   2.7883000e+03   0.0000000e+00
   2.9722900e+03   3.0000986e-02
   3.1684300e+03   0.0000000e+00
   3.3775000e+03   9.9999095e-03
   3.6003700e+03   0.0000000e+00
   3.8379500e+03   0.0000000e+00
   4.0912100e+03   1.0000094e-02
   4.3611800e+03   0.0000000e+00
   4.6489600e+03   0.0000000e+00
   4.9557300e+03   3.0000455e-02
   5.2827500e+03   0.0000000e+00
   5.6313400e+03   1.0000090e-02
   6.0029400e+03   0.0000000e+00
   6.3990500e+03   1.0000088e-02
   6.8213100e+03   0.0000000e+00
   7.2714300e+03   9.9999766e-03
   7.7512500e+03   0.0000000e+00
   8.2627300e+03   0.0000000e+00
   8.8079700e+03   0.0000000e+00
   9.3891800e+03   0.0000000e+00
   1.0008700e+04   0.0000000e+00
   1.0669200e+04   0.0000000e+00
   1.1373200e+04   1.0000187e-02
   1.2123700e+04   9.9998400e-03
   1.2923700e+04   0.0000000e+00
   1.3776500e+04   0.0000000e+00
   1.4685600e+04   1.0000337e-02
   1.5654700e+04   0.0000000e+00
   1.6687700e+04   0.0000000e+00
   1.7788900e+04   0.0000000e+00
   1.8962700e+04   1.0000039e-02
   2.0214000e+04   0.0000000e+00
   2.1547800e+04   1.0000123e-02
   2.2969700e+04   0.0000000e+00
   2.4485400e+04   0.0000000e+00
   2.6101200e+04   9.9997427e-03
   2.7823500e+04   0.0000000e+00
   2.9659500e+04   0.0000000e+00
   3.1616700e+04   0.0000000e+00
   3.3703000e+04   1.9999422e-02
   3.5926900e+04   0.0000000e+00
   3.8297600e+04   0.0000000e+00
   4.0824800e+04   0.0000000e+00
   4.3518700e+04   1.0000063e-02
   4.6390400e+04   0.0000000e+00
   4.9451600e+04   9.9997699e-03
   5.2714700e+04   0.0000000e+00
   5.6193200e+04   0.0000000e+00
   5.9901300e+04   0.0000000e+00
   6.3854000e+04   1.0000137e-02
