   9.4307700e+01   1.0000141e-02
   1.0153000e+02   0.0000000e+00
   1.0930500e+02   1.0000331e-02
   1.1767600e+02   1.0000256e-02
   1.2668800e+02   2.9997335e-02
   1.3638900e+02   0.0000000e+00
   1.4683400e+02   1.0000235e-02
   1.5807900e+02   1.0000113e-02
   1.7018500e+02   2.0000051e-02
   1.8321800e+02   1.9999928e-02
   1.9724900e+02   3.9998644e-02
   2.1235400e+02   0.0000000e+00
   2.2861700e+02   1.9999121e-02
   2.4612400e+02   3.0000822e-02
   2.6497300e+02   4.0000199e-02
   2.8526500e+02   2.0000079e-02
   3.0711100e+02   4.0000174e-02
   3.3063000e+02   4.9999910e-02
   3.5595000e+02   1.9999983e-02
   3.8320900e+02   3.9999185e-02
   4.1255500e+02   3.0000051e-02
   4.4414900e+02   1.0000150e-02
   4.7816300e+02   9.9999364e-03
   5.1478100e+02   9.9998634e-03
   5.5420300e+02   0.0000000e+00
   5.9664500e+02   0.0000000e+00
   6.4233700e+02   2.9999505e-02
   6.9152700e+02   0.0000000e+00
   7.4448500e+02   1.0000085e-02
   8.0149900e+02   1.0000030e-02
   8.6287900e+02   1.9999971e-02
   9.2895900e+02   1.0000077e-02
   1.0001000e+03   2.0000330e-02
   1.0766900e+03   0.0000000e+00
   1.1591400e+03   5.0000945e-02
   1.2479100e+03   3.0001143e-02
   1.3434800e+03   1.9999049e-02
   1.4463600e+03   2.0001074e-02
   1.5571300e+03   1.9998933e-02
   1.6763700e+03   1.0000122e-02
   1.8047500e+03   1.0000019e-02
   1.9429600e+03   9.9997295e-03
   2.0917500e+03   2.0000202e-02
   2.2519400e+03   0.0000000e+00
   2.4244000e+03   0.0000000e+00
   2.6100600e+03   1.9999793e-02
   2.8099400e+03   0.0000000e+00
   3.0251300e+03   1.0000082e-02
   3.2568000e+03   2.0000038e-02
   3.5062100e+03   3.0000085e-02
   3.7747200e+03   0.0000000e+00
   4.0637900e+03   1.0000018e-02
   4.3750000e+03   0.0000000e+00
   4.7100500e+03   9.9999747e-03
   5.0707500e+03   1.9999839e-02
   5.4590700e+03   0.0000000e+00
   5.8771300e+03   2.0000115e-02
   6.3272100e+03   0.0000000e+00
   6.8117500e+03   0.0000000e+00
   7.3334000e+03   0.0000000e+00
   7.8950000e+03   0.0000000e+00
   8.4996100e+03   9.9999954e-03
   9.1505200e+03   1.0000055e-02
   9.8512800e+03   0.0000000e+00
   1.0605700e+04   1.0000050e-02
   1.1417900e+04   0.0000000e+00
   1.2292300e+04   0.0000000e+00
   1.3233700e+04   0.0000000e+00
   1.4247100e+04   0.0000000e+00
   1.5338200e+04   0.0000000e+00
   1.6512800e+04   0.0000000e+00
   1.7777300e+04   0.0000000e+00
   1.9138700e+04   0.0000000e+00
   2.0604400e+04   9.9999412e-03
   2.2182300e+04   0.0000000e+00
   2.3881100e+04   0.0000000e+00
   2.5709900e+04   1.0000043e-02
   2.7678800e+04   0.0000000e+00
   2.9798500e+04   0.0000000e+00
   3.2080500e+04   0.0000000e+00
   3.4537200e+04   9.9999966e-03
   3.7182100e+04   0.0000000e+00
   4.0029600e+04   0.0000000e+00
   4.3095100e+04   0.0000000e+00
   4.6395400e+04   0.0000000e+00
   4.9948400e+04   0.0000000e+00
   5.3773500e+04   0.0000000e+00
   5.7891500e+04   0.0000000e+00
   6.2324900e+04   0.0000000e+00
   6.7097800e+04   9.9999430e-03
   7.2236200e+04   0.0000000e+00
   7.7768200e+04   0.0000000e+00
   8.3723700e+04   0.0000000e+00
   9.0135400e+04   0.0000000e+00
   9.7038100e+04   0.0000000e+00
   1.0446900e+05   0.0000000e+00
   1.1247000e+05   9.9999514e-03
   1.2108300e+05   0.0000000e+00
   1.3035500e+05   0.0000000e+00
