   9.5913300e+01   1.9998925e-02
   1.0431900e+02   2.0000221e-02
   1.1346200e+02   1.0000791e-02
   1.2340700e+02   9.9993219e-03
   1.3422200e+02   1.0000294e-02
   1.4598600e+02   4.0001009e-02
   1.5878100e+02   2.9999974e-02
   1.7269700e+02   2.9998629e-02
   1.8783200e+02   2.0000899e-02
   2.0429500e+02   3.9999949e-02
   2.2220000e+02   1.9999798e-02
   2.4167400e+02   4.9999869e-02
   2.6285500e+02   4.9999044e-02
   2.8589200e+02   3.0000496e-02
   3.1094900e+02   1.9999616e-02
   3.3820100e+02   1.9999998e-02
   3.6784200e+02   2.0000076e-02
   4.0008100e+02   1.0000187e-02
   4.3514600e+02   1.9999729e-02
   4.7328300e+02   5.9999990e-02
   5.1476300e+02   0.0000000e+00
   5.5987800e+02   2.0000196e-02
   6.0894800e+02   9.9999903e-03
   6.6231800e+02   1.0000045e-02
   7.2036600e+02   1.9999968e-02
   7.8350100e+02   1.9999830e-02
   8.5216900e+02   9.9999918e-03
   9.2685600e+02   1.0000149e-02
   1.0080900e+03   2.9999331e-02
   1.0964400e+03   0.0000000e+00
   1.1925400e+03   2.9997819e-02
   1.2970500e+03   0.0000000e+00
   1.4107300e+03   9.9999167e-03
   1.5343700e+03   0.0000000e+00
   1.6688500e+03   1.9999592e-02
   1.8151100e+03   1.0000493e-02
   1.9742000e+03   0.0000000e+00
   2.1472200e+03   2.0000080e-02
   2.3354100e+03   0.0000000e+00
   2.5400900e+03   0.0000000e+00
   2.7627100e+03   1.0000285e-02
   3.0048500e+03   9.9998472e-03
   3.2682000e+03   0.0000000e+00
   3.5546400e+03   2.0000027e-02
   3.8661800e+03   9.9998800e-03
   4.2050200e+03   1.9999929e-02
   4.5735600e+03   9.9999559e-03
   4.9744000e+03   0.0000000e+00
   5.4103700e+03   0.0000000e+00
   5.8845600e+03   0.0000000e+00
   6.4003000e+03   9.9999896e-03
   6.9612400e+03   9.9999051e-03
   7.5713400e+03   1.0000084e-02
   8.2349200e+03   9.9999300e-03
   8.9566500e+03   9.9999876e-03
   9.7416400e+03   0.0000000e+00
   1.0595400e+04   9.9998148e-03
   1.1524000e+04   2.0001899e-02
   1.2534100e+04   9.9997883e-03
   1.3632600e+04   0.0000000e+00
   1.4827400e+04   0.0000000e+00
   1.6126900e+04   0.0000000e+00
   1.7540300e+04   0.0000000e+00
   1.9077600e+04   9.9998809e-03
   2.0749600e+04   0.0000000e+00
   2.2568200e+04   0.0000000e+00
   2.4546100e+04   9.9999954e-03
   2.6697400e+04   1.0000241e-02
   2.9037300e+04   0.0000000e+00
   3.1582200e+04   0.0000000e+00
   3.4350100e+04   0.0000000e+00
   3.7360700e+04   9.9999849e-03
   4.0635100e+04   0.0000000e+00
   4.4196500e+04   0.0000000e+00
   4.8070000e+04   0.0000000e+00
   5.2283000e+04   0.0000000e+00
   5.6865300e+04   0.0000000e+00
   6.1849100e+04   0.0000000e+00
   6.7269800e+04   0.0000000e+00
   7.3165500e+04   1.0000101e-02
   7.9578000e+04   0.0000000e+00
   8.6552400e+04   1.0000133e-02
   9.4138200e+04   0.0000000e+00
   1.0238900e+05   0.0000000e+00
   1.1136200e+05   0.0000000e+00
   1.2112300e+05   0.0000000e+00
   1.3173800e+05   0.0000000e+00
   1.4328400e+05   0.0000000e+00
   1.5584200e+05   0.0000000e+00
   1.6950000e+05   0.0000000e+00
   1.8435600e+05   0.0000000e+00
   2.0051300e+05   0.0000000e+00
   2.1808700e+05   1.0000082e-02
   2.3720100e+05   0.0000000e+00
   2.5799000e+05   0.0000000e+00
   2.8060100e+05   0.0000000e+00
   3.0519400e+05   0.0000000e+00
   3.3194200e+05   0.0000000e+00
   3.6103400e+05   0.0000000e+00
