   9.5907200e+01   1.0000391e-02
   1.0470200e+02   0.0000000e+00
   1.1430200e+02   5.0003752e-02
   1.2478400e+02   0.0000000e+00
   1.3622600e+02   0.0000000e+00
   1.4871700e+02   1.0000012e-02
   1.6235400e+02   2.0000688e-02
   1.7724200e+02   3.9998610e-02
   1.9349400e+02   1.0000061e-02
   2.1123700e+02   1.0000072e-02
   2.3060700e+02   9.9999857e-03
   2.5175300e+02   3.9999841e-02
   2.7483800e+02   3.0000209e-02
   3.0004000e+02   2.0000108e-02
   3.2755300e+02   0.0000000e+00
   3.5758900e+02   1.0000032e-02
   3.9037900e+02   4.9999137e-02
   4.2617500e+02   9.9999644e-03
   4.6525400e+02   3.0000323e-02
   5.0791700e+02   1.0000072e-02
   5.5449200e+02   3.9999762e-02
   6.0533700e+02   2.0000087e-02
   6.6084500e+02   9.9998987e-03
   7.2144200e+02   3.9999884e-02
   7.8759600e+02   2.0000162e-02
   8.5981700e+02   4.0000129e-02
   9.3866000e+02   9.9996987e-03
   1.0247300e+03   4.0002089e-02
   1.1187000e+03   4.9999338e-02
   1.2212800e+03   4.0000812e-02
   1.3332700e+03   1.9998877e-02
   1.4555200e+03   2.0000346e-02
   1.5889900e+03   2.0000592e-02
   1.7347000e+03   9.9995773e-03
   1.8937600e+03   1.0000419e-02
   2.0674200e+03   2.9999073e-02
   2.2569900e+03   0.0000000e+00
   2.4639500e+03   0.0000000e+00
   2.6898900e+03   1.9999566e-02
   2.9365400e+03   1.0000251e-02
   3.2058200e+03   9.9998431e-03
   3.4997800e+03   9.9999956e-03
   3.8207000e+03   0.0000000e+00
   4.1710500e+03   0.0000000e+00
   4.5535200e+03   0.0000000e+00
   4.9710700e+03   9.9999530e-03
   5.4269000e+03   0.0000000e+00
   5.9245300e+03   0.0000000e+00
   6.4678000e+03   1.0000040e-02
   7.0608800e+03   0.0000000e+00
   7.7083400e+03   0.0000000e+00
   8.4151700e+03   2.0000088e-02
   9.1868200e+03   1.9999365e-02
   1.0029200e+04   1.0000542e-02
   1.0948900e+04   1.0000181e-02
   1.1952900e+04   0.0000000e+00
   1.3048900e+04   0.0000000e+00
   1.4245400e+04   0.0000000e+00
   1.5551700e+04   1.0000355e-02
   1.6977800e+04   0.0000000e+00
   1.8534600e+04   0.0000000e+00
   2.0234100e+04   0.0000000e+00
   2.2089600e+04   0.0000000e+00
   2.4115100e+04   1.0000051e-02
   2.6326400e+04   0.0000000e+00
   2.8740500e+04   9.9999199e-03
   3.1375900e+04   0.0000000e+00
   3.4253000e+04   0.0000000e+00
   3.7393900e+04   1.9999916e-02
   4.0822800e+04   0.0000000e+00
   4.4566100e+04   0.0000000e+00
   4.8652700e+04   0.0000000e+00
   5.3114000e+04   0.0000000e+00
   5.7984400e+04   0.0000000e+00
   6.3301400e+04   0.0000000e+00
   6.9106000e+04   0.0000000e+00
   7.5442800e+04   0.0000000e+00
   8.2360700e+04   1.0000076e-02
   8.9913000e+04   0.0000000e+00
   9.8157700e+04   0.0000000e+00
   1.0715900e+05   0.0000000e+00
   1.1698500e+05   0.0000000e+00
   1.2771200e+05   0.0000000e+00
   1.3942300e+05   0.0000000e+00
   1.5220700e+05   0.0000000e+00
   1.6616400e+05   0.0000000e+00
   1.8140100e+05   0.0000000e+00
   1.9803500e+05   0.0000000e+00
   2.1619400e+05   0.0000000e+00
   2.3601900e+05   0.0000000e+00
   2.5766100e+05   0.0000000e+00
   2.8128800e+05   0.0000000e+00
   3.0708100e+05   9.9998350e-03
   3.3523900e+05   0.0000000e+00
   3.6598000e+05   0.0000000e+00
   3.9953900e+05   0.0000000e+00
   4.3617600e+05   9.9999599e-03
   4.7617200e+05   0.0000000e+00
   5.1983600e+05   0.0000000e+00
