   7.9693300e+01   2.0000099e-02
   8.5400700e+01   0.0000000e+00
   9.1516800e+01   1.9999902e-02
   9.8070900e+01   1.9998839e-02
   1.0509400e+02   1.0000673e-02
   1.1262100e+02   9.9993096e-03
   1.2068600e+02   1.0000935e-02
   1.2933000e+02   2.9999525e-02
   1.3859200e+02   9.9995367e-03
   1.4851700e+02   2.0001283e-02
   1.5915400e+02   2.9999878e-02
   1.7055200e+02   3.9998896e-02
   1.8276600e+02   1.9999861e-02
   1.9585500e+02   2.9998949e-02
   2.0988100e+02   1.9999948e-02
   2.2491200e+02   3.0000989e-02
   2.4102000e+02   3.9999951e-02
   2.5828100e+02   1.9999696e-02
   2.7677800e+02   1.0000040e-02
   2.9660000e+02   3.0000714e-02
   3.1784200e+02   3.9998752e-02
   3.4060400e+02   5.0000040e-02
   3.6499700e+02   4.0000212e-02
   3.9113700e+02   3.0000012e-02
   4.1914900e+02   6.9999875e-02
   4.4916700e+02   3.0000166e-02
   4.8133500e+02   0.0000000e+00
   5.1580600e+02   2.0000375e-02
   5.5274700e+02   1.0000017e-02
   5.9233300e+02   3.9999175e-02
   6.3475300e+02   1.0000025e-02
   6.8021200e+02   0.0000000e+00
   7.2892700e+02   9.9999545e-03
   7.8113000e+02   3.0000072e-02
   8.3707200e+02   0.0000000e+00
   8.9702000e+02   0.0000000e+00
   9.6126200e+02   0.0000000e+00
   1.0301000e+03   1.0001027e-02
   1.1038800e+03   1.9998464e-02
   1.1829300e+03   0.0000000e+00
   1.2676500e+03   0.0000000e+00
   1.3584400e+03   0.0000000e+00
   1.4557200e+03   1.0000588e-02
   1.5599800e+03   0.0000000e+00
   1.6717000e+03   9.9999003e-03
   1.7914200e+03   0.0000000e+00
   1.9197100e+03   0.0000000e+00
   2.0572000e+03   1.9998690e-02
   2.2045200e+03   0.0000000e+00
   2.3624100e+03   9.9995531e-03
   2.5315900e+03   0.0000000e+00
   2.7129000e+03   0.0000000e+00
   2.9071900e+03   0.0000000e+00
   3.1153900e+03   9.9998348e-03
   3.3385000e+03   9.9999153e-03
   3.5775900e+03   0.0000000e+00
   3.8338100e+03   0.0000000e+00
   4.1083700e+03   1.0000083e-02
   4.4026000e+03   0.0000000e+00
   4.7179000e+03   1.9999996e-02
   5.0557800e+03   0.0000000e+00
   5.4178600e+03   1.0000027e-02
   5.8058700e+03   0.0000000e+00
   6.2216600e+03   0.0000000e+00
   6.6672400e+03   0.0000000e+00
   7.1447200e+03   0.0000000e+00
   7.6564100e+03   9.9998763e-03
   8.2047300e+03   0.0000000e+00
   8.7923300e+03   0.0000000e+00
   9.4220000e+03   0.0000000e+00
   1.0096800e+04   0.0000000e+00
   1.0819900e+04   0.0000000e+00
   1.1594800e+04   0.0000000e+00
   1.2425100e+04   1.0000607e-02
   1.3315000e+04   0.0000000e+00
   1.4268600e+04   0.0000000e+00
   1.5290400e+04   0.0000000e+00
   1.6385500e+04   9.9993862e-03
   1.7558900e+04   0.0000000e+00
   1.8816400e+04   0.0000000e+00
   2.0164000e+04   0.0000000e+00
   2.1608100e+04   1.0000007e-02
   2.3155600e+04   0.0000000e+00
   2.4813900e+04   1.0000062e-02
   2.6591000e+04   0.0000000e+00
   2.8495400e+04   0.0000000e+00
   3.0536100e+04   0.0000000e+00
   3.2723000e+04   0.0000000e+00
   3.5066500e+04   0.0000000e+00
   3.7577900e+04   0.0000000e+00
   4.0269100e+04   0.0000000e+00
   4.3153000e+04   0.0000000e+00
   4.6243500e+04   0.0000000e+00
   4.9555300e+04   0.0000000e+00
   5.3104200e+04   0.0000000e+00
   5.6907400e+04   0.0000000e+00
   6.0982900e+04   0.0000000e+00
   6.5350300e+04   0.0000000e+00
   7.0030500e+04   0.0000000e+00
