   9.3957800e+01   2.0000719e-02
   1.0097700e+02   9.9996042e-03
   1.0852000e+02   3.0000764e-02
   1.1662700e+02   0.0000000e+00
   1.2533900e+02   1.9999462e-02
   1.3470200e+02   2.0000615e-02
   1.4476500e+02   3.0001675e-02
   1.5558000e+02   3.9998973e-02
   1.6720200e+02   3.9998351e-02
   1.7969200e+02   4.0001238e-02
   1.9311600e+02   3.9998970e-02
   2.0754200e+02   3.9999855e-02
   2.2304600e+02   2.0000932e-02
   2.3970900e+02   3.9999940e-02
   2.5761600e+02   0.0000000e+00
   2.7686000e+02   3.0000898e-02
   2.9754300e+02   1.9999655e-02
   3.1977000e+02   1.0000066e-02
   3.4365800e+02   1.9999746e-02
   3.6933000e+02   0.0000000e+00
   3.9692000e+02   2.0000541e-02
   4.2657200e+02   9.9999332e-03
   4.5843800e+02   4.0000154e-02
   4.9268500e+02   1.9999947e-02
   5.2949000e+02   0.0000000e+00
   5.6904400e+02   1.0000137e-02
   6.1155400e+02   3.0000015e-02
   6.5723900e+02   4.0000141e-02
   7.0633700e+02   0.0000000e+00
   7.5910200e+02   9.9999392e-03
   8.1580900e+02   2.0000114e-02
   8.7675300e+02   9.9999948e-03
   9.4224900e+02   3.0000855e-02
   1.0126400e+03   0.0000000e+00
   1.0882900e+03   1.9997909e-02
   1.1695800e+03   1.0000991e-02
   1.2569600e+03   9.9990972e-03
   1.3508500e+03   1.0000688e-02
   1.4517700e+03   0.0000000e+00
   1.5602200e+03   0.0000000e+00
   1.6767700e+03   2.0000014e-02
   1.8020300e+03   1.0000179e-02
   1.9366500e+03   9.9997351e-03
   2.0813200e+03   0.0000000e+00
   2.2368100e+03   1.9999169e-02
   2.4039000e+03   0.0000000e+00
   2.5834800e+03   1.0000295e-02
   2.7764800e+03   1.9999862e-02
   2.9838900e+03   0.0000000e+00
   3.2067900e+03   0.0000000e+00
   3.4463500e+03   0.0000000e+00
   3.7038000e+03   1.0000158e-02
   3.9804900e+03   9.9998210e-03
   4.2778400e+03   1.0000048e-02
   4.5974100e+03   9.9999768e-03
   4.9408500e+03   1.0000063e-02
   5.3099500e+03   0.0000000e+00
   5.7066200e+03   0.0000000e+00
   6.1329200e+03   2.0000034e-02
   6.5910700e+03   0.0000000e+00
   7.0834500e+03   9.9998767e-03
   7.6126000e+03   0.0000000e+00
   8.1812900e+03   0.0000000e+00
   8.7924600e+03   0.0000000e+00
   9.4492800e+03   0.0000000e+00
   1.0155200e+04   9.9997135e-03
   1.0913800e+04   0.0000000e+00
   1.1729100e+04   0.0000000e+00
   1.2605300e+04   0.0000000e+00
   1.3546900e+04   0.0000000e+00
   1.4558900e+04   0.0000000e+00
   1.5646500e+04   0.0000000e+00
   1.6815400e+04   0.0000000e+00
   1.8071600e+04   0.0000000e+00
   1.9421600e+04   0.0000000e+00
   2.0872400e+04   2.0000829e-02
   2.2431700e+04   0.0000000e+00
   2.4107400e+04   0.0000000e+00
   2.5908300e+04   9.9998441e-03
   2.7843700e+04   0.0000000e+00
   2.9923700e+04   0.0000000e+00
   3.2159100e+04   0.0000000e+00
   3.4561500e+04   0.0000000e+00
   3.7143300e+04   0.0000000e+00
   3.9918100e+04   9.9999879e-03
   4.2900100e+04   0.0000000e+00
   4.6104800e+04   0.0000000e+00
   4.9549000e+04   1.0000083e-02
   5.3250500e+04   0.0000000e+00
   5.7228500e+04   0.0000000e+00
   6.1503600e+04   0.0000000e+00
   6.6098100e+04   0.0000000e+00
   7.1035900e+04   0.0000000e+00
   7.6342500e+04   0.0000000e+00
   8.2045500e+04   0.0000000e+00
   8.8174600e+04   0.0000000e+00
   9.4761500e+04   0.0000000e+00
   1.0184000e+05   0.0000000e+00
   1.0944800e+05   0.0000000e+00
