97.1488	0.00106382
106.549	0.000969963
116.859	0.00265317
128.166	0
140.567	0.00147045
154.168	0.000670361
169.086	0.00061122
185.446	0.000557296
203.39	0.00203252
223.07	0.0018532
244.655	0.00168971
268.327	0.00192579
294.291	0
322.766	0
353.997	0.000583895
388.25	0.000798572
425.817	0.000242707
467.019	0.000663882
512.208	0.000605312
561.769	0.00018397
616.126	0
675.742	0.000305882
741.127	0.000139448
812.838	0.000635727
891.488	0.000347784
977.748	0.000528503
1072.36	9.63753e-05
1176.12	0.000175745
1289.92	8.01203e-05
1414.73	7.30518e-05
1551.62	0.000133214
1701.75	0.000121461
1866.42	5.53728e-05
2047.01	0.000252438
2245.08	4.60334e-05
2462.31	0.000125916
2700.56	0.000114808
2961.87	0
3248.46	3.18146e-05
3562.78	2.90078e-05
3907.52	0
4285.61	2.41153e-05
4700.28	8.79509e-05
5155.08	2.00479e-05
5653.89	3.65584e-05
6200.96	0
6800.96	0
7459.02	0
8180.76	0
8972.33	0
9840.49	1.05024e-05
10792.7	9.57582e-06
11837	0
12982.3	0
14238.5	0
15616.2	6.61804e-06
17127.2	0
18784.4	0
20602	0
22595.5	4.57386e-06
24781.8	0
27179.7	0
29809.6	3.46696e-06
32694	0
35857.4	0
39327	0
43132.3	0
47305.7	0
51883	0
56903.2	0
62409.2	1.65598e-06
68447.9	0
75070.9	0
82334.8	0
90301.5	0
99039	1.04351e-06
108622	0
119132	0
130660	7.90976e-07
143302	7.21193e-07
157168	0
172376	0
189055	0
207348	0
227411	0
249415	0
273548	3.77807e-07
300017	0
329046	0
360885	0
395804	0
434102	0
476106	0
522174	0
572699	0
628114	0
688890	0
755547	1.36786e-07
828653	1.24719e-07
908834	0
