128.787	0.00242728
141.146	0.000738245
154.692	0.0020208
169.538	0.00122923
185.808	0.000560797
203.64	0.00153507
223.183	0
244.601	0
268.075	0.000777398
293.802	0.00106399
321.998	0.00194164
352.9	0
386.767	0.000269414
423.885	0.000491646
464.564	0
509.148	0.000204657
558.01	0.000373472
611.562	0
670.253	0.000310929
734.576	0
805.072	0
882.334	0
967.01	0.000215511
1059.81	0.000294959
1161.52	0.000179421
1272.99	0
1395.16	0.000298749
1529.05	0
1675.79	0.00012436
1836.62	5.67351e-05
2012.87	0.000103534
2206.05	0.000188936
2417.76	0.000129294
2649.79	7.86483e-05
2904.08	7.17614e-05
3182.78	0
3488.23	0
3822.99	2.72563e-05
4189.88	0
4591.98	4.53837e-05
5032.67	4.14097e-05
5515.64	3.77837e-05
6044.97	1.72376e-05
6625.1	3.14563e-05
7260.9	1.43509e-05
7957.72	6.54714e-05
8721.42	2.38953e-05
9558.4	0
10475.7	1.98938e-05
11481	9.07588e-06
12582.9	0
13790.4	7.55601e-06
15113.9	6.89436e-06
16564.3	0
18154	5.73981e-06
19896.2	5.23721e-06
21805.6	9.55722e-06
23898.3	4.36017e-06
26191.8	3.97837e-06
28705.4	0
31460.2	0
34479.4	3.02211e-06
37788.3	0
41414.8	7.54807e-06
45389.4	0
49745.3	0
54519.3	1.91126e-06
59751.5	5.2317e-06
65485.7	0
71770.3	1.45186e-06
78658	0
86206.7	1.20873e-06
94479.9	0
103547	0
113484	9.18194e-07
124375	0
136311	0
149393	0
163730	0
179443	0
196664	0
215537	0
236222	0
258892	0
283738	0
310968	0
340811	0
373518	0
409364	0
448650	0
491707	0
538895	0
590612	0
647293	0
709413	0
777494	0
852109	0
933885	0
1.02351e+06	0
1.12173e+06	0
