110.792	0.00193763
121.114	0.000886246
132.398	0
144.732	0.00148325
158.216	0.00135684
172.956	0.0012412
189.07	0
206.684	0.00155798
225.94	0.000950135
246.99	0.00043458
270.001	0.000795086
295.155	0.00109099
322.653	0.000665339
352.713	0
385.573	0.000278382
421.495	0.000509314
460.764	0.000465908
503.691	0.000213101
550.617	0.000389878
601.915	0.000178326
657.992	0.000489383
719.294	0
786.306	0.000682538
859.562	0.000249748
939.643	0.000114231
1027.18	0.000835969
1122.88	0.000286771
1227.5	0.000262331
1341.85	0.000319966
1466.87	0.000219522
1603.53	0
1752.92	0
1916.23	0.000168044
2094.76	5.12407e-05
2289.91	9.37475e-05
2503.25	0
2736.47	0
2991.41	7.17634e-05
3270.1	6.56474e-05
3574.76	3.00263e-05
3907.8	8.24019e-05
4271.87	0
4669.86	2.2985e-05
5104.93	2.10261e-05
5580.52	0
6100.43	0
6668.78	3.21908e-05
7290.07	0
7969.25	1.34689e-05
8711.7	0
9523.32	3.38128e-05
10410.6	1.03104e-05
11380.5	1.88634e-05
12440.7	8.62786e-06
13599.8	0
14866.8	0
16251.8	1.98138e-05
17765.9	0
19421.1	5.52682e-06
21230.4	5.0558e-06
23208.4	0
25370.6	0
27734.2	0
30318.1	3.54036e-06
33142.6	0
36230.4	2.96262e-06
39605.7	0
43295.6	0
47329.2	0
51738.6	0
56558.8	0
61828.1	1.73605e-06
67588.3	0
73885.2	0
80768.7	0
88293.5	0
96519.3	0
105511	0
115341	0
126087	0
137834	0
150675	7.12371e-07
164713	0
180058	0
196833	0
215171	4.98843e-07
235218	0
257132	0
281087	0
307275	0
335902	0
367196	0
401406	0
438803	0
479684	0
524373	0
573226	0
626631	0
685011	1.56694e-07
748829	0
