81.8365	0.00117106
90.3758	0.00106041
99.8062	0
110.221	0
121.722	0.00314933
134.423	0
148.449	0.00129115
163.939	0.00233831
181.045	0.00105869
199.937	0.000958655
220.799	0.00217019
243.839	0.000786054
269.282	0.00142357
297.381	0.000966793
328.411	0.000291815
362.68	0.00132121
400.524	0.000717825
442.317	0.000216667
488.47	0.000980973
539.44	0.000355314
595.729	0.000482612
657.89	0.000728353
726.538	0.000263813
802.35	0.00035833
886.071	0.00043263
978.529	0.000293814
1080.63	0.000266053
1193.39	0
1317.92	7.27171e-05
1455.44	6.58463e-05
1607.31	0
1775.02	0.000107982
1960.24	0
2164.78	0
2390.67	4.00872e-05
2640.12	0
2915.61	3.28697e-05
3219.84	5.95279e-05
3555.82	5.39033e-05
3926.85	2.44051e-05
4336.6	2.20992e-05
4789.11	2.00111e-05
5288.83	0
5840.7	0
6450.15	0
7123.2	1.3454e-05
7866.47	2.43655e-05
8687.31	1.10316e-05
9593.79	0
10594.9	0
11700.4	0
12921.3	0
14269.6	0
15758.5	0
17402.9	0
19218.8	0
21224.2	0
23438.8	0
25884.6	3.70241e-06
28585.5	0
31568.3	0
34862.3	0
38500	2.48923e-06
42517.3	0
46953.8	0
51853.3	1.8482e-06
57263.9	1.67357e-06
63239.2	0
69837.9	2.7445e-06
77125.2	0
85172.9	1.12518e-06
94060.3	1.01887e-06
103875	0
114714	0
126684	0
139903	0
154501	0
170623	0
188427	0
208088	4.60552e-07
229801	0
253780	3.77631e-07
280261	0
309505	0
341800	0
377466	2.53891e-07
416853	0
460349	0
508385	1.88509e-07
561433	0
620016	0
684712	0
756159	0
835060	0
922195	0
1.01842e+06	0
1.12469e+06	0
1.24205e+06	0
1.37165e+06	6.98686e-08
1.51478e+06	0
