103.21	0.00187037
113.903	0.00254217
125.704	0.00153567
138.728	0.000695754
153.1	0
168.962	0
186.468	0.00103525
205.787	0.00046903
227.108	0.000424998
250.637	0
276.604	0.000348947
305.262	0
336.889	0.000286505
371.792	0.000778824
410.312	0.000235236
452.822	0.00085261
499.737	0.000193142
551.513	0.00035002
608.652	0.000475741
671.712	0.000287386
741.305	0.000260406
818.108	0.000353939
902.868	0.000320712
996.41	0.000387472
1099.64	0.000263322
1213.57	7.9534e-05
1339.3	0.00028827
1478.06	6.53018e-05
1631.2	5.91713e-05
1800.2	0.000268082
1986.71	0.000194332
2192.54	8.80441e-05
2419.7	0
2670.4	7.22891e-05
2947.06	3.27513e-05
3252.39	0.000118707
3589.36	8.0672e-05
3961.24	4.87324e-05
4371.64	2.20787e-05
4824.56	4.0012e-05
5324.41	0
5876.05	0
6484.84	1.4884e-05
7156.71	0
7898.18	2.44411e-05
8716.47	0
9619.54	1.00338e-05
10616.2	0
11716.1	3.29531e-05
12929.9	1.49297e-05
14269.5	0
15747.9	0
17379.5	0
19180.1	0
21167.3	4.55988e-06
23360.3	0
25780.5	0
28451.5	6.78488e-06
31399.3	3.07396e-06
34652.4	2.78538e-06
38242.6	0
42204.7	0
46577.3	0
51403	0
56728.6	0
62606	0
69092.3	0
76250.6	1.26583e-06
84150.6	0
92869	1.03932e-06
102491	0
113109	0
124828	0
137761	0
152034	0
167785	0
185169	5.21256e-07
204353	4.72321e-07
225525	0
248891	0
274677	0
303135	0
334541	0
369202	2.6143e-07
407453	2.36887e-07
449667	0
496255	0
547670	0
604411	0
667031	0
736139	0
812407	0
896577	0
989467	0
1.09198e+06	0
1.20512e+06	0
1.32997e+06	0
1.46776e+06	0
1.61983e+06	0
1.78766e+06	0
