   1.5746000e+02   9.9998949e-03
   1.7953000e+02   1.0000123e-02
   2.0469400e+02   2.0000180e-02
   2.3338500e+02   3.9999906e-02
   2.6609700e+02   3.9999914e-02
   3.0339400e+02   5.0000044e-02
   3.4591900e+02   4.9999671e-02
   3.9440400e+02   1.0000127e-02
   4.4968600e+02   7.9998928e-02
   5.1271500e+02   8.0000837e-02
   5.8458000e+02   5.0000006e-02
   6.6651700e+02   9.9999707e-03
   7.5993800e+02   3.0000018e-02
   8.6645400e+02   5.0000047e-02
   9.8790000e+02   4.0000521e-02
   1.1263700e+03   1.9999129e-02
   1.2842400e+03   2.0000551e-02
   1.4642500e+03   5.9998580e-02
   1.6694800e+03   3.0001018e-02
   1.9034900e+03   3.9999990e-02
   2.1702900e+03   2.9999400e-02
   2.4744800e+03   4.0000710e-02
   2.8213200e+03   9.9998076e-03
   3.2167600e+03   0.0000000e+00
   3.6676400e+03   3.9999941e-02
   4.1817100e+03   0.0000000e+00
   4.7678300e+03   1.0000008e-02
   5.4361100e+03   0.0000000e+00
   6.1980600e+03   9.9999793e-03
   7.0668000e+03   1.0000092e-02
   8.0573200e+03   9.9999443e-03
   9.1866600e+03   0.0000000e+00
   1.0474300e+04   9.9998604e-03
   1.1942400e+04   2.0000092e-02
   1.3616300e+04   0.0000000e+00
   1.5524800e+04   0.0000000e+00
   1.7700900e+04   0.0000000e+00
   2.0181900e+04   0.0000000e+00
   2.3010700e+04   9.9997971e-03
   2.6235900e+04   0.0000000e+00
   2.9913300e+04   1.9999682e-02
   3.4106000e+04   0.0000000e+00
   3.8886500e+04   0.0000000e+00
   4.4336900e+04   0.0000000e+00
   5.0551400e+04   0.0000000e+00
   5.7636900e+04   0.0000000e+00
   6.5715500e+04   0.0000000e+00
   7.4926400e+04   0.0000000e+00
   8.5428400e+04   1.0000002e-02
   9.7402400e+04   0.0000000e+00
   1.1105500e+05   0.0000000e+00
   1.2662100e+05   0.0000000e+00
   1.4436800e+05   0.0000000e+00
   1.6460400e+05   0.0000000e+00
   1.8767500e+05   0.0000000e+00
   2.1398000e+05   1.0000236e-02
   2.4397300e+05   0.0000000e+00
   2.7816900e+05   0.0000000e+00
   3.1715800e+05   0.0000000e+00
   3.6161200e+05   0.0000000e+00
   4.1229700e+05   0.0000000e+00
   4.7008600e+05   0.0000000e+00
   5.3597600e+05   9.9999059e-03
   6.1110000e+05   0.0000000e+00
   6.9675400e+05   0.0000000e+00
   7.9441400e+05   0.0000000e+00
   9.0576300e+05   0.0000000e+00
   1.0327200e+06   0.0000000e+00
   1.1774700e+06   0.0000000e+00
   1.3425100e+06   0.0000000e+00
   1.5306800e+06   0.0000000e+00
   1.7452200e+06   0.0000000e+00
   1.9898400e+06   0.0000000e+00
   2.2687500e+06   0.0000000e+00
   2.5867400e+06   0.0000000e+00
   2.9493100e+06   0.0000000e+00
   3.3627000e+06   0.0000000e+00
   3.8340300e+06   0.0000000e+00
   4.3714200e+06   0.0000000e+00
   4.9841300e+06   0.0000000e+00
   5.6827300e+06   0.0000000e+00
   6.4792400e+06   0.0000000e+00
   7.3874000e+06   0.0000000e+00
   8.4228500e+06   0.0000000e+00
   9.6034300e+06   0.0000000e+00
   1.0949500e+07   0.0000000e+00
   1.2484200e+07   0.0000000e+00
   1.4234000e+07   0.0000000e+00
   1.6229100e+07   0.0000000e+00
   1.8503900e+07   0.0000000e+00
   2.1097500e+07   0.0000000e+00
   2.4054600e+07   0.0000000e+00
   2.7426200e+07   0.0000000e+00
   3.1270300e+07   0.0000000e+00
   3.5653300e+07   0.0000000e+00
   4.0650600e+07   0.0000000e+00
   4.6348400e+07   0.0000000e+00
   5.2844700e+07   0.0000000e+00
   6.0251700e+07   1.0000012e-02
