   1.2840200e+02   9.9997100e-03
   1.4041000e+02   1.0000478e-02
   1.5354200e+02   0.0000000e+00
   1.6790100e+02   1.0000408e-02
   1.8360400e+02   1.9998929e-02
   2.0077400e+02   3.0000388e-02
   2.1955100e+02   2.0000251e-02
   2.4008400e+02   2.9999902e-02
   2.6253700e+02   2.0000137e-02
   2.8709000e+02   2.9999999e-02
   3.1393900e+02   9.9999866e-03
   3.4329900e+02   3.0000200e-02
   3.7540500e+02   2.9999681e-02
   4.1051300e+02   1.0000041e-02
   4.4890500e+02   1.9999889e-02
   4.9088700e+02   3.9999594e-02
   5.3679500e+02   3.0000063e-02
   5.8699700e+02   2.0000075e-02
   6.4189400e+02   3.0000072e-02
   7.0192500e+02   1.9999997e-02
   7.6757000e+02   9.9999419e-03
   8.3935400e+02   1.0000017e-02
   9.1785200e+02   9.9998695e-03
   1.0036900e+03   1.0000347e-02
   1.0975600e+03   2.9998490e-02
   1.2002000e+03   2.0000930e-02
   1.3124500e+03   9.9998365e-03
   1.4351900e+03   0.0000000e+00
   1.5694100e+03   1.9999467e-02
   1.7161800e+03   2.0000066e-02
   1.8766800e+03   3.9999958e-02
   2.0521900e+03   3.0000962e-02
   2.2441200e+03   0.0000000e+00
   2.4539900e+03   0.0000000e+00
   2.6834900e+03   1.0000226e-02
   2.9344600e+03   2.9999590e-02
   3.2088900e+03   9.9999922e-03
   3.5089900e+03   1.0000128e-02
   3.8371600e+03   3.9999215e-02
   4.1960100e+03   2.0000117e-02
   4.5884300e+03   3.0000208e-02
   5.0175500e+03   0.0000000e+00
   5.4868000e+03   9.9999288e-03
   5.9999300e+03   1.9999888e-02
   6.5610500e+03   2.0000047e-02
   7.1746500e+03   2.0000199e-02
   7.8456400e+03   9.9999328e-03
   8.5793700e+03   0.0000000e+00
   9.3817300e+03   0.0000000e+00
   1.0259100e+04   1.0000581e-02
   1.1218600e+04   0.0000000e+00
   1.2267700e+04   1.0000016e-02
   1.3415000e+04   1.0000040e-02
   1.4669600e+04   0.0000000e+00
   1.6041600e+04   9.9997931e-03
   1.7541800e+04   0.0000000e+00
   1.9182300e+04   2.0000409e-02
   2.0976300e+04   0.0000000e+00
   2.2938000e+04   0.0000000e+00
   2.5083200e+04   0.0000000e+00
   2.7429000e+04   0.0000000e+00
   2.9994200e+04   0.0000000e+00
   3.2799400e+04   9.9998467e-03
   3.5866800e+04   9.9999398e-03
   3.9221100e+04   0.0000000e+00
   4.2889100e+04   1.0000114e-02
   4.6900200e+04   0.0000000e+00
   5.1286400e+04   0.0000000e+00
   5.6082700e+04   0.0000000e+00
   6.1327700e+04   9.9998993e-03
   6.7063100e+04   0.0000000e+00
   7.3335000e+04   0.0000000e+00
   8.0193400e+04   1.0000008e-02
   8.7693200e+04   0.0000000e+00
   9.5894400e+04   0.0000000e+00
   1.0486300e+05   0.0000000e+00
   1.1466900e+05   0.0000000e+00
   1.2539300e+05   0.0000000e+00
   1.3712000e+05   0.0000000e+00
   1.4994400e+05   0.0000000e+00
   1.6396700e+05   0.0000000e+00
   1.7930200e+05   0.0000000e+00
   1.9607000e+05   0.0000000e+00
   2.1440700e+05   0.0000000e+00
   2.3445900e+05   0.0000000e+00
   2.5638600e+05   0.0000000e+00
   2.8036300e+05   0.0000000e+00
   3.0658300e+05   0.0000000e+00
   3.3525500e+05   0.0000000e+00
   3.6660900e+05   0.0000000e+00
   4.0089500e+05   0.0000000e+00
   4.3838700e+05   0.0000000e+00
   4.7938500e+05   0.0000000e+00
   5.2421800e+05   1.0000078e-02
   5.7324400e+05   9.9998733e-03
   6.2685400e+05   0.0000000e+00
   6.8547900e+05   0.0000000e+00
   7.4958600e+05   0.0000000e+00
   8.1968800e+05   0.0000000e+00
