   1.4458600e+02   1.0000085e-02
   1.5523700e+02   0.0000000e+00
   1.6667300e+02   0.0000000e+00
   1.7895100e+02   9.9997334e-03
   1.9213300e+02   0.0000000e+00
   2.0628600e+02   9.9999861e-03
   2.2148200e+02   0.0000000e+00
   2.3779800e+02   1.9999684e-02
   2.5531500e+02   0.0000000e+00
   2.7412300e+02   4.9999483e-02
   2.9431600e+02   2.0000267e-02
   3.1599700e+02   0.0000000e+00
   3.3927500e+02   9.9997740e-03
   3.6426700e+02   1.0000146e-02
   3.9110100e+02   2.9999565e-02
   4.1991100e+02   0.0000000e+00
   4.5084400e+02   3.9999661e-02
   4.8405500e+02   4.0000075e-02
   5.1971300e+02   1.9999753e-02
   5.5799700e+02   3.0000197e-02
   5.9910200e+02   2.0000149e-02
   6.4323500e+02   4.0000246e-02
   6.9061900e+02   2.9999889e-02
   7.4149300e+02   2.0000064e-02
   7.9611500e+02   1.9999822e-02
   8.5476000e+02   3.0000151e-02
   9.1772600e+02   9.9999837e-03
   9.8533000e+02   1.9998911e-02
   1.0579100e+03   2.9999621e-02
   1.1358400e+03   3.0002962e-02
   1.2195200e+03   0.0000000e+00
   1.3093500e+03   2.9999036e-02
   1.4058000e+03   3.0000504e-02
   1.5093600e+03   2.0000524e-02
   1.6205500e+03   1.0000224e-02
   1.7399300e+03   9.9999003e-03
   1.8681000e+03   9.9997884e-03
   2.0057100e+03   9.9999860e-03
   2.1534600e+03   1.0000364e-02
   2.3121000e+03   2.9999994e-02
   2.4824200e+03   2.9998914e-02
   2.6652800e+03   3.0000359e-02
   2.8616200e+03   9.9999726e-03
   3.0724200e+03   2.0000103e-02
   3.2987500e+03   9.9999360e-03
   3.5417500e+03   0.0000000e+00
   3.8026500e+03   0.0000000e+00
   4.0827700e+03   0.0000000e+00
   4.3835300e+03   9.9999415e-03
   4.7064400e+03   0.0000000e+00
   5.0531400e+03   4.0000166e-02
   5.4253800e+03   0.0000000e+00
   5.8250400e+03   0.0000000e+00
   6.2541400e+03   0.0000000e+00
   6.7148500e+03   9.9998401e-03
   7.2094900e+03   2.0000159e-02
   7.7405800e+03   0.0000000e+00
   8.3107900e+03   9.9999606e-03
   8.9230000e+03   9.9999857e-03
   9.5803100e+03   0.0000000e+00
   1.0286000e+04   0.0000000e+00
   1.1043800e+04   9.9995420e-03
   1.1857300e+04   1.0000439e-02
   1.2730800e+04   0.0000000e+00
   1.3668600e+04   0.0000000e+00
   1.4675500e+04   0.0000000e+00
   1.5756500e+04   0.0000000e+00
   1.6917200e+04   0.0000000e+00
   1.8163400e+04   9.9999712e-03
   1.9501400e+04   0.0000000e+00
   2.0938000e+04   0.0000000e+00
   2.2480400e+04   0.0000000e+00
   2.4136400e+04   1.0000005e-02
   2.5914400e+04   0.0000000e+00
   2.7823400e+04   9.9999984e-03
   2.9873000e+04   0.0000000e+00
   3.2073500e+04   0.0000000e+00
   3.4436200e+04   0.0000000e+00
   3.6973000e+04   9.9999970e-03
   3.9696600e+04   9.9998867e-03
   4.2620800e+04   0.0000000e+00
   4.5760500e+04   0.0000000e+00
   4.9131400e+04   0.0000000e+00
   5.2750600e+04   0.0000000e+00
   5.6636500e+04   0.0000000e+00
   6.0808600e+04   0.0000000e+00
   6.5288100e+04   0.0000000e+00
   7.0097500e+04   9.9999698e-03
   7.5261200e+04   0.0000000e+00
   8.0805300e+04   0.0000000e+00
   8.6757800e+04   0.0000000e+00
   9.3148800e+04   0.0000000e+00
   1.0001100e+05   0.0000000e+00
   1.0737800e+05   0.0000000e+00
   1.1528800e+05   0.0000000e+00
   1.2378000e+05   0.0000000e+00
   1.3289900e+05   0.0000000e+00
   1.4268900e+05   0.0000000e+00
   1.5320000e+05   9.9996272e-03
