   1.5801700e+02   2.0000965e-02
   1.7316500e+02   0.0000000e+00
   1.8976400e+02   0.0000000e+00
   2.0795400e+02   0.0000000e+00
   2.2788800e+02   2.9999957e-02
   2.4973300e+02   2.0000029e-02
   2.7367200e+02   1.0000112e-02
   2.9990600e+02   3.0000731e-02
   3.2865500e+02   0.0000000e+00
   3.6015900e+02   0.0000000e+00
   3.9468300e+02   2.9999564e-02
   4.3251600e+02   1.0000186e-02
   4.7397700e+02   3.9999594e-02
   5.1941100e+02   2.0000095e-02
   5.6920100e+02   2.9999715e-02
   6.2376300e+02   4.0000142e-02
   6.8355600e+02   4.9999726e-02
   7.4908000e+02   1.0000063e-02
   8.2088600e+02   3.9999707e-02
   8.9957400e+02   1.0000066e-02
   9.8580600e+02   1.9999277e-02
   1.0803000e+03   2.0000853e-02
   1.1838600e+03   1.9999602e-02
   1.2973400e+03   3.9999772e-02
   1.4217000e+03   2.9999589e-02
   1.5579800e+03   3.0000980e-02
   1.7073300e+03   1.9999907e-02
   1.8709900e+03   5.0000090e-02
   2.0503400e+03   2.9999669e-02
   2.2468800e+03   2.9999849e-02
   2.4622600e+03   2.0000191e-02
   2.6982900e+03   0.0000000e+00
   2.9569400e+03   2.0000204e-02
   3.2403900e+03   1.0000069e-02
   3.5510100e+03   2.9999728e-02
   3.8914000e+03   1.9999878e-02
   4.2644200e+03   1.0000026e-02
   4.6732000e+03   2.0000248e-02
   5.1211700e+03   1.9999806e-02
   5.6120700e+03   1.0000163e-02
   6.1500400e+03   9.9999616e-03
   6.7395700e+03   0.0000000e+00
   7.3856100e+03   1.0000005e-02
   8.0935800e+03   1.9999889e-02
   8.8694100e+03   0.0000000e+00
   9.7196200e+03   0.0000000e+00
   1.0651300e+04   0.0000000e+00
   1.1672300e+04   0.0000000e+00
   1.2791200e+04   2.0000916e-02
   1.4017400e+04   0.0000000e+00
   1.5361000e+04   0.0000000e+00
   1.6833500e+04   1.0000438e-02
   1.8447200e+04   0.0000000e+00
   2.0215500e+04   9.9999200e-03
   2.2153300e+04   1.0000139e-02
   2.4276900e+04   1.9999726e-02
   2.6604000e+04   0.0000000e+00
   2.9154200e+04   0.0000000e+00
   3.1948900e+04   0.0000000e+00
   3.5011400e+04   0.0000000e+00
   3.8367500e+04   0.0000000e+00
   4.2045400e+04   0.0000000e+00
   4.6075800e+04   9.9999388e-03
   5.0492500e+04   9.9999854e-03
   5.5332600e+04   0.0000000e+00
   6.0636700e+04   0.0000000e+00
   6.6449200e+04   0.0000000e+00
   7.2818900e+04   0.0000000e+00
   7.9799200e+04   0.0000000e+00
   8.7448600e+04   0.0000000e+00
   9.5831200e+04   0.0000000e+00
   1.0501700e+05   0.0000000e+00
   1.1508400e+05   1.0000221e-02
   1.2611600e+05   0.0000000e+00
   1.3820500e+05   9.9999348e-03
   1.5145300e+05   0.0000000e+00
   1.6597100e+05   0.0000000e+00
   1.8188100e+05   0.0000000e+00
   1.9931600e+05   0.0000000e+00
   2.1842200e+05   0.0000000e+00
   2.3935900e+05   0.0000000e+00
   2.6230400e+05   0.0000000e+00
   2.8744800e+05   0.0000000e+00
   3.1500200e+05   0.0000000e+00
   3.4519700e+05   0.0000000e+00
   3.7828700e+05   0.0000000e+00
   4.1454900e+05   0.0000000e+00
   4.5428700e+05   0.0000000e+00
   4.9783400e+05   0.0000000e+00
   5.4555600e+05   0.0000000e+00
   5.9785200e+05   0.0000000e+00
   6.5516000e+05   0.0000000e+00
   7.1796300e+05   0.0000000e+00
   7.8678500e+05   0.0000000e+00
   8.6220500e+05   0.0000000e+00
   9.4485400e+05   0.0000000e+00
   1.0354300e+06   0.0000000e+00
   1.1346800e+06   0.0000000e+00
   1.2434500e+06   0.0000000e+00
