   1.4349000e+02   9.9998944e-03
   1.5247100e+02   0.0000000e+00
   1.6201400e+02   0.0000000e+00
   1.7215500e+02   0.0000000e+00
   1.8293000e+02   1.0000338e-02
   1.9438000e+02   9.9997950e-03
   2.0654600e+02   1.0000209e-02
   2.1947400e+02   4.0000358e-02
   2.3321100e+02   9.9995444e-03
   2.4780700e+02   9.9998243e-03
   2.6331700e+02   0.0000000e+00
   2.7979900e+02   9.9996497e-03
   2.9731100e+02   3.0000499e-02
   3.1592000e+02   0.0000000e+00
   3.3569300e+02   0.0000000e+00
   3.5670400e+02   2.0000750e-02
   3.7903100e+02   1.9999533e-02
   4.0275400e+02   2.0000468e-02
   4.2796300e+02   1.9999847e-02
   4.5474900e+02   2.0000153e-02
   4.8321200e+02   1.9999843e-02
   5.1345600e+02   1.9999851e-02
   5.4559300e+02   3.0000238e-02
   5.7974200e+02   9.9999862e-03
   6.1602800e+02   9.9999507e-03
   6.5458500e+02   1.0000120e-02
   6.9555600e+02   1.0000033e-02
   7.3909100e+02   0.0000000e+00
   7.8535000e+02   2.9999886e-02
   8.3450500e+02   3.0000128e-02
   8.8673700e+02   0.0000000e+00
   9.4223800e+02   4.9997641e-02
   1.0012100e+03   2.0001256e-02
   1.0638800e+03   1.0000286e-02
   1.1304700e+03   9.9991682e-03
   1.2012200e+03   2.0001442e-02
   1.2764100e+03   1.9999902e-02
   1.3563000e+03   0.0000000e+00
   1.4411900e+03   1.9999054e-02
   1.5313900e+03   1.0000030e-02
   1.6272400e+03   2.0000081e-02
   1.7290900e+03   0.0000000e+00
   1.8373200e+03   0.0000000e+00
   1.9523200e+03   0.0000000e+00
   2.0745100e+03   9.9997055e-03
   2.2043500e+03   3.0001957e-02
   2.3423300e+03   2.9998758e-02
   2.4889300e+03   1.9999660e-02
   2.6447100e+03   0.0000000e+00
   2.8102500e+03   0.0000000e+00
   2.9861400e+03   0.0000000e+00
   3.1730400e+03   9.9999469e-03
   3.3716400e+03   0.0000000e+00
   3.5826800e+03   1.0000005e-02
   3.8069200e+03   0.0000000e+00
   4.0451900e+03   2.0000086e-02
   4.2983800e+03   1.0000136e-02
   4.5674200e+03   9.9998184e-03
   4.8532900e+03   0.0000000e+00
   5.1570600e+03   0.0000000e+00
   5.4798400e+03   5.9999206e-02
   5.8228200e+03   0.0000000e+00
   6.1872700e+03   2.0000404e-02
   6.5745400e+03   9.9999850e-03
   6.9860400e+03   9.9998638e-03
   7.4232900e+03   0.0000000e+00
   7.8879200e+03   1.0000096e-02
   8.3816300e+03   9.9998727e-03
   8.9062300e+03   9.9999719e-03
   9.4636700e+03   9.9999520e-03
   1.0056000e+04   0.0000000e+00
   1.0685400e+04   0.0000000e+00
   1.1354200e+04   0.0000000e+00
   1.2064900e+04   0.0000000e+00
   1.2820000e+04   0.0000000e+00
   1.3622400e+04   0.0000000e+00
   1.4475100e+04   0.0000000e+00
   1.5381000e+04   1.9999996e-02
   1.6343700e+04   0.0000000e+00
   1.7366700e+04   0.0000000e+00
   1.8453700e+04   0.0000000e+00
   1.9608700e+04   9.9999177e-03
   2.0836000e+04   9.9997866e-03
   2.2140100e+04   0.0000000e+00
   2.3525900e+04   0.0000000e+00
   2.4998400e+04   1.9999343e-02
   2.6563000e+04   0.0000000e+00
   2.8225600e+04   2.0000634e-02
   2.9992300e+04   0.0000000e+00
   3.1869500e+04   9.9999298e-03
   3.3864200e+04   1.0000167e-02
   3.5983800e+04   0.0000000e+00
   3.8236000e+04   0.0000000e+00
   4.0629200e+04   0.0000000e+00
   4.3172200e+04   0.0000000e+00
   4.5874300e+04   0.0000000e+00
   4.8745600e+04   1.0000019e-02
   5.1796600e+04   0.0000000e+00
   5.5038500e+04   0.0000000e+00
