   1.6521000e+02   1.0000226e-02
   1.7610500e+02   9.9998266e-03
   1.8771800e+02   2.0000008e-02
   2.0009700e+02   1.0000483e-02
   2.1329300e+02   9.9996243e-03
   2.2735800e+02   3.9999825e-02
   2.4235100e+02   0.0000000e+00
   2.5833300e+02   1.0000166e-02
   2.7536900e+02   1.9999778e-02
   2.9352800e+02   4.0000853e-02
   3.1288500e+02   2.9999969e-02
   3.3351800e+02   1.9999335e-02
   3.5551100e+02   9.9999679e-03
   3.7895500e+02   1.0000349e-02
   4.0394600e+02   2.9999982e-02
   4.3058400e+02   1.9999484e-02
   4.5897800e+02   2.0000519e-02
   4.8924600e+02   1.9999898e-02
   5.2150900e+02   3.0000198e-02
   5.5590000e+02   1.9999652e-02
   5.9255800e+02   9.9999782e-03
   6.3163400e+02   2.0000021e-02
   6.7328700e+02   3.0000192e-02
   7.1768700e+02   1.0000075e-02
   7.6501500e+02   2.9999609e-02
   8.1546300e+02   2.0000209e-02
   8.6923900e+02   2.0000104e-02
   9.2656100e+02   1.9999763e-02
   9.8766200e+02   3.9998101e-02
   1.0527900e+03   2.0001117e-02
   1.1222200e+03   1.9998796e-02
   1.1962200e+03   1.0000649e-02
   1.2751100e+03   1.0000403e-02
   1.3592000e+03   0.0000000e+00
   1.4488300e+03   0.0000000e+00
   1.5443700e+03   9.9997002e-03
   1.6462100e+03   1.0000091e-02
   1.7547700e+03   0.0000000e+00
   1.8704900e+03   3.0000200e-02
   1.9938400e+03   9.9997640e-03
   2.1253200e+03   2.0000832e-02
   2.2654800e+03   1.9999138e-02
   2.4148700e+03   1.0000120e-02
   2.5741200e+03   0.0000000e+00
   2.7438700e+03   9.9997939e-03
   2.9248100e+03   0.0000000e+00
   3.1176900e+03   0.0000000e+00
   3.3232800e+03   0.0000000e+00
   3.5424400e+03   9.9997853e-03
   3.7760400e+03   0.0000000e+00
   4.0250500e+03   0.0000000e+00
   4.2904800e+03   0.0000000e+00
   4.5734200e+03   1.9999820e-02
   4.8750100e+03   0.0000000e+00
   5.1964900e+03   0.0000000e+00
   5.5391700e+03   2.0000030e-02
   5.9044500e+03   0.0000000e+00
   6.2938200e+03   2.0000263e-02
   6.7088700e+03   0.0000000e+00
   7.1512800e+03   0.0000000e+00
   7.6228700e+03   0.0000000e+00
   8.1255600e+03   9.9998738e-03
   8.6613900e+03   1.0000105e-02
   9.2325700e+03   1.0000014e-02
   9.8414100e+03   0.0000000e+00
   1.0490400e+04   0.0000000e+00
   1.1182200e+04   9.9999551e-03
   1.1919600e+04   9.9995706e-03
   1.2705600e+04   0.0000000e+00
   1.3543500e+04   0.0000000e+00
   1.4436600e+04   9.9998080e-03
   1.5388600e+04   1.0000012e-02
   1.6403400e+04   0.0000000e+00
   1.7485100e+04   0.0000000e+00
   1.8638200e+04   1.0000068e-02
   1.9867300e+04   1.9999332e-02
   2.1177400e+04   0.0000000e+00
   2.2574000e+04   0.0000000e+00
   2.4062600e+04   2.0000027e-02
   2.5649400e+04   0.0000000e+00
   2.7340900e+04   0.0000000e+00
   2.9143800e+04   0.0000000e+00
   3.1065700e+04   0.0000000e+00
   3.3114300e+04   0.0000000e+00
   3.5298100e+04   0.0000000e+00
   3.7625800e+04   0.0000000e+00
   4.0107000e+04   0.0000000e+00
   4.2751900e+04   9.9997870e-03
   4.5571100e+04   0.0000000e+00
   4.8576300e+04   0.0000000e+00
   5.1779600e+04   0.0000000e+00
   5.5194200e+04   0.0000000e+00
   5.8834000e+04   0.0000000e+00
   6.2713800e+04   9.9998808e-03
   6.6849400e+04   0.0000000e+00
   7.1257800e+04   0.0000000e+00
   7.5956900e+04   0.0000000e+00
   8.0965800e+04   1.0000082e-02
   8.6305100e+04   1.0000074e-02
