   1.3168200e+02   9.9999944e-03
   1.4361400e+02   2.9999520e-02
   1.5662700e+02   1.9999508e-02
   1.7081900e+02   2.9999305e-02
   1.8629700e+02   1.0000068e-02
   2.0317800e+02   3.0000725e-02
   2.2158900e+02   5.0000726e-02
   2.4166800e+02   2.9999822e-02
   2.6356600e+02   9.9998472e-03
   2.8744800e+02   2.9999522e-02
   3.1349400e+02   1.0000173e-02
   3.4190100e+02   2.9999483e-02
   3.7288100e+02   1.0000065e-02
   4.0666900e+02   2.0000374e-02
   4.4351900e+02   0.0000000e+00
   4.8370700e+02   4.9999949e-02
   5.2753700e+02   1.9999795e-02
   5.7533800e+02   2.0000043e-02
   6.2747100e+02   2.0000075e-02
   6.8432800e+02   1.0000067e-02
   7.4633700e+02   2.9999811e-02
   8.1396400e+02   1.9999922e-02
   8.8771900e+02   1.0000096e-02
   9.6815800e+02   3.0001624e-02
   1.0558900e+03   1.9998665e-02
   1.1515600e+03   1.0000382e-02
   1.2559100e+03   2.9999728e-02
   1.3697100e+03   3.9999040e-02
   1.4938200e+03   0.0000000e+00
   1.6291800e+03   9.9997198e-03
   1.7768000e+03   2.0001145e-02
   1.9378100e+03   2.0000052e-02
   2.1134000e+03   2.0000068e-02
   2.3049000e+03   0.0000000e+00
   2.5137500e+03   1.9999368e-02
   2.7415200e+03   0.0000000e+00
   2.9899400e+03   2.0000269e-02
   3.2608700e+03   9.9997980e-03
   3.5563400e+03   1.0000030e-02
   3.8785900e+03   0.0000000e+00
   4.2300400e+03   1.0000144e-02
   4.6133400e+03   1.9999707e-02
   5.0313600e+03   1.0000112e-02
   5.4872700e+03   1.9999775e-02
   5.9844800e+03   0.0000000e+00
   6.5267500e+03   1.0000093e-02
   7.1181600e+03   1.9999850e-02
   7.7631500e+03   1.9999995e-02
   8.4665900e+03   1.0000038e-02
   9.2337700e+03   1.0000430e-02
   1.0070500e+04   0.0000000e+00
   1.0983000e+04   0.0000000e+00
   1.1978200e+04   0.0000000e+00
   1.3063500e+04   1.0000660e-02
   1.4247300e+04   0.0000000e+00
   1.5538300e+04   9.9995675e-03
   1.6946200e+04   1.0000395e-02
   1.8481800e+04   1.9999078e-02
   2.0156400e+04   0.0000000e+00
   2.1982900e+04   0.0000000e+00
   2.3974800e+04   0.0000000e+00
   2.6147200e+04   0.0000000e+00
   2.8516500e+04   1.9999619e-02
   3.1100400e+04   0.0000000e+00
   3.3918500e+04   0.0000000e+00
   3.6991900e+04   0.0000000e+00
   4.0343900e+04   0.0000000e+00
   4.3999500e+04   0.0000000e+00
   4.7986400e+04   0.0000000e+00
   5.2334600e+04   2.0000086e-02
   5.7076800e+04   0.0000000e+00
   6.2248700e+04   0.0000000e+00
   6.7889200e+04   0.0000000e+00
   7.4040800e+04   0.0000000e+00
   8.0749800e+04   0.0000000e+00
   8.8066800e+04   0.0000000e+00
   9.6046700e+04   0.0000000e+00
   1.0475000e+05   0.0000000e+00
   1.1424100e+05   1.0000280e-02
   1.2459300e+05   0.0000000e+00
   1.3588300e+05   0.0000000e+00
   1.4819600e+05   0.0000000e+00
   1.6162400e+05   0.0000000e+00
   1.7626900e+05   0.0000000e+00
   1.9224100e+05   0.0000000e+00
   2.0966100e+05   0.0000000e+00
   2.2865900e+05   0.0000000e+00
   2.4937800e+05   0.0000000e+00
   2.7197500e+05   0.0000000e+00
   2.9661900e+05   0.0000000e+00
   3.2349600e+05   0.0000000e+00
   3.5280900e+05   0.0000000e+00
   3.8477800e+05   0.0000000e+00
   4.1964400e+05   0.0000000e+00
   4.5766900e+05   0.0000000e+00
   4.9914000e+05   0.0000000e+00
   5.4436800e+05   0.0000000e+00
   5.9369400e+05   0.0000000e+00
   6.4749100e+05   9.9998908e-03
