   1.3704000e+02   1.9999265e-02
   1.4745200e+02   1.0000410e-02
   1.5865600e+02   9.9993475e-03
   1.7071000e+02   2.0000374e-02
   1.8368100e+02   1.9999646e-02
   1.9763700e+02   1.0000226e-02
   2.1265400e+02   2.0000372e-02
   2.2881200e+02   3.9999234e-02
   2.4619700e+02   1.9999707e-02
   2.6490300e+02   8.0001755e-02
   2.8503100e+02   2.0000088e-02
   3.0668800e+02   3.9999281e-02
   3.2999000e+02   2.0000055e-02
   3.5506300e+02   4.0000011e-02
   3.8204100e+02   1.0000059e-02
   4.1106900e+02   2.9999640e-02
   4.4230200e+02   2.0000299e-02
   4.7590900e+02   1.0000012e-02
   5.1206900e+02   0.0000000e+00
   5.5097600e+02   0.0000000e+00
   5.9284000e+02   0.0000000e+00
   6.3788400e+02   1.0000002e-02
   6.8635100e+02   1.0000075e-02
   7.3850100e+02   1.0000000e-02
   7.9461300e+02   0.0000000e+00
   8.5498800e+02   2.0000094e-02
   9.1995100e+02   2.0000061e-02
   9.8985000e+02   2.0000069e-02
   1.0650600e+03   0.0000000e+00
   1.1459800e+03   2.0001666e-02
   1.2330600e+03   2.0000285e-02
   1.3267500e+03   1.9998518e-02
   1.4275500e+03   2.0000566e-02
   1.5360200e+03   1.0000168e-02
   1.6527300e+03   0.0000000e+00
   1.7783000e+03   1.0000218e-02
   1.9134200e+03   0.0000000e+00
   2.0588000e+03   2.9999989e-02
   2.2152300e+03   0.0000000e+00
   2.3835500e+03   0.0000000e+00
   2.5646500e+03   1.0000280e-02
   2.7595200e+03   3.0000003e-02
   2.9691900e+03   9.9999230e-03
   3.1947900e+03   0.0000000e+00
   3.4375300e+03   4.0000465e-02
   3.6987200e+03   9.9999186e-03
   3.9797500e+03   1.0000158e-02
   4.2821400e+03   0.0000000e+00
   4.6075000e+03   9.9999652e-03
   4.9575800e+03   9.9999876e-03
   5.3342600e+03   1.9999934e-02
   5.7395600e+03   0.0000000e+00
   6.1756600e+03   9.9999482e-03
   6.6448900e+03   0.0000000e+00
   7.1497700e+03   1.0000092e-02
   7.6930200e+03   9.9999682e-03
   8.2775400e+03   1.0000083e-02
   8.9064800e+03   9.9999591e-03
   9.5832000e+03   9.9994342e-03
   1.0311300e+04   1.0000437e-02
   1.1094800e+04   0.0000000e+00
   1.1937800e+04   0.0000000e+00
   1.2844800e+04   2.0000778e-02
   1.3820800e+04   0.0000000e+00
   1.4870900e+04   0.0000000e+00
   1.6000800e+04   1.0000356e-02
   1.7216600e+04   0.0000000e+00
   1.8524700e+04   0.0000000e+00
   1.9932200e+04   2.0000336e-02
   2.1446700e+04   0.0000000e+00
   2.3076200e+04   0.0000000e+00
   2.4829600e+04   0.0000000e+00
   2.6716200e+04   0.0000000e+00
   2.8746100e+04   1.0000207e-02
   3.0930300e+04   0.0000000e+00
   3.3280400e+04   0.0000000e+00
   3.5809000e+04   0.0000000e+00
   3.8529800e+04   0.0000000e+00
   4.1457400e+04   0.0000000e+00
   4.4607300e+04   0.0000000e+00
   4.7996600e+04   2.0000402e-02
   5.1643500e+04   9.9999414e-03
   5.5567400e+04   0.0000000e+00
   5.9789400e+04   0.0000000e+00
   6.4332300e+04   0.0000000e+00
   6.9220300e+04   9.9999602e-03
   7.4479700e+04   0.0000000e+00
   8.0138800e+04   0.0000000e+00
   8.6227800e+04   0.0000000e+00
   9.2779500e+04   0.0000000e+00
   9.9828900e+04   1.0000044e-02
   1.0741400e+05   0.0000000e+00
   1.1557500e+05   0.0000000e+00
   1.2435700e+05   0.0000000e+00
   1.3380600e+05   0.0000000e+00
   1.4397200e+05   0.0000000e+00
   1.5491200e+05   0.0000000e+00
   1.6668200e+05   0.0000000e+00
   1.7934600e+05   1.0000065e-02
