   1.3202300e+02   1.0000005e-02
   1.4340900e+02   0.0000000e+00
   1.5577700e+02   1.0000302e-02
   1.6921200e+02   0.0000000e+00
   1.8380500e+02   0.0000000e+00
   1.9965700e+02   4.0000254e-02
   2.1687600e+02   1.9999118e-02
   2.3557900e+02   2.0000075e-02
   2.5589600e+02   3.0001296e-02
   2.7796600e+02   1.9999672e-02
   3.0193800e+02   6.0000326e-02
   3.2797800e+02   9.9997940e-03
   3.5626300e+02   3.9999956e-02
   3.8698800e+02   2.0000136e-02
   4.2036300e+02   5.9999803e-02
   4.5661600e+02   6.0000549e-02
   4.9599600e+02   1.0000045e-02
   5.3877200e+02   1.9999592e-02
   5.8523600e+02   4.0000660e-02
   6.3570900e+02   1.9999996e-02
   6.9053400e+02   1.9999922e-02
   7.5008700e+02   9.9999491e-03
   8.1477600e+02   9.9999796e-03
   8.8504400e+02   2.0000183e-02
   9.6137300e+02   2.9998571e-02
   1.0442800e+03   3.0002857e-02
   1.1343500e+03   9.9991604e-03
   1.2321700e+03   2.0000864e-02
   1.3384400e+03   9.9999895e-03
   1.4538700e+03   0.0000000e+00
   1.5792500e+03   0.0000000e+00
   1.7154500e+03   2.0000769e-02
   1.8634000e+03   2.9999315e-02
   2.0241000e+03   9.9998092e-03
   2.1986600e+03   4.0000339e-02
   2.3882800e+03   9.9999465e-03
   2.5942500e+03   3.0000849e-02
   2.8179900e+03   1.0000004e-02
   3.0610200e+03   0.0000000e+00
   3.3250100e+03   9.9997754e-03
   3.6117600e+03   2.0000212e-02
   3.9232500e+03   0.0000000e+00
   4.2616000e+03   9.9999768e-03
   4.6291300e+03   0.0000000e+00
   5.0283600e+03   0.0000000e+00
   5.4620200e+03   0.0000000e+00
   5.9330700e+03   0.0000000e+00
   6.4447500e+03   2.9999956e-02
   7.0005600e+03   1.0000092e-02
   7.6043100e+03   9.9999220e-03
   8.2601200e+03   1.0000105e-02
   8.9725000e+03   9.9998948e-03
   9.7463000e+03   0.0000000e+00
   1.0586800e+04   1.0000728e-02
   1.1499900e+04   0.0000000e+00
   1.2491700e+04   9.9999080e-03
   1.3569000e+04   0.0000000e+00
   1.4739200e+04   9.9996674e-03
   1.6010300e+04   0.0000000e+00
   1.7391100e+04   0.0000000e+00
   1.8890900e+04   0.0000000e+00
   2.0520100e+04   1.0000538e-02
   2.2289900e+04   0.0000000e+00
   2.4212200e+04   0.0000000e+00
   2.6300300e+04   0.0000000e+00
   2.8568500e+04   0.0000000e+00
   3.1032300e+04   9.9999949e-03
   3.3708600e+04   0.0000000e+00
   3.6615700e+04   9.9999316e-03
   3.9773500e+04   1.0000096e-02
   4.3203700e+04   0.0000000e+00
   4.6929700e+04   0.0000000e+00
   5.0977000e+04   0.0000000e+00
   5.5373400e+04   0.0000000e+00
   6.0148900e+04   0.0000000e+00
   6.5336300e+04   0.0000000e+00
   7.0971100e+04   0.0000000e+00
   7.7091800e+04   0.0000000e+00
   8.3740300e+04   0.0000000e+00
   9.0962300e+04   0.0000000e+00
   9.8807100e+04   0.0000000e+00
   1.0732800e+05   0.0000000e+00
   1.1658500e+05   0.0000000e+00
   1.2663900e+05   0.0000000e+00
   1.3756100e+05   1.0000355e-02
   1.4942500e+05   0.0000000e+00
   1.6231100e+05   0.0000000e+00
   1.7630900e+05   0.0000000e+00
   1.9151500e+05   0.0000000e+00
   2.0803100e+05   0.0000000e+00
   2.2597200e+05   0.0000000e+00
   2.4546100e+05   0.0000000e+00
   2.6663000e+05   0.0000000e+00
   2.8962500e+05   0.0000000e+00
   3.1460300e+05   0.0000000e+00
   3.4173500e+05   0.0000000e+00
   3.7120700e+05   0.0000000e+00
   4.0322000e+05   0.0000000e+00
   4.3799500e+05   0.0000000e+00
