   1.4532500e+02   2.0001302e-02
   1.5666200e+02   9.9995160e-03
   1.6888200e+02   0.0000000e+00
   1.8205600e+02   3.0001015e-02
   1.9625800e+02   0.0000000e+00
   2.1156700e+02   0.0000000e+00
   2.2807100e+02   1.0000036e-02
   2.4586200e+02   1.9999202e-02
   2.6504000e+02   3.0000252e-02
   2.8571500e+02   3.0000540e-02
   3.0800300e+02   0.0000000e+00
   3.3202900e+02   9.9998864e-03
   3.5792900e+02   4.0000462e-02
   3.8585000e+02   6.9998317e-02
   4.1594800e+02   1.0000133e-02
   4.4839500e+02   1.0000105e-02
   4.8337300e+02   0.0000000e+00
   5.2107900e+02   3.9999615e-02
   5.6172600e+02   0.0000000e+00
   6.0554400e+02   2.9999867e-02
   6.5278000e+02   2.0000037e-02
   7.0370100e+02   2.9999958e-02
   7.5859400e+02   4.0000609e-02
   8.1777000e+02   1.9999946e-02
   8.8156100e+02   9.9999596e-03
   9.5032800e+02   1.0000036e-02
   1.0244600e+03   2.9998454e-02
   1.1043700e+03   3.0000704e-02
   1.1905200e+03   0.0000000e+00
   1.2833900e+03   2.9999263e-02
   1.3835000e+03   1.9999626e-02
   1.4914200e+03   9.9999698e-03
   1.6077600e+03   1.0000351e-02
   1.7331800e+03   2.0000136e-02
   1.8683800e+03   9.9996440e-03
   2.0141200e+03   0.0000000e+00
   2.1712400e+03   2.0000056e-02
   2.3406100e+03   9.9998883e-03
   2.5231900e+03   9.9997747e-03
   2.7200100e+03   2.0000172e-02
   2.9321900e+03   1.0000030e-02
   3.1609200e+03   9.9999422e-03
   3.4074900e+03   2.0000315e-02
   3.6733000e+03   9.9999881e-03
   3.9598400e+03   9.9999431e-03
   4.2687300e+03   0.0000000e+00
   4.6017200e+03   2.9999759e-02
   4.9606800e+03   0.0000000e+00
   5.3476500e+03   1.0000003e-02
   5.7648000e+03   2.0000008e-02
   6.2144900e+03   0.0000000e+00
   6.6992500e+03   1.0000125e-02
   7.2218400e+03   2.0000052e-02
   7.7851900e+03   0.0000000e+00
   8.3924800e+03   1.0000084e-02
   9.0471500e+03   0.0000000e+00
   9.7528800e+03   0.0000000e+00
   1.0513700e+04   0.0000000e+00
   1.1333800e+04   9.9999667e-03
   1.2217900e+04   1.0000306e-02
   1.3171000e+04   0.0000000e+00
   1.4198400e+04   1.0000332e-02
   1.5306000e+04   9.9994975e-03
   1.6499900e+04   1.0000033e-02
   1.7787000e+04   1.0000018e-02
   1.9174500e+04   0.0000000e+00
   2.0670200e+04   9.9999597e-03
   2.2282600e+04   0.0000000e+00
   2.4020800e+04   0.0000000e+00
   2.5894600e+04   0.0000000e+00
   2.7914500e+04   0.0000000e+00
   3.0092100e+04   9.9997093e-03
   3.2439400e+04   0.0000000e+00
   3.4969900e+04   0.0000000e+00
   3.7697800e+04   9.9998044e-03
   4.0638400e+04   0.0000000e+00
   4.3808500e+04   9.9999083e-03
   4.7225800e+04   0.0000000e+00
   5.0909700e+04   0.0000000e+00
   5.4881000e+04   0.0000000e+00
   5.9162100e+04   0.0000000e+00
   6.3777100e+04   0.0000000e+00
   6.8752100e+04   1.0000036e-02
   7.4115200e+04   0.0000000e+00
   7.9896600e+04   0.0000000e+00
   8.6129000e+04   0.0000000e+00
   9.2847700e+04   0.0000000e+00
   1.0009000e+05   0.0000000e+00
   1.0789800e+05   0.0000000e+00
   1.1631500e+05   0.0000000e+00
   1.2538800e+05   0.0000000e+00
   1.3516900e+05   0.0000000e+00
   1.4571300e+05   0.0000000e+00
   1.5708000e+05   0.0000000e+00
   1.6933300e+05   0.0000000e+00
   1.8254200e+05   0.0000000e+00
   1.9678100e+05   0.0000000e+00
   2.1213100e+05   1.0000254e-02
   2.2867900e+05   0.0000000e+00
