   1.2788200e+02   9.9997594e-03
   1.3927200e+02   0.0000000e+00
   1.5167700e+02   2.0000474e-02
   1.6518700e+02   1.0000014e-02
   1.7990000e+02   9.9997300e-03
   1.9592300e+02   2.0000417e-02
   2.1337400e+02   3.0000153e-02
   2.3237900e+02   9.9996728e-03
   2.5307600e+02   9.9999089e-03
   2.7561700e+02   4.0000141e-02
   3.0016600e+02   2.0000400e-02
   3.2690200e+02   4.0000352e-02
   3.5601900e+02   1.9999909e-02
   3.8772900e+02   1.9999675e-02
   4.2226300e+02   3.0000414e-02
   4.5987400e+02   9.9998925e-03
   5.0083400e+02   5.0000444e-02
   5.4544300e+02   0.0000000e+00
   5.9402500e+02   1.9999972e-02
   6.4693400e+02   3.9999576e-02
   7.0455500e+02   2.0000014e-02
   7.6730900e+02   3.0000282e-02
   8.3565300e+02   9.9998938e-03
   9.1008300e+02   9.9999669e-03
   9.9114300e+02   1.9999331e-02
   1.0794200e+03   2.0001508e-02
   1.1755700e+03   0.0000000e+00
   1.2802700e+03   3.9999215e-02
   1.3943000e+03   1.0000077e-02
   1.5184900e+03   9.9999657e-03
   1.6537400e+03   3.0000591e-02
   1.8010400e+03   5.0000989e-02
   1.9614600e+03   1.9999481e-02
   2.1361600e+03   1.0000230e-02
   2.3264300e+03   2.9999657e-02
   2.5336400e+03   1.0000070e-02
   2.7593100e+03   4.0000296e-02
   3.0050800e+03   3.0000136e-02
   3.2727400e+03   9.9997102e-03
   3.5642300e+03   1.0000242e-02
   3.8817000e+03   0.0000000e+00
   4.2274400e+03   0.0000000e+00
   4.6039700e+03   0.0000000e+00
   5.0140400e+03   9.9999093e-03
   5.4606300e+03   9.9999617e-03
   5.9470000e+03   1.0000153e-02
   6.4767000e+03   3.9999877e-02
   7.0535700e+03   0.0000000e+00
   7.6818200e+03   0.0000000e+00
   8.3660300e+03   1.0000122e-02
   9.1111900e+03   9.9999552e-03
   9.9227100e+03   0.0000000e+00
   1.0806500e+04   0.0000000e+00
   1.1769000e+04   3.0001298e-02
   1.2817300e+04   0.0000000e+00
   1.3958900e+04   9.9999738e-03
   1.5202200e+04   0.0000000e+00
   1.6556300e+04   9.9996902e-03
   1.8030900e+04   0.0000000e+00
   1.9636900e+04   9.9998026e-03
   2.1385900e+04   0.0000000e+00
   2.3290700e+04   0.0000000e+00
   2.5365200e+04   0.0000000e+00
   2.7624500e+04   0.0000000e+00
   3.0085000e+04   0.0000000e+00
   3.2764600e+04   0.0000000e+00
   3.5682900e+04   0.0000000e+00
   3.8861100e+04   0.0000000e+00
   4.2322400e+04   1.0000222e-02
   4.6092100e+04   0.0000000e+00
   5.0197400e+04   0.0000000e+00
   5.4668400e+04   0.0000000e+00
   5.9537700e+04   0.0000000e+00
   6.4840600e+04   1.0000047e-02
   7.0615900e+04   0.0000000e+00
   7.6905600e+04   0.0000000e+00
   8.3755500e+04   0.0000000e+00
   9.1215500e+04   0.0000000e+00
   9.9340000e+04   0.0000000e+00
   1.0818800e+05   0.0000000e+00
   1.1782400e+05   0.0000000e+00
   1.2831900e+05   0.0000000e+00
   1.3974800e+05   0.0000000e+00
   1.5219500e+05   0.0000000e+00
   1.6575100e+05   0.0000000e+00
   1.8051400e+05   0.0000000e+00
   1.9659200e+05   0.0000000e+00
   2.1410300e+05   0.0000000e+00
   2.3317200e+05   0.0000000e+00
   2.5394100e+05   0.0000000e+00
   2.7655900e+05   0.0000000e+00
   3.0119200e+05   0.0000000e+00
   3.2801900e+05   0.0000000e+00
   3.5723500e+05   0.0000000e+00
   3.8905300e+05   0.0000000e+00
   4.2370600e+05   0.0000000e+00
   4.6144500e+05   0.0000000e+00
   5.0254500e+05   0.0000000e+00
   5.4730600e+05   0.0000000e+00
