   1.4800200e+02   9.9998864e-03
   1.5984200e+02   0.0000000e+00
   1.7262900e+02   0.0000000e+00
   1.8643900e+02   0.0000000e+00
   2.0135500e+02   9.9997659e-03
   2.1746300e+02   9.9999870e-03
   2.3486000e+02   1.0000107e-02
   2.5364900e+02   1.0000040e-02
   2.7394100e+02   0.0000000e+00
   2.9585600e+02   9.9998010e-03
   3.1952400e+02   7.0000259e-02
   3.4508600e+02   2.9999975e-02
   3.7269300e+02   1.0000197e-02
   4.0250900e+02   0.0000000e+00
   4.3470900e+02   4.0000158e-02
   4.6948600e+02   3.9999959e-02
   5.0704500e+02   4.0000404e-02
   5.4760900e+02   2.9999543e-02
   5.9141700e+02   2.0000243e-02
   6.3873100e+02   3.9999668e-02
   6.8982900e+02   3.0000371e-02
   7.4501600e+02   9.9999750e-03
   8.0461700e+02   1.9999899e-02
   8.6898600e+02   3.0000090e-02
   9.3850500e+02   7.0004298e-02
   1.0135900e+03   2.9997492e-02
   1.0946700e+03   2.0001433e-02
   1.1822500e+03   4.0000152e-02
   1.2768300e+03   1.9998808e-02
   1.3789700e+03   2.0000464e-02
   1.4892900e+03   9.9997419e-03
   1.6084300e+03   0.0000000e+00
   1.7371100e+03   1.0000114e-02
   1.8760800e+03   1.9999211e-02
   2.0261600e+03   0.0000000e+00
   2.1882500e+03   9.9999874e-03
   2.3633100e+03   1.0000253e-02
   2.5523800e+03   4.0000004e-02
   2.7565700e+03   1.0000197e-02
   2.9771000e+03   9.9996716e-03
   3.2152600e+03   9.9999677e-03
   3.4724800e+03   1.0000050e-02
   3.7502800e+03   0.0000000e+00
   4.0503000e+03   2.0000363e-02
   4.3743300e+03   2.0000202e-02
   4.7242800e+03   0.0000000e+00
   5.1022200e+03   9.9998385e-03
   5.5103900e+03   0.0000000e+00
   5.9512300e+03   0.0000000e+00
   6.4273200e+03   0.0000000e+00
   6.9415100e+03   9.9999804e-03
   7.4968300e+03   0.0000000e+00
   8.0965800e+03   1.9999845e-02
   8.7443000e+03   0.0000000e+00
   9.4438500e+03   0.0000000e+00
   1.0199400e+04   9.9994256e-03
   1.1015300e+04   0.0000000e+00
   1.1896500e+04   1.9999500e-02
   1.2848200e+04   1.0000398e-02
   1.3876100e+04   0.0000000e+00
   1.4986200e+04   0.0000000e+00
   1.6185100e+04   0.0000000e+00
   1.7479900e+04   1.0000056e-02
   1.8878300e+04   0.0000000e+00
   2.0388600e+04   0.0000000e+00
   2.2019600e+04   0.0000000e+00
   2.3781200e+04   0.0000000e+00
   2.5683700e+04   0.0000000e+00
   2.7738400e+04   0.0000000e+00
   2.9957500e+04   1.0000005e-02
   3.2354100e+04   0.0000000e+00
   3.4942400e+04   0.0000000e+00
   3.7737800e+04   0.0000000e+00
   4.0756800e+04   0.0000000e+00
   4.4017300e+04   0.0000000e+00
   4.7538700e+04   1.0000023e-02
   5.1341800e+04   2.0000286e-02
   5.5449200e+04   0.0000000e+00
   5.9885100e+04   0.0000000e+00
   6.4675900e+04   0.0000000e+00
   6.9850000e+04   1.0000005e-02
   7.5438000e+04   0.0000000e+00
   8.1473000e+04   0.0000000e+00
   8.7990900e+04   0.0000000e+00
   9.5030100e+04   0.0000000e+00
   1.0263300e+05   0.0000000e+00
   1.1084300e+05   0.0000000e+00
   1.1971100e+05   0.0000000e+00
   1.2928700e+05   0.0000000e+00
   1.3963000e+05   0.0000000e+00
   1.5080100e+05   0.0000000e+00
   1.6286500e+05   0.0000000e+00
   1.7589400e+05   0.0000000e+00
   1.8996600e+05   0.0000000e+00
   2.0516300e+05   0.0000000e+00
   2.2157600e+05   0.0000000e+00
   2.3930200e+05   0.0000000e+00
   2.5844600e+05   0.0000000e+00
   2.7912200e+05   0.0000000e+00
