   1.3898000e+02   1.0000229e-02
   1.4982500e+02   0.0000000e+00
   1.6151600e+02   9.9998125e-03
   1.7411900e+02   2.0000472e-02
   1.8770600e+02   1.9998820e-02
   2.0235200e+02   0.0000000e+00
   2.1814200e+02   2.0000169e-02
   2.3516400e+02   1.9999849e-02
   2.5351400e+02   1.9999998e-02
   2.7329600e+02   0.0000000e+00
   2.9462200e+02   5.0000721e-02
   3.1761200e+02   4.9998959e-02
   3.4239500e+02   0.0000000e+00
   3.6911300e+02   4.9999696e-02
   3.9791500e+02   3.0000262e-02
   4.2896500e+02   9.9998269e-03
   4.6243700e+02   2.0000292e-02
   4.9852200e+02   9.9999452e-03
   5.3742200e+02   2.9999586e-02
   5.7935700e+02   4.0000084e-02
   6.2456500e+02   2.0000182e-02
   6.7330100e+02   2.9999776e-02
   7.2583900e+02   3.0000016e-02
   7.8247700e+02   1.0000079e-02
   8.4353500e+02   3.0000022e-02
   9.0935700e+02   0.0000000e+00
   9.8031500e+02   4.0000000e-02
   1.0568100e+03   0.0000000e+00
   1.1392700e+03   3.0000372e-02
   1.2281700e+03   1.0000425e-02
   1.3240100e+03   1.9999266e-02
   1.4273200e+03   0.0000000e+00
   1.5387000e+03   9.9994852e-03
   1.6587600e+03   2.0000810e-02
   1.7882000e+03   9.9996267e-03
   1.9277300e+03   1.0000451e-02
   2.0781600e+03   0.0000000e+00
   2.2403200e+03   9.9997438e-03
   2.4151300e+03   1.0000234e-02
   2.6035900e+03   9.9999618e-03
   2.8067500e+03   9.9998214e-03
   3.0257600e+03   0.0000000e+00
   3.2618700e+03   9.9997345e-03
   3.5163900e+03   2.0000150e-02
   3.7907800e+03   0.0000000e+00
   4.0865800e+03   1.9999994e-02
   4.4054600e+03   9.9999096e-03
   4.7492200e+03   0.0000000e+00
   5.1198100e+03   1.9999769e-02
   5.5193100e+03   4.0000180e-02
   5.9499900e+03   0.0000000e+00
   6.4142800e+03   1.9999879e-02
   6.9147900e+03   1.0000013e-02
   7.4543600e+03   0.0000000e+00
   8.0360300e+03   0.0000000e+00
   8.6630900e+03   0.0000000e+00
   9.3390800e+03   0.0000000e+00
   1.0067800e+04   0.0000000e+00
   1.0853400e+04   1.9999882e-02
   1.1700300e+04   0.0000000e+00
   1.2613300e+04   9.9996688e-03
   1.3597500e+04   1.0000645e-02
   1.4658600e+04   9.9997859e-03
   1.5802400e+04   3.0000460e-02
   1.7035500e+04   0.0000000e+00
   1.8364800e+04   9.9998323e-03
   1.9797800e+04   9.9997067e-03
   2.1342600e+04   0.0000000e+00
   2.3008000e+04   0.0000000e+00
   2.4803400e+04   0.0000000e+00
   2.6738800e+04   0.0000000e+00
   2.8825300e+04   0.0000000e+00
   3.1074500e+04   0.0000000e+00
   3.3499300e+04   0.0000000e+00
   3.6113300e+04   0.0000000e+00
   3.8931300e+04   0.0000000e+00
   4.1969100e+04   0.0000000e+00
   4.5244000e+04   0.0000000e+00
   4.8774500e+04   9.9999261e-03
   5.2580400e+04   0.0000000e+00
   5.6683300e+04   9.9998722e-03
   6.1106300e+04   0.0000000e+00
   6.5874500e+04   0.0000000e+00
   7.1014800e+04   0.0000000e+00
   7.6556200e+04   0.0000000e+00
   8.2529900e+04   0.0000000e+00
   8.8969800e+04   0.0000000e+00
   9.5912200e+04   0.0000000e+00
   1.0339600e+05   0.0000000e+00
   1.1146500e+05   0.0000000e+00
   1.2016200e+05   0.0000000e+00
   1.2953900e+05   0.0000000e+00
   1.3964700e+05   0.0000000e+00
   1.5054300e+05   0.0000000e+00
   1.6229000e+05   0.0000000e+00
   1.7495400e+05   0.0000000e+00
   1.8860600e+05   0.0000000e+00
   2.0332300e+05   0.0000000e+00
   2.1918900e+05   9.9996794e-03
