   1.4795600e+02   1.0000006e-02
   1.5913400e+02   0.0000000e+00
   1.7115600e+02   2.0000378e-02
   1.8408700e+02   1.0000228e-02
   1.9799500e+02   1.9999444e-02
   2.1295300e+02   1.0000311e-02
   2.2904200e+02   2.9999945e-02
   2.4634600e+02   0.0000000e+00
   2.6495700e+02   3.9999170e-02
   2.8497400e+02   4.0000587e-02
   3.0650400e+02   1.9999814e-02
   3.2966000e+02   2.0000265e-02
   3.5456600e+02   3.9999688e-02
   3.8135300e+02   3.0000030e-02
   4.1016400e+02   4.0000240e-02
   4.4115200e+02   4.0000133e-02
   4.7448100e+02   4.0000233e-02
   5.1032800e+02   4.0000041e-02
   5.4888300e+02   1.9999617e-02
   5.9035000e+02   2.0000159e-02
   6.3495100e+02   9.9999701e-03
   6.8292100e+02   4.0000520e-02
   7.3451600e+02   9.9999359e-03
   7.9000800e+02   9.9998751e-03
   8.4969200e+02   2.0000090e-02
   9.1388600e+02   3.0000170e-02
   9.8293000e+02   4.0000075e-02
   1.0571900e+03   2.0000007e-02
   1.1370600e+03   0.0000000e+00
   1.2229600e+03   1.0000637e-02
   1.3153600e+03   0.0000000e+00
   1.4147300e+03   1.0000714e-02
   1.5216200e+03   1.9998771e-02
   1.6365700e+03   2.9999515e-02
   1.7602100e+03   2.0001031e-02
   1.8932000e+03   2.0000028e-02
   2.0362300e+03   9.9996115e-03
   2.1900600e+03   0.0000000e+00
   2.3555200e+03   1.0000088e-02
   2.5334800e+03   1.9999769e-02
   2.7248800e+03   1.0000321e-02
   2.9307500e+03   0.0000000e+00
   3.1521600e+03   1.0000252e-02
   3.3903100e+03   1.9999527e-02
   3.6464400e+03   0.0000000e+00
   3.9219300e+03   0.0000000e+00
   4.2182300e+03   0.0000000e+00
   4.5369200e+03   9.9999544e-03
   4.8796800e+03   0.0000000e+00
   5.2483300e+03   0.0000000e+00
   5.6448400e+03   1.0000124e-02
   6.0713100e+03   0.0000000e+00
   6.5299900e+03   0.0000000e+00
   7.0233300e+03   2.0000070e-02
   7.5539400e+03   9.9999155e-03
   8.1246300e+03   0.0000000e+00
   8.7384500e+03   0.0000000e+00
   9.3986300e+03   2.0000258e-02
   1.0108700e+04   0.0000000e+00
   1.0872400e+04   0.0000000e+00
   1.1693800e+04   1.0000425e-02
   1.2577300e+04   0.0000000e+00
   1.3527500e+04   1.0000066e-02
   1.4549500e+04   0.0000000e+00
   1.5648700e+04   0.0000000e+00
   1.6830900e+04   1.0000269e-02
   1.8102500e+04   0.0000000e+00
   1.9470100e+04   0.0000000e+00
   2.0941100e+04   0.0000000e+00
   2.2523200e+04   0.0000000e+00
   2.4224800e+04   0.0000000e+00
   2.6054900e+04   1.0000315e-02
   2.8023400e+04   0.0000000e+00
   3.0140500e+04   0.0000000e+00
   3.2417600e+04   0.0000000e+00
   3.4866800e+04   0.0000000e+00
   3.7500900e+04   0.0000000e+00
   4.0334100e+04   0.0000000e+00
   4.3381300e+04   0.0000000e+00
   4.6658700e+04   1.0000145e-02
   5.0183800e+04   9.9998571e-03
   5.3975100e+04   0.0000000e+00
   5.8052900e+04   0.0000000e+00
   6.2438800e+04   0.0000000e+00
   6.7156000e+04   0.0000000e+00
   7.2229600e+04   0.0000000e+00
   7.7686500e+04   0.0000000e+00
   8.3555700e+04   0.0000000e+00
   8.9868300e+04   0.0000000e+00
   9.6657800e+04   0.0000000e+00
   1.0396000e+05   0.0000000e+00
   1.1181400e+05   0.0000000e+00
   1.2026200e+05   0.0000000e+00
   1.2934800e+05   0.0000000e+00
   1.3912000e+05   0.0000000e+00
   1.4963000e+05   0.0000000e+00
   1.6093500e+05   0.0000000e+00
   1.7309300e+05   0.0000000e+00
   1.8617000e+05   9.9999478e-03
