   1.5591700e+02   2.0000414e-02
   1.7013800e+02   0.0000000e+00
   1.8565500e+02   2.0001086e-02
   2.0258900e+02   0.0000000e+00
   2.2106600e+02   0.0000000e+00
   2.4122900e+02   2.0000192e-02
   2.6323100e+02   2.9999436e-02
   2.8723900e+02   1.9999815e-02
   3.1343700e+02   4.0000330e-02
   3.4202500e+02   3.9999789e-02
   3.7322000e+02   5.0001123e-02
   4.0726100e+02   9.9999912e-03
   4.4440600e+02   1.0000018e-02
   4.8493900e+02   0.0000000e+00
   5.2916800e+02   5.9999874e-02
   5.7743200e+02   3.0000028e-02
   6.3009800e+02   1.0000125e-02
   6.8756800e+02   3.9999961e-02
   7.5027900e+02   3.9999593e-02
   8.1870900e+02   3.0000326e-02
   8.9338200e+02   9.9998785e-03
   9.7486400e+02   3.0000525e-02
   1.0637800e+03   3.9998241e-02
   1.1608000e+03   4.0002417e-02
   1.2666800e+03   1.0000011e-02
   1.3822100e+03   9.9994448e-03
   1.5082700e+03   1.0000348e-02
   1.6458400e+03   1.9999756e-02
   1.7959500e+03   0.0000000e+00
   1.9597500e+03   1.0000365e-02
   2.1385000e+03   0.0000000e+00
   2.3335400e+03   0.0000000e+00
   2.5463800e+03   3.0000197e-02
   2.7786300e+03   1.9999961e-02
   3.0320600e+03   1.9999622e-02
   3.3086000e+03   3.0000193e-02
   3.6103700e+03   9.9999446e-03
   3.9396600e+03   2.0000272e-02
   4.2989900e+03   1.0000040e-02
   4.6910900e+03   0.0000000e+00
   5.1189500e+03   0.0000000e+00
   5.5858300e+03   0.0000000e+00
   6.0953000e+03   9.9999021e-03
   6.6512300e+03   9.9999751e-03
   7.2578700e+03   0.0000000e+00
   7.9198400e+03   0.0000000e+00
   8.6421900e+03   0.0000000e+00
   9.4304200e+03   9.9995481e-03
   1.0290500e+04   0.0000000e+00
   1.1229100e+04   2.0000475e-02
   1.2253300e+04   1.0000117e-02
   1.3370900e+04   1.9999678e-02
   1.4590400e+04   2.9998902e-02
   1.5921100e+04   0.0000000e+00
   1.7373300e+04   0.0000000e+00
   1.8957800e+04   2.0000154e-02
   2.0686900e+04   0.0000000e+00
   2.2573700e+04   0.0000000e+00
   2.4632600e+04   0.0000000e+00
   2.6879300e+04   1.9999362e-02
   2.9330800e+04   0.0000000e+00
   3.2006000e+04   0.0000000e+00
   3.4925200e+04   9.9999262e-03
   3.8110600e+04   1.0000104e-02
   4.1586600e+04   0.0000000e+00
   4.5379600e+04   0.0000000e+00
   4.9518500e+04   0.0000000e+00
   5.4034900e+04   0.0000000e+00
   5.8963300e+04   0.0000000e+00
   6.4341200e+04   0.0000000e+00
   7.0209500e+04   0.0000000e+00
   7.6613200e+04   0.0000000e+00
   8.3600800e+04   0.0000000e+00
   9.1225800e+04   1.0000076e-02
   9.9546300e+04   0.0000000e+00
   1.0862600e+05   0.0000000e+00
   1.1853300e+05   9.9999480e-03
   1.2934400e+05   0.0000000e+00
   1.4114100e+05   0.0000000e+00
   1.5401400e+05   0.0000000e+00
   1.6806100e+05   0.0000000e+00
   1.8339000e+05   0.0000000e+00
   2.0011600e+05   0.0000000e+00
   2.1836800e+05   0.0000000e+00
   2.3828500e+05   0.0000000e+00
   2.6001800e+05   0.0000000e+00
   2.8373400e+05   0.0000000e+00
   3.0961200e+05   0.0000000e+00
   3.3785100e+05   0.0000000e+00
   3.6866600e+05   0.0000000e+00
   4.0229100e+05   0.0000000e+00
   4.3898200e+05   0.0000000e+00
   4.7902100e+05   0.0000000e+00
   5.2271100e+05   0.0000000e+00
   5.7038600e+05   9.9999651e-03
   6.2240900e+05   0.0000000e+00
   6.7917700e+05   0.0000000e+00
   7.4112300e+05   0.0000000e+00
   8.0871800e+05   1.0000000e-02
