-5 -1.23958 -3.68741 -0.712818 0.000542073
-1.77923 -1.72832 -1.05372 -1.57478 0.000908267
1.12465 0.46667 1.64119 1.15788 0.000997428
-4.50401 -2.80352 -4.10287 -1.76975 0.000986023
4.42673 -2.30897 4.90047 -1.75317 0.000954581
-0.0175188 0.58513 0.671134 1.03633 0.000956223
3.52308 -1.6063 3.92648 -0.980555 0.000957005
-3.56997 -4.66467 -5 -3.65252 0.000888804
1.86866 3.19834 2.80707 3.8932 0.000979129
-3.51917 1.53632 -3.23818 1.24312 0.000709714
-2.06648 -5 -2.13879 -4.42078 0.000448264
4.61501 -1.18222 4.90702 -1.74549 0.00097806
2.77544 4.20384 2.58805 5 0.000979739
3.30503 -2.46692 3.11047 -2.22889 0.000927915
5 -1.83741 4.94628 -1.78951 0.000439963
1.84757 0.00888714 1.82224 0.996424 0.000861139
0.192459 -1.81861 0.0835574 -1.3341 0.000912131
5 -3.21998 4.97758 -3.28284 0.000737491
-1.34898 -3.16182 -1.5999 -2.03448 0.000980588
5 0.709589 3.95909 -0.909164 0.000676334
-2.88837 1.04107 -3.08162 1.07976 0.00096932
1.82441 3.13139 1.28036 5 0.000892518
-1.8351 -1.35349 -1.05372 -1.57478 0.00076292
2.08779 0.477972 2.98661 -0.235009 0.000794748
-3.06195 -4.59436 -3.68741 -0.712818 0.000762126
1.45226 -4.38694 1.6947 -3.90415 0.000983815
3.96711 -4.23326 3.61866 -5 0.000978022
-4.0791 1.30297 -4.02748 1.39758 0.000902173
5 1.40927 3.09963 -0.142712 0.000715505
4.29135 -3.52552 4.31509 -3.09523 0.00094394
-0.123822 1.20726 -0.6727 1.21358 0.000781955
3.21358 -4.84275 3.08496 -3.21622 0.000935912
-5 4.20548 -3.25576 4.52668 0.000522602
-2.24357 1.61509 -2.94265 2.01855 0.000789595
1.66947 -5 1.54349 -4.66577 0.000657203
0.671134 1.03633 1.43413 1.34253 0.000542073
0.671134 1.03633 1.14593 1.3474 0.000956223
-2.00916 -0.0393125 -0.438088 0.59118 0.000542073
-2.00916 -0.0393125 -0.624667 -1.48398 0.000709714
-2.65348 -0.297885 -2.00916 -0.0393125 0.000542073
-2.65348 -0.297885 -2.78709 0.772428 0.000448264
-3.68741 -0.712818 -2.65348 -0.297885 0.000542073
-3.68741 -0.712818 -4.00401 1.25194 0.000762126
0.0835574 -1.3341 0.218473 -1.30555 0.000908267
0.0835574 -1.3341 -0.217863 0.00694078 0.000912131
-1.05372 -1.57478 -0.624667 -1.48398 0.000908267
-1.05372 -1.57478 -0.345409 -1.77537 0.00076292
1.64119 1.15788 1.73468 1.28298 0.000997428
1.64119 1.15788 1.43413 1.34253 0.000439963
4.90702 -1.74549 5 -1.6364 0.000954581
4.90702 -1.74549 4.9157 -1.76224 0.00097806
4.90266 -1.75061 4.90702 -1.74549 0.000954581
4.90266 -1.75061 3.96761 -0.916755 0.000439963
4.90047 -1.75317 4.90266 -1.75061 0.000954581
4.90047 -1.75317 4.91835 -1.76736 0.000794748
3.92648 -0.980555 3.96761 -0.916755 0.000957005
3.92648 -0.980555 4.90047 -1.75317 0.000794748
-3.08162 1.07976 -2.78709 0.772428 0.000709714
-3.08162 1.07976 -3.93782 1.25118 0.00096932
-3.23818 1.24312 -3.08162 1.07976 0.000709714
-3.23818 1.24312 -3.93782 1.25118 0.000781955
-2.13879 -4.42078 -2.65348 -0.297885 0.000448264
-2.13879 -4.42078 -2.84804 -5 0.000715505
3.11047 -2.22889 2.20416 -1.12008 0.000927915
3.11047 -2.22889 2.82479 -2.67317 0.000676334
4.9157 -1.76224 4.90266 -1.75061 0.000439963
4.9157 -1.76224 4.91835 -1.76736 0.00097806
4.94628 -1.78951 4.9157 -1.76224 0.000439963
4.94628 -1.78951 5 -1.83212 0.000794748
1.8095 1.49317 1.76924 3.06282 0.000861139
1.8095 1.49317 5 2.77356 0.000542073
1.82224 0.996424 1.8095 1.49317 0.000861139
1.82224 0.996424 1.64119 1.15788 0.000439963
4.97758 -3.28284 4.36536 -5 0.000737491
4.97758 -3.28284 5 -3.28919 0.00076292
3.91768 -0.973574 3.11047 -2.22889 0.000676334
3.91768 -0.973574 3.92648 -0.980555 0.000794748
3.95909 -0.909164 3.91768 -0.973574 0.000676334
3.95909 -0.909164 3.09963 -0.142712 0.000439963
2.98661 -0.235009 3.91768 -0.973574 0.000794748
2.98661 -0.235009 0.72817 -2.07941 0.000715505
1.6947 -3.90415 1.95817 -3.37951 0.000983815
1.6947 -3.90415 1.8973 -4.11555 0.000709714
-3.51006 2.34602 -3.08158 3.13142 0.000902173
-3.51006 2.34602 -4.24904 2.77249 0.000789595
-4.02748 1.39758 -3.51006 2.34602 0.000902173
-4.02748 1.39758 -4.24904 2.77249 0.000762126
3.09963 -0.142712 2.98661 -0.235009 0.000715505
3.09963 -0.142712 1.82224 0.996424 0.000439963
4.31509 -3.09523 4.3757 -1.99678 0.00094394
4.31509 -3.09523 4.97758 -3.28284 0.00076292
-0.6727 1.21358 -2.84529 1.2386 0.000781955
-0.6727 1.21358 -1.81273 4.23799 0.000657203
-3.25576 4.52668 -2.32803 4.69752 0.000522602
-3.25576 4.52668 -3.31485 5 0.000448264
-2.94265 2.01855 -3.51006 2.34602 0.000789595
-2.94265 2.01855 -3.08158 3.13142 0.000448264
-0.438088 0.59118 -0.6727 1.21358 0.000657203
-0.438088 0.59118 0.671134 1.03633 0.000542073
0.972231 -3.15028 0.606139 -2.17907 0.000657203
0.972231 -3.15028 1.6947 -3.90415 0.000709714
1.54349 -4.66577 0.972231 -3.15028 0.000657203
1.54349 -4.66577 1.32857 -5 0.000676334
1.43413 1.34253 1.8095 1.49317 0.000542073
1.43413 1.34253 -1.81273 4.23799 0.000439963
-0.624667 -1.48398 -0.345409 -1.77537 0.000709714
-0.624667 -1.48398 0.0835574 -1.3341 0.000908267
-2.78709 0.772428 -2.84529 1.2386 0.000448264
-2.78709 0.772428 -2.00916 -0.0393125 0.000709714
-4.00609 1.26485 -4.02748 1.39758 0.000762126
-4.00609 1.26485 -4.12161 1.28798 0.00096932
-4.00401 1.25194 -4.00609 1.26485 0.000762126
-4.00401 1.25194 -5 1.26341 0.000781955
-0.217863 0.00694078 -0.241286 0.11115 0.000912131
-0.217863 0.00694078 -0.438088 0.59118 0.000657203
2.82479 -2.67317 4.31509 -3.09523 0.00076292
2.82479 -2.67317 1.8973 -4.11555 0.000676334
0.72817 -2.07941 2.82479 -2.67317 0.00076292
0.72817 -2.07941 0.606139 -2.17907 0.000715505
0.549501 -2.02881 0.72817 -2.07941 0.00076292
0.549501 -2.02881 -0.217863 0.00694078 0.000657203
-0.345409 -1.77537 0.549501 -2.02881 0.00076292
-0.345409 -1.77537 0.289384 -2.43776 0.000709714
3.96761 -0.916755 3.95909 -0.909164 0.000439963
3.96761 -0.916755 4.27218 -0.444309 0.000957005
4.91835 -1.76736 4.94628 -1.78951 0.000794748
4.91835 -1.76736 5 -1.92485 0.00097806
-3.93782 1.25118 -4.00609 1.26485 0.00096932
-3.93782 1.25118 -4.00401 1.25194 0.000781955
1.8973 -4.11555 2.74491 -5 0.000709714
1.8973 -4.11555 1.54349 -4.66577 0.000676334
-3.08158 3.13142 -3.05041 3.18856 0.000902173
-3.08158 3.13142 -3.25576 4.52668 0.000448264
-4.24904 2.77249 -5 3.20589 0.000789595
-4.24904 2.77249 -4.31078 3.1557 0.000762126
-2.84529 1.2386 -3.23818 1.24312 0.000781955
-2.84529 1.2386 -2.94265 2.01855 0.000448264
-2.00815 4.75643 -2.09996 5 0.000657203
-2.00815 4.75643 -0.685492 5 0.000522602
-1.81273 4.23799 -2.00815 4.75643 0.000657203
-1.81273 4.23799 -2.32803 4.69752 0.000439963
-2.32803 4.69752 -2.00815 4.75643 0.000522602
-2.32803 4.69752 -2.66722 5 0.000439963
0.606139 -2.17907 0.549501 -2.02881 0.000657203
0.606139 -2.17907 0.289384 -2.43776 0.000715505
0.289384 -2.43776 0.972231 -3.15028 0.000709714
0.289384 -2.43776 -2.13879 -4.42078 0.000715505
