-2.12904 -0.0874227 -0.42224 0.59754 0.000542073
-1.47938 -1.66486 -0.195042 -1.39306 0.000908267
1.12752 0.470506 1.17752 0.537415 0.000997428
-4.49391 -2.77749 -4.11297 -1.79578 0.000986023
4.49868 -2.22455 4.85816 -1.80281 0.000954581
0.0709565 0.643098 0.671134 1.03633 0.000956223
3.57908 -1.51943 3.92648 -0.980555 0.000957005
-3.91824 -4.41817 -5 -3.65252 0.000888804
1.90365 3.22425 2.77208 3.86729 0.000979129
2.53709 -4.78315 1.6947 -3.90415 0.000709714
-2.06648 -5 -2.22272 -3.74845 0.000448264
4.63622 -1.22313 4.90702 -1.74549 0.00097806
2.7658 4.24483 2.58805 5 0.000979739
3.17194 -2.30409 3.11047 -2.22889 0.000927915
5 -1.83741 4.95861 -1.8005 0.000439963
1.83081 0.662224 1.82878 0.741435 0.000861139
0.129793 -1.5398 0.0770041 -1.30494 0.000912131
5 -3.21998 4.52766 -4.54477 0.000737491
-1.3577 -3.12265 -1.5461 -2.2762 0.000980588
2.3038 -3.48338 2.58149 -3.05153 0.000676334
-2.95516 1.05444 -3.93782 1.25118 0.00096932
1.71216 3.51693 1.28552 4.98228 0.000892518
3.25311 -2.79447 2.82479 -2.67317 0.00076292
3.37312 -0.541607 3.91768 -0.973574 0.000794748
-3.4635 -2.10238 -3.69677 -0.654772 0.000762126
1.46697 -4.35764 1.66316 -3.96696 0.000983815
3.94801 -4.27529 3.61866 -5 0.000978022
-3.9157 1.60248 -3.2401 2.84085 0.000902173
-0.652376 -3.20686 -0.623154 -3.183 0.000715505
4.29944 -3.37889 4.36761 -2.14341 0.00094394
-2.06758 1.22965 -2.84529 1.2386 0.000781955
3.19961 -4.66617 3.10361 -3.45214 0.000935912
-5 4.20548 -4.54414 4.28943 0.000522602
-3.76521 2.49327 -4.05167 2.65859 0.000789595
-0.79349 1.53403 -0.895872 1.80564 0.000657203
4.18949 -0.599176 4.17861 -0.589458 0.000987751
-2.39219 -0.890723 -2.62621 -0.516317 0.000996146
0.466003 -1.42838 0.572935 -1.51043 0.000624369
-0.0753058 4.49214 1.17291 4.72093 0.000937557
0.240338 -2.02058 0.572935 -1.51043 0.00086534
1.67603 0.772986 1.66463 0.94574 0.000771317
3.13277 0.386082 3.1068 0.508077 0.000760738
-0.250589 -1.20238 -0.195042 -1.39306 0.000643636
-2.32 -1.17085 -2.55552 -1.08256 0.000762817
-1.45186 -2.16869 -1.59213 -1.01302 0.00085777
0.797225 -4.08064 1.61287 -3.81876 0.000747145
-5 0.131747 -4.81479 -0.23569 0.000620857
2.23356 1.39745 2.33328 1.70337 0.000990258
-2.14034 -1.14432 -1.59213 -1.01302 0.000977765
-2.82093 -4.30309 -2.7825 -4.26745 0.000887565
2.81647 2.83163 3.30289 3.34619 0.000950182
-4.87902 1.62291 -4.21755 2.75432 0.000609171
2.37509 -0.190651 2.26189 0.0024874 0.000962901
-2.5972 -1.18936 -2.73256 -1.0162 0.000930994
2.85311 -1.84895 3.36232 -1.83724 0.000763699
-2.96005 1.39928 -2.86762 1.41748 0.0007882
1.13861 -0.645055 1.13763 -0.644274 0.000600771
1.43154 -5 1.66316 -3.96696 0.000402185
3.66174 0.301896 3.65475 0.337423 0.000904421
3.2148 -4.06798 3.42026 -5 0.000969834
4.73036 0.250585 4.70611 0.252544 0.000688032
-5 4.56958 -4.72893 4.90135 0.000903306
-4.04672 2.64221 -4.05167 2.65859 0.000722602
1.20388 -1.38058 1.63973 -1.33497 0.000892519
2.68257 -4.19751 3.02013 -5 0.00094738
-4.15797 -3.83914 -3.26711 -3.30605 0.000487994
2.90966 1.44702 2.90603 1.45103 0.000919722
-0.264272 0.176588 -0.0172176 0.275101 0.000731045
2.73405 3.61632 2.10357 2.33942 0.000550965
0.671134 1.03633 1.43413 1.34253 0.000542073
0.671134 1.03633 1.05745 1.28944 0.000956223
-0.42224 0.59754 0.671134 1.03633 0.000542073
-0.42224 0.59754 -1.7328 1.64088 0.000600771
-0.195042 -1.39306 -0.0813775 -1.369 0.000908267
-0.195042 -1.39306 -0.176517 -1.45665 0.000643636
1.64119 1.15788 1.64986 1.16948 0.000997428
1.64119 1.15788 1.55717 1.2328 0.000439963
1.17752 0.537415 1.28452 0.680596 0.000997428
1.17752 0.537415 0.73102 0.573462 0.000688032
4.90702 -1.74549 5 -1.6364 0.000954581
4.90702 -1.74549 4.9157 -1.76224 0.00097806
4.90266 -1.75061 4.90702 -1.74549 0.000954581
4.90266 -1.75061 3.96761 -0.916755 0.000439963
4.90047 -1.75317 4.90266 -1.75061 0.000954581
4.90047 -1.75317 4.91835 -1.76736 0.000794748
4.85816 -1.80281 4.90047 -1.75317 0.000954581
4.85816 -1.80281 4.93581 -1.80102 0.000763699
3.92648 -0.980555 3.96761 -0.916755 0.000957005
3.92648 -0.980555 4.90047 -1.75317 0.000794748
1.6947 -3.90415 1.68056 -3.88939 0.000709714
1.6947 -3.90415 1.76156 -3.77102 0.000983815
-2.84529 1.2386 -2.86762 1.41748 0.000448264
-2.84529 1.2386 -3.93782 1.25118 0.000781955
-2.62621 -0.516317 -2.84529 1.2386 0.000448264
-2.62621 -0.516317 -2.92977 -0.0306482 0.000996146
-2.55552 -1.08256 -2.62621 -0.516317 0.000448264
-2.55552 -1.08256 -2.73256 -1.0162 0.000762817
-2.22272 -3.74845 -2.3467 -2.75528 0.000448264
-2.22272 -3.74845 -1.678 -3.2434 0.000887565
3.11047 -2.22889 2.33725 -1.28291 0.000927915
3.11047 -2.22889 3.36232 -1.83724 0.000676334
4.9157 -1.76224 4.90266 -1.75061 0.000439963
4.9157 -1.76224 4.91835 -1.76736 0.00097806
4.94628 -1.78951 4.9157 -1.76224 0.000439963
4.94628 -1.78951 4.96009 -1.80047 0.000794748
4.95861 -1.8005 4.94628 -1.78951 0.000439963
4.95861 -1.8005 4.96009 -1.80047 0.000763699
1.82878 0.741435 1.82224 0.996424 0.000861139
1.82878 0.741435 1.7939 0.800946 0.000962901
0.0770041 -1.30494 -0.17862 -0.167655 0.000912131
0.0770041 -1.30494 0.399404 -1.11202 0.000487994
4.52766 -4.54477 4.36536 -5 0.000737491
4.52766 -4.54477 5 -4.90719 0.000624369
-1.5461 -2.2762 -1.59118 -2.07365 0.000980588
-1.5461 -2.2762 -0.176517 -1.45665 0.000487994
2.82479 -2.67317 3.11047 -2.22889 0.000676334
2.82479 -2.67317 2.00529 -2.44109 0.00076292
2.58149 -3.05153 2.82479 -2.67317 0.000676334
2.58149 -3.05153 3.00069 -3.37318 0.000624369
-3.93782 1.25118 -4.05482 1.27461 0.00096932
-3.93782 1.25118 -4.60156 1.25882 0.000781955
3.91768 -0.973574 3.92648 -0.980555 0.000794748
3.91768 -0.973574 3.95909 -0.909164 0.000676334
-3.69677 -0.654772 -3.90923 0.663727 0.000762126
-3.69677 -0.654772 -4.81479 -0.23569 0.000762817
1.66316 -3.96696 1.6947 -3.90415 0.000983815
1.66316 -3.96696 1.68056 -3.88939 0.000402185
-3.2401 2.84085 -3.21381 2.88905 0.000902173
-3.2401 2.84085 -3.87259 3.34437 0.000600771
1.01219 -1.84746 1.63973 -1.33497 0.000715505
1.01219 -1.84746 1.65753 -2.34261 0.000624369
-0.623154 -3.183 0.143899 -2.55657 0.000715505
-0.623154 -3.183 -1.52031 -5 0.000550965
3.10361 -3.45214 3.09892 -3.3928 0.000935912
3.10361 -3.45214 4.52766 -4.54477 0.000624369
-2.00815 4.75643 -0.685492 5 0.000522602
-2.00815 4.75643 -2.09996 5 0.000657203
-3.17238 4.54204 -2.32803 4.69752 0.000522602
-3.17238 4.54204 -2.90464 5 0.000609171
-4.54414 4.28943 -3.25576 4.52668 0.000522602
-4.54414 4.28943 -4.72893 4.90135 0.000722602
-4.21755 2.75432 -5 3.20589 0.000789595
-4.21755 2.75432 -4.12723 2.90882 0.000609171
-4.05167 2.65859 -4.21755 2.75432 0.000789595
-4.05167 2.65859 -4.12723 2.90882 0.000722602
-0.895872 1.80564 -1.81273 4.23799 0.000657203
-0.895872 1.80564 -0.549442 1.87384 0.0007882
4.17861 -0.589458 4.16976 -0.581555 0.000987751
4.17861 -0.589458 4.21618 -0.531179 0.000957005
0.572935 -1.51043 1.01219 -1.84746 0.000624369
0.572935 -1.51043 1.10984 -0.686897 0.00086534
1.66463 0.94574 1.65121 1.14894 0.000771317
1.66463 0.94574 1.81281 1.00483 0.000731045
2.90603 1.45103 2.89236 1.51524 0.000760738
2.90603 1.45103 2.88354 1.47592 0.000919722
3.1068 0.508077 2.90603 1.45103 0.000760738
3.1068 0.508077 3.567 0.783461 0.000487994
-1.59213 -1.01302 -1.66562 -0.407497 0.00085777
-1.59213 -1.01302 -1.08406 -0.891341 0.000977765
1.61287 -3.81876 1.70287 -3.78987 0.000747145
1.61287 -3.81876 0.289384 -2.43776 0.000709714
-2.7825 -4.26745 -2.41324 -5 0.000620857
-2.7825 -4.26745 -2.22272 -3.74845 0.000887565
-3.26711 -3.30605 -2.7825 -4.26745 0.000620857
-3.26711 -3.30605 -2.3467 -2.75528 0.000487994
-4.81479 -0.23569 -3.26711 -3.30605 0.000620857
-4.81479 -0.23569 -4.93423 -0.190917 0.000762817
2.33328 1.70337 2.42472 1.98388 0.000990258
2.33328 1.70337 2.58636 1.80493 0.000542073
3.30289 3.34619 3.64592 3.70907 0.000950182
3.30289 3.34619 3.6737 5 0.000402185
1.98665 0.472092 1.82878 0.741435 0.000962901
1.98665 0.472092 1.21243 0.534597 0.000688032
2.26189 0.0024874 1.98665 0.472092 0.000962901
2.26189 0.0024874 2.59831 0.203802 0.000487994
-2.73256 -1.0162 -3.39948 -0.16303 0.000930994
-2.73256 -1.0162 -3.69677 -0.654772 0.000762817
3.36232 -1.83724 4.85816 -1.80281 0.000763699
3.36232 -1.83724 3.91768 -0.973574 0.000676334
-1.7328 1.64088 -0.895872 1.80564 0.0007882
-1.7328 1.64088 -3.02381 2.66866 0.000600771
-2.86762 1.41748 -1.7328 1.64088 0.0007882
-2.86762 1.41748 -3.02381 2.66866 0.000448264
-0.0172176 0.275101 -0.42224 0.59754 0.000600771
-0.0172176 0.275101 0.73102 0.573462 0.000731045
0.77349 -0.354384 -0.0172176 0.275101 0.000600771
0.77349 -0.354384 0.399404 -1.11202 0.000550965
1.13763 -0.644274 0.77349 -0.354384 0.000600771
1.13763 -0.644274 1.17739 -0.583277 0.00086534
3.65475 0.337423 3.567 0.783461 0.000904421
3.65475 0.337423 2.92065 0.396688 0.000688032
4.70611 0.252544 3.65475 0.337423 0.000688032
4.70611 0.252544 4.74066 0.306275 0.000676334
-4.72893 4.90135 -4.64832 5 0.000903306
-4.72893 4.90135 -4.75872 5 0.000722602
2.26804 -1.26922 2.72179 -1.22173 0.000892519
2.26804 -1.26922 2.59831 0.203802 0.000402185
1.63973 -1.33497 2.26804 -1.26922 0.000892519
1.63973 -1.33497 2.13239 -0.932623 0.000715505
1.65514 1.43122 1.63524 1.39091 0.000550965
1.65514 1.43122 1.8095 1.49317 0.000542073
1.80339 1.73146 1.65514 1.43122 0.000550965
1.80339 1.73146 1.786 2.40949 0.000861139
2.10357 2.33942 1.80339 1.73146 0.000550965
2.10357 2.33942 1.99578 2.45875 0.000919722
1.43413 1.34253 1.63316 1.4224 0.000542073
1.43413 1.34253 -1.81273 4.23799 0.000439963
-0.176517 -1.45665 -0.025955 -1.9735 0.000643636
-0.176517 -1.45665 0.0770041 -1.30494 0.000487994
1.64986 1.16948 1.73181 1.27914 0.000997428
1.64986 1.16948 1.63524 1.39091 0.000771317
1.55717 1.2328 1.43413 1.34253 0.000439963
1.55717 1.2328 1.35434 0.822014 0.000550965
1.40542 0.84238 1.64119 1.15788 0.000997428
1.40542 0.84238 1.66463 0.94574 0.000731045
1.28452 0.680596 1.40542 0.84238 0.000997428
1.28452 0.680596 1.21243 0.534597 0.000550965
0.73102 0.573462 0.539061 0.588959 0.000688032
0.73102 0.573462 1.35434 0.822014 0.000731045
3.96761 -0.916755 3.95909 -0.909164 0.000439963
3.96761 -0.916755 4.17861 -0.589458 0.000957005
4.91835 -1.76736 4.94628 -1.78951 0.000794748
4.91835 -1.76736 4.93581 -1.80102 0.00097806
4.93581 -1.80102 4.95861 -1.8005 0.000763699
4.93581 -1.80102 5 -1.92485 0.00097806
1.68056 -3.88939 1.61287 -3.81876 0.000709714
1.68056 -3.88939 1.70287 -3.78987 0.000402185
1.76156 -3.77102 1.94346 -3.40881 0.000983815
1.76156 -3.77102 3.00069 -3.37318 0.000747145
-2.3467 -2.75528 -2.55552 -1.08256 0.000448264
-2.3467 -2.75528 -1.5461 -2.2762 0.000487994
4.96009 -1.80047 5 -1.83212 0.000794748
4.96009 -1.80047 5 -1.79955 0.000763699
1.82193 1.00847 1.8095 1.49317 0.000861139
1.82193 1.00847 2.80231 1.39939 0.000731045
1.82224 0.996424 1.82193 1.00847 0.000861139
1.82224 0.996424 1.81281 1.00483 0.000439963
1.10984 -0.686897 2.26189 0.0024874 0.000487994
1.10984 -0.686897 1.13763 -0.644274 0.00086534
0.399404 -1.11202 1.10984 -0.686897 0.000487994
0.399404 -1.11202 -0.025955 -1.9735 0.000550965
1.65753 -2.34261 0.72817 -2.07941 0.00076292
1.65753 -2.34261 1.97308 -2.58472 0.000624369
2.00529 -2.44109 1.65753 -2.34261 0.00076292
2.00529 -2.44109 2.26804 -1.26922 0.000402185
3.00069 -3.37318 3.10361 -3.45214 0.000624369
3.00069 -3.37318 3.68139 -3.15463 0.000747145
4.16976 -0.581555 4.70611 0.252544 0.000676334
4.16976 -0.581555 3.40912 0.0977657 0.000987751
3.95909 -0.909164 4.16976 -0.581555 0.000676334
3.95909 -0.909164 2.66578 0.244176 0.000439963
-3.87259 3.34437 -4.38097 3.7491 0.000600771
-3.87259 3.34437 -3.24267 4.42182 0.000609171
0.289384 -2.43776 0.72817 -2.07941 0.000715505
0.289384 -2.43776 0.0306368 -2.16776 0.000709714
0.143899 -2.55657 0.289384 -2.43776 0.000715505
0.143899 -2.55657 0.855691 -5 0.000643636
-2.32803 4.69752 -2.00815 4.75643 0.000522602
-2.32803 4.69752 -2.66722 5 0.000439963
-3.25576 4.52668 -3.17238 4.54204 0.000522602
-3.25576 4.52668 -3.31485 5 0.000448264
-4.12723 2.90882 -3.87259 3.34437 0.000609171
-4.12723 2.90882 -4.38097 3.7491 0.000722602
-1.81273 4.23799 -2.00815 4.75643 0.000657203
-1.81273 4.23799 -2.32803 4.69752 0.000439963
1.65121 1.14894 1.64986 1.16948 0.000771317
1.65121 1.14894 1.64119 1.15788 0.000439963
1.81281 1.00483 1.82193 1.00847 0.000731045
1.81281 1.00483 1.65121 1.14894 0.000439963
2.81145 1.89526 2.54513 3.14611 0.000760738
2.81145 1.89526 2.99399 1.96852 0.000542073
2.89236 1.51524 2.81145 1.89526 0.000760738
2.89236 1.51524 2.99399 1.96852 0.000402185
2.42472 1.98388 2.10357 2.33942 0.000919722
2.42472 1.98388 2.55482 2.38299 0.000990258
2.58636 1.80493 2.42472 1.98388 0.000919722
2.58636 1.80493 2.81145 1.89526 0.000542073
2.88354 1.47592 2.58636 1.80493 0.000919722
2.88354 1.47592 2.89236 1.51524 0.000402185
3.567 0.783461 5 1.64096 0.000487994
3.567 0.783461 3.38148 1.72652 0.000904421
1.70287 -3.78987 1.76156 -3.77102 0.000747145
1.70287 -3.78987 1.97308 -2.58472 0.000402185
1.21243 0.534597 1.17752 0.537415 0.000688032
1.21243 0.534597 0.77349 -0.354384 0.000550965
2.92065 0.396688 3.1068 0.508077 0.000487994
2.92065 0.396688 2.64652 0.418819 0.000688032
2.59831 0.203802 2.66578 0.244176 0.000487994
2.59831 0.203802 2.6171 0.28759 0.000402185
-3.02381 2.66866 -3.2401 2.84085 0.000600771
-3.02381 2.66866 -3.24267 4.42182 0.000448264
1.63524 1.39091 1.55717 1.2328 0.000550965
1.63524 1.39091 1.63316 1.4224 0.000771317
1.8095 1.49317 2.33328 1.70337 0.000542073
1.8095 1.49317 1.80339 1.73146 0.000861139
1.63316 1.4224 1.65514 1.43122 0.000542073
1.63316 1.4224 1.49992 3.44051 0.000771317
-0.025955 -1.9735 0.0306368 -2.16776 0.000643636
-0.025955 -1.9735 -0.623154 -3.183 0.000550965
1.35434 0.822014 1.28452 0.680596 0.000550965
1.35434 0.822014 1.40542 0.84238 0.000731045
0.72817 -2.07941 0.568311 -2.03414 0.00076292
0.72817 -2.07941 1.01219 -1.84746 0.000715505
1.97308 -2.58472 2.58149 -3.05153 0.000624369
1.97308 -2.58472 2.00529 -2.44109 0.000402185
2.45237 0.434493 1.82224 0.996424 0.000439963
2.45237 0.434493 1.98665 0.472092 0.000688032
2.66578 0.244176 2.6171 0.28759 0.000439963
2.66578 0.244176 2.92065 0.396688 0.000487994
-4.38097 3.7491 -4.58455 3.91117 0.000600771
-4.38097 3.7491 -4.54414 4.28943 0.000722602
-3.24267 4.42182 -3.17238 4.54204 0.000609171
-3.24267 4.42182 -3.25576 4.52668 0.000448264
0.0306368 -2.16776 -0.0325089 -2.10187 0.000709714
0.0306368 -2.16776 0.143899 -2.55657 0.000643636
2.99399 1.96852 5 2.77356 0.000542073
2.99399 1.96852 3.30289 3.34619 0.000402185
2.64652 0.418819 2.45237 0.434493 0.000688032
2.64652 0.418819 2.88354 1.47592 0.000402185
2.6171 0.28759 2.64652 0.418819 0.000402185
2.6171 0.28759 2.45237 0.434493 0.000439963
