-2.12904 -0.0874227 -0.42224 0.59754 0.000542073
-1.47938 -1.66486 -0.195042 -1.39306 0.000908267
1.12752 0.470506 1.17752 0.537415 0.000997428
-4.49391 -2.77749 -4.11297 -1.79578 0.000986023
4.49868 -2.22455 4.85816 -1.80281 0.000954581
0.0709565 0.643098 0.671134 1.03633 0.000956223
3.57908 -1.51943 3.92648 -0.980555 0.000957005
-3.91824 -4.41817 -5 -3.65252 0.000888804
1.90365 3.22425 2.53008 3.6881 0.000979129
2.53709 -4.78315 1.6947 -3.90415 0.000709714
-2.06648 -5 -2.22272 -3.74845 0.000448264
4.63622 -1.22313 4.90702 -1.74549 0.00097806
2.7658 4.24483 2.58805 5 0.000979739
3.17194 -2.30409 3.11047 -2.22889 0.000927915
5 -1.83741 4.95861 -1.8005 0.000439963
1.83081 0.662224 1.82878 0.741435 0.000861139
0.129793 -1.5398 0.0770041 -1.30494 0.000912131
5 -3.21998 4.91309 -3.46375 0.000737491
-1.3577 -3.12265 -1.5461 -2.2762 0.000980588
2.3038 -3.48338 2.58149 -3.05153 0.000676334
-2.95516 1.05444 -3.93782 1.25118 0.00096932
1.71216 3.51693 1.28552 4.98228 0.000892518
3.25311 -2.79447 3.2479 -2.793 0.00076292
3.37312 -0.541607 3.91768 -0.973574 0.000794748
-3.4635 -2.10238 -3.69677 -0.654772 0.000762126
1.46697 -4.35764 1.66316 -3.96696 0.000983815
3.94801 -4.27529 3.61866 -5 0.000978022
-3.9157 1.60248 -3.2401 2.84085 0.000902173
-0.652376 -3.20686 -0.623154 -3.183 0.000715505
4.29944 -3.37889 4.31467 -3.10289 0.00094394
-2.06758 1.22965 -2.84529 1.2386 0.000781955
3.19961 -4.66617 3.10361 -3.45214 0.000935912
-5 4.20548 -4.54414 4.28943 0.000522602
-3.76521 2.49327 -4.05167 2.65859 0.000789595
-0.79349 1.53403 -0.895872 1.80564 0.000657203
4.18949 -0.599176 4.17861 -0.589458 0.000987751
-2.39219 -0.890723 -2.62621 -0.516317 0.000996146
0.466003 -1.42838 0.572935 -1.51043 0.000624369
-0.0753058 4.49214 1.17291 4.72093 0.000937557
0.240338 -2.02058 0.572935 -1.51043 0.00086534
1.67603 0.772986 1.66463 0.94574 0.000771317
3.13277 0.386082 3.1068 0.508077 0.000760738
-0.250589 -1.20238 -0.195042 -1.39306 0.000643636
-2.32 -1.17085 -2.55552 -1.08256 0.000762817
-1.45186 -2.16869 -1.54686 -1.38598 0.00085777
0.797225 -4.08064 1.61287 -3.81876 0.000747145
-5 0.131747 -4.95458 0.0416334 0.000620857
2.23356 1.39745 2.33328 1.70337 0.000990258
-2.14034 -1.14432 -2.0916 -1.13265 0.000977765
-2.82093 -4.30309 -2.7825 -4.26745 0.000887565
2.81647 2.83163 3.05254 3.08136 0.000950182
-4.87902 1.62291 -4.21755 2.75432 0.000609171
2.37509 -0.190651 2.26189 0.0024874 0.000962901
-2.5972 -1.18936 -2.73256 -1.0162 0.000930994
2.85311 -1.84895 3.36232 -1.83724 0.000763699
-2.96005 1.39928 -2.86762 1.41748 0.0007882
1.13861 -0.645055 1.13763 -0.644274 0.000600771
1.43154 -5 1.66316 -3.96696 0.000402185
3.66174 0.301896 3.65475 0.337423 0.000904421
3.2148 -4.06798 3.42026 -5 0.000969834
4.73036 0.250585 4.70611 0.252544 0.000688032
-5 4.56958 -4.72893 4.90135 0.000903306
-4.04672 2.64221 -4.05167 2.65859 0.000722602
1.20388 -1.38058 1.63973 -1.33497 0.000892519
2.68257 -4.19751 3.02013 -5 0.00094738
-4.15797 -3.83914 -3.26711 -3.30605 0.000487994
2.90966 1.44702 2.90603 1.45103 0.000919722
-0.264272 0.176588 -0.0172176 0.275101 0.000731045
2.73405 3.61632 2.57528 3.29477 0.000550965
2.74729 -0.322214 2.78115 0.123587 0.000885489
-1.64555 -0.910237 -1.60784 -0.88357 0.000511385
3.20748 -0.743334 2.78115 0.123587 0.000681688
-2.74795 0.657167 -2.77187 0.650494 0.000711661
-1.1915 2.04933 -1.77462 4.13688 0.000702319
4.19661 -2.8762 4.31467 -3.10289 0.000741586
0.588383 1.16788 0.884695 1.17625 0.000932928
4.5328 -4.44585 4.23652 -4.06473 0.000765419
4.7827 -1.18296 4.9664 1.19571 0.000647674
-2.33928 3.50451 -2.50682 4.6646 0.000898311
3.97418 2.18298 3.9763 2.36273 0.000651843
0.385685 4.0752 -1.11841 4.90077 0.000865342
4.4798 2.44315 4.33643 2.50726 0.000797947
2.32805 2.37553 2.42165 2.98362 0.000839424
-1.95467 -2.37043 -2.0916 -1.13265 0.000813661
4.92151 -4.52788 4.60902 -4.31659 0.000693439
0.537626 1.97429 -0.746201 3.28689 0.000720682
3.71921 3.35204 3.91152 3.01956 0.000724397
2.3506 1.83426 2.29245 1.8746 0.000627081
2.98647 3.90099 1.96251 5 0.000889587
-4.46545 0.0699321 -4.43546 0.186439 0.000873859
-4.2333 2.88899 -4.14058 2.95304 0.000963247
-1.51791 -1.50204 -1.54686 -1.38598 0.000917713
3.44553 -3.35871 3.70194 -3.37706 0.000778868
0.671134 1.03633 1.03002 1.18035 0.000542073
0.671134 1.03633 0.884695 1.17625 0.000956223
-0.42224 0.59754 0.671134 1.03633 0.000542073
-0.42224 0.59754 -1.7328 1.64088 0.000600771
-0.195042 -1.39306 -0.0813775 -1.369 0.000908267
-0.195042 -1.39306 -0.176517 -1.45665 0.000643636
1.64119 1.15788 1.64986 1.16948 0.000997428
1.64119 1.15788 1.59801 1.19639 0.000439963
1.17752 0.537415 1.28452 0.680596 0.000997428
1.17752 0.537415 0.73102 0.573462 0.000688032
4.90702 -1.74549 5 -1.6364 0.000954581
4.90702 -1.74549 4.9157 -1.76224 0.00097806
4.90266 -1.75061 4.90702 -1.74549 0.000954581
4.90266 -1.75061 3.96761 -0.916755 0.000439963
4.90047 -1.75317 4.90266 -1.75061 0.000954581
4.90047 -1.75317 4.91835 -1.76736 0.000794748
4.85816 -1.80281 4.90047 -1.75317 0.000954581
4.85816 -1.80281 4.93581 -1.80102 0.000763699
3.92648 -0.980555 3.96761 -0.916755 0.000957005
3.92648 -0.980555 4.90047 -1.75317 0.000794748
2.53008 3.6881 2.77208 3.86729 0.000979129
2.53008 3.6881 2.62118 4.27995 0.000839424
1.6947 -3.90415 1.68056 -3.88939 0.000709714
1.6947 -3.90415 1.76156 -3.77102 0.000983815
-2.84529 1.2386 -2.86762 1.41748 0.000448264
-2.84529 1.2386 -3.93782 1.25118 0.000781955
-2.62621 -0.516317 -2.77187 0.650494 0.000448264
-2.62621 -0.516317 -2.92977 -0.0306482 0.000996146
-2.55552 -1.08256 -2.62621 -0.516317 0.000448264
-2.55552 -1.08256 -2.73256 -1.0162 0.000762817
-2.22272 -3.74845 -2.3467 -2.75528 0.000448264
-2.22272 -3.74845 -1.678 -3.2434 0.000887565
3.11047 -2.22889 2.33725 -1.28291 0.000927915
3.11047 -2.22889 3.36232 -1.83724 0.000676334
4.9157 -1.76224 4.90266 -1.75061 0.000439963
4.9157 -1.76224 4.91835 -1.76736 0.00097806
4.94628 -1.78951 4.9157 -1.76224 0.000439963
4.94628 -1.78951 4.96009 -1.80047 0.000794748
4.95861 -1.8005 4.94628 -1.78951 0.000439963
4.95861 -1.8005 4.96009 -1.80047 0.000763699
1.82878 0.741435 1.82224 0.996424 0.000861139
1.82878 0.741435 1.7939 0.800946 0.000962901
0.0770041 -1.30494 -0.17862 -0.167655 0.000912131
0.0770041 -1.30494 0.399404 -1.11202 0.000487994
4.52766 -4.54477 4.36536 -5 0.000737491
4.52766 -4.54477 5 -4.90719 0.000624369
4.74626 -3.93164 4.60902 -4.31659 0.000737491
4.74626 -3.93164 5 -4.41887 0.000741586
4.91309 -3.46375 4.74626 -3.93164 0.000737491
4.91309 -3.46375 5 -3.46997 0.000778868
-1.5461 -2.2762 -1.59118 -2.07365 0.000980588
-1.5461 -2.2762 -0.176517 -1.45665 0.000487994
2.82479 -2.67317 2.97416 -2.44087 0.000676334
2.82479 -2.67317 2.00529 -2.44109 0.00076292
2.58149 -3.05153 2.62892 -2.97778 0.000676334
2.58149 -3.05153 3.00069 -3.37318 0.000624369
-3.93782 1.25118 -4.05482 1.27461 0.00096932
-3.93782 1.25118 -4.16076 1.25375 0.000781955
3.2479 -2.793 2.82479 -2.67317 0.00076292
3.2479 -2.793 2.97416 -2.44087 0.000765419
3.91768 -0.973574 3.92648 -0.980555 0.000794748
3.91768 -0.973574 3.95909 -0.909164 0.000676334
-3.85827 0.347447 -3.90923 0.663727 0.000762126
-3.85827 0.347447 -4.43546 0.186439 0.000711661
-3.69677 -0.654772 -3.85827 0.347447 0.000762126
-3.69677 -0.654772 -4.81479 -0.23569 0.000762817
1.66316 -3.96696 1.6947 -3.90415 0.000983815
1.66316 -3.96696 1.68056 -3.88939 0.000402185
-3.2401 2.84085 -3.21381 2.88905 0.000902173
-3.2401 2.84085 -3.73391 3.23397 0.000600771
1.01219 -1.84746 1.63973 -1.33497 0.000715505
1.01219 -1.84746 1.65753 -2.34261 0.000624369
-0.623154 -3.183 0.143899 -2.55657 0.000715505
-0.623154 -3.183 -1.52031 -5 0.000550965
4.31467 -3.10289 4.36761 -2.14341 0.00094394
4.31467 -3.10289 4.4867 -3.43323 0.000741586
3.10361 -3.45214 3.09892 -3.3928 0.000935912
3.10361 -3.45214 4.52766 -4.54477 0.000624369
-2.00815 4.75643 -1.95064 4.76702 0.000522602
-2.00815 4.75643 -2.06022 4.89456 0.000657203
-3.17238 4.54204 -2.50682 4.6646 0.000522602
-3.17238 4.54204 -2.90464 5 0.000609171
-4.54414 4.28943 -3.25576 4.52668 0.000522602
-4.54414 4.28943 -4.72893 4.90135 0.000722602
-4.21755 2.75432 -5 3.20589 0.000789595
-4.21755 2.75432 -4.12723 2.90882 0.000609171
-4.05167 2.65859 -4.21755 2.75432 0.000789595
-4.05167 2.65859 -4.12723 2.90882 0.000722602
-0.895872 1.80564 -1.77462 4.13688 0.000657203
-0.895872 1.80564 -0.549442 1.87384 0.0007882
4.17861 -0.589458 4.16976 -0.581555 0.000987751
4.17861 -0.589458 4.21618 -0.531179 0.000957005
0.572935 -1.51043 1.01219 -1.84746 0.000624369
0.572935 -1.51043 1.10984 -0.686897 0.00086534
1.66463 0.94574 1.65121 1.14894 0.000771317
1.66463 0.94574 1.81281 1.00483 0.000731045
2.90603 1.45103 2.89236 1.51524 0.000760738
2.90603 1.45103 2.88354 1.47592 0.000919722
3.1068 0.508077 2.90603 1.45103 0.000760738
3.1068 0.508077 3.567 0.783461 0.000487994
-1.59213 -1.01302 -1.60784 -0.88357 0.00085777
-1.59213 -1.01302 -1.08406 -0.891341 0.000977765
-1.54686 -1.38598 -1.59213 -1.01302 0.00085777
-1.54686 -1.38598 -1.6372 -1.02382 0.000917713
3.55945 -3.19378 3.68139 -3.15463 0.000747145
3.55945 -3.19378 3.2479 -2.793 0.000765419
3.14513 -3.3268 3.55945 -3.19378 0.000747145
3.14513 -3.3268 2.62892 -2.97778 0.000693439
1.61287 -3.81876 1.70287 -3.78987 0.000747145
1.61287 -3.81876 0.289384 -2.43776 0.000709714
-2.7825 -4.26745 -2.41324 -5 0.000620857
-2.7825 -4.26745 -2.22272 -3.74845 0.000887565
-3.26711 -3.30605 -2.7825 -4.26745 0.000620857
-3.26711 -3.30605 -2.3467 -2.75528 0.000487994
-4.95458 0.0416334 -4.81479 -0.23569 0.000620857
-4.95458 0.0416334 -5 0.0289627 0.000711661
2.41805 1.96342 2.42472 1.98388 0.000990258
2.41805 1.96342 2.4334 1.97427 0.000511385
2.33328 1.70337 2.41805 1.96342 0.000990258
2.33328 1.70337 2.58636 1.80493 0.000542073
-2.0916 -1.13265 -1.6372 -1.02382 0.000977765
-2.0916 -1.13265 -2.1935 -0.211444 0.000813661
3.05254 3.08136 3.30289 3.34619 0.000950182
3.05254 3.08136 2.57528 3.29477 0.000797947
1.98665 0.472092 1.82878 0.741435 0.000962901
1.98665 0.472092 1.21243 0.534597 0.000688032
2.26189 0.0024874 1.98665 0.472092 0.000962901
2.26189 0.0024874 2.59831 0.203802 0.000487994
-2.73256 -1.0162 -3.39948 -0.16303 0.000930994
-2.73256 -1.0162 -3.69677 -0.654772 0.000762817
3.36232 -1.83724 4.85816 -1.80281 0.000763699
3.36232 -1.83724 3.91768 -0.973574 0.000676334
-1.7328 1.64088 -0.895872 1.80564 0.0007882
-1.7328 1.64088 -3.02381 2.66866 0.000600771
-2.86762 1.41748 -1.7328 1.64088 0.0007882
-2.86762 1.41748 -3.02381 2.66866 0.000448264
-0.0172176 0.275101 -0.42224 0.59754 0.000600771
-0.0172176 0.275101 0.092473 0.31884 0.000731045
0.77349 -0.354384 0.00528705 0.257185 0.000600771
0.77349 -0.354384 0.399404 -1.11202 0.000550965
1.13763 -0.644274 0.77349 -0.354384 0.000600771
1.13763 -0.644274 1.17739 -0.583277 0.00086534
3.65475 0.337423 3.567 0.783461 0.000904421
3.65475 0.337423 2.92065 0.396688 0.000688032
4.70611 0.252544 3.65475 0.337423 0.000688032
4.70611 0.252544 4.74066 0.306275 0.000676334
-4.72893 4.90135 -4.64832 5 0.000903306
-4.72893 4.90135 -4.75872 5 0.000722602
2.26804 -1.26922 2.72179 -1.22173 0.000892519
2.26804 -1.26922 2.59831 0.203802 0.000402185
1.63973 -1.33497 2.26804 -1.26922 0.000892519
1.63973 -1.33497 2.13239 -0.932623 0.000715505
1.6496 1.41999 1.63524 1.39091 0.000550965
1.6496 1.41999 1.67904 1.44081 0.000511385
1.8971 1.92125 1.80339 1.73146 0.000550965
1.8971 1.92125 1.7931 2.13273 0.000681688
2.42165 2.98362 2.10357 2.33942 0.000550965
2.42165 2.98362 2.47635 3.33901 0.000839424
2.57528 3.29477 2.42165 2.98362 0.000550965
2.57528 3.29477 2.47635 3.33901 0.000797947
2.78115 0.123587 2.78241 0.140174 0.000885489
2.78115 0.123587 2.76563 0.155131 0.000681688
1.3224 1.18861 1.48098 1.30075 0.000511385
1.3224 1.18861 1.53836 1.19471 0.000932928
-1.60784 -0.88357 0.00528705 0.257185 0.000511385
-1.60784 -0.88357 -1.66562 -0.407497 0.00085777
-2.77187 0.650494 -3.85827 0.347447 0.000711661
-2.77187 0.650494 -2.84529 1.2386 0.000448264
-1.85339 4.4189 -1.95064 4.76702 0.000702319
-1.85339 4.4189 -1.89818 4.46469 0.000720682
-1.79959 4.22627 -1.85339 4.4189 0.000702319
-1.79959 4.22627 -1.81273 4.23799 0.000439963
-1.77462 4.13688 -1.79959 4.22627 0.000702319
-1.77462 4.13688 -1.81273 4.23799 0.000657203
1.03002 1.18035 1.3224 1.18861 0.000932928
1.03002 1.18035 1.43413 1.34253 0.000542073
0.884695 1.17625 1.03002 1.18035 0.000932928
0.884695 1.17625 1.05745 1.28944 0.000956223
4.23652 -4.06473 3.70194 -3.37706 0.000765419
4.23652 -4.06473 3.14513 -3.3268 0.000693439
4.9664 1.19571 5 1.63075 0.000647674
4.9664 1.19571 5 1.13762 0.000724397
-2.50682 4.6646 -2.5387 4.88539 0.000898311
-2.50682 4.6646 -2.32803 4.69752 0.000522602
3.9799 2.66668 3.98261 2.89663 0.000651843
3.9799 2.66668 3.63231 2.82211 0.000797947
3.9763 2.36273 3.9799 2.66668 0.000651843
3.9763 2.36273 4.23205 2.46537 0.000542073
4.16296 2.58482 3.9799 2.66668 0.000797947
4.16296 2.58482 4.23205 2.46537 0.000724397
4.33643 2.50726 4.16296 2.58482 0.000797947
4.33643 2.50726 5 2.77356 0.000542073
4.60902 -4.31659 4.23652 -4.06473 0.000693439
4.60902 -4.31659 4.52766 -4.54477 0.000737491
-0.746201 3.28689 -1.85339 4.4189 0.000720682
-0.746201 3.28689 -1.79959 4.22627 0.000439963
3.91152 3.01956 3.98261 2.89663 0.000724397
3.91152 3.01956 3.98468 3.07129 0.000511385
1.79079 2.22266 1.72716 2.26681 0.000627081
1.79079 2.22266 1.786 2.40949 0.000861139
2.29245 1.8746 1.98082 2.09081 0.000627081
2.29245 1.8746 2.41805 1.96342 0.000511385
-4.16076 1.25375 -4.0534 1.67091 0.000873859
-4.16076 1.25375 -4.60156 1.25882 0.000781955
-4.43546 0.186439 -4.16076 1.25375 0.000873859
-4.43546 0.186439 -4.95458 0.0416334 0.000711661
-3.73391 3.23397 -3.28889 3.54139 0.000963247
-3.73391 3.23397 -3.87259 3.34437 0.000600771
-4.07481 2.99848 -3.73391 3.23397 0.000963247
-4.07481 2.99848 -3.87259 3.34437 0.000609171
-4.14058 2.95304 -4.07481 2.99848 0.000963247
-4.14058 2.95304 -4.38097 3.7491 0.000722602
4.4867 -3.43323 4.91309 -3.46375 0.000778868
4.4867 -3.43323 4.74626 -3.93164 0.000741586
3.70194 -3.37706 4.4867 -3.43323 0.000778868
3.70194 -3.37706 3.55945 -3.19378 0.000765419
-0.176517 -1.45665 -0.025955 -1.9735 0.000643636
-0.176517 -1.45665 0.0770041 -1.30494 0.000487994
1.64986 1.16948 1.67152 1.19847 0.000997428
1.64986 1.16948 1.64799 1.1978 0.000771317
1.55717 1.2328 1.48098 1.30075 0.000439963
1.55717 1.2328 1.53836 1.19471 0.000550965
1.59801 1.19639 1.55717 1.2328 0.000439963
1.59801 1.19639 1.64799 1.1978 0.000932928
1.40542 0.84238 1.64119 1.15788 0.000997428
1.40542 0.84238 1.66463 0.94574 0.000731045
1.28452 0.680596 1.40542 0.84238 0.000997428
1.28452 0.680596 1.21243 0.534597 0.000550965
0.73102 0.573462 0.539061 0.588959 0.000688032
0.73102 0.573462 1.35434 0.822014 0.000731045
3.96761 -0.916755 3.95909 -0.909164 0.000439963
3.96761 -0.916755 4.17861 -0.589458 0.000957005
4.91835 -1.76736 4.94628 -1.78951 0.000794748
4.91835 -1.76736 4.93581 -1.80102 0.00097806
4.93581 -1.80102 4.95861 -1.8005 0.000763699
4.93581 -1.80102 5 -1.92485 0.00097806
1.68056 -3.88939 1.61287 -3.81876 0.000709714
1.68056 -3.88939 1.70287 -3.78987 0.000402185
1.76156 -3.77102 1.94346 -3.40881 0.000983815
1.76156 -3.77102 3.00069 -3.37318 0.000747145
-2.3467 -2.75528 -2.55552 -1.08256 0.000448264
-2.3467 -2.75528 -1.5461 -2.2762 0.000487994
4.96009 -1.80047 5 -1.83212 0.000794748
4.96009 -1.80047 5 -1.79955 0.000763699
1.82193 1.00847 1.81695 1.20257 0.000861139
1.82193 1.00847 2.26007 1.18317 0.000731045
1.82224 0.996424 1.82193 1.00847 0.000861139
1.82224 0.996424 1.81281 1.00483 0.000439963
1.10984 -0.686897 2.26189 0.0024874 0.000487994
1.10984 -0.686897 1.13763 -0.644274 0.00086534
0.399404 -1.11202 1.10984 -0.686897 0.000487994
0.399404 -1.11202 -0.025955 -1.9735 0.000550965
2.97416 -2.44087 3.11047 -2.22889 0.000676334
2.97416 -2.44087 2.84202 -2.27089 0.000765419
1.65753 -2.34261 0.72817 -2.07941 0.00076292
1.65753 -2.34261 1.97308 -2.58472 0.000624369
1.71254 -2.35818 1.65753 -2.34261 0.00076292
1.71254 -2.35818 1.54585 -2.24548 0.000693439
2.00529 -2.44109 1.71254 -2.35818 0.00076292
2.00529 -2.44109 2.26804 -1.26922 0.000402185
2.62892 -2.97778 2.82479 -2.67317 0.000676334
2.62892 -2.97778 1.98289 -2.54098 0.000693439
3.00069 -3.37318 3.10361 -3.45214 0.000624369
3.00069 -3.37318 3.14513 -3.3268 0.000747145
4.16976 -0.581555 4.70611 0.252544 0.000676334
4.16976 -0.581555 3.40912 0.0977657 0.000987751
3.95909 -0.909164 4.16976 -0.581555 0.000676334
3.95909 -0.909164 2.78241 0.140174 0.000439963
-4.81479 -0.23569 -4.93423 -0.190917 0.000762817
-4.81479 -0.23569 -3.26711 -3.30605 0.000620857
0.289384 -2.43776 0.72817 -2.07941 0.000715505
0.289384 -2.43776 0.0306368 -2.16776 0.000709714
0.143899 -2.55657 0.289384 -2.43776 0.000715505
0.143899 -2.55657 0.855691 -5 0.000643636
-1.95064 4.76702 -1.89197 4.77783 0.000522602
-1.95064 4.76702 -1.96848 4.83092 0.000702319
-2.06022 4.89456 -2.09996 5 0.000657203
-2.06022 4.89456 -2.21218 5 0.000627081
-3.25576 4.52668 -3.17238 4.54204 0.000522602
-3.25576 4.52668 -3.31485 5 0.000448264
-4.12723 2.90882 -4.07481 2.99848 0.000609171
-4.12723 2.90882 -4.14058 2.95304 0.000722602
1.65121 1.14894 1.64986 1.16948 0.000771317
1.65121 1.14894 1.64119 1.15788 0.000439963
1.81281 1.00483 1.82193 1.00847 0.000731045
1.81281 1.00483 1.65121 1.14894 0.000439963
2.74735 2.19629 2.54513 3.14611 0.000760738
2.74735 2.19629 3.10116 2.4465 0.000511385
2.81145 1.89526 2.74735 2.19629 0.000760738
2.81145 1.89526 2.99399 1.96852 0.000542073
2.89236 1.51524 2.81145 1.89526 0.000760738
2.89236 1.51524 2.99399 1.96852 0.000402185
2.42472 1.98388 2.10357 2.33942 0.000919722
2.42472 1.98388 2.55482 2.38299 0.000990258
2.4334 1.97427 2.42472 1.98388 0.000919722
2.4334 1.97427 2.74735 2.19629 0.000511385
2.58636 1.80493 2.4334 1.97427 0.000919722
2.58636 1.80493 2.81145 1.89526 0.000542073
2.88354 1.47592 2.58636 1.80493 0.000919722
2.88354 1.47592 2.89236 1.51524 0.000402185
3.567 0.783461 4.78373 1.51155 0.000487994
3.567 0.783461 3.38148 1.72652 0.000904421
-1.6372 -1.02382 -1.8506 -0.168325 0.000917713
-1.6372 -1.02382 -1.59213 -1.01302 0.000977765
1.70287 -3.78987 1.76156 -3.77102 0.000747145
1.70287 -3.78987 1.97308 -2.58472 0.000402185
3.30289 3.34619 3.64592 3.70907 0.000950182
3.30289 3.34619 3.6737 5 0.000402185
1.21243 0.534597 1.17752 0.537415 0.000688032
1.21243 0.534597 0.77349 -0.354384 0.000550965
2.92065 0.396688 3.1068 0.508077 0.000487994
2.92065 0.396688 2.80261 0.406217 0.000688032
2.59831 0.203802 2.66578 0.244176 0.000487994
2.59831 0.203802 2.6171 0.28759 0.000402185
-3.02381 2.66866 -3.2401 2.84085 0.000600771
-3.02381 2.66866 -3.24267 4.42182 0.000448264
0.092473 0.31884 0.73102 0.573462 0.000731045
0.092473 0.31884 1.3224 1.18861 0.000511385
0.00528705 0.257185 -0.0172176 0.275101 0.000600771
0.00528705 0.257185 0.092473 0.31884 0.000511385
1.63524 1.39091 1.55717 1.2328 0.000550965
1.63524 1.39091 1.63404 1.40899 0.000771317
2.01613 1.6792 2.29245 1.8746 0.000511385
2.01613 1.6792 1.8971 1.92125 0.000681688
1.67904 1.44081 1.8085 1.53236 0.000511385
1.67904 1.44081 1.8095 1.49317 0.000542073
1.65514 1.43122 1.6496 1.41999 0.000550965
1.65514 1.43122 1.67904 1.44081 0.000542073
1.80339 1.73146 1.65514 1.43122 0.000550965
1.80339 1.73146 1.7931 2.13273 0.000861139
1.72716 2.26681 1.55419 2.61853 0.000681688
1.72716 2.26681 1.57022 2.3757 0.000627081
1.7931 2.13273 1.72716 2.26681 0.000681688
1.7931 2.13273 1.79079 2.22266 0.000861139
1.98082 2.09081 1.8971 1.92125 0.000550965
1.98082 2.09081 1.79079 2.22266 0.000627081
2.10357 2.33942 1.98082 2.09081 0.000550965
2.10357 2.33942 1.99578 2.45875 0.000919722
2.47635 3.33901 2.53008 3.6881 0.000839424
2.47635 3.33901 2.34148 3.39932 0.000797947
2.78241 0.140174 2.79624 0.322238 0.000885489
2.78241 0.140174 2.76563 0.155131 0.000439963
2.26007 1.18317 2.05848 1.59309 0.000681688
2.26007 1.18317 2.80231 1.39939 0.000731045
2.63552 0.419707 2.26007 1.18317 0.000681688
2.63552 0.419707 2.45237 0.434493 0.000688032
2.7091 0.270095 2.64322 0.404062 0.000681688
2.7091 0.270095 2.79624 0.322238 0.000487994
2.76563 0.155131 2.7091 0.270095 0.000681688
2.76563 0.155131 2.66578 0.244176 0.000439963
1.48098 1.30075 1.63404 1.40899 0.000511385
1.48098 1.30075 1.43413 1.34253 0.000439963
1.53836 1.19471 1.59801 1.19639 0.000932928
1.53836 1.19471 1.35434 0.822014 0.000550965
-1.89818 4.46469 -1.90532 4.47199 0.000720682
-1.89818 4.46469 -2.00815 4.75643 0.000657203
-1.81273 4.23799 -2.32803 4.69752 0.000439963
-1.81273 4.23799 -1.89818 4.46469 0.000657203
1.63316 1.4224 1.65514 1.43122 0.000542073
1.63316 1.4224 1.57022 2.3757 0.000771317
1.43413 1.34253 1.63316 1.4224 0.000542073
1.43413 1.34253 -0.746201 3.28689 0.000439963
-2.5387 4.88539 -2.55217 4.97866 0.000898311
-2.5387 4.88539 -2.66722 5 0.000439963
-2.32803 4.69752 -2.00815 4.75643 0.000522602
-2.32803 4.69752 -2.5387 4.88539 0.000439963
3.98261 2.89663 3.98468 3.07129 0.000651843
3.98261 2.89663 4.16296 2.58482 0.000724397
3.63231 2.82211 3.22611 3.00375 0.000797947
3.63231 2.82211 3.91152 3.01956 0.000511385
4.23205 2.46537 4.33643 2.50726 0.000542073
4.23205 2.46537 4.78373 1.51155 0.000724397
3.98468 3.07129 5 3.7893 0.000511385
3.98468 3.07129 4.00748 5 0.000651843
-3.87259 3.34437 -4.38097 3.7491 0.000600771
-3.87259 3.34437 -3.24267 4.42182 0.000609171
-4.38097 3.7491 -4.54414 4.28943 0.000722602
-4.38097 3.7491 -4.58455 3.91117 0.000600771
-0.025955 -1.9735 0.0306368 -2.16776 0.000643636
-0.025955 -1.9735 -0.623154 -3.183 0.000550965
1.67152 1.19847 1.73181 1.27914 0.000997428
1.67152 1.19847 1.81695 1.20257 0.000932928
1.64799 1.1978 1.63524 1.39091 0.000771317
1.64799 1.1978 1.67152 1.19847 0.000932928
1.35434 0.822014 1.40542 0.84238 0.000731045
1.35434 0.822014 1.28452 0.680596 0.000550965
1.8085 1.53236 1.80339 1.73146 0.000861139
1.8085 1.53236 2.01613 1.6792 0.000511385
1.8095 1.49317 1.8085 1.53236 0.000861139
1.8095 1.49317 2.05848 1.59309 0.000542073
1.81695 1.20257 1.8095 1.49317 0.000861139
1.81695 1.20257 1.88051 1.20437 0.000932928
0.72817 -2.07941 0.568311 -2.03414 0.00076292
0.72817 -2.07941 1.01219 -1.84746 0.000715505
1.97308 -2.58472 2.58149 -3.05153 0.000624369
1.97308 -2.58472 1.98289 -2.54098 0.000402185
1.98289 -2.54098 1.71254 -2.35818 0.000693439
1.98289 -2.54098 2.00529 -2.44109 0.000402185
0.0306368 -2.16776 -0.0325089 -2.10187 0.000709714
0.0306368 -2.16776 0.143899 -2.55657 0.000643636
-1.89197 4.77783 -0.685492 5 0.000522602
-1.89197 4.77783 -1.96848 4.83092 0.000627081
-1.96848 4.83092 -2.01571 5 0.000702319
-1.96848 4.83092 -2.06022 4.89456 0.000627081
3.10116 2.4465 3.63231 2.82211 0.000511385
3.10116 2.4465 3.22611 3.00375 0.000402185
2.99399 1.96852 3.9763 2.36273 0.000542073
2.99399 1.96852 3.10116 2.4465 0.000402185
4.78373 1.51155 5 1.64096 0.000487994
4.78373 1.51155 4.9664 1.19571 0.000724397
2.64652 0.418819 2.63552 0.419707 0.000688032
2.64652 0.418819 2.88354 1.47592 0.000402185
2.80261 0.406217 2.64652 0.418819 0.000688032
2.80261 0.406217 2.86638 1.24572 0.000885489
2.66578 0.244176 2.7091 0.270095 0.000487994
2.66578 0.244176 2.6171 0.28759 0.000439963
2.64322 0.404062 2.64652 0.418819 0.000402185
2.64322 0.404062 2.63552 0.419707 0.000681688
2.6171 0.28759 2.64322 0.404062 0.000402185
2.6171 0.28759 2.45237 0.434493 0.000439963
-3.24267 4.42182 -3.25576 4.52668 0.000448264
-3.24267 4.42182 -3.17238 4.54204 0.000609171
1.63404 1.40899 1.63316 1.4224 0.000771317
1.63404 1.40899 1.6496 1.41999 0.000511385
1.55419 2.61853 1.28138 3.17326 0.000681688
1.55419 2.61853 1.49992 3.44051 0.000771317
1.57022 2.3757 -1.89197 4.77783 0.000627081
1.57022 2.3757 1.55419 2.61853 0.000771317
2.79624 0.322238 2.80261 0.406217 0.000885489
2.79624 0.322238 2.92065 0.396688 0.000487994
2.05848 1.59309 2.01613 1.6792 0.000681688
2.05848 1.59309 2.33328 1.70337 0.000542073
2.45237 0.434493 1.98665 0.472092 0.000688032
2.45237 0.434493 1.82224 0.996424 0.000439963
3.22611 3.00375 3.05254 3.08136 0.000797947
3.22611 3.00375 3.30289 3.34619 0.000402185
