   1.8731800e+02   2.0000218e-02
   1.9979700e+02   9.9998562e-03
   2.1310700e+02   1.0000069e-02
   2.2730400e+02   9.9995497e-03
   2.4244600e+02   3.0001048e-02
   2.5859800e+02   1.9999513e-02
   2.7582500e+02   9.9999322e-03
   2.9420000e+02   0.0000000e+00
   3.1380000e+02   3.0000138e-02
   3.3470500e+02   2.9999276e-02
   3.5700200e+02   9.9999904e-03
   3.8078500e+02   1.0000243e-02
   4.0615300e+02   2.9999719e-02
   4.3321000e+02   2.0000095e-02
   4.6207000e+02   0.0000000e+00
   4.9285200e+02   1.9999894e-02
   5.2568500e+02   4.0000636e-02
   5.6070600e+02   9.9998837e-03
   5.9805900e+02   2.0000047e-02
   6.3790100e+02   2.9999881e-02
   6.8039700e+02   2.0000345e-02
   7.2572500e+02   0.0000000e+00
   7.7407100e+02   2.0000133e-02
   8.2563900e+02   2.0000026e-02
   8.8064200e+02   1.9999932e-02
   9.3930900e+02   3.9997073e-02
   1.0018800e+03   3.0002590e-02
   1.0686300e+03   2.9999680e-02
   1.1398200e+03   9.9996014e-03
   1.2157500e+03   1.0000989e-02
   1.2967500e+03   9.9991760e-03
   1.3831300e+03   1.9999448e-02
   1.4752700e+03   2.0001818e-02
   1.5735600e+03   9.9992096e-03
   1.6783800e+03   1.0000734e-02
   1.7902000e+03   9.9999629e-03
   1.9094600e+03   0.0000000e+00
   2.0366600e+03   1.0000023e-02
   2.1723400e+03   2.0000159e-02
   2.3170600e+03   1.0000027e-02
   2.4714200e+03   0.0000000e+00
   2.6360600e+03   0.0000000e+00
   2.8116700e+03   0.0000000e+00
   2.9989800e+03   2.0000178e-02
   3.1987700e+03   1.0000101e-02
   3.4118700e+03   1.9999611e-02
   3.6391600e+03   0.0000000e+00
   3.8816000e+03   0.0000000e+00
   4.1401900e+03   1.9999728e-02
   4.4160000e+03   3.0000319e-02
   4.7101900e+03   1.0000111e-02
   5.0239800e+03   0.0000000e+00
   5.3586700e+03   0.0000000e+00
   5.7156500e+03   0.0000000e+00
   6.0964200e+03   0.0000000e+00
   6.5025600e+03   0.0000000e+00
   6.9357500e+03   0.0000000e+00
   7.3978000e+03   9.9999642e-03
   7.8906300e+03   2.0000219e-02
   8.4163000e+03   9.9999521e-03
   8.9769800e+03   1.0000066e-02
   9.5750200e+03   0.0000000e+00
   1.0212900e+04   0.0000000e+00
   1.0893300e+04   1.0000073e-02
   1.1619000e+04   0.0000000e+00
   1.2393000e+04   0.0000000e+00
   1.3218600e+04   0.0000000e+00
   1.4099200e+04   1.0000351e-02
   1.5038500e+04   2.9998701e-02
   1.6040300e+04   2.0000238e-02
   1.7108900e+04   1.0000240e-02
   1.8248700e+04   0.0000000e+00
   1.9464400e+04   0.0000000e+00
   2.0761100e+04   0.0000000e+00
   2.2144100e+04   0.0000000e+00
   2.3619400e+04   0.0000000e+00
   2.5192900e+04   0.0000000e+00
   2.6871200e+04   9.9998745e-03
   2.8661300e+04   0.0000000e+00
   3.0570700e+04   0.0000000e+00
   3.2607200e+04   0.0000000e+00
   3.4779500e+04   1.0000149e-02
   3.7096500e+04   0.0000000e+00
   3.9567800e+04   0.0000000e+00
   4.2203700e+04   0.0000000e+00
   4.5015300e+04   0.0000000e+00
   4.8014200e+04   0.0000000e+00
   5.1212800e+04   0.0000000e+00
   5.4624500e+04   1.9999908e-02
   5.8263500e+04   1.0000141e-02
   6.2145000e+04   0.0000000e+00
   6.6285000e+04   0.0000000e+00
   7.0700800e+04   0.0000000e+00
   7.5410800e+04   0.0000000e+00
   8.0434600e+04   1.9999799e-02
   8.5793000e+04   0.0000000e+00
   9.1508500e+04   0.0000000e+00
   9.7604600e+04   0.0000000e+00
   1.0410700e+05   0.0000000e+00
