   1.8008100e+02   3.9998196e-02
   1.9618100e+02   1.0000405e-02
   2.1372200e+02   1.9999388e-02
   2.3283000e+02   1.9999995e-02
   2.5364700e+02   0.0000000e+00
   2.7632600e+02   9.9996699e-03
   3.0103100e+02   3.0000266e-02
   3.2794600e+02   0.0000000e+00
   3.5726700e+02   2.0000183e-02
   3.8921000e+02   3.0000287e-02
   4.2400900e+02   3.9999978e-02
   4.6191900e+02   9.9998921e-03
   5.0321800e+02   5.0000060e-02
   5.4821000e+02   3.0000219e-02
   5.9722500e+02   3.0000037e-02
   6.5062200e+02   0.0000000e+00
   7.0879300e+02   3.9999963e-02
   7.7216500e+02   1.9999963e-02
   8.4120300e+02   0.0000000e+00
   9.1641400e+02   2.0000006e-02
   9.9834900e+02   9.9999991e-03
   1.0876100e+03   3.9999382e-02
   1.1848500e+03   4.0001567e-02
   1.2907900e+03   1.9998705e-02
   1.4061900e+03   3.0001064e-02
   1.5319200e+03   1.0000248e-02
   1.6688900e+03   1.9999661e-02
   1.8181000e+03   9.9997834e-03
   1.9806500e+03   3.0000463e-02
   2.1577400e+03   9.9999889e-03
   2.3506600e+03   1.0000057e-02
   2.5608300e+03   2.0000022e-02
   2.7897900e+03   3.9999842e-02
   3.0392200e+03   1.9999844e-02
   3.3109500e+03   0.0000000e+00
   3.6069800e+03   3.9999402e-02
   3.9294700e+03   1.0000046e-02
   4.2808000e+03   1.0000001e-02
   4.6635400e+03   0.0000000e+00
   5.0805000e+03   1.0000003e-02
   5.5347400e+03   0.0000000e+00
   6.0295900e+03   2.0000125e-02
   6.5686900e+03   3.0000165e-02
   7.1559900e+03   0.0000000e+00
   7.7957900e+03   0.0000000e+00
   8.4928000e+03   0.0000000e+00
   9.2521300e+03   1.0000619e-02
   1.0079400e+04   0.0000000e+00
   1.0980500e+04   2.0000935e-02
   1.1962300e+04   9.9997287e-03
   1.3031800e+04   2.0000775e-02
   1.4197000e+04   0.0000000e+00
   1.5466300e+04   9.9998703e-03
   1.6849100e+04   1.0000313e-02
   1.8355600e+04   0.0000000e+00
   1.9996700e+04   0.0000000e+00
   2.1784600e+04   0.0000000e+00
   2.3732300e+04   1.0000133e-02
   2.5854200e+04   0.0000000e+00
   2.8165800e+04   0.0000000e+00
   3.0684000e+04   0.0000000e+00
   3.3427400e+04   0.0000000e+00
   3.6416100e+04   0.0000000e+00
   3.9672000e+04   0.0000000e+00
   4.3219100e+04   0.0000000e+00
   4.7083200e+04   9.9999048e-03
   5.1292800e+04   0.0000000e+00
   5.5878900e+04   9.9998937e-03
   6.0874900e+04   0.0000000e+00
   6.6317600e+04   0.0000000e+00
   7.2247000e+04   0.0000000e+00
   7.8706500e+04   0.0000000e+00
   8.5743500e+04   0.0000000e+00
   9.3409700e+04   0.0000000e+00
   1.0176100e+05   0.0000000e+00
   1.1086000e+05   0.0000000e+00
   1.2077100e+05   0.0000000e+00
   1.3156900e+05   0.0000000e+00
   1.4333300e+05   0.0000000e+00
   1.5614800e+05   0.0000000e+00
   1.7010900e+05   0.0000000e+00
   1.8531800e+05   0.0000000e+00
   2.0188700e+05   1.0000326e-02
   2.1993800e+05   0.0000000e+00
   2.3960200e+05   0.0000000e+00
   2.6102400e+05   0.0000000e+00
   2.8436200e+05   2.0000475e-02
   3.0978700e+05   0.0000000e+00
   3.3748400e+05   0.0000000e+00
   3.6765800e+05   0.0000000e+00
   4.0053000e+05   0.0000000e+00
   4.3634100e+05   0.0000000e+00
   4.7535300e+05   0.0000000e+00
   5.1785400e+05   0.0000000e+00
   5.6415400e+05   0.0000000e+00
   6.1459400e+05   0.0000000e+00
   6.6954400e+05   0.0000000e+00
   7.2940700e+05   0.0000000e+00
   7.9462200e+05   1.0000009e-02
