   3.1536500e+02   1.9999905e-02
   3.4782400e+02   1.9999956e-02
   3.8362400e+02   1.0000050e-02
   4.2310900e+02   0.0000000e+00
   4.6665800e+02   9.9999581e-03
   5.1468900e+02   1.9999698e-02
   5.6766300e+02   3.0000382e-02
   6.2609100e+02   2.0000038e-02
   6.9053200e+02   1.9999871e-02
   7.6160500e+02   2.0000091e-02
   8.3999400e+02   4.9999985e-02
   9.2645100e+02   1.0000394e-02
   1.0218100e+03   9.9999738e-03
   1.1269800e+03   4.9997837e-02
   1.2429700e+03   1.0000481e-02
   1.3709100e+03   2.9999694e-02
   1.5120100e+03   3.9998853e-02
   1.6676300e+03   1.9999664e-02
   1.8392700e+03   3.0000145e-02
   2.0285800e+03   4.0001278e-02
   2.2373800e+03   1.9999680e-02
   2.4676600e+03   1.0000170e-02
   2.7216500e+03   2.9999171e-02
   3.0017700e+03   1.0000016e-02
   3.3107300e+03   2.0000022e-02
   3.6514900e+03   1.9999869e-02
   4.0273200e+03   3.0000305e-02
   4.4418400e+03   2.0000025e-02
   4.8990200e+03   1.0000088e-02
   5.4032600e+03   9.9999404e-03
   5.9593900e+03   9.9998938e-03
   6.5727600e+03   3.0000107e-02
   7.2492700e+03   2.0000059e-02
   7.9954100e+03   0.0000000e+00
   8.8183400e+03   2.0000120e-02
   9.7259800e+03   5.9997936e-02
   1.0727000e+04   2.0000219e-02
   1.1831100e+04   0.0000000e+00
   1.3048800e+04   0.0000000e+00
   1.4391900e+04   3.0000028e-02
   1.5873200e+04   1.0000228e-02
   1.7507000e+04   0.0000000e+00
   1.9308900e+04   0.0000000e+00
   2.1296300e+04   0.0000000e+00
   2.3488200e+04   0.0000000e+00
   2.5905700e+04   2.0000240e-02
   2.8572100e+04   0.0000000e+00
   3.1512900e+04   0.0000000e+00
   3.4756400e+04   0.0000000e+00
   3.8333700e+04   0.0000000e+00
   4.2279300e+04   0.0000000e+00
   4.6630900e+04   0.0000000e+00
   5.1430400e+04   0.0000000e+00
   5.6723900e+04   0.0000000e+00
   6.2562300e+04   0.0000000e+00
   6.9001600e+04   9.9999711e-03
   7.6103600e+04   9.9999995e-03
   8.3936600e+04   0.0000000e+00
   9.2575900e+04   1.9999291e-02
   1.0210400e+05   0.0000000e+00
   1.1261300e+05   2.0000271e-02
   1.2420400e+05   1.0000131e-02
   1.3698800e+05   0.0000000e+00
   1.5108800e+05   0.0000000e+00
   1.6663900e+05   9.9997705e-03
   1.8379000e+05   0.0000000e+00
   2.0270700e+05   0.0000000e+00
   2.2357000e+05   0.0000000e+00
   2.4658200e+05   9.9997574e-03
   2.7196100e+05   0.0000000e+00
   2.9995300e+05   1.0000043e-02
   3.3082600e+05   0.0000000e+00
   3.6487600e+05   0.0000000e+00
   4.0243200e+05   9.9998649e-03
   4.4385200e+05   0.0000000e+00
   4.8953600e+05   0.0000000e+00
   5.3992200e+05   1.0000015e-02
   5.9549400e+05   0.0000000e+00
   6.5678500e+05   0.0000000e+00
   7.2438600e+05   0.0000000e+00
   7.9894400e+05   0.0000000e+00
   8.8117500e+05   0.0000000e+00
   9.7187100e+05   0.0000000e+00
   1.0719000e+06   1.0000333e-02
   1.1822300e+06   0.0000000e+00
   1.3039100e+06   0.0000000e+00
   1.4381200e+06   0.0000000e+00
   1.5861300e+06   0.0000000e+00
   1.7493900e+06   0.0000000e+00
   1.9294500e+06   0.0000000e+00
   2.1280400e+06   0.0000000e+00
   2.3470700e+06   0.0000000e+00
   2.5886400e+06   0.0000000e+00
   2.8550800e+06   0.0000000e+00
   3.1489400e+06   0.0000000e+00
   3.4730500e+06   0.0000000e+00
   3.8305100e+06   0.0000000e+00
   4.2247700e+06   0.0000000e+00
   4.6596100e+06   0.0000000e+00
