   1.6471900e+02   1.0000111e-02
   1.7759600e+02   9.9996334e-03
   1.9147900e+02   0.0000000e+00
   2.0644800e+02   9.9999826e-03
   2.2258700e+02   4.0000723e-02
   2.3998800e+02   1.0000007e-02
   2.5874900e+02   5.0000986e-02
   2.7897700e+02   1.0000037e-02
   3.0078600e+02   1.9999311e-02
   3.2429900e+02   3.0000036e-02
   3.4965100e+02   1.0000035e-02
   3.7698500e+02   2.0000199e-02
   4.0645600e+02   2.0000265e-02
   4.3823100e+02   2.9999525e-02
   4.7248900e+02   2.0000167e-02
   5.0942600e+02   1.9999892e-02
   5.4925000e+02   2.9999695e-02
   5.9218700e+02   2.0000412e-02
   6.3848200e+02   0.0000000e+00
   6.8839500e+02   3.9999936e-02
   7.4221000e+02   9.9999757e-03
   8.0023200e+02   3.0000064e-02
   8.6279000e+02   3.9999767e-02
   9.3023800e+02   3.0000370e-02
   1.0029600e+03   1.0000490e-02
   1.0813700e+03   4.9996790e-02
   1.1659000e+03   2.9998731e-02
   1.2570400e+03   3.0000259e-02
   1.3553100e+03   0.0000000e+00
   1.4612600e+03   2.0001025e-02
   1.5755000e+03   9.9996560e-03
   1.6986600e+03   0.0000000e+00
   1.8314600e+03   2.9999269e-02
   1.9746300e+03   1.0000258e-02
   2.1290000e+03   9.9997801e-03
   2.2954300e+03   1.9999485e-02
   2.4748700e+03   2.0000802e-02
   2.6683500e+03   3.9998593e-02
   2.8769400e+03   3.0000745e-02
   3.1018500e+03   0.0000000e+00
   3.3443300e+03   3.0000865e-02
   3.6057800e+03   2.9999925e-02
   3.8876600e+03   9.9997939e-03
   4.1915700e+03   0.0000000e+00
   4.5192500e+03   9.9999794e-03
   4.8725400e+03   1.0000030e-02
   5.2534500e+03   0.0000000e+00
   5.6641300e+03   2.0000346e-02
   6.1069300e+03   0.0000000e+00
   6.5843300e+03   0.0000000e+00
   7.0990600e+03   0.0000000e+00
   7.6540300e+03   9.9999842e-03
   8.2523800e+03   1.0000031e-02
   8.8975100e+03   9.9999966e-03
   9.5930700e+03   0.0000000e+00
   1.0343000e+04   0.0000000e+00
   1.1151600e+04   0.0000000e+00
   1.2023300e+04   0.0000000e+00
   1.2963300e+04   0.0000000e+00
   1.3976700e+04   0.0000000e+00
   1.5069300e+04   0.0000000e+00
   1.6247300e+04   9.9997640e-03
   1.7517400e+04   0.0000000e+00
   1.8886900e+04   0.0000000e+00
   2.0363300e+04   0.0000000e+00
   2.1955200e+04   0.0000000e+00
   2.3671600e+04   0.0000000e+00
   2.5522100e+04   0.0000000e+00
   2.7517300e+04   0.0000000e+00
   2.9668400e+04   0.0000000e+00
   3.1987800e+04   0.0000000e+00
   3.4488400e+04   9.9999158e-03
   3.7184500e+04   0.0000000e+00
   4.0091400e+04   0.0000000e+00
   4.3225500e+04   0.0000000e+00
   4.6604700e+04   0.0000000e+00
   5.0248000e+04   0.0000000e+00
   5.4176100e+04   0.0000000e+00
   5.8411300e+04   0.0000000e+00
   6.2977600e+04   0.0000000e+00
   6.7900900e+04   0.0000000e+00
   7.3209000e+04   0.0000000e+00
   7.8932100e+04   0.0000000e+00
   8.5102600e+04   0.0000000e+00
   9.1755500e+04   0.0000000e+00
   9.8928400e+04   0.0000000e+00
   1.0666200e+05   0.0000000e+00
   1.1500000e+05   0.0000000e+00
   1.2399100e+05   0.0000000e+00
   1.3368300e+05   0.0000000e+00
   1.4413400e+05   0.0000000e+00
   1.5540200e+05   0.0000000e+00
   1.6755000e+05   0.0000000e+00
   1.8064800e+05   0.0000000e+00
   1.9477100e+05   0.0000000e+00
   2.0999700e+05   0.0000000e+00
   2.2641300e+05   0.0000000e+00
   2.4411300e+05   9.9997592e-03
   2.6319600e+05   1.0000348e-02
