   1.8144000e+02   2.0000068e-02
   1.9482200e+02   2.0000211e-02
   2.0919100e+02   1.9999162e-02
   2.2461900e+02   1.0000255e-02
   2.4118600e+02   9.9997554e-03
   2.5897400e+02   1.0000309e-02
   2.7807500e+02   0.0000000e+00
   2.9858400e+02   2.0000226e-02
   3.2060600e+02   3.0000153e-02
   3.4425200e+02   0.0000000e+00
   3.6964200e+02   1.9999594e-02
   3.9690400e+02   3.9999798e-02
   4.2617700e+02   2.0000472e-02
   4.5761000e+02   2.9999531e-02
   4.9136000e+02   1.0000066e-02
   5.2760000e+02   1.0000096e-02
   5.6651300e+02   1.9999748e-02
   6.0829500e+02   1.9999923e-02
   6.5315900e+02   9.9999922e-03
   7.0133200e+02   4.9999955e-02
   7.5305800e+02   0.0000000e+00
   8.0859900e+02   1.0000100e-02
   8.6823700e+02   2.0000044e-02
   9.3227300e+02   2.9999229e-02
   1.0010300e+03   3.0000008e-02
   1.0748600e+03   6.0003544e-02
   1.1541400e+03   1.9999455e-02
   1.2392600e+03   9.9999826e-03
   1.3306600e+03   9.9998772e-03
   1.4288000e+03   1.0000025e-02
   1.5341800e+03   4.9999175e-02
   1.6473300e+03   1.0000228e-02
   1.7688300e+03   2.0000301e-02
   1.8992900e+03   1.0000003e-02
   2.0393700e+03   1.9999867e-02
   2.1897800e+03   2.9999110e-02
   2.3512800e+03   0.0000000e+00
   2.5247000e+03   2.0000444e-02
   2.7109100e+03   2.9999997e-02
   2.9108500e+03   0.0000000e+00
   3.1255300e+03   1.9999961e-02
   3.3560500e+03   2.0000622e-02
   3.6035800e+03   0.0000000e+00
   3.8693600e+03   1.9999973e-02
   4.1547400e+03   2.9999192e-02
   4.4611600e+03   0.0000000e+00
   4.7901900e+03   0.0000000e+00
   5.1434900e+03   1.9999863e-02
   5.5228400e+03   1.9999944e-02
   5.9301700e+03   0.0000000e+00
   6.3675500e+03   0.0000000e+00
   6.8371800e+03   0.0000000e+00
   7.3414500e+03   1.0000008e-02
   7.8829100e+03   9.9999080e-03
   8.4643000e+03   0.0000000e+00
   9.0885800e+03   0.0000000e+00
   9.7589000e+03   1.0000613e-02
   1.0478700e+04   0.0000000e+00
   1.1251500e+04   0.0000000e+00
   1.2081300e+04   0.0000000e+00
   1.2972400e+04   1.0000378e-02
   1.3929200e+04   1.9999374e-02
   1.4956500e+04   0.0000000e+00
   1.6059600e+04   0.0000000e+00
   1.7244000e+04   0.0000000e+00
   1.8515900e+04   9.9998655e-03
   1.9881500e+04   0.0000000e+00
   2.1347800e+04   0.0000000e+00
   2.2922300e+04   0.0000000e+00
   2.4612900e+04   0.0000000e+00
   2.6428200e+04   0.0000000e+00
   2.8377400e+04   0.0000000e+00
   3.0470300e+04   0.0000000e+00
   3.2717600e+04   0.0000000e+00
   3.5130700e+04   0.0000000e+00
   3.7721700e+04   0.0000000e+00
   4.0503900e+04   0.0000000e+00
   4.3491200e+04   0.0000000e+00
   4.6698800e+04   0.0000000e+00
   5.0143000e+04   0.0000000e+00
   5.3841300e+04   0.0000000e+00
   5.7812300e+04   0.0000000e+00
   6.2076200e+04   0.0000000e+00
   6.6654600e+04   9.9999306e-03
   7.1570600e+04   9.9999910e-03
   7.6849200e+04   0.0000000e+00
   8.2517100e+04   0.0000000e+00
   8.8603100e+04   0.0000000e+00
   9.5137900e+04   0.0000000e+00
   1.0215500e+05   0.0000000e+00
   1.0968900e+05   0.0000000e+00
   1.1777900e+05   0.0000000e+00
   1.2646600e+05   0.0000000e+00
   1.3579300e+05   0.0000000e+00
   1.4580800e+05   0.0000000e+00
   1.5656200e+05   0.0000000e+00
   1.6810900e+05   1.0000215e-02
   1.8050800e+05   0.0000000e+00
   1.9382100e+05   0.0000000e+00
