   1.9974100e+02   2.0000232e-02
   2.1482800e+02   1.9999519e-02
   2.3105400e+02   1.9999992e-02
   2.4850600e+02   9.9999052e-03
   2.6727600e+02   2.0000090e-02
   2.8746400e+02   2.0000235e-02
   3.0917700e+02   4.0000420e-02
   3.3253000e+02   1.9999494e-02
   3.5764600e+02   4.0000440e-02
   3.8466000e+02   9.9999510e-03
   4.1371400e+02   3.0000321e-02
   4.4496300e+02   2.0000044e-02
   4.7857200e+02   3.9999547e-02
   5.1471900e+02   2.0000087e-02
   5.5359700e+02   3.0000506e-02
   5.9541200e+02   2.9999562e-02
   6.4038400e+02   1.0000111e-02
   6.8875400e+02   4.0000016e-02
   7.4077700e+02   1.9999875e-02
   7.9672900e+02   4.0000319e-02
   8.5690800e+02   1.9999731e-02
   9.2163100e+02   2.0000093e-02
   9.9124400e+02   3.9997535e-02
   1.0661100e+03   2.0001075e-02
   1.1466400e+03   1.0000250e-02
   1.2332500e+03   0.0000000e+00
   1.3264000e+03   1.9998933e-02
   1.4265800e+03   0.0000000e+00
   1.5343400e+03   9.9998700e-03
   1.6502300e+03   1.9999236e-02
   1.7748700e+03   0.0000000e+00
   1.9089300e+03   1.0000312e-02
   2.0531200e+03   9.9995959e-03
   2.2081900e+03   3.0000184e-02
   2.3749800e+03   1.0000149e-02
   2.5543700e+03   0.0000000e+00
   2.7473100e+03   1.0000011e-02
   2.9548200e+03   4.9999239e-02
   3.1780000e+03   1.9999941e-02
   3.4180400e+03   9.9999310e-03
   3.6762100e+03   0.0000000e+00
   3.9538900e+03   9.9998409e-03
   4.2525300e+03   0.0000000e+00
   4.5737300e+03   0.0000000e+00
   4.9192000e+03   0.0000000e+00
   5.2907500e+03   9.9999710e-03
   5.6903700e+03   1.0000088e-02
   6.1201800e+03   0.0000000e+00
   6.5824500e+03   0.0000000e+00
   7.0796300e+03   0.0000000e+00
   7.6143700e+03   2.0000031e-02
   8.1895000e+03   0.0000000e+00
   8.8080700e+03   0.0000000e+00
   9.4733600e+03   1.9999915e-02
   1.0188900e+04   0.0000000e+00
   1.0958500e+04   0.0000000e+00
   1.1786200e+04   9.9996166e-03
   1.2676400e+04   1.0000226e-02
   1.3633900e+04   0.0000000e+00
   1.4663700e+04   0.0000000e+00
   1.5771300e+04   0.0000000e+00
   1.6962500e+04   0.0000000e+00
   1.8243800e+04   9.9993652e-03
   1.9621700e+04   2.0000347e-02
   2.1103800e+04   9.9999112e-03
   2.2697800e+04   0.0000000e+00
   2.4412200e+04   1.9999861e-02
   2.6256100e+04   0.0000000e+00
   2.8239300e+04   1.0000123e-02
   3.0372300e+04   0.0000000e+00
   3.2666400e+04   9.9997695e-03
   3.5133700e+04   0.0000000e+00
   3.7787500e+04   0.0000000e+00
   4.0641600e+04   0.0000000e+00
   4.3711400e+04   0.0000000e+00
   4.7013000e+04   0.0000000e+00
   5.0564000e+04   0.0000000e+00
   5.4383100e+04   0.0000000e+00
   5.8490800e+04   0.0000000e+00
   6.2908700e+04   0.0000000e+00
   6.7660400e+04   0.0000000e+00
   7.2770900e+04   0.0000000e+00
   7.8267400e+04   0.0000000e+00
   8.4179100e+04   0.0000000e+00
   9.0537300e+04   0.0000000e+00
   9.7375800e+04   0.0000000e+00
   1.0473100e+05   9.9993474e-03
   1.1264100e+05   0.0000000e+00
   1.2114900e+05   0.0000000e+00
   1.3030000e+05   0.0000000e+00
   1.4014200e+05   0.0000000e+00
   1.5072700e+05   0.0000000e+00
   1.6211200e+05   0.0000000e+00
   1.7435600e+05   0.0000000e+00
   1.8752600e+05   0.0000000e+00
   2.0169000e+05   0.0000000e+00
   2.1692400e+05   0.0000000e+00
   2.3330900e+05   0.0000000e+00
   2.5093100e+05   0.0000000e+00
