   2.6152800e+02   2.9999810e-02
   2.8619200e+02   0.0000000e+00
   3.1318200e+02   9.9998422e-03
   3.4271700e+02   1.0000020e-02
   3.7503800e+02   5.0000094e-02
   4.1040700e+02   1.0000095e-02
   4.4911200e+02   2.0000116e-02
   4.9146700e+02   3.9999882e-02
   5.3781600e+02   6.9999686e-02
   5.8853600e+02   9.9999200e-03
   6.4403900e+02   4.0000042e-02
   7.0477700e+02   3.0000027e-02
   7.7124300e+02   1.0000117e-02
   8.4397800e+02   4.9999606e-02
   9.2357100e+02   4.9999442e-02
   1.0106700e+03   4.0002468e-02
   1.1059900e+03   1.9999421e-02
   1.2102900e+03   3.0000101e-02
   1.3244300e+03   1.9999363e-02
   1.4493300e+03   1.0000486e-02
   1.5860200e+03   5.9998510e-02
   1.7355900e+03   1.0000030e-02
   1.8992700e+03   9.9996755e-03
   2.0783800e+03   5.0000583e-02
   2.2743900e+03   2.9999644e-02
   2.4888800e+03   0.0000000e+00
   2.7236100e+03   3.9998994e-02
   2.9804600e+03   1.9999938e-02
   3.2615400e+03   1.0000028e-02
   3.5691300e+03   1.0000083e-02
   3.9057300e+03   2.9999930e-02
   4.2740700e+03   0.0000000e+00
   4.6771500e+03   1.9999947e-02
   5.1182400e+03   2.0000019e-02
   5.6009300e+03   0.0000000e+00
   6.1291400e+03   0.0000000e+00
   6.7071700e+03   0.0000000e+00
   7.3397100e+03   9.9999997e-03
   8.0319000e+03   9.9999674e-03
   8.7893700e+03   0.0000000e+00
   9.6182700e+03   0.0000000e+00
   1.0525400e+04   2.9999350e-02
   1.1518000e+04   0.0000000e+00
   1.2604200e+04   0.0000000e+00
   1.3792900e+04   0.0000000e+00
   1.5093700e+04   9.9996554e-03
   1.6517100e+04   1.0000045e-02
   1.8074800e+04   0.0000000e+00
   1.9779400e+04   0.0000000e+00
   2.1644800e+04   9.9996551e-03
   2.3686000e+04   1.0000097e-02
   2.5919800e+04   0.0000000e+00
   2.8364200e+04   1.0000113e-02
   3.1039200e+04   0.0000000e+00
   3.3966400e+04   0.0000000e+00
   3.7169700e+04   0.0000000e+00
   4.0675100e+04   0.0000000e+00
   4.4511100e+04   0.0000000e+00
   4.8708900e+04   0.0000000e+00
   5.3302500e+04   0.0000000e+00
   5.8329300e+04   9.9999761e-03
   6.3830200e+04   1.0000046e-02
   6.9849900e+04   0.0000000e+00
   7.6437300e+04   0.0000000e+00
   8.3646000e+04   0.0000000e+00
   9.1534400e+04   0.0000000e+00
   1.0016700e+05   0.0000000e+00
   1.0961300e+05   0.0000000e+00
   1.1995100e+05   0.0000000e+00
   1.3126300e+05   0.0000000e+00
   1.4364200e+05   0.0000000e+00
   1.5718900e+05   0.0000000e+00
   1.7201300e+05   0.0000000e+00
   1.8823500e+05   0.0000000e+00
   2.0598700e+05   0.0000000e+00
   2.2541300e+05   0.0000000e+00
   2.4667100e+05   0.0000000e+00
   2.6993400e+05   0.0000000e+00
   2.9539100e+05   0.0000000e+00
   3.2324900e+05   0.0000000e+00
   3.5373400e+05   0.0000000e+00
   3.8709400e+05   0.0000000e+00
   4.2360000e+05   0.0000000e+00
   4.6354900e+05   0.0000000e+00
   5.0726500e+05   0.0000000e+00
   5.5510400e+05   0.0000000e+00
   6.0745400e+05   0.0000000e+00
   6.6474200e+05   0.0000000e+00
   7.2743300e+05   0.0000000e+00
   7.9603500e+05   9.9999658e-03
   8.7110700e+05   0.0000000e+00
   9.5326000e+05   0.0000000e+00
   1.0431600e+06   0.0000000e+00
   1.1415400e+06   0.0000000e+00
   1.2491900e+06   0.0000000e+00
   1.3670000e+06   0.0000000e+00
   1.4959200e+06   0.0000000e+00
   1.6370000e+06   0.0000000e+00
   1.7913800e+06   0.0000000e+00
