   2.0099800e+02   1.0000191e-02
   2.1543700e+02   2.0000099e-02
   2.3091300e+02   2.0000483e-02
   2.4750100e+02   9.9998697e-03
   2.6528000e+02   1.9999653e-02
   2.8433600e+02   0.0000000e+00
   3.0476200e+02   9.9997402e-03
   3.2665400e+02   0.0000000e+00
   3.5011900e+02   4.0000150e-02
   3.7527000e+02   1.0000151e-02
   4.0222800e+02   1.9999964e-02
   4.3112200e+02   2.9999361e-02
   4.6209100e+02   3.0000579e-02
   4.9528600e+02   1.0000012e-02
   5.3086500e+02   2.9999446e-02
   5.6899900e+02   2.0000424e-02
   6.0987400e+02   2.9999774e-02
   6.5368400e+02   1.9999832e-02
   7.0064100e+02   3.0000246e-02
   7.5097200e+02   2.9999910e-02
   8.0491800e+02   1.9999879e-02
   8.6273900e+02   2.0000014e-02
   9.2471400e+02   0.0000000e+00
   9.9114100e+02   2.0000084e-02
   1.0623400e+03   9.9995861e-03
   1.1386500e+03   4.0002327e-02
   1.2204500e+03   0.0000000e+00
   1.3081200e+03   2.0000199e-02
   1.4020900e+03   5.0000430e-02
   1.5028100e+03   3.9998390e-02
   1.6107600e+03   0.0000000e+00
   1.7264700e+03   0.0000000e+00
   1.8504900e+03   0.0000000e+00
   1.9834200e+03   2.0000060e-02
   2.1259000e+03   2.0000669e-02
   2.2786200e+03   5.9998377e-02
   2.4423000e+03   1.9999634e-02
   2.6177400e+03   0.0000000e+00
   2.8057900e+03   0.0000000e+00
   3.0073400e+03   3.0001043e-02
   3.2233800e+03   1.9999877e-02
   3.4549300e+03   9.9997927e-03
   3.7031100e+03   0.0000000e+00
   3.9691300e+03   0.0000000e+00
   4.2542500e+03   0.0000000e+00
   4.5598500e+03   0.0000000e+00
   4.8874100e+03   0.0000000e+00
   5.2385000e+03   1.0000062e-02
   5.6148100e+03   1.0000009e-02
   6.0181500e+03   2.9999720e-02
   6.4504600e+03   2.0000022e-02
   6.9138300e+03   0.0000000e+00
   7.4104800e+03   4.0000560e-02
   7.9428200e+03   0.0000000e+00
   8.5133900e+03   1.9999969e-02
   9.1249500e+03   0.0000000e+00
   9.7804400e+03   0.0000000e+00
   1.0483000e+04   0.0000000e+00
   1.1236100e+04   0.0000000e+00
   1.2043200e+04   0.0000000e+00
   1.2908300e+04   0.0000000e+00
   1.3835600e+04   0.0000000e+00
   1.4829500e+04   0.0000000e+00
   1.5894800e+04   0.0000000e+00
   1.7036600e+04   9.9998044e-03
   1.8260400e+04   0.0000000e+00
   1.9572100e+04   0.0000000e+00
   2.0978100e+04   0.0000000e+00
   2.2485100e+04   0.0000000e+00
   2.4100300e+04   0.0000000e+00
   2.5831500e+04   1.9999842e-02
   2.7687100e+04   0.0000000e+00
   2.9676000e+04   0.0000000e+00
   3.1807800e+04   0.0000000e+00
   3.4092700e+04   0.0000000e+00
   3.6541800e+04   1.0000069e-02
   3.9166800e+04   0.0000000e+00
   4.1980300e+04   1.0000122e-02
   4.4996000e+04   0.0000000e+00
   4.8228300e+04   0.0000000e+00
   5.1692800e+04   9.9998426e-03
   5.5406100e+04   0.0000000e+00
   5.9386200e+04   0.0000000e+00
   6.3652200e+04   0.0000000e+00
   6.8224700e+04   0.0000000e+00
   7.3125600e+04   0.0000000e+00
   7.8378600e+04   0.0000000e+00
   8.4008900e+04   0.0000000e+00
   9.0043700e+04   0.0000000e+00
   9.6512000e+04   0.0000000e+00
   1.0344500e+05   0.0000000e+00
   1.1087600e+05   0.0000000e+00
   1.1884100e+05   1.0000071e-02
   1.2737800e+05   0.0000000e+00
   1.3652800e+05   0.0000000e+00
   1.4633500e+05   0.0000000e+00
   1.5684700e+05   0.0000000e+00
   1.6811400e+05   0.0000000e+00
   1.8019100e+05   0.0000000e+00
