   1.6498800e+02   1.0000014e-02
   1.7782400e+02   0.0000000e+00
   1.9165900e+02   1.0000047e-02
   2.0657000e+02   0.0000000e+00
   2.2264100e+02   0.0000000e+00
   2.3996200e+02   1.0000069e-02
   2.5863100e+02   2.9999606e-02
   2.7875200e+02   0.0000000e+00
   3.0043900e+02   4.0000160e-02
   3.2381300e+02   1.9999652e-02
   3.4900500e+02   2.0000465e-02
   3.7615800e+02   2.0000140e-02
   4.0542300e+02   0.0000000e+00
   4.3696400e+02   1.0000161e-02
   4.7096000e+02   4.9999677e-02
   5.0760000e+02   2.0000019e-02
   5.4709100e+02   1.9999843e-02
   5.8965400e+02   1.0000062e-02
   6.3552900e+02   5.0000245e-02
   6.8497300e+02   5.9999744e-02
   7.3826300e+02   9.9999522e-03
   7.9569900e+02   0.0000000e+00
   8.5760400e+02   2.0000020e-02
   9.2432500e+02   0.0000000e+00
   9.9623700e+02   2.9998621e-02
   1.0737400e+03   3.0001219e-02
   1.1572800e+03   3.0001508e-02
   1.2473200e+03   6.9999804e-02
   1.3443600e+03   2.9999968e-02
   1.4489500e+03   2.9998174e-02
   1.5616700e+03   0.0000000e+00
   1.6831700e+03   1.0000036e-02
   1.8141200e+03   1.0000192e-02
   1.9552600e+03   1.9998966e-02
   2.1073700e+03   2.0000989e-02
   2.2713300e+03   2.9998712e-02
   2.4480300e+03   0.0000000e+00
   2.6384900e+03   0.0000000e+00
   2.8437600e+03   9.9998710e-03
   3.0650000e+03   2.0000403e-02
   3.3034600e+03   1.0000131e-02
   3.5604700e+03   9.9999216e-03
   3.8374700e+03   9.9999323e-03
   4.1360200e+03   3.0000032e-02
   4.4578000e+03   1.9999770e-02
   4.8046100e+03   3.0000366e-02
   5.1784100e+03   0.0000000e+00
   5.5812900e+03   9.9999998e-03
   6.0155100e+03   9.9999432e-03
   6.4835100e+03   0.0000000e+00
   6.9879200e+03   0.0000000e+00
   7.5315800e+03   0.0000000e+00
   8.1175300e+03   1.0000057e-02
   8.7490700e+03   0.0000000e+00
   9.4297400e+03   2.0000892e-02
   1.0163400e+04   0.0000000e+00
   1.0954100e+04   0.0000000e+00
   1.1806300e+04   0.0000000e+00
   1.2724800e+04   0.0000000e+00
   1.3714800e+04   0.0000000e+00
   1.4781800e+04   9.9998940e-03
   1.5931800e+04   2.0000324e-02
   1.7171300e+04   0.0000000e+00
   1.8507200e+04   0.0000000e+00
   1.9947000e+04   1.0000211e-02
   2.1498900e+04   0.0000000e+00
   2.3171500e+04   9.9998473e-03
   2.4974200e+04   0.0000000e+00
   2.6917200e+04   0.0000000e+00
   2.9011400e+04   0.0000000e+00
   3.1268400e+04   0.0000000e+00
   3.3701100e+04   1.9999853e-02
   3.6323000e+04   0.0000000e+00
   3.9148900e+04   0.0000000e+00
   4.2194700e+04   0.0000000e+00
   4.5477400e+04   0.0000000e+00
   4.9015500e+04   0.0000000e+00
   5.2828900e+04   0.0000000e+00
   5.6938900e+04   0.0000000e+00
   6.1368700e+04   0.0000000e+00
   6.6143200e+04   0.0000000e+00
   7.1289000e+04   0.0000000e+00
   7.6835300e+04   0.0000000e+00
   8.2813000e+04   0.0000000e+00
   8.9255800e+04   0.0000000e+00
   9.6199800e+04   0.0000000e+00
   1.0368400e+05   0.0000000e+00
   1.1175100e+05   0.0000000e+00
   1.2044500e+05   0.0000000e+00
   1.2981500e+05   0.0000000e+00
   1.3991500e+05   0.0000000e+00
   1.5080000e+05   0.0000000e+00
   1.6253200e+05   0.0000000e+00
   1.7517700e+05   1.0000251e-02
   1.8880600e+05   0.0000000e+00
   2.0349500e+05   0.0000000e+00
   2.1932700e+05   0.0000000e+00
   2.3639000e+05   0.0000000e+00
   2.5478100e+05   0.0000000e+00
