   2.0512100e+02   2.0000162e-02
   2.1767800e+02   0.0000000e+00
   2.3100300e+02   1.0000473e-02
   2.4514500e+02   0.0000000e+00
   2.6015200e+02   0.0000000e+00
   2.7607700e+02   2.0000474e-02
   2.9297800e+02   2.9999695e-02
   3.1091300e+02   9.9999001e-03
   3.2994600e+02   1.0000323e-02
   3.5014500e+02   1.9999251e-02
   3.7157900e+02   0.0000000e+00
   3.9432600e+02   0.0000000e+00
   4.1846600e+02   1.9999807e-02
   4.4408300e+02   0.0000000e+00
   4.7126900e+02   0.0000000e+00
   5.0011800e+02   0.0000000e+00
   5.3073400e+02   0.0000000e+00
   5.6322400e+02   1.0000013e-02
   5.9770300e+02   2.0000204e-02
   6.3429300e+02   9.9998653e-03
   6.7312200e+02   1.0000115e-02
   7.1432900e+02   9.9999914e-03
   7.5805800e+02   1.9999965e-02
   8.0446400e+02   2.0000044e-02
   8.5371100e+02   9.9998810e-03
   9.0597200e+02   1.0000007e-02
   9.6143300e+02   2.0000315e-02
   1.0202900e+03   2.0000317e-02
   1.0827500e+03   9.9995973e-03
   1.1490300e+03   1.9999913e-02
   1.2193700e+03   2.0000975e-02
   1.2940200e+03   9.9992328e-03
   1.3732300e+03   6.0003365e-02
   1.4573000e+03   9.9998165e-03
   1.5465100e+03   2.9999124e-02
   1.6411800e+03   1.0000171e-02
   1.7416500e+03   3.0000416e-02
   1.8482700e+03   2.0000733e-02
   1.9614200e+03   3.9999279e-02
   2.0814900e+03   9.9998069e-03
   2.2089100e+03   1.9999579e-02
   2.3441300e+03   2.9999823e-02
   2.4876300e+03   2.0000550e-02
   2.6399200e+03   1.0000120e-02
   2.8015300e+03   2.9999809e-02
   2.9730300e+03   0.0000000e+00
   3.1550300e+03   1.9999840e-02
   3.3481700e+03   0.0000000e+00
   3.5531300e+03   0.0000000e+00
   3.7706500e+03   2.9998983e-02
   4.0014700e+03   1.0000076e-02
   4.2464300e+03   1.0000219e-02
   4.5063900e+03   0.0000000e+00
   4.7822500e+03   1.0000155e-02
   5.0750100e+03   1.0000106e-02
   5.3856900e+03   9.9998274e-03
   5.7153800e+03   1.0000025e-02
   6.0652600e+03   0.0000000e+00
   6.4365600e+03   0.0000000e+00
   6.8305900e+03   0.0000000e+00
   7.2487300e+03   0.0000000e+00
   7.6924800e+03   0.0000000e+00
   8.1633900e+03   1.0000047e-02
   8.6631300e+03   1.9999964e-02
   9.1934600e+03   1.0000056e-02
   9.7562600e+03   9.9998282e-03
   1.0353500e+04   9.9998429e-03
   1.0987300e+04   9.9998132e-03
   1.1659900e+04   1.0000195e-02
   1.2373700e+04   1.0000212e-02
   1.3131200e+04   0.0000000e+00
   1.3935000e+04   0.0000000e+00
   1.4788100e+04   0.0000000e+00
   1.5693400e+04   0.0000000e+00
   1.6654100e+04   9.9998575e-03
   1.7673600e+04   0.0000000e+00
   1.8755500e+04   1.0000363e-02
   1.9903700e+04   9.9996281e-03
   2.1122100e+04   1.0000499e-02
   2.2415200e+04   0.0000000e+00
   2.3787400e+04   0.0000000e+00
   2.5243600e+04   0.0000000e+00
   2.6788900e+04   9.9997822e-03
   2.8428800e+04   0.0000000e+00
   3.0169200e+04   9.9996463e-03
   3.2016000e+04   0.0000000e+00
   3.3975900e+04   1.0000453e-02
   3.6055900e+04   9.9998520e-03
   3.8263100e+04   0.0000000e+00
   4.0605400e+04   1.0000224e-02
   4.3091200e+04   0.0000000e+00
   4.5729100e+04   0.0000000e+00
   4.8528500e+04   1.0000099e-02
   5.1499300e+04   0.0000000e+00
   5.4651900e+04   9.9999315e-03
   5.7997500e+04   0.0000000e+00
   6.1548000e+04   0.0000000e+00
   6.5315700e+04   0.0000000e+00
   6.9314200e+04   0.0000000e+00
