   1.8803500e+02   3.0000166e-02
   2.0465200e+02   9.9997933e-03
   2.2273700e+02   0.0000000e+00
   2.4242100e+02   1.9999934e-02
   2.6384400e+02   1.9999765e-02
   2.8716000e+02   2.0000197e-02
   3.1253700e+02   9.9998732e-03
   3.4015600e+02   0.0000000e+00
   3.7021600e+02   2.0000262e-02
   4.0293300e+02   3.0000203e-02
   4.3854100e+02   1.9999738e-02
   4.7729500e+02   4.9999830e-02
   5.1947400e+02   1.0000060e-02
   5.6538100e+02   1.0000095e-02
   6.1534500e+02   0.0000000e+00
   6.6972400e+02   4.9999590e-02
   7.2890800e+02   5.0000276e-02
   7.9332300e+02   1.9999985e-02
   8.6343000e+02   0.0000000e+00
   9.3973200e+02   4.0001149e-02
   1.0227800e+03   3.9998031e-02
   1.1131600e+03   9.9998023e-03
   1.2115300e+03   3.0001335e-02
   1.3186000e+03   4.0001137e-02
   1.4351300e+03   1.9999387e-02
   1.5619500e+03   3.9999438e-02
   1.6999800e+03   1.9999970e-02
   1.8502100e+03   3.0000815e-02
   2.0137200e+03   9.9997045e-03
   2.1916700e+03   9.9999308e-03
   2.3853500e+03   1.0000120e-02
   2.5961500e+03   0.0000000e+00
   2.8255800e+03   1.9999971e-02
   3.0752800e+03   3.9998996e-02
   3.3470400e+03   0.0000000e+00
   3.6428300e+03   9.9999297e-03
   3.9647500e+03   1.9999960e-02
   4.3151200e+03   1.9999805e-02
   4.6964500e+03   0.0000000e+00
   5.1114900e+03   0.0000000e+00
   5.5632000e+03   9.9998458e-03
   6.0548200e+03   3.0000330e-02
   6.5899000e+03   9.9999947e-03
   7.1722600e+03   9.9999683e-03
   7.8060800e+03   1.0000059e-02
   8.4959200e+03   0.0000000e+00
   9.2467100e+03   0.0000000e+00
   1.0063900e+04   9.9993781e-03
   1.0953200e+04   1.0000505e-02
   1.1921200e+04   1.0000085e-02
   1.2974700e+04   9.9992112e-03
   1.4121200e+04   1.0000673e-02
   1.5369200e+04   0.0000000e+00
   1.6727400e+04   0.0000000e+00
   1.8205600e+04   9.9996573e-03
   1.9814400e+04   0.0000000e+00
   2.1565500e+04   9.9996272e-03
   2.3471200e+04   0.0000000e+00
   2.5545400e+04   0.0000000e+00
   2.7802900e+04   0.0000000e+00
   3.0259900e+04   9.9999574e-03
   3.2934000e+04   0.0000000e+00
   3.5844400e+04   1.0000239e-02
   3.9012100e+04   0.0000000e+00
   4.2459600e+04   9.9999507e-03
   4.6211800e+04   0.0000000e+00
   5.0295600e+04   0.0000000e+00
   5.4740400e+04   0.0000000e+00
   5.9577800e+04   1.0000025e-02
   6.4842800e+04   0.0000000e+00
   7.0573100e+04   0.0000000e+00
   7.6809700e+04   0.0000000e+00
   8.3597500e+04   0.0000000e+00
   9.0985100e+04   0.0000000e+00
   9.9025600e+04   0.0000000e+00
   1.0777700e+05   0.0000000e+00
   1.1730100e+05   9.9999351e-03
   1.2766700e+05   9.9998797e-03
   1.3894900e+05   0.0000000e+00
   1.5122800e+05   0.0000000e+00
   1.6459300e+05   0.0000000e+00
   1.7913800e+05   0.0000000e+00
   1.9496900e+05   0.0000000e+00
   2.1219800e+05   0.0000000e+00
   2.3095100e+05   9.9997773e-03
   2.5136000e+05   0.0000000e+00
   2.7357300e+05   0.0000000e+00
   2.9774900e+05   0.0000000e+00
   3.2406200e+05   0.0000000e+00
   3.5270000e+05   0.0000000e+00
   3.8386800e+05   0.0000000e+00
   4.1779100e+05   0.0000000e+00
   4.5471200e+05   0.0000000e+00
   4.9489600e+05   0.0000000e+00
   5.3863000e+05   0.0000000e+00
   5.8623000e+05   0.0000000e+00
   6.3803600e+05   0.0000000e+00
   6.9442000e+05   0.0000000e+00
   7.5578700e+05   0.0000000e+00
