   1.8067900e+02   1.0000072e-02
   1.9695100e+02   0.0000000e+00
   2.1468900e+02   0.0000000e+00
   2.3402300e+02   0.0000000e+00
   2.5509900e+02   9.9999619e-03
   2.7807300e+02   2.9999761e-02
   3.0311600e+02   3.0000509e-02
   3.3041500e+02   3.0000115e-02
   3.6017200e+02   1.0000035e-02
   3.9260900e+02   4.9999748e-02
   4.2796700e+02   5.0000678e-02
   4.6651000e+02   7.9999054e-02
   5.0852300e+02   9.9999123e-03
   5.5432000e+02   1.0000026e-02
   6.0424200e+02   5.0000238e-02
   6.5866000e+02   0.0000000e+00
   7.1797900e+02   0.0000000e+00
   7.8263900e+02   2.9999964e-02
   8.5312300e+02   2.0000061e-02
   9.2995500e+02   4.0001807e-02
   1.0137100e+03   0.0000000e+00
   1.1050000e+03   1.0000466e-02
   1.2045200e+03   9.9992527e-03
   1.3129900e+03   2.0000450e-02
   1.4312400e+03   2.0000511e-02
   1.5601400e+03   2.9998858e-02
   1.7006400e+03   2.0000092e-02
   1.8538000e+03   1.0000453e-02
   2.0207600e+03   1.9999056e-02
   2.2027400e+03   2.0000275e-02
   2.4011200e+03   1.0000287e-02
   2.6173700e+03   0.0000000e+00
   2.8530800e+03   2.0000217e-02
   3.1100300e+03   1.0000081e-02
   3.3901200e+03   1.9999851e-02
   3.6954300e+03   1.0000042e-02
   4.0282400e+03   0.0000000e+00
   4.3910200e+03   2.9999786e-02
   4.7864700e+03   0.0000000e+00
   5.2175400e+03   1.0000011e-02
   5.6874300e+03   1.0000081e-02
   6.1996400e+03   9.9999136e-03
   6.7579700e+03   9.9999918e-03
   7.3665900e+03   1.0000013e-02
   8.0300200e+03   9.9999884e-03
   8.7532000e+03   1.0000028e-02
   9.5415100e+03   1.9999717e-02
   1.0400800e+04   0.0000000e+00
   1.1337500e+04   1.0000490e-02
   1.2358600e+04   9.9999600e-03
   1.3471600e+04   9.9996554e-03
   1.4684800e+04   9.9999515e-03
   1.6007300e+04   0.0000000e+00
   1.7448900e+04   1.0000382e-02
   1.9020400e+04   0.0000000e+00
   2.0733300e+04   0.0000000e+00
   2.2600600e+04   1.9999082e-02
   2.4635900e+04   0.0000000e+00
   2.6854600e+04   2.0000709e-02
   2.9273200e+04   0.0000000e+00
   3.1909500e+04   0.0000000e+00
   3.4783200e+04   1.0000136e-02
   3.7915800e+04   0.0000000e+00
   4.1330500e+04   9.9999881e-03
   4.5052700e+04   9.9999492e-03
   4.9110100e+04   9.9999508e-03
   5.3532900e+04   0.0000000e+00
   5.8354100e+04   9.9999425e-03
   6.3609400e+04   0.0000000e+00
   6.9338000e+04   0.0000000e+00
   7.5582600e+04   0.0000000e+00
   8.2389500e+04   1.0000082e-02
   8.9809500e+04   0.0000000e+00
   9.7897700e+04   0.0000000e+00
   1.0671400e+05   1.0000342e-02
   1.1632500e+05   9.9998448e-03
   1.2680100e+05   0.0000000e+00
   1.3822100e+05   0.0000000e+00
   1.5066900e+05   0.0000000e+00
   1.6423800e+05   0.0000000e+00
   1.7902900e+05   0.0000000e+00
   1.9515200e+05   0.0000000e+00
   2.1272800e+05   0.0000000e+00
   2.3188600e+05   9.9997619e-03
   2.5276900e+05   0.0000000e+00
   2.7553400e+05   0.0000000e+00
   3.0034800e+05   0.0000000e+00
   3.2739700e+05   0.0000000e+00
   3.5688200e+05   0.0000000e+00
   3.8902300e+05   0.0000000e+00
   4.2405800e+05   0.0000000e+00
   4.6224900e+05   0.0000000e+00
   5.0387900e+05   0.0000000e+00
   5.4925800e+05   0.0000000e+00
   5.9872400e+05   0.0000000e+00
   6.5264400e+05   0.0000000e+00
   7.1142100e+05   0.0000000e+00
   7.7549100e+05   0.0000000e+00
   8.4533200e+05   9.9999800e-03
