   1.9436200e+02   1.0000226e-02
   2.0962500e+02   0.0000000e+00
   2.2608600e+02   1.0000100e-02
   2.4384000e+02   2.0000086e-02
   2.6298800e+02   4.0000859e-02
   2.8364000e+02   3.9999413e-02
   3.0591300e+02   1.9999708e-02
   3.2993500e+02   0.0000000e+00
   3.5584400e+02   3.9999566e-02
   3.8378700e+02   4.0000661e-02
   4.1392500e+02   2.9999859e-02
   4.4642900e+02   2.0000229e-02
   4.8148600e+02   0.0000000e+00
   5.1929500e+02   2.0000224e-02
   5.6007400e+02   9.9998206e-03
   6.0405400e+02   1.0000104e-02
   6.5148900e+02   1.9999895e-02
   7.0264800e+02   5.0000294e-02
   7.5782500e+02   2.9999737e-02
   8.1733400e+02   2.0000129e-02
   8.8151700e+02   1.0000024e-02
   9.5074000e+02   3.0000628e-02
   1.0254000e+03   2.9999578e-02
   1.1059200e+03   1.9998991e-02
   1.1927600e+03   1.0000678e-02
   1.2864300e+03   1.0000101e-02
   1.3874500e+03   2.9999600e-02
   1.4964000e+03   1.9998735e-02
   1.6139000e+03   2.0000839e-02
   1.7406400e+03   1.0000240e-02
   1.8773300e+03   2.0000029e-02
   2.0247500e+03   9.9995807e-03
   2.1837400e+03   2.0000879e-02
   2.3552300e+03   9.9995578e-03
   2.5401700e+03   0.0000000e+00
   2.7396500e+03   0.0000000e+00
   2.9547800e+03   2.0000058e-02
   3.1868100e+03   2.0000005e-02
   3.4370600e+03   9.9999569e-03
   3.7069600e+03   2.0000317e-02
   3.9980600e+03   0.0000000e+00
   4.3120100e+03   2.0000101e-02
   4.6506200e+03   2.0000105e-02
   5.0158200e+03   1.9999695e-02
   5.4096900e+03   0.0000000e+00
   5.8345000e+03   1.9999829e-02
   6.2926600e+03   0.0000000e+00
   6.7868000e+03   2.0000175e-02
   7.3197500e+03   3.0000192e-02
   7.8945500e+03   0.0000000e+00
   8.5144800e+03   0.0000000e+00
   9.1830900e+03   9.9999874e-03
   9.9042100e+03   0.0000000e+00
   1.0682000e+04   9.9997542e-03
   1.1520800e+04   0.0000000e+00
   1.2425500e+04   9.9996566e-03
   1.3401200e+04   9.9995018e-03
   1.4453500e+04   1.0000088e-02
   1.5588500e+04   0.0000000e+00
   1.6812700e+04   0.0000000e+00
   1.8132900e+04   0.0000000e+00
   1.9556800e+04   0.0000000e+00
   2.1092600e+04   0.0000000e+00
   2.2748900e+04   1.0000035e-02
   2.4535300e+04   0.0000000e+00
   2.6461900e+04   2.0000293e-02
   2.8539900e+04   0.0000000e+00
   3.0781100e+04   0.0000000e+00
   3.3198200e+04   0.0000000e+00
   3.5805200e+04   0.0000000e+00
   3.8616800e+04   0.0000000e+00
   4.1649300e+04   0.0000000e+00
   4.4919800e+04   0.0000000e+00
   4.8447300e+04   0.0000000e+00
   5.2251700e+04   0.0000000e+00
   5.6354800e+04   0.0000000e+00
   6.0780200e+04   0.0000000e+00
   6.5553000e+04   1.0000076e-02
   7.0700700e+04   0.0000000e+00
   7.6252600e+04   0.0000000e+00
   8.2240500e+04   0.0000000e+00
   8.8698500e+04   0.0000000e+00
   9.5663800e+04   0.0000000e+00
   1.0317600e+05   0.0000000e+00
   1.1127800e+05   9.9996798e-03
   1.2001600e+05   0.0000000e+00
   1.2944100e+05   0.0000000e+00
   1.3960500e+05   0.0000000e+00
   1.5056800e+05   0.0000000e+00
   1.6239200e+05   0.0000000e+00
   1.7514400e+05   0.0000000e+00
   1.8889700e+05   0.0000000e+00
   2.0373100e+05   0.0000000e+00
   2.1972900e+05   1.0000222e-02
   2.3698400e+05   0.0000000e+00
   2.5559300e+05   0.0000000e+00
   2.7566400e+05   0.0000000e+00
   2.9731100e+05   0.0000000e+00
   3.2065800e+05   0.0000000e+00
