   1.8179900e+02   2.9998748e-02
   1.9714300e+02   1.0000124e-02
   2.1378300e+02   0.0000000e+00
   2.3182700e+02   2.0000648e-02
   2.5139500e+02   1.9999196e-02
   2.7261300e+02   2.0000154e-02
   2.9562300e+02   4.0000052e-02
   3.2057500e+02   1.9999975e-02
   3.4763300e+02   1.0000047e-02
   3.7697500e+02   2.0000342e-02
   4.0879400e+02   6.0000041e-02
   4.4329800e+02   5.9999549e-02
   4.8071400e+02   9.9998680e-03
   5.2128800e+02   1.0000188e-02
   5.6528800e+02   3.0000074e-02
   6.1300100e+02   1.9999994e-02
   6.6474100e+02   3.9999859e-02
   7.2084800e+02   2.0000007e-02
   7.8169100e+02   1.9999911e-02
   8.4766900e+02   9.9999811e-03
   9.1921600e+02   1.9999964e-02
   9.9680200e+02   5.0001951e-02
   1.0809400e+03   2.9997975e-02
   1.1721700e+03   0.0000000e+00
   1.2711100e+03   1.0000222e-02
   1.3784000e+03   9.9997255e-03
   1.4947400e+03   1.9999514e-02
   1.6209000e+03   2.0001169e-02
   1.7577200e+03   9.9993686e-03
   1.9060700e+03   0.0000000e+00
   2.0669600e+03   9.9999600e-03
   2.2414200e+03   1.9999353e-02
   2.4306000e+03   1.0000278e-02
   2.6357600e+03   0.0000000e+00
   2.8582300e+03   2.9999159e-02
   3.0994700e+03   9.9999899e-03
   3.3610800e+03   2.0000623e-02
   3.6447800e+03   0.0000000e+00
   3.9524100e+03   9.9999602e-03
   4.2860100e+03   1.0000023e-02
   4.6477700e+03   0.0000000e+00
   5.0400700e+03   9.9998778e-03
   5.4654700e+03   2.9999912e-02
   5.9267800e+03   2.0000095e-02
   6.4270300e+03   1.0000000e-02
   6.9695000e+03   0.0000000e+00
   7.5577600e+03   0.0000000e+00
   8.1956700e+03   1.9999945e-02
   8.8874200e+03   1.0000041e-02
   9.6375600e+03   9.9997806e-03
   1.0451000e+04   9.9998384e-03
   1.1333100e+04   0.0000000e+00
   1.2289700e+04   0.0000000e+00
   1.3327000e+04   0.0000000e+00
   1.4451900e+04   0.0000000e+00
   1.5671700e+04   9.9995326e-03
   1.6994400e+04   0.0000000e+00
   1.8428800e+04   1.0000138e-02
   1.9984300e+04   1.0000177e-02
   2.1671100e+04   9.9997812e-03
   2.3500200e+04   0.0000000e+00
   2.5483800e+04   0.0000000e+00
   2.7634700e+04   0.0000000e+00
   2.9967200e+04   0.0000000e+00
   3.2496600e+04   0.0000000e+00
   3.5239400e+04   1.0000082e-02
   3.8213800e+04   9.9999334e-03
   4.1439200e+04   1.0000099e-02
   4.4936900e+04   0.0000000e+00
   4.8729800e+04   0.0000000e+00
   5.2842800e+04   0.0000000e+00
   5.7303000e+04   0.0000000e+00
   6.2139600e+04   0.0000000e+00
   6.7384500e+04   0.0000000e+00
   7.3072000e+04   0.0000000e+00
   7.9239700e+04   0.0000000e+00
   8.5927800e+04   1.0000161e-02
   9.3180600e+04   0.0000000e+00
   1.0104500e+05   1.0000338e-02
   1.0957400e+05   1.0000481e-02
   1.1882300e+05   0.0000000e+00
   1.2885200e+05   0.0000000e+00
   1.3972800e+05   9.9994498e-03
   1.5152100e+05   0.0000000e+00
   1.6431000e+05   0.0000000e+00
   1.7817900e+05   0.0000000e+00
   1.9321800e+05   0.0000000e+00
   2.0952600e+05   0.0000000e+00
   2.2721100e+05   0.0000000e+00
   2.4638900e+05   0.0000000e+00
   2.6718600e+05   0.0000000e+00
   2.8973700e+05   0.0000000e+00
   3.1419200e+05   0.0000000e+00
   3.4071200e+05   0.0000000e+00
   3.6946900e+05   0.0000000e+00
   4.0065400e+05   0.0000000e+00
   4.3447100e+05   0.0000000e+00
   4.7114300e+05   0.0000000e+00
   5.1090900e+05   1.0000197e-02
