   2.1202000e+02   1.0000448e-02
   2.2611000e+02   0.0000000e+00
   2.4113500e+02   1.9999875e-02
   2.5715900e+02   1.9999940e-02
   2.7424800e+02   1.0000222e-02
   2.9247300e+02   0.0000000e+00
   3.1190900e+02   9.9998862e-03
   3.3263600e+02   2.0000339e-02
   3.5474100e+02   9.9997609e-03
   3.7831400e+02   1.9999926e-02
   4.0345400e+02   4.0000403e-02
   4.3026500e+02   2.9999584e-02
   4.5885700e+02   0.0000000e+00
   4.8935000e+02   9.9997728e-03
   5.2186800e+02   2.0000164e-02
   5.5654800e+02   2.9999794e-02
   5.9353200e+02   1.0000006e-02
   6.3297400e+02   1.9999989e-02
   6.7503700e+02   2.0000340e-02
   7.1989600e+02   1.9999907e-02
   7.6773500e+02   0.0000000e+00
   8.1875300e+02   3.0000252e-02
   8.7316200e+02   9.9999722e-03
   9.3118600e+02   9.9999936e-03
   9.9306600e+02   1.0000269e-02
   1.0590600e+03   4.0001458e-02
   1.1294400e+03   9.9994368e-03
   1.2044900e+03   1.9999515e-02
   1.2845300e+03   1.9999763e-02
   1.3698900e+03   2.0001488e-02
   1.4609300e+03   1.9999451e-02
   1.5580100e+03   1.9999201e-02
   1.6615400e+03   0.0000000e+00
   1.7719600e+03   0.0000000e+00
   1.8897100e+03   2.0000499e-02
   2.0152900e+03   2.9999687e-02
   2.1492100e+03   2.9999769e-02
   2.2920300e+03   9.9998674e-03
   2.4443400e+03   9.9997755e-03
   2.6067700e+03   1.0000135e-02
   2.7800000e+03   0.0000000e+00
   2.9647400e+03   1.0000223e-02
   3.1617600e+03   9.9996255e-03
   3.3718600e+03   3.0000060e-02
   3.5959300e+03   1.0000393e-02
   3.8349000e+03   9.9999981e-03
   4.0897400e+03   0.0000000e+00
   4.3615100e+03   1.0000176e-02
   4.6513500e+03   2.9999472e-02
   4.9604400e+03   1.0000124e-02
   5.2900800e+03   2.9999896e-02
   5.6416200e+03   0.0000000e+00
   6.0165200e+03   1.0000098e-02
   6.4163400e+03   9.9998901e-03
   6.8427200e+03   1.0000020e-02
   7.2974400e+03   1.9999726e-02
   7.7823700e+03   0.0000000e+00
   8.2995400e+03   9.9998297e-03
   8.8510600e+03   1.0000001e-02
   9.4392400e+03   9.9999044e-03
   1.0066500e+04   0.0000000e+00
   1.0735500e+04   9.9999418e-03
   1.1448900e+04   0.0000000e+00
   1.2209700e+04   1.9998302e-02
   1.3021000e+04   1.0000186e-02
   1.3886300e+04   0.0000000e+00
   1.4809100e+04   9.9999322e-03
   1.5793200e+04   0.0000000e+00
   1.6842700e+04   0.0000000e+00
   1.7962000e+04   0.0000000e+00
   1.9155600e+04   0.0000000e+00
   2.0428500e+04   1.0000462e-02
   2.1786100e+04   9.9996548e-03
   2.3233800e+04   1.0000287e-02
   2.4777800e+04   0.0000000e+00
   2.6424300e+04   0.0000000e+00
   2.8180300e+04   0.0000000e+00
   3.0053000e+04   0.0000000e+00
   3.2050100e+04   0.0000000e+00
   3.4179900e+04   0.0000000e+00
   3.6451300e+04   0.0000000e+00
   3.8873600e+04   9.9997480e-03
   4.1456800e+04   1.0000264e-02
   4.4211800e+04   0.0000000e+00
   4.7149800e+04   0.0000000e+00
   5.0283000e+04   0.0000000e+00
   5.3624500e+04   0.0000000e+00
   5.7188000e+04   0.0000000e+00
   6.0988300e+04   0.0000000e+00
   6.5041100e+04   0.0000000e+00
   6.9363300e+04   0.0000000e+00
   7.3972700e+04   1.0000009e-02
   7.8888400e+04   0.0000000e+00
   8.4130700e+04   1.0000096e-02
   8.9721500e+04   0.0000000e+00
   9.5683700e+04   0.0000000e+00
   1.0204200e+05   0.0000000e+00
   1.0882300e+05   0.0000000e+00
   1.1605500e+05   9.9997648e-03
