   3.3752000e+02   1.0000121e-02
   3.7550500e+02   3.9999707e-02
   4.1776400e+02   1.9999946e-02
   4.6477900e+02   2.9999845e-02
   5.1708500e+02   4.0000122e-02
   5.7527800e+02   1.0000049e-02
   6.4002000e+02   2.0000015e-02
   7.1204800e+02   5.0000090e-02
   7.9218200e+02   2.0000003e-02
   8.8133400e+02   4.9999853e-02
   9.8051900e+02   4.0001244e-02
   1.0908700e+03   2.9998493e-02
   1.2136300e+03   2.0001147e-02
   1.3502200e+03   2.9999337e-02
   1.5021700e+03   1.9999460e-02
   1.6712200e+03   2.0000051e-02
   1.8593000e+03   2.0000387e-02
   2.0685500e+03   1.9999617e-02
   2.3013400e+03   2.0000524e-02
   2.5603400e+03   2.9999984e-02
   2.8484800e+03   6.9998443e-02
   3.1690400e+03   2.0000326e-02
   3.5256900e+03   9.9999670e-03
   3.9224700e+03   9.9998904e-03
   4.3639000e+03   3.0000360e-02
   4.8550200e+03   1.9999857e-02
   5.4014000e+03   3.0000276e-02
   6.0092800e+03   1.9999899e-02
   6.6855600e+03   0.0000000e+00
   7.4379500e+03   2.0000030e-02
   8.2750200e+03   9.9999773e-03
   9.2062900e+03   1.0000326e-02
   1.0242400e+04   9.9993352e-03
   1.1395000e+04   0.0000000e+00
   1.2677400e+04   1.0000555e-02
   1.4104200e+04   9.9994711e-03
   1.5691400e+04   1.0000469e-02
   1.7457400e+04   1.9999432e-02
   1.9422000e+04   1.0000210e-02
   2.1607800e+04   9.9998313e-03
   2.4039500e+04   1.9999940e-02
   2.6744900e+04   2.0000184e-02
   2.9754800e+04   9.9999912e-03
   3.3103400e+04   0.0000000e+00
   3.6828900e+04   0.0000000e+00
   4.0973600e+04   0.0000000e+00
   4.5584700e+04   1.0000001e-02
   5.0714800e+04   0.0000000e+00
   5.6422300e+04   1.0000046e-02
   6.2772100e+04   9.9998699e-03
   6.9836400e+04   9.9999862e-03
   7.7695800e+04   0.0000000e+00
   8.6439700e+04   0.0000000e+00
   9.6167600e+04   0.0000000e+00
   1.0699000e+05   1.0000255e-02
   1.1903100e+05   0.0000000e+00
   1.3242700e+05   0.0000000e+00
   1.4733000e+05   0.0000000e+00
   1.6391100e+05   0.0000000e+00
   1.8235700e+05   0.0000000e+00
   2.0288000e+05   0.0000000e+00
   2.2571200e+05   0.0000000e+00
   2.5111300e+05   0.0000000e+00
   2.7937400e+05   0.0000000e+00
   3.1081400e+05   0.0000000e+00
   3.4579300e+05   0.0000000e+00
   3.8470900e+05   0.0000000e+00
   4.2800400e+05   0.0000000e+00
   4.7617200e+05   0.0000000e+00
   5.2976000e+05   0.0000000e+00
   5.8937900e+05   0.0000000e+00
   6.5570800e+05   0.0000000e+00
   7.2950200e+05   0.0000000e+00
   8.1160000e+05   9.9999401e-03
   9.0293700e+05   0.0000000e+00
   1.0045500e+06   0.0000000e+00
   1.1176100e+06   0.0000000e+00
   1.2433800e+06   9.9999855e-03
   1.3833100e+06   0.0000000e+00
   1.5389900e+06   0.0000000e+00
   1.7121900e+06   0.0000000e+00
   1.9048800e+06   0.0000000e+00
   2.1192500e+06   0.0000000e+00
   2.3577500e+06   0.0000000e+00
   2.6231000e+06   0.0000000e+00
   2.9183000e+06   0.0000000e+00
   3.2467200e+06   0.0000000e+00
   3.6121100e+06   0.0000000e+00
   4.0186200e+06   0.0000000e+00
   4.4708700e+06   0.0000000e+00
   4.9740200e+06   0.0000000e+00
   5.5338000e+06   0.0000000e+00
   6.1565800e+06   0.0000000e+00
   6.8494400e+06   0.0000000e+00
   7.6202700e+06   0.0000000e+00
   8.4778600e+06   0.0000000e+00
   9.4319600e+06   0.0000000e+00
   1.0493400e+07   0.0000000e+00
   1.1674400e+07   0.0000000e+00
