   1.6228700e+02   9.9999587e-03
   1.7753600e+02   1.0000042e-02
   1.9421800e+02   0.0000000e+00
   2.1246700e+02   0.0000000e+00
   2.3243100e+02   9.9999463e-03
   2.5427100e+02   1.0000296e-02
   2.7816400e+02   1.9999745e-02
   3.0430100e+02   1.9999803e-02
   3.3289400e+02   1.9999994e-02
   3.6417400e+02   1.0000247e-02
   3.9839400e+02   2.9999533e-02
   4.3582800e+02   4.9999935e-02
   4.7678000e+02   4.9999936e-02
   5.2158000e+02   1.0000049e-02
   5.7059000e+02   1.0000055e-02
   6.2420500e+02   2.9999677e-02
   6.8285700e+02   2.0000047e-02
   7.4702100e+02   2.0000021e-02
   8.1721400e+02   1.0000078e-02
   8.9400300e+02   3.0000013e-02
   9.7800700e+02   1.9999041e-02
   1.0699000e+03   2.0001528e-02
   1.1704400e+03   2.9997617e-02
   1.2804100e+03   2.0001275e-02
   1.4007300e+03   4.9997060e-02
   1.5323400e+03   3.0001036e-02
   1.6763300e+03   9.9997271e-03
   1.8338400e+03   1.0000298e-02
   2.0061600e+03   3.0000612e-02
   2.1946700e+03   2.9998606e-02
   2.4008800e+03   3.0000514e-02
   2.6264800e+03   1.9999664e-02
   2.8732700e+03   5.0001068e-02
   3.1432600e+03   3.9999546e-02
   3.4386100e+03   0.0000000e+00
   3.7617200e+03   1.9999721e-02
   4.1151800e+03   1.0000047e-02
   4.5018600e+03   1.9999913e-02
   4.9248700e+03   2.0000024e-02
   5.3876300e+03   9.9999612e-03
   5.8938700e+03   0.0000000e+00
   6.4476800e+03   2.0000017e-02
   7.0535300e+03   2.0000116e-02
   7.7163100e+03   0.0000000e+00
   8.4413600e+03   1.0000064e-02
   9.2345500e+03   0.0000000e+00
   1.0102300e+04   9.9995372e-03
   1.1051500e+04   0.0000000e+00
   1.2089900e+04   2.0001495e-02
   1.3226000e+04   0.0000000e+00
   1.4468700e+04   1.0000470e-02
   1.5828300e+04   0.0000000e+00
   1.7315500e+04   1.0000401e-02
   1.8942600e+04   0.0000000e+00
   2.0722500e+04   0.0000000e+00
   2.2669700e+04   0.0000000e+00
   2.4799800e+04   0.0000000e+00
   2.7130100e+04   9.9998233e-03
   2.9679300e+04   0.0000000e+00
   3.2468100e+04   9.9999122e-03
   3.5518900e+04   1.0000018e-02
   3.8856400e+04   9.9999978e-03
   4.2507500e+04   0.0000000e+00
   4.6501700e+04   0.0000000e+00
   5.0871200e+04   0.0000000e+00
   5.5651200e+04   0.0000000e+00
   6.0880400e+04   0.0000000e+00
   6.6600900e+04   0.0000000e+00
   7.2859000e+04   0.0000000e+00
   7.9705100e+04   0.0000000e+00
   8.7194500e+04   0.0000000e+00
   9.5387700e+04   0.0000000e+00
   1.0435100e+05   0.0000000e+00
   1.1415600e+05   0.0000000e+00
   1.2488200e+05   0.0000000e+00
   1.3661700e+05   0.0000000e+00
   1.4945400e+05   0.0000000e+00
   1.6349700e+05   0.0000000e+00
   1.7886000e+05   0.0000000e+00
   1.9566600e+05   0.0000000e+00
   2.1405200e+05   0.0000000e+00
   2.3416500e+05   0.0000000e+00
   2.5616800e+05   9.9997852e-03
   2.8023800e+05   0.0000000e+00
   3.0657100e+05   0.0000000e+00
   3.3537700e+05   0.0000000e+00
   3.6689000e+05   0.0000000e+00
   4.0136500e+05   0.0000000e+00
   4.3907900e+05   0.0000000e+00
   4.8033600e+05   0.0000000e+00
   5.2547000e+05   0.0000000e+00
   5.7484600e+05   0.0000000e+00
   6.2886000e+05   0.0000000e+00
   6.8795000e+05   0.0000000e+00
   7.5259300e+05   0.0000000e+00
   8.2330900e+05   0.0000000e+00
   9.0067000e+05   0.0000000e+00
   9.8530100e+05   0.0000000e+00
   1.0778800e+06   1.0000787e-02
