   1.7809600e+02   2.0000589e-02
   1.9464100e+02   0.0000000e+00
   2.1272200e+02   1.0000402e-02
   2.3248400e+02   1.0000016e-02
   2.5408100e+02   2.9999649e-02
   2.7768400e+02   0.0000000e+00
   3.0348000e+02   1.9999828e-02
   3.3167200e+02   9.9999257e-03
   3.6248300e+02   1.0000168e-02
   3.9615700e+02   2.9999476e-02
   4.3295800e+02   1.0000147e-02
   4.7317900e+02   3.9999345e-02
   5.1713500e+02   5.0001073e-02
   5.6517600e+02   3.0000057e-02
   6.1767900e+02   9.9999569e-03
   6.7505900e+02   3.0000127e-02
   7.3777000e+02   2.9999852e-02
   8.0630600e+02   9.9999999e-03
   8.8120900e+02   2.9999846e-02
   9.6307000e+02   6.0002698e-02
   1.0525400e+03   1.9998560e-02
   1.1503100e+03   0.0000000e+00
   1.2571700e+03   1.0000237e-02
   1.3739600e+03   4.0001100e-02
   1.5016000e+03   1.9999518e-02
   1.6410900e+03   1.9999763e-02
   1.7935400e+03   1.0000349e-02
   1.9601600e+03   2.9999692e-02
   2.1422500e+03   0.0000000e+00
   2.3412600e+03   2.9999266e-02
   2.5587500e+03   3.0000117e-02
   2.7964500e+03   2.9999914e-02
   3.0562300e+03   0.0000000e+00
   3.3401500e+03   9.9997349e-03
   3.6504300e+03   2.0000382e-02
   3.9895500e+03   9.9998361e-03
   4.3601600e+03   1.0000117e-02
   4.7652100e+03   9.9999596e-03
   5.2078800e+03   1.0000098e-02
   5.6916800e+03   9.9998705e-03
   6.2204100e+03   3.0000238e-02
   6.7982700e+03   3.0000171e-02
   7.4298100e+03   1.9999856e-02
   8.1200100e+03   0.0000000e+00
   8.8743300e+03   0.0000000e+00
   9.6987300e+03   1.9999822e-02
   1.0599700e+04   1.0000219e-02
   1.1584400e+04   9.9995301e-03
   1.2660500e+04   0.0000000e+00
   1.3836700e+04   9.9993769e-03
   1.5122000e+04   1.0000097e-02
   1.6526800e+04   1.0000084e-02
   1.8062100e+04   0.0000000e+00
   1.9740000e+04   0.0000000e+00
   2.1573800e+04   9.9998377e-03
   2.3577900e+04   9.9999461e-03
   2.5768200e+04   0.0000000e+00
   2.8162000e+04   0.0000000e+00
   3.0778200e+04   0.0000000e+00
   3.3637400e+04   9.9999850e-03
   3.6762200e+04   0.0000000e+00
   4.0177300e+04   0.0000000e+00
   4.3909600e+04   0.0000000e+00
   4.7988700e+04   1.9999611e-02
   5.2446600e+04   0.0000000e+00
   5.7318800e+04   9.9999463e-03
   6.2643500e+04   0.0000000e+00
   6.8462900e+04   0.0000000e+00
   7.4822800e+04   0.0000000e+00
   8.1773600e+04   1.9999989e-02
   8.9370100e+04   0.0000000e+00
   9.7672300e+04   0.0000000e+00
   1.0674600e+05   0.0000000e+00
   1.1666200e+05   0.0000000e+00
   1.2750000e+05   0.0000000e+00
   1.3934400e+05   0.0000000e+00
   1.5228800e+05   0.0000000e+00
   1.6643600e+05   0.0000000e+00
   1.8189700e+05   0.0000000e+00
   1.9879400e+05   0.0000000e+00
   2.1726200e+05   0.0000000e+00
   2.3744500e+05   0.0000000e+00
   2.5950300e+05   0.0000000e+00
   2.8360900e+05   0.0000000e+00
   3.0995600e+05   0.0000000e+00
   3.3875000e+05   0.0000000e+00
   3.7021800e+05   0.0000000e+00
   4.0461000e+05   0.0000000e+00
   4.4219700e+05   0.0000000e+00
   4.8327600e+05   0.0000000e+00
   5.2817100e+05   0.0000000e+00
   5.7723600e+05   0.0000000e+00
   6.3085900e+05   0.0000000e+00
   6.8946400e+05   0.0000000e+00
   7.5351300e+05   0.0000000e+00
   8.2351200e+05   0.0000000e+00
   9.0001400e+05   0.0000000e+00
   9.8362200e+05   0.0000000e+00
   1.0750000e+06   9.9996808e-03
