   1.8409900e+02   1.9999993e-02
   2.0408700e+02   0.0000000e+00
   2.2624500e+02   0.0000000e+00
   2.5080900e+02   1.0000067e-02
   2.7804000e+02   1.9999763e-02
   3.0822700e+02   0.0000000e+00
   3.4169200e+02   3.9999806e-02
   3.7879000e+02   3.0000019e-02
   4.1991600e+02   9.9999755e-03
   4.6550700e+02   9.9999917e-03
   5.1604800e+02   2.0000224e-02
   5.7207700e+02   4.9999603e-02
   6.3418800e+02   4.9999953e-02
   7.0304300e+02   1.0000048e-02
   7.7937400e+02   1.9999972e-02
   8.6399200e+02   1.0000095e-02
   9.5779800e+02   2.0000365e-02
   1.0617900e+03   9.9999636e-03
   1.1770700e+03   2.9998447e-02
   1.3048600e+03   5.0002981e-02
   1.4465400e+03   9.9997975e-03
   1.6035900e+03   2.9999171e-02
   1.7776900e+03   1.0000118e-02
   1.9707000e+03   2.0000653e-02
   2.1846700e+03   1.9999718e-02
   2.4218600e+03   2.9999350e-02
   2.6848000e+03   2.0000369e-02
   2.9763000e+03   2.9999768e-02
   3.2994400e+03   5.0000310e-02
   3.6576700e+03   1.9999996e-02
   4.0547900e+03   3.0000243e-02
   4.4950300e+03   1.9999860e-02
   4.9830600e+03   3.9999989e-02
   5.5240800e+03   9.9999784e-03
   6.1238400e+03   0.0000000e+00
   6.7887200e+03   9.9999141e-03
   7.5257800e+03   1.0000038e-02
   8.3428700e+03   9.9999414e-03
   9.2486700e+03   1.9999659e-02
   1.0252800e+04   1.0000287e-02
   1.1366000e+04   1.9999561e-02
   1.2600000e+04   0.0000000e+00
   1.3968000e+04   2.0000921e-02
   1.5484600e+04   0.0000000e+00
   1.7165700e+04   3.0001216e-02
   1.9029500e+04   0.0000000e+00
   2.1095500e+04   1.0000070e-02
   2.3385900e+04   1.0000169e-02
   2.5925000e+04   0.0000000e+00
   2.8739700e+04   0.0000000e+00
   3.1860000e+04   1.9999963e-02
   3.5319100e+04   0.0000000e+00
   3.9153800e+04   1.0000010e-02
   4.3404800e+04   0.0000000e+00
   4.8117300e+04   0.0000000e+00
   5.3341500e+04   0.0000000e+00
   5.9132900e+04   1.0000039e-02
   6.5553100e+04   0.0000000e+00
   7.2670300e+04   0.0000000e+00
   8.0560300e+04   0.0000000e+00
   8.9306900e+04   0.0000000e+00
   9.9003100e+04   0.0000000e+00
   1.0975200e+05   2.0000053e-02
   1.2166800e+05   0.0000000e+00
   1.3487800e+05   1.0000036e-02
   1.4952200e+05   0.0000000e+00
   1.6575600e+05   0.0000000e+00
   1.8375200e+05   0.0000000e+00
   2.0370200e+05   0.0000000e+00
   2.2581900e+05   0.0000000e+00
   2.5033600e+05   1.0000174e-02
   2.7751600e+05   0.0000000e+00
   3.0764600e+05   0.0000000e+00
   3.4104800e+05   0.0000000e+00
   3.7807600e+05   1.0000111e-02
   4.1912500e+05   0.0000000e+00
   4.6463000e+05   0.0000000e+00
   5.1507600e+05   0.0000000e+00
   5.7099800e+05   0.0000000e+00
   6.3299300e+05   0.0000000e+00
   7.0171800e+05   0.0000000e+00
   7.7790500e+05   0.0000000e+00
   8.6236400e+05   0.0000000e+00
   9.5599200e+05   0.0000000e+00
   1.0597900e+06   0.0000000e+00
   1.1748500e+06   0.0000000e+00
   1.3024100e+06   0.0000000e+00
   1.4438100e+06   0.0000000e+00
   1.6005700e+06   0.0000000e+00
   1.7743400e+06   0.0000000e+00
   1.9669900e+06   0.0000000e+00
   2.1805500e+06   0.0000000e+00
   2.4172900e+06   0.0000000e+00
   2.6797400e+06   0.0000000e+00
   2.9706900e+06   0.0000000e+00
   3.2932200e+06   0.0000000e+00
   3.6507700e+06   0.0000000e+00
   4.0471500e+06   0.0000000e+00
   4.4865500e+06   0.0000000e+00
