   1.5907500e+02   1.0000073e-02
   1.7659400e+02   0.0000000e+00
   1.9604200e+02   9.9999698e-03
   2.1763200e+02   0.0000000e+00
   2.4160000e+02   1.9999764e-02
   2.6820700e+02   1.0000149e-02
   2.9774500e+02   4.9999176e-02
   3.3053500e+02   2.0000132e-02
   3.6693700e+02   5.0000530e-02
   4.0734800e+02   4.9999828e-02
   4.5220900e+02   3.9999516e-02
   5.0201000e+02   2.0000293e-02
   5.5729700e+02   2.0000026e-02
   6.1867200e+02   3.9999904e-02
   6.8680600e+02   2.9999752e-02
   7.6244300e+02   2.0000086e-02
   8.4641100e+02   0.0000000e+00
   9.3962600e+02   1.0000311e-02
   1.0431100e+03   3.9997504e-02
   1.1579800e+03   4.0000422e-02
   1.2855100e+03   5.0002375e-02
   1.4270900e+03   1.9999396e-02
   1.5842500e+03   0.0000000e+00
   1.7587200e+03   1.0000118e-02
   1.9524100e+03   1.0000064e-02
   2.1674300e+03   2.0000124e-02
   2.4061300e+03   0.0000000e+00
   2.6711100e+03   4.0000060e-02
   2.9652800e+03   0.0000000e+00
   3.2918500e+03   9.9999913e-03
   3.6543800e+03   1.9999713e-02
   4.0568300e+03   2.0000107e-02
   4.5036100e+03   1.9999947e-02
   4.9995900e+03   1.0000124e-02
   5.5502000e+03   9.9999475e-03
   6.1614400e+03   1.0000007e-02
   6.8400000e+03   2.0000075e-02
   7.5932900e+03   1.9999850e-02
   8.4295300e+03   9.9999856e-03
   9.3578700e+03   0.0000000e+00
   1.0388500e+04   9.9993265e-03
   1.1532500e+04   3.0000651e-02
   1.2802600e+04   1.0000369e-02
   1.4212600e+04   0.0000000e+00
   1.5777800e+04   1.9999950e-02
   1.7515400e+04   1.9999414e-02
   1.9444300e+04   2.9999943e-02
   2.1585700e+04   1.0000279e-02
   2.3963000e+04   0.0000000e+00
   2.6602000e+04   0.0000000e+00
   2.9531700e+04   0.0000000e+00
   3.2784000e+04   0.0000000e+00
   3.6394500e+04   0.0000000e+00
   4.0402600e+04   0.0000000e+00
   4.4852100e+04   0.0000000e+00
   4.9791700e+04   0.0000000e+00
   5.5275200e+04   1.0000058e-02
   6.1362700e+04   0.0000000e+00
   6.8120500e+04   1.9999998e-02
   7.5622600e+04   0.0000000e+00
   8.3950900e+04   0.0000000e+00
   9.3196400e+04   0.0000000e+00
   1.0346000e+05   9.9999669e-03
   1.1485400e+05   1.0000110e-02
   1.2750300e+05   0.0000000e+00
   1.4154500e+05   0.0000000e+00
   1.5713300e+05   0.0000000e+00
   1.7443800e+05   0.0000000e+00
   1.9364900e+05   0.0000000e+00
   2.1497600e+05   0.0000000e+00
   2.3865100e+05   0.0000000e+00
   2.6493300e+05   0.0000000e+00
   2.9411000e+05   0.0000000e+00
   3.2650100e+05   0.0000000e+00
   3.6245800e+05   0.0000000e+00
   4.0237600e+05   9.9998931e-03
   4.4668900e+05   0.0000000e+00
   4.9588300e+05   0.0000000e+00
   5.5049400e+05   0.0000000e+00
   6.1112000e+05   0.0000000e+00
   6.7842200e+05   0.0000000e+00
   7.5313700e+05   0.0000000e+00
   8.3608000e+05   0.0000000e+00
   9.2815700e+05   0.0000000e+00
   1.0303700e+06   0.0000000e+00
   1.1438500e+06   9.9998513e-03
   1.2698200e+06   1.0000352e-02
   1.4096700e+06   0.0000000e+00
   1.5649100e+06   0.0000000e+00
   1.7372600e+06   0.0000000e+00
   1.9285800e+06   0.0000000e+00
   2.1409700e+06   0.0000000e+00
   2.3767600e+06   0.0000000e+00
   2.6385100e+06   0.0000000e+00
   2.9290900e+06   0.0000000e+00
   3.2516700e+06   0.0000000e+00
   3.6097700e+06   0.0000000e+00
   4.0073200e+06   0.0000000e+00
   4.4486400e+06   1.0000059e-02
