   1.4364800e+02   1.9999179e-02
   1.5508800e+02   0.0000000e+00
   1.6744000e+02   0.0000000e+00
   1.8077500e+02   0.0000000e+00
   1.9517200e+02   2.0001285e-02
   2.1071700e+02   0.0000000e+00
   2.2749900e+02   1.9999373e-02
   2.4561700e+02   1.0000212e-02
   2.6517900e+02   3.9998964e-02
   2.8629800e+02   1.0000205e-02
   3.0910000e+02   2.9999507e-02
   3.3371700e+02   9.9999725e-03
   3.6029500e+02   0.0000000e+00
   3.8899000e+02   2.9999824e-02
   4.1997000e+02   1.0000149e-02
   4.5341800e+02   2.9999719e-02
   4.8952900e+02   3.0000486e-02
   5.2851700e+02   9.9999227e-03
   5.7060900e+02   2.0000117e-02
   6.1605400e+02   0.0000000e+00
   6.6511800e+02   9.9998654e-03
   7.1808900e+02   2.0000207e-02
   7.7528000e+02   1.9999885e-02
   8.3702500e+02   2.0000033e-02
   9.0368800e+02   2.0000011e-02
   9.7566000e+02   1.9998970e-02
   1.0533600e+03   2.0001760e-02
   1.1372600e+03   9.9995620e-03
   1.2278300e+03   2.0000500e-02
   1.3256200e+03   1.9998970e-02
   1.4311900e+03   0.0000000e+00
   1.5451800e+03   9.9998433e-03
   1.6682400e+03   3.9999097e-02
   1.8011000e+03   4.0001606e-02
   1.9445500e+03   0.0000000e+00
   2.0994200e+03   3.9999256e-02
   2.2666200e+03   1.0000032e-02
   2.4471400e+03   9.9996695e-03
   2.6420300e+03   1.0000084e-02
   2.8524500e+03   2.0000291e-02
   3.0796300e+03   1.0000026e-02
   3.3249000e+03   1.9999735e-02
   3.5897000e+03   1.0000239e-02
   3.8756000e+03   0.0000000e+00
   4.1842600e+03   9.9998326e-03
   4.5175000e+03   2.0000258e-02
   4.8772900e+03   0.0000000e+00
   5.2657300e+03   0.0000000e+00
   5.6851100e+03   2.9999589e-02
   6.1378800e+03   0.0000000e+00
   6.6267200e+03   4.0000111e-02
   7.1544900e+03   1.9999923e-02
   7.7242900e+03   9.9999355e-03
   8.3394700e+03   0.0000000e+00
   9.0036500e+03   0.0000000e+00
   9.7207200e+03   2.9999862e-02
   1.0494900e+04   0.0000000e+00
   1.1330700e+04   0.0000000e+00
   1.2233200e+04   0.0000000e+00
   1.3207400e+04   0.0000000e+00
   1.4259300e+04   2.0000926e-02
   1.5395000e+04   1.0000047e-02
   1.6621100e+04   0.0000000e+00
   1.7944800e+04   0.0000000e+00
   1.9374000e+04   1.0000044e-02
   2.0917000e+04   9.9995142e-03
   2.2582800e+04   0.0000000e+00
   2.4381400e+04   1.0000018e-02
   2.6323200e+04   9.9997861e-03
   2.8419600e+04   9.9999502e-03
   3.0683000e+04   0.0000000e+00
   3.3126700e+04   0.0000000e+00
   3.5765000e+04   9.9999348e-03
   3.8613400e+04   1.0000076e-02
   4.1688700e+04   0.0000000e+00
   4.5008900e+04   0.0000000e+00
   4.8593500e+04   0.0000000e+00
   5.2463600e+04   0.0000000e+00
   5.6642000e+04   9.9999809e-03
   6.1153100e+04   0.0000000e+00
   6.6023500e+04   0.0000000e+00
   7.1281800e+04   0.0000000e+00
   7.6958800e+04   0.0000000e+00
   8.3088000e+04   1.0000083e-02
   8.9705400e+04   0.0000000e+00
   9.6849700e+04   0.0000000e+00
   1.0456300e+05   1.0000429e-02
   1.1289100e+05   0.0000000e+00
   1.2188200e+05   1.0000054e-02
   1.3158900e+05   0.0000000e+00
   1.4206900e+05   0.0000000e+00
   1.5338300e+05   0.0000000e+00
   1.6559900e+05   0.0000000e+00
   1.7878800e+05   0.0000000e+00
   1.9302700e+05   0.0000000e+00
   2.0840000e+05   0.0000000e+00
   2.2499800e+05   0.0000000e+00
   2.4291700e+05   0.0000000e+00
   2.6226400e+05   0.0000000e+00
