   2.0818900e+02   1.9999799e-02
   2.2499400e+02   0.0000000e+00
   2.4315600e+02   4.0000490e-02
   2.6278400e+02   9.9999307e-03
   2.8399600e+02   1.0000252e-02
   3.0692100e+02   1.9999282e-02
   3.3169500e+02   1.0000088e-02
   3.5847000e+02   9.9999922e-03
   3.8740600e+02   3.0000230e-02
   4.1867800e+02   2.9999966e-02
   4.5247400e+02   2.9999900e-02
   4.8899800e+02   2.9999707e-02
   5.2847000e+02   3.0000283e-02
   5.7112900e+02   9.9999848e-03
   6.1723100e+02   1.0000125e-02
   6.6705500e+02   2.9999849e-02
   7.2090000e+02   9.9998906e-03
   7.7909100e+02   9.9999799e-03
   8.4198000e+02   1.0000109e-02
   9.0994600e+02   9.9999129e-03
   9.8339700e+02   2.0000547e-02
   1.0627800e+03   1.0000197e-02
   1.1485700e+03   1.9999308e-02
   1.2412800e+03   1.0000281e-02
   1.3414800e+03   9.9995172e-03
   1.4497600e+03   3.0000992e-02
   1.5667900e+03   1.9999586e-02
   1.6932600e+03   9.9998915e-03
   1.8299400e+03   1.0000363e-02
   1.9776600e+03   4.0000516e-02
   2.1373000e+03   9.9997423e-03
   2.3098200e+03   3.9999864e-02
   2.4962700e+03   9.9999412e-03
   2.6977700e+03   1.0000151e-02
   2.9155400e+03   3.9999092e-02
   3.1508800e+03   1.9999848e-02
   3.4052200e+03   0.0000000e+00
   3.6801000e+03   1.9999951e-02
   3.9771600e+03   0.0000000e+00
   4.2982000e+03   0.0000000e+00
   4.6451500e+03   2.9999950e-02
   5.0201100e+03   0.0000000e+00
   5.4253400e+03   2.0000063e-02
   5.8632800e+03   1.0000002e-02
   6.3365700e+03   9.9999364e-03
   6.8480600e+03   1.9999967e-02
   7.4008400e+03   3.0000377e-02
   7.9982500e+03   0.0000000e+00
   8.6438700e+03   1.0000010e-02
   9.3416100e+03   1.0000365e-02
   1.0095700e+04   9.9996379e-03
   1.0910600e+04   1.9999640e-02
   1.1791300e+04   9.9998963e-03
   1.2743100e+04   0.0000000e+00
   1.3771800e+04   0.0000000e+00
   1.4883400e+04   9.9999610e-03
   1.6084800e+04   1.0000134e-02
   1.7383200e+04   0.0000000e+00
   1.8786400e+04   2.0000512e-02
   2.0302900e+04   9.9995971e-03
   2.1941700e+04   0.0000000e+00
   2.3712900e+04   0.0000000e+00
   2.5627000e+04   0.0000000e+00
   2.7695600e+04   0.0000000e+00
   2.9931300e+04   1.9999358e-02
   3.2347300e+04   0.0000000e+00
   3.4958400e+04   0.0000000e+00
   3.7780300e+04   0.0000000e+00
   4.0830000e+04   9.9998857e-03
   4.4125800e+04   0.0000000e+00
   4.7687700e+04   0.0000000e+00
   5.1537100e+04   0.0000000e+00
   5.5697200e+04   0.0000000e+00
   6.0193100e+04   0.0000000e+00
   6.5052000e+04   0.0000000e+00
   7.0303000e+04   0.0000000e+00
   7.5978000e+04   0.0000000e+00
   8.2111000e+04   0.0000000e+00
   8.8739000e+04   0.0000000e+00
   9.5902100e+04   0.0000000e+00
   1.0364300e+05   0.0000000e+00
   1.1201000e+05   0.0000000e+00
   1.2105100e+05   0.0000000e+00
   1.3082200e+05   1.0000845e-02
   1.4138300e+05   9.9995368e-03
   1.5279500e+05   0.0000000e+00
   1.6512900e+05   0.0000000e+00
   1.7845800e+05   0.0000000e+00
   1.9286400e+05   9.9999336e-03
   2.0843200e+05   0.0000000e+00
   2.2525600e+05   0.0000000e+00
   2.4343900e+05   0.0000000e+00
   2.6309000e+05   0.0000000e+00
   2.8432700e+05   9.9999573e-03
   3.0727800e+05   0.0000000e+00
   3.3208200e+05   0.0000000e+00
   3.5888800e+05   0.0000000e+00
   3.8785700e+05   0.0000000e+00
   4.1916600e+05   9.9998666e-03
