   1.7366600e+02   1.0000527e-02
   1.8975100e+02   0.0000000e+00
   2.0732400e+02   3.0001013e-02
   2.2652600e+02   4.9998412e-02
   2.4750500e+02   1.0000113e-02
   2.7042800e+02   0.0000000e+00
   2.9547400e+02   9.9998825e-03
   3.2283900e+02   3.0000165e-02
   3.5273900e+02   0.0000000e+00
   3.8540800e+02   5.0000485e-02
   4.2110300e+02   2.9999619e-02
   4.6010300e+02   2.0000241e-02
   5.0271600e+02   7.0000060e-02
   5.4927500e+02   2.9999900e-02
   6.0014600e+02   1.9999793e-02
   6.5572800e+02   3.0000324e-02
   7.1645900e+02   3.0000024e-02
   7.8281400e+02   3.9999773e-02
   8.5531400e+02   1.9999966e-02
   9.3452900e+02   9.9999294e-03
   1.0210800e+03   4.0001029e-02
   1.1156500e+03   1.9998826e-02
   1.2189700e+03   2.0000799e-02
   1.3318700e+03   3.9999568e-02
   1.4552200e+03   4.0001356e-02
   1.5900000e+03   1.9998906e-02
   1.7372500e+03   1.0000241e-02
   1.8981500e+03   0.0000000e+00
   2.0739500e+03   1.0000050e-02
   2.2660300e+03   1.9999217e-02
   2.4758900e+03   4.0000836e-02
   2.7052000e+03   9.9999032e-03
   2.9557400e+03   0.0000000e+00
   3.2294900e+03   2.0000039e-02
   3.5285900e+03   1.9999964e-02
   3.8553900e+03   1.0000067e-02
   4.2124600e+03   0.0000000e+00
   4.6025900e+03   0.0000000e+00
   5.0288600e+03   3.0000075e-02
   5.4946100e+03   0.0000000e+00
   6.0035000e+03   0.0000000e+00
   6.5595100e+03   0.0000000e+00
   7.1670200e+03   0.0000000e+00
   7.8308000e+03   0.0000000e+00
   8.5560500e+03   0.0000000e+00
   9.3484600e+03   1.0000365e-02
   1.0214300e+04   1.0000071e-02
   1.1160300e+04   9.9999043e-03
   1.2193900e+04   0.0000000e+00
   1.3323200e+04   0.0000000e+00
   1.4557100e+04   0.0000000e+00
   1.5905400e+04   9.9994752e-03
   1.7378400e+04   9.9999684e-03
   1.8987900e+04   0.0000000e+00
   2.0746500e+04   0.0000000e+00
   2.2668000e+04   0.0000000e+00
   2.4767400e+04   0.0000000e+00
   2.7061200e+04   2.0000199e-02
   2.9567500e+04   0.0000000e+00
   3.2305900e+04   9.9999522e-03
   3.5297900e+04   9.9999481e-03
   3.8567000e+04   0.0000000e+00
   4.2138900e+04   0.0000000e+00
   4.6041600e+04   9.9999115e-03
   5.0305700e+04   0.0000000e+00
   5.4964800e+04   0.0000000e+00
   6.0055300e+04   1.0000100e-02
   6.5617400e+04   0.0000000e+00
   7.1694500e+04   0.0000000e+00
   7.8334500e+04   1.0000074e-02
   8.5589500e+04   0.0000000e+00
   9.3516400e+04   0.0000000e+00
   1.0217700e+05   0.0000000e+00
   1.1164100e+05   0.0000000e+00
   1.2198000e+05   0.0000000e+00
   1.3327700e+05   0.0000000e+00
   1.4562100e+05   0.0000000e+00
   1.5910800e+05   0.0000000e+00
   1.7384300e+05   0.0000000e+00
   1.8994400e+05   0.0000000e+00
   2.0753600e+05   0.0000000e+00
   2.2675600e+05   0.0000000e+00
   2.4775800e+05   0.0000000e+00
   2.7070400e+05   9.9998943e-03
   2.9577500e+05   0.0000000e+00
   3.2316800e+05   0.0000000e+00
   3.5309800e+05   1.0000218e-02
   3.8580100e+05   0.0000000e+00
   4.2153200e+05   0.0000000e+00
   4.6057200e+05   1.0000017e-02
   5.0322800e+05   0.0000000e+00
   5.4983400e+05   0.0000000e+00
   6.0075700e+05   0.0000000e+00
   6.5639600e+05   0.0000000e+00
   7.1718900e+05   0.0000000e+00
   7.8361100e+05   0.0000000e+00
   8.5618500e+05   0.0000000e+00
   9.3548100e+05   0.0000000e+00
   1.0221200e+06   9.9995984e-03
