   1.4505700e+02   2.0000433e-02
   1.5926700e+02   1.0000258e-02
   1.7486900e+02   3.0000112e-02
   1.9199900e+02   9.9994938e-03
   2.1080600e+02   2.0000638e-02
   2.3145700e+02   1.9999808e-02
   2.5413000e+02   1.9999790e-02
   2.7902400e+02   3.0000154e-02
   3.0635700e+02   2.0000411e-02
   3.3636800e+02   1.9999892e-02
   3.6931800e+02   2.0000030e-02
   4.0549600e+02   4.0000054e-02
   4.4521800e+02   2.9999343e-02
   4.8883000e+02   2.0000306e-02
   5.3671600e+02   3.9999979e-02
   5.8929200e+02   1.9999923e-02
   6.4701800e+02   2.9999939e-02
   7.1039900e+02   1.0000013e-02
   7.7998900e+02   3.0000062e-02
   8.5639600e+02   0.0000000e+00
   9.4028700e+02   5.0001976e-02
   1.0324000e+03   9.9997749e-03
   1.1335300e+03   0.0000000e+00
   1.2445700e+03   9.9994727e-03
   1.3664800e+03   0.0000000e+00
   1.5003400e+03   1.0000563e-02
   1.6473200e+03   2.9998276e-02
   1.8086800e+03   6.0001121e-02
   1.9858600e+03   1.9999824e-02
   2.1803900e+03   2.0000119e-02
   2.3939800e+03   1.9999857e-02
   2.6284900e+03   3.0000675e-02
   2.8859800e+03   9.9997492e-03
   3.1686800e+03   9.9999706e-03
   3.4790800e+03   1.0000081e-02
   3.8198900e+03   9.9999658e-03
   4.1940800e+03   3.0000185e-02
   4.6049300e+03   0.0000000e+00
   5.0560200e+03   0.0000000e+00
   5.5513100e+03   9.9999926e-03
   6.0951100e+03   9.9998594e-03
   6.6921700e+03   1.0000043e-02
   7.3477300e+03   2.0000167e-02
   8.0675100e+03   1.9999932e-02
   8.8577900e+03   0.0000000e+00
   9.7254900e+03   0.0000000e+00
   1.0678200e+04   0.0000000e+00
   1.1724200e+04   0.0000000e+00
   1.2872700e+04   0.0000000e+00
   1.4133700e+04   0.0000000e+00
   1.5518200e+04   0.0000000e+00
   1.7038400e+04   0.0000000e+00
   1.8707400e+04   0.0000000e+00
   2.0540000e+04   0.0000000e+00
   2.2552000e+04   0.0000000e+00
   2.4761200e+04   0.0000000e+00
   2.7186800e+04   1.0000050e-02
   2.9850000e+04   9.9997876e-03
   3.2774000e+04   0.0000000e+00
   3.5984500e+04   0.0000000e+00
   3.9509500e+04   9.9999650e-03
   4.3379800e+04   1.0000136e-02
   4.7629300e+04   0.0000000e+00
   5.2295000e+04   1.9999789e-02
   5.7417700e+04   2.0000121e-02
   6.3042300e+04   0.0000000e+00
   6.9217900e+04   1.0000017e-02
   7.5998400e+04   0.0000000e+00
   8.3443100e+04   0.0000000e+00
   9.1617000e+04   0.0000000e+00
   1.0059200e+05   0.0000000e+00
   1.1044600e+05   0.0000000e+00
   1.2126500e+05   0.0000000e+00
   1.3314400e+05   9.9995492e-03
   1.4618600e+05   9.9998422e-03
   1.6050600e+05   0.0000000e+00
   1.7622900e+05   0.0000000e+00
   1.9349300e+05   0.0000000e+00
   2.1244700e+05   0.0000000e+00
   2.3325800e+05   0.0000000e+00
   2.5610800e+05   0.0000000e+00
   2.8119600e+05   9.9997991e-03
   3.0874100e+05   1.0000027e-02
   3.3898500e+05   0.0000000e+00
   3.7219200e+05   9.9998651e-03
   4.0865100e+05   0.0000000e+00
   4.4868200e+05   0.0000000e+00
   4.9263500e+05   0.0000000e+00
   5.4089300e+05   0.0000000e+00
   5.9387800e+05   0.0000000e+00
   6.5205300e+05   0.0000000e+00
   7.1592800e+05   0.0000000e+00
   7.8605900e+05   0.0000000e+00
   8.6306000e+05   0.0000000e+00
   9.4760500e+05   0.0000000e+00
   1.0404300e+06   0.0000000e+00
   1.1423500e+06   9.9997085e-03
   1.2542500e+06   0.0000000e+00
   1.3771200e+06   9.9999347e-03
