   1.8381800e+02   1.0000318e-02
   2.0235300e+02   1.9999776e-02
   2.2275600e+02   9.9997760e-03
   2.4521600e+02   1.0000332e-02
   2.6994200e+02   9.9999204e-03
   2.9716000e+02   1.9999575e-02
   3.2712200e+02   1.0000056e-02
   3.6010600e+02   2.0000238e-02
   3.9641600e+02   1.9999669e-02
   4.3638600e+02   2.0000039e-02
   4.8038700e+02   2.0000196e-02
   5.2882500e+02   9.9999270e-03
   5.8214600e+02   4.0000104e-02
   6.4084400e+02   4.0000378e-02
   7.0546100e+02   4.9999545e-02
   7.7659200e+02   2.0000016e-02
   8.5489600e+02   1.9999978e-02
   9.4109500e+02   3.0001339e-02
   1.0359900e+03   9.9991761e-03
   1.1404400e+03   3.0002350e-02
   1.2554400e+03   2.9998574e-02
   1.3820200e+03   2.0000069e-02
   1.5213700e+03   1.9999985e-02
   1.6747700e+03   2.0000287e-02
   1.8436400e+03   0.0000000e+00
   2.0295300e+03   3.0000224e-02
   2.2341700e+03   3.9999617e-02
   2.4594400e+03   1.0000172e-02
   2.7074300e+03   3.9999860e-02
   2.9804200e+03   9.9998008e-03
   3.2809300e+03   1.0000093e-02
   3.6117500e+03   1.0000164e-02
   3.9759300e+03   1.9999841e-02
   4.3768200e+03   1.9999772e-02
   4.8181300e+03   1.0000167e-02
   5.3039500e+03   9.9998778e-03
   5.8387400e+03   2.0000277e-02
   6.4274700e+03   0.0000000e+00
   7.0755500e+03   1.0000006e-02
   7.7889800e+03   2.9999888e-02
   8.5743400e+03   9.9999905e-03
   9.4388900e+03   9.9998073e-03
   1.0390600e+04   1.0000129e-02
   1.1438300e+04   0.0000000e+00
   1.2591600e+04   9.9998774e-03
   1.3861200e+04   0.0000000e+00
   1.5258900e+04   1.9999269e-02
   1.6797400e+04   0.0000000e+00
   1.8491100e+04   1.0000208e-02
   2.0355600e+04   9.9997238e-03
   2.2408000e+04   9.9999914e-03
   2.4667400e+04   1.0000314e-02
   2.7154700e+04   9.9999700e-03
   2.9892700e+04   9.9997286e-03
   3.2906700e+04   1.0000021e-02
   3.6224700e+04   1.0000161e-02
   3.9877300e+04   2.9999752e-02
   4.3898100e+04   1.0000118e-02
   4.8324400e+04   0.0000000e+00
   5.3196900e+04   0.0000000e+00
   5.8560800e+04   0.0000000e+00
   6.4465500e+04   0.0000000e+00
   7.0965500e+04   0.0000000e+00
   7.8121000e+04   9.9999609e-03
   8.5997900e+04   0.0000000e+00
   9.4669100e+04   0.0000000e+00
   1.0421500e+05   0.0000000e+00
   1.1472300e+05   0.0000000e+00
   1.2629000e+05   1.0000125e-02
   1.3902400e+05   0.0000000e+00
   1.5304200e+05   0.0000000e+00
   1.6847300e+05   9.9999241e-03
   1.8546000e+05   0.0000000e+00
   2.0416000e+05   0.0000000e+00
   2.2474500e+05   0.0000000e+00
   2.4740700e+05   0.0000000e+00
   2.7235300e+05   0.0000000e+00
   2.9981400e+05   0.0000000e+00
   3.3004400e+05   0.0000000e+00
   3.6332300e+05   0.0000000e+00
   3.9995700e+05   0.0000000e+00
   4.4028400e+05   0.0000000e+00
   4.8467800e+05   0.0000000e+00
   5.3354800e+05   0.0000000e+00
   5.8734600e+05   0.0000000e+00
   6.4656800e+05   0.0000000e+00
   7.1176200e+05   0.0000000e+00
   7.8352900e+05   0.0000000e+00
   8.6253200e+05   0.0000000e+00
   9.4950100e+05   0.0000000e+00
   1.0452400e+06   0.0000000e+00
   1.1506300e+06   0.0000000e+00
   1.2666500e+06   0.0000000e+00
   1.3943700e+06   0.0000000e+00
   1.5349600e+06   0.0000000e+00
   1.6897300e+06   0.0000000e+00
   1.8601100e+06   0.0000000e+00
   2.0476600e+06   0.0000000e+00
   2.2541300e+06   9.9998200e-03
