   1.8447100e+02   1.0000250e-02
   1.9843900e+02   0.0000000e+00
   2.1346400e+02   0.0000000e+00
   2.2962700e+02   0.0000000e+00
   2.4701300e+02   2.0000935e-02
   2.6571700e+02   0.0000000e+00
   2.8583600e+02   1.0000127e-02
   3.0747900e+02   2.9999431e-02
   3.3076000e+02   9.9998939e-03
   3.5580400e+02   2.0000325e-02
   3.8274500e+02   0.0000000e+00
   4.1172500e+02   1.0000098e-02
   4.4290000e+02   9.9999358e-03
   4.7643500e+02   0.0000000e+00
   5.1251000e+02   1.0000035e-02
   5.5131600e+02   0.0000000e+00
   5.9306000e+02   4.0000117e-02
   6.3796500e+02   5.0000022e-02
   6.8627000e+02   3.9999620e-02
   7.3823200e+02   1.0000029e-02
   7.9412900e+02   1.9999867e-02
   8.5425800e+02   3.0000363e-02
   9.1894100e+02   9.9998939e-03
   9.8852000e+02   4.0001038e-02
   1.0633700e+03   3.9997287e-02
   1.1438800e+03   2.0001857e-02
   1.2305000e+03   0.0000000e+00
   1.3236700e+03   1.9999101e-02
   1.4238900e+03   4.9998505e-02
   1.5317000e+03   5.0001530e-02
   1.6476800e+03   2.0000400e-02
   1.7724400e+03   0.0000000e+00
   1.9066400e+03   1.0000293e-02
   2.0510100e+03   2.9998767e-02
   2.2063000e+03   3.0000802e-02
   2.3733600e+03   9.9997479e-03
   2.5530600e+03   3.9999705e-02
   2.7463700e+03   1.0000087e-02
   2.9543200e+03   0.0000000e+00
   3.1780200e+03   9.9999572e-03
   3.4186500e+03   0.0000000e+00
   3.6775000e+03   0.0000000e+00
   3.9559500e+03   0.0000000e+00
   4.2554800e+03   1.0000194e-02
   4.5777000e+03   9.9999758e-03
   4.9243100e+03   0.0000000e+00
   5.2971600e+03   0.0000000e+00
   5.6982500e+03   0.0000000e+00
   6.1297000e+03   0.0000000e+00
   6.5938300e+03   2.0000107e-02
   7.0931000e+03   0.0000000e+00
   7.6301700e+03   4.9999527e-02
   8.2079000e+03   0.0000000e+00
   8.8293800e+03   1.0000021e-02
   9.4979200e+03   1.0000342e-02
   1.0217100e+04   0.0000000e+00
   1.0990700e+04   2.0000346e-02
   1.1822900e+04   0.0000000e+00
   1.2718100e+04   9.9992350e-03
   1.3681000e+04   2.0000121e-02
   1.4716900e+04   3.0001988e-02
   1.5831300e+04   1.9999950e-02
   1.7030000e+04   0.0000000e+00
   1.8319400e+04   1.0000020e-02
   1.9706500e+04   0.0000000e+00
   2.1198700e+04   9.9999656e-03
   2.2803800e+04   0.0000000e+00
   2.4530400e+04   3.0000353e-02
   2.6387800e+04   0.0000000e+00
   2.8385800e+04   0.0000000e+00
   3.0535100e+04   0.0000000e+00
   3.2847100e+04   0.0000000e+00
   3.5334200e+04   0.0000000e+00
   3.8009600e+04   0.0000000e+00
   4.0887600e+04   0.0000000e+00
   4.3983500e+04   0.0000000e+00
   4.7313800e+04   0.0000000e+00
   5.0896300e+04   9.9999276e-03
   5.4750000e+04   0.0000000e+00
   5.8895600e+04   0.0000000e+00
   6.3355000e+04   0.0000000e+00
   6.8152000e+04   0.0000000e+00
   7.3312300e+04   0.0000000e+00
   7.8863300e+04   0.0000000e+00
   8.4834700e+04   0.0000000e+00
   9.1258100e+04   0.0000000e+00
   9.8167900e+04   0.0000000e+00
   1.0560100e+05   0.0000000e+00
   1.1359700e+05   0.0000000e+00
   1.2219800e+05   1.0000550e-02
   1.3145100e+05   0.0000000e+00
   1.4140400e+05   0.0000000e+00
   1.5211000e+05   0.0000000e+00
   1.6362800e+05   0.0000000e+00
   1.7601700e+05   0.0000000e+00
   1.8934500e+05   0.0000000e+00
   2.0368100e+05   0.0000000e+00
   2.1910400e+05   0.0000000e+00
   2.3569300e+05   0.0000000e+00
