   1.8889600e+02   1.0000008e-02
   2.0754000e+02   1.9999861e-02
   2.2802400e+02   2.0000069e-02
   2.5053000e+02   1.0000300e-02
   2.7525800e+02   9.9997109e-03
   3.0242500e+02   2.0000485e-02
   3.3227500e+02   9.9998842e-03
   3.6507000e+02   1.9999850e-02
   4.0110200e+02   1.0000102e-02
   4.4069100e+02   2.9999974e-02
   4.8418700e+02   3.9999966e-02
   5.3197600e+02   2.0000060e-02
   5.8448200e+02   2.9999952e-02
   6.4217000e+02   1.0000032e-02
   7.0555200e+02   1.9999816e-02
   7.7518900e+02   4.0000027e-02
   8.5170000e+02   4.0000286e-02
   9.3576300e+02   2.9999216e-02
   1.0281200e+03   2.0000896e-02
   1.1296000e+03   4.9999586e-02
   1.2410900e+03   0.0000000e+00
   1.3635800e+03   2.0000747e-02
   1.4981700e+03   1.0000093e-02
   1.6460400e+03   1.9999638e-02
   1.8085000e+03   1.0000106e-02
   1.9870000e+03   1.9999494e-02
   2.1831100e+03   2.0000703e-02
   2.3985900e+03   1.0000016e-02
   2.6353300e+03   2.9999414e-02
   2.8954300e+03   2.0000142e-02
   3.1812100e+03   9.9998548e-03
   3.4951900e+03   2.0000353e-02
   3.8401700e+03   0.0000000e+00
   4.2191900e+03   1.9999884e-02
   4.6356200e+03   2.0000263e-02
   5.0931600e+03   9.9999619e-03
   5.5958500e+03   2.0000084e-02
   6.1481600e+03   3.9999936e-02
   6.7549800e+03   0.0000000e+00
   7.4216900e+03   9.9999968e-03
   8.1542100e+03   3.0000068e-02
   8.9590300e+03   1.9999967e-02
   9.8432800e+03   0.0000000e+00
   1.0814800e+04   9.9998408e-03
   1.1882200e+04   1.0000254e-02
   1.3055000e+04   9.9998295e-03
   1.4343500e+04   2.0000019e-02
   1.5759200e+04   0.0000000e+00
   1.7314600e+04   0.0000000e+00
   1.9023600e+04   0.0000000e+00
   2.0901200e+04   0.0000000e+00
   2.2964200e+04   9.9997753e-03
   2.5230700e+04   0.0000000e+00
   2.7721000e+04   9.9998338e-03
   3.0457000e+04   1.0000002e-02
   3.3463100e+04   0.0000000e+00
   3.6765900e+04   0.0000000e+00
   4.0394700e+04   0.0000000e+00
   4.4381600e+04   1.0000112e-02
   4.8762100e+04   0.0000000e+00
   5.3574900e+04   9.9999701e-03
   5.8862700e+04   0.0000000e+00
   6.4672400e+04   2.0000161e-02
   7.1055600e+04   0.0000000e+00
   7.8068700e+04   0.0000000e+00
   8.5774100e+04   0.0000000e+00
   9.4239900e+04   0.0000000e+00
   1.0354100e+05   2.0000949e-02
   1.1376100e+05   0.0000000e+00
   1.2498900e+05   0.0000000e+00
   1.3732500e+05   1.0000033e-02
   1.5087900e+05   1.0000186e-02
   1.6577100e+05   0.0000000e+00
   1.8213300e+05   0.0000000e+00
   2.0010900e+05   0.0000000e+00
   2.1986000e+05   0.0000000e+00
   2.4156000e+05   0.0000000e+00
   2.6540200e+05   0.0000000e+00
   2.9159700e+05   0.0000000e+00
   3.2037700e+05   0.0000000e+00
   3.5199800e+05   0.0000000e+00
   3.8674000e+05   0.0000000e+00
   4.2491100e+05   0.0000000e+00
   4.6685000e+05   0.0000000e+00
   5.1292800e+05   0.0000000e+00
   5.6355400e+05   0.0000000e+00
   6.1917600e+05   0.0000000e+00
   6.8028900e+05   0.0000000e+00
   7.4743300e+05   0.0000000e+00
   8.2120400e+05   0.0000000e+00
   9.0225700e+05   9.9999162e-03
   9.9130900e+05   0.0000000e+00
   1.0891500e+06   0.0000000e+00
   1.1966500e+06   0.0000000e+00
   1.3147600e+06   0.0000000e+00
   1.4445200e+06   0.0000000e+00
   1.5871000e+06   0.0000000e+00
   1.7437400e+06   0.0000000e+00
   1.9158500e+06   9.9997977e-03
