   2.3966100e+02   9.9999548e-03
   2.5873400e+02   0.0000000e+00
   2.7932500e+02   0.0000000e+00
   3.0155500e+02   1.0000095e-02
   3.2555400e+02   0.0000000e+00
   3.5146200e+02   2.0000272e-02
   3.7943300e+02   1.0000129e-02
   4.0963000e+02   9.9997758e-03
   4.4222900e+02   1.0000237e-02
   4.7742400e+02   1.9999998e-02
   5.1541900e+02   0.0000000e+00
   5.5643700e+02   1.0000169e-02
   6.0072100e+02   2.9999705e-02
   6.4852800e+02   1.9999960e-02
   7.0014000e+02   3.0000205e-02
   7.5586000e+02   2.0000002e-02
   8.1601400e+02   2.9999885e-02
   8.8095500e+02   1.9999854e-02
   9.5106400e+02   1.9999193e-02
   1.0267500e+03   3.0002681e-02
   1.1084700e+03   9.9993974e-03
   1.1966800e+03   1.0000390e-02
   1.2919200e+03   9.9994857e-03
   1.3947300e+03   0.0000000e+00
   1.5057300e+03   2.9999680e-02
   1.6255600e+03   5.0000858e-02
   1.7549300e+03   1.9999452e-02
   1.8945900e+03   1.0000107e-02
   2.0453700e+03   2.0000290e-02
   2.2081500e+03   0.0000000e+00
   2.3838800e+03   2.0000282e-02
   2.5736000e+03   2.0000386e-02
   2.7784200e+03   1.9999466e-02
   2.9995300e+03   1.9999744e-02
   3.2382400e+03   2.0000721e-02
   3.4959600e+03   1.9999984e-02
   3.7741800e+03   0.0000000e+00
   4.0745400e+03   1.9999643e-02
   4.3988000e+03   3.0000666e-02
   4.7488800e+03   9.9999522e-03
   5.1268100e+03   0.0000000e+00
   5.5348200e+03   5.9999983e-02
   5.9753000e+03   9.9998728e-03
   6.4508300e+03   1.0000026e-02
   6.9642100e+03   1.0000041e-02
   7.5184500e+03   1.9999874e-02
   8.1167900e+03   0.0000000e+00
   8.7627500e+03   2.0000300e-02
   9.4601300e+03   9.9999958e-03
   1.0213000e+04   1.0000204e-02
   1.1025800e+04   0.0000000e+00
   1.1903300e+04   9.9999830e-03
   1.2850600e+04   1.9998170e-02
   1.3873200e+04   1.0000176e-02
   1.4977300e+04   1.0000439e-02
   1.6169300e+04   1.9999832e-02
   1.7456100e+04   0.0000000e+00
   1.8845300e+04   1.0000171e-02
   2.0345100e+04   1.9999609e-02
   2.1964200e+04   0.0000000e+00
   2.3712200e+04   2.0000052e-02
   2.5599300e+04   0.0000000e+00
   2.7636600e+04   9.9999460e-03
   2.9836000e+04   9.9997856e-03
   3.2210400e+04   2.0000632e-02
   3.4773900e+04   0.0000000e+00
   3.7541300e+04   0.0000000e+00
   4.0528900e+04   0.0000000e+00
   4.3754400e+04   9.9999296e-03
   4.7236500e+04   0.0000000e+00
   5.0995700e+04   0.0000000e+00
   5.5054200e+04   0.0000000e+00
   5.9435600e+04   0.0000000e+00
   6.4165700e+04   9.9999568e-03
   6.9272200e+04   0.0000000e+00
   7.4785100e+04   0.0000000e+00
   8.0736800e+04   0.0000000e+00
   8.7162100e+04   0.0000000e+00
   9.4098700e+04   9.9994265e-03
   1.0158700e+05   0.0000000e+00
   1.0967200e+05   0.0000000e+00
   1.1840000e+05   0.0000000e+00
   1.2782300e+05   0.0000000e+00
   1.3799600e+05   0.0000000e+00
   1.4897800e+05   0.0000000e+00
   1.6083400e+05   0.0000000e+00
   1.7363400e+05   0.0000000e+00
   1.8745200e+05   0.0000000e+00
   2.0237000e+05   9.9998039e-03
   2.1847500e+05   0.0000000e+00
   2.3586200e+05   0.0000000e+00
   2.5463300e+05   0.0000000e+00
   2.7489800e+05   0.0000000e+00
   2.9677500e+05   0.0000000e+00
   3.2039300e+05   0.0000000e+00
   3.4589100e+05   0.0000000e+00
   3.7341900e+05   0.0000000e+00
   4.0313700e+05   0.0000000e+00
   4.3522000e+05   0.0000000e+00
