   2.9150700e+02   2.9999723e-02
   3.1936500e+02   0.0000000e+00
   3.4988600e+02   9.9998698e-03
   3.8332300e+02   0.0000000e+00
   4.1995600e+02   2.0000056e-02
   4.6009000e+02   7.0001119e-02
   5.0406000e+02   1.9999877e-02
   5.5223100e+02   2.0000036e-02
   6.0500600e+02   9.9999122e-03
   6.6282400e+02   5.0000016e-02
   7.2616800e+02   3.0000200e-02
   7.9556600e+02   9.9999423e-03
   8.7159500e+02   3.0000137e-02
   9.5489100e+02   2.0000687e-02
   1.0461500e+03   3.9997297e-02
   1.1461200e+03   6.9999199e-02
   1.2556500e+03   4.0000440e-02
   1.3756500e+03   3.0000797e-02
   1.5071200e+03   5.9999729e-02
   1.6511500e+03   0.0000000e+00
   1.8089500e+03   1.9999330e-02
   1.9818200e+03   3.0000581e-02
   2.1712200e+03   9.9997108e-03
   2.3787100e+03   1.0000179e-02
   2.6060400e+03   3.9999921e-02
   2.8550900e+03   9.9999252e-03
   3.1279400e+03   2.0000181e-02
   3.4268700e+03   0.0000000e+00
   3.7543600e+03   1.0000222e-02
   4.1131600e+03   2.9999944e-02
   4.5062400e+03   9.9998484e-03
   4.9368800e+03   3.0000511e-02
   5.4086900e+03   0.0000000e+00
   5.9255800e+03   0.0000000e+00
   6.4918600e+03   0.0000000e+00
   7.1122700e+03   2.0000105e-02
   7.7919700e+03   1.9999959e-02
   8.5366200e+03   0.0000000e+00
   9.3524400e+03   2.9999233e-02
   1.0246200e+04   2.0000062e-02
   1.1225400e+04   0.0000000e+00
   1.2298200e+04   1.0000017e-02
   1.3473500e+04   0.0000000e+00
   1.4761100e+04   0.0000000e+00
   1.6171800e+04   1.0000096e-02
   1.7717300e+04   1.9999067e-02
   1.9410400e+04   0.0000000e+00
   2.1265400e+04   0.0000000e+00
   2.3297700e+04   1.0000058e-02
   2.5524200e+04   2.0000284e-02
   2.7963500e+04   0.0000000e+00
   3.0635800e+04   0.0000000e+00
   3.3563600e+04   0.0000000e+00
   3.6771200e+04   0.0000000e+00
   4.0285300e+04   0.0000000e+00
   4.4135200e+04   0.0000000e+00
   4.8353100e+04   9.9999049e-03
   5.2974000e+04   0.0000000e+00
   5.8036600e+04   0.0000000e+00
   6.3582900e+04   0.0000000e+00
   6.9659300e+04   0.0000000e+00
   7.6316400e+04   0.0000000e+00
   8.3609800e+04   0.0000000e+00
   9.1600100e+04   0.0000000e+00
   1.0035400e+05   0.0000000e+00
   1.0994400e+05   0.0000000e+00
   1.2045200e+05   0.0000000e+00
   1.3196300e+05   0.0000000e+00
   1.4457400e+05   0.0000000e+00
   1.5839000e+05   1.0000093e-02
   1.7352700e+05   0.0000000e+00
   1.9011100e+05   0.0000000e+00
   2.0827900e+05   0.0000000e+00
   2.2818300e+05   0.0000000e+00
   2.4999000e+05   0.0000000e+00
   2.7388100e+05   0.0000000e+00
   3.0005500e+05   1.9999809e-02
   3.2873000e+05   1.0000090e-02
   3.6014600e+05   0.0000000e+00
   3.9456400e+05   0.0000000e+00
   4.3227100e+05   0.0000000e+00
   4.7358200e+05   0.0000000e+00
   5.1884000e+05   0.0000000e+00
   5.6842400e+05   0.0000000e+00
   6.2274700e+05   0.0000000e+00
   6.8226100e+05   0.0000000e+00
   7.4746200e+05   0.0000000e+00
   8.1889500e+05   0.0000000e+00
   8.9715400e+05   0.0000000e+00
   9.8289200e+05   0.0000000e+00
   1.0768200e+06   0.0000000e+00
   1.1797300e+06   0.0000000e+00
   1.2924800e+06   0.0000000e+00
   1.4159900e+06   0.0000000e+00
   1.5513100e+06   0.0000000e+00
   1.6995700e+06   0.0000000e+00
   1.8619900e+06   0.0000000e+00
   2.0399400e+06   0.0000000e+00
   2.2348900e+06   0.0000000e+00
