   1.9684200e+02   1.0000620e-02
   2.0786600e+02   0.0000000e+00
   2.1950600e+02   0.0000000e+00
   2.3179900e+02   1.0000069e-02
   2.4478000e+02   0.0000000e+00
   2.5848800e+02   2.9999003e-02
   2.7296300e+02   2.9999692e-02
   2.8824900e+02   3.0001604e-02
   3.0439200e+02   0.0000000e+00
   3.2143800e+02   0.0000000e+00
   3.3943800e+02   0.0000000e+00
   3.5844700e+02   0.0000000e+00
   3.7852100e+02   0.0000000e+00
   3.9971800e+02   1.9999567e-02
   4.2210200e+02   0.0000000e+00
   4.4574100e+02   9.9996761e-03
   4.7070200e+02   2.0000255e-02
   4.9706200e+02   3.0000249e-02
   5.2489800e+02   1.9999560e-02
   5.5429200e+02   2.0000151e-02
   5.8533300e+02   9.9999879e-03
   6.1811200e+02   3.0000232e-02
   6.5272700e+02   1.9999901e-02
   6.8928000e+02   4.9999738e-02
   7.2788000e+02   1.0000060e-02
   7.6864200e+02   1.0000128e-02
   8.1168700e+02   1.9999973e-02
   8.5714200e+02   9.9998880e-03
   9.0514200e+02   2.0000156e-02
   9.5583100e+02   3.0000970e-02
   1.0093600e+03   9.9991793e-03
   1.0658800e+03   9.9999851e-03
   1.1255700e+03   2.0002277e-02
   1.1886100e+03   1.9999150e-02
   1.2551700e+03   9.9999474e-03
   1.3254600e+03   1.0000414e-02
   1.3996900e+03   9.9995636e-03
   1.4780700e+03   4.9998212e-02
   1.5608400e+03   2.0000370e-02
   1.6482500e+03   9.9996897e-03
   1.7405500e+03   0.0000000e+00
   1.8380300e+03   1.9999814e-02
   1.9409600e+03   0.0000000e+00
   2.0496500e+03   1.9999612e-02
   2.1644300e+03   0.0000000e+00
   2.2856400e+03   1.0000179e-02
   2.4136400e+03   1.0000323e-02
   2.5488100e+03   9.9996495e-03
   2.6915400e+03   0.0000000e+00
   2.8422700e+03   2.0000029e-02
   3.0014400e+03   9.9998356e-03
   3.1695200e+03   0.0000000e+00
   3.3470200e+03   1.9999343e-02
   3.5344500e+03   0.0000000e+00
   3.7323900e+03   1.9999394e-02
   3.9414000e+03   0.0000000e+00
   4.1621200e+03   0.0000000e+00
   4.3952100e+03   9.9998189e-03
   4.6413400e+03   0.0000000e+00
   4.9012600e+03   9.9998479e-03
   5.1757300e+03   1.0000173e-02
   5.4655800e+03   0.0000000e+00
   5.7716500e+03   1.0000104e-02
   6.0948700e+03   1.0000096e-02
   6.4361900e+03   0.0000000e+00
   6.7966200e+03   0.0000000e+00
   7.1772300e+03   0.0000000e+00
   7.5791600e+03   0.0000000e+00
   8.0036000e+03   0.0000000e+00
   8.4518100e+03   0.0000000e+00
   8.9251200e+03   9.9999486e-03
   9.4249300e+03   1.9999873e-02
   9.9527300e+03   1.0000165e-02
   1.0510100e+04   0.0000000e+00
   1.1098700e+04   1.9998938e-02
   1.1720200e+04   9.9993868e-03
   1.2376500e+04   0.0000000e+00
   1.3069600e+04   1.9999753e-02
   1.3801500e+04   0.0000000e+00
   1.4574400e+04   0.0000000e+00
   1.5390600e+04   0.0000000e+00
   1.6252500e+04   1.0000549e-02
   1.7162700e+04   9.9997649e-03
   1.8123800e+04   0.0000000e+00
   1.9138700e+04   0.0000000e+00
   2.0210500e+04   9.9999736e-03
   2.1342300e+04   0.0000000e+00
   2.2537500e+04   0.0000000e+00
   2.3799600e+04   3.0000128e-02
   2.5132400e+04   0.0000000e+00
   2.6539800e+04   1.0000332e-02
   2.8026100e+04   0.0000000e+00
   2.9595600e+04   9.9995516e-03
   3.1252900e+04   0.0000000e+00
   3.3003100e+04   0.0000000e+00
   3.4851300e+04   1.0000003e-02
   3.6803000e+04   1.0000013e-02
   3.8864000e+04   0.0000000e+00
   4.1040400e+04   1.0000018e-02
