   1.6941000e+02   2.0000369e-02
   1.8434200e+02   3.0000470e-02
   2.0059000e+02   0.0000000e+00
   2.1826900e+02   0.0000000e+00
   2.3750800e+02   9.9996313e-03
   2.5844100e+02   1.0000049e-02
   2.8122000e+02   1.0000166e-02
   3.0600700e+02   1.9999806e-02
   3.3297800e+02   4.0000633e-02
   3.6232700e+02   9.9999024e-03
   3.9426200e+02   4.0000030e-02
   4.2901200e+02   2.0000052e-02
   4.6682500e+02   2.0000165e-02
   5.0797100e+02   3.9999797e-02
   5.5274300e+02   3.9999622e-02
   6.0146100e+02   4.0000429e-02
   6.5447400e+02   2.0000024e-02
   7.1215900e+02   1.9999898e-02
   7.7492800e+02   0.0000000e+00
   8.4323000e+02   9.9998906e-03
   9.1755100e+02   2.0000136e-02
   9.9842400e+02   2.9998452e-02
   1.0864200e+03   2.0000625e-02
   1.1821800e+03   1.0000303e-02
   1.2863800e+03   4.9999673e-02
   1.3997600e+03   1.9999387e-02
   1.5231300e+03   4.0000593e-02
   1.6573800e+03   9.9999648e-03
   1.8034600e+03   0.0000000e+00
   1.9624200e+03   3.9998557e-02
   2.1353800e+03   3.0001327e-02
   2.3236000e+03   1.9999969e-02
   2.5284000e+03   0.0000000e+00
   2.7512500e+03   1.9999726e-02
   2.9937400e+03   3.0000436e-02
   3.2576100e+03   9.9998728e-03
   3.5447300e+03   9.9999783e-03
   3.8571600e+03   2.0000129e-02
   4.1971300e+03   1.9999859e-02
   4.5670600e+03   1.0000060e-02
   4.9696000e+03   0.0000000e+00
   5.4076200e+03   9.9999166e-03
   5.8842400e+03   2.0000211e-02
   6.4028800e+03   0.0000000e+00
   6.9672200e+03   1.0000026e-02
   7.5813100e+03   9.9999631e-03
   8.2495200e+03   1.0000017e-02
   8.9766300e+03   2.0000112e-02
   9.7678300e+03   0.0000000e+00
   1.0628800e+04   9.9998716e-03
   1.1565600e+04   2.0000322e-02
   1.2585000e+04   0.0000000e+00
   1.3694200e+04   0.0000000e+00
   1.4901200e+04   1.0000136e-02
   1.6214600e+04   0.0000000e+00
   1.7643700e+04   1.9999986e-02
   1.9198800e+04   1.0000157e-02
   2.0891000e+04   0.0000000e+00
   2.2732300e+04   0.0000000e+00
   2.4735900e+04   0.0000000e+00
   2.6916100e+04   0.0000000e+00
   2.9288500e+04   0.0000000e+00
   3.1870000e+04   9.9999838e-03
   3.4679000e+04   0.0000000e+00
   3.7735600e+04   0.0000000e+00
   4.1061500e+04   0.0000000e+00
   4.4680700e+04   0.0000000e+00
   4.8618800e+04   1.0000133e-02
   5.2904100e+04   0.0000000e+00
   5.7567000e+04   0.0000000e+00
   6.2640900e+04   0.0000000e+00
   6.8162000e+04   0.0000000e+00
   7.4169800e+04   0.0000000e+00
   8.0707100e+04   0.0000000e+00
   8.7820600e+04   0.0000000e+00
   9.5561000e+04   0.0000000e+00
   1.0398400e+05   0.0000000e+00
   1.1314900e+05   0.0000000e+00
   1.2312200e+05   1.0000118e-02
   1.3397400e+05   0.0000000e+00
   1.4578200e+05   0.0000000e+00
   1.5863100e+05   0.0000000e+00
   1.7261300e+05   0.0000000e+00
   1.8782700e+05   0.0000000e+00
   2.0438200e+05   0.0000000e+00
   2.2239600e+05   0.0000000e+00
   2.4199800e+05   0.0000000e+00
   2.6332700e+05   0.0000000e+00
   2.8653700e+05   0.0000000e+00
   3.1179200e+05   0.0000000e+00
   3.3927300e+05   0.0000000e+00
   3.6917600e+05   0.0000000e+00
   4.0171500e+05   0.0000000e+00
   4.3712200e+05   0.0000000e+00
   4.7565000e+05   0.0000000e+00
   5.1757300e+05   0.0000000e+00
   5.6319200e+05   0.0000000e+00
   6.1283100e+05   0.0000000e+00
   6.6684600e+05   9.9999197e-03
