   1.9734200e+02   1.0000174e-02
   2.1296200e+02   0.0000000e+00
   2.2981800e+02   1.9999723e-02
   2.4800800e+02   4.0000051e-02
   2.6763800e+02   2.0000280e-02
   2.8882200e+02   9.9998327e-03
   3.1168200e+02   2.0000142e-02
   3.3635200e+02   2.9999533e-02
   3.6297400e+02   3.0000441e-02
   3.9170400e+02   9.9998006e-03
   4.2270700e+02   2.0000256e-02
   4.5616500e+02   5.0000311e-02
   4.9227100e+02   3.9999416e-02
   5.3123400e+02   2.0000215e-02
   5.7328200e+02   9.9998786e-03
   6.1865700e+02   2.0000343e-02
   6.6762500e+02   1.9999693e-02
   7.2046700e+02   4.0000431e-02
   7.7749300e+02   0.0000000e+00
   8.3903200e+02   2.0000036e-02
   9.0544200e+02   3.9999876e-02
   9.7710800e+02   4.0001746e-02
   1.0544500e+03   2.9999947e-02
   1.1379100e+03   3.9997357e-02
   1.2279700e+03   2.0001038e-02
   1.3251700e+03   3.0000638e-02
   1.4300600e+03   3.9996567e-02
   1.5432400e+03   2.0000230e-02
   1.6653900e+03   0.0000000e+00
   1.7972100e+03   9.9999759e-03
   1.9394600e+03   0.0000000e+00
   2.0929700e+03   1.0000016e-02
   2.2586300e+03   9.9998932e-03
   2.4374000e+03   3.9999647e-02
   2.6303200e+03   0.0000000e+00
   2.8385200e+03   9.9999943e-03
   3.0631900e+03   9.9998745e-03
   3.3056400e+03   0.0000000e+00
   3.5672800e+03   9.9999052e-03
   3.8496300e+03   1.0000308e-02
   4.1543400e+03   9.9997368e-03
   4.4831500e+03   0.0000000e+00
   4.8380000e+03   0.0000000e+00
   5.2209300e+03   0.0000000e+00
   5.6341700e+03   2.0000099e-02
   6.0801200e+03   0.0000000e+00
   6.5613600e+03   0.0000000e+00
   7.0807000e+03   9.9999870e-03
   7.6411400e+03   1.9999950e-02
   8.2459400e+03   0.0000000e+00
   8.8986100e+03   1.0000007e-02
   9.6029400e+03   9.9997294e-03
   1.0363000e+04   1.0000769e-02
   1.1183300e+04   0.0000000e+00
   1.2068400e+04   0.0000000e+00
   1.3023600e+04   2.0001419e-02
   1.4054500e+04   0.0000000e+00
   1.5166900e+04   0.0000000e+00
   1.6367400e+04   9.9993351e-03
   1.7662800e+04   1.0000539e-02
   1.9060900e+04   0.0000000e+00
   2.0569500e+04   0.0000000e+00
   2.2197600e+04   0.0000000e+00
   2.3954600e+04   9.9998832e-03
   2.5850600e+04   0.0000000e+00
   2.7896700e+04   9.9998112e-03
   3.0104700e+04   0.0000000e+00
   3.2487600e+04   0.0000000e+00
   3.5059000e+04   0.0000000e+00
   3.7833900e+04   0.0000000e+00
   4.0828500e+04   9.9999923e-03
   4.4060100e+04   1.0000050e-02
   4.7547500e+04   0.0000000e+00
   5.1310900e+04   0.0000000e+00
   5.5372200e+04   0.0000000e+00
   5.9754900e+04   0.0000000e+00
   6.4484500e+04   0.0000000e+00
   6.9588500e+04   1.0000049e-02
   7.5096500e+04   0.0000000e+00
   8.1040400e+04   0.0000000e+00
   8.7454800e+04   0.0000000e+00
   9.4376900e+04   0.0000000e+00
   1.0184700e+05   0.0000000e+00
   1.0990800e+05   9.9996745e-03
   1.1860700e+05   0.0000000e+00
   1.2799500e+05   0.0000000e+00
   1.3812600e+05   0.0000000e+00
   1.4905900e+05   0.0000000e+00
   1.6085700e+05   0.0000000e+00
   1.7358900e+05   0.0000000e+00
   1.8732900e+05   0.0000000e+00
   2.0215600e+05   0.0000000e+00
   2.1815700e+05   0.0000000e+00
   2.3542400e+05   0.0000000e+00
   2.5405800e+05   0.0000000e+00
   2.7416700e+05   0.0000000e+00
   2.9586700e+05   0.0000000e+00
   3.1928500e+05   0.0000000e+00
   3.4455700e+05   1.0000042e-02
