   1.6666300e+02   1.0000074e-02
   1.7973800e+02   0.0000000e+00
   1.9383800e+02   1.0000093e-02
   2.0904500e+02   4.0000256e-02
   2.2544500e+02   1.9999506e-02
   2.4313100e+02   1.0000002e-02
   2.6220500e+02   3.0000952e-02
   2.8277600e+02   3.9999749e-02
   3.0496000e+02   2.9999261e-02
   3.2888400e+02   2.0000446e-02
   3.5468600e+02   5.9998769e-02
   3.8251100e+02   0.0000000e+00
   4.1252000e+02   2.0000172e-02
   4.4488300e+02   9.9998345e-03
   4.7978400e+02   1.0000082e-02
   5.1742400e+02   1.0000086e-02
   5.5801700e+02   0.0000000e+00
   6.0179400e+02   1.9999807e-02
   6.4900500e+02   1.0000157e-02
   6.9992100e+02   1.9999725e-02
   7.5483000e+02   7.0000413e-02
   8.1404800e+02   1.9999976e-02
   8.7791100e+02   1.9999893e-02
   9.4678400e+02   1.9999853e-02
   1.0210600e+03   3.9998255e-02
   1.1011600e+03   1.0000247e-02
   1.1875500e+03   0.0000000e+00
   1.2807200e+03   1.9999257e-02
   1.3811900e+03   0.0000000e+00
   1.4895500e+03   0.0000000e+00
   1.6064000e+03   4.0001796e-02
   1.7324300e+03   0.0000000e+00
   1.8683400e+03   9.9997529e-03
   2.0149100e+03   2.0000914e-02
   2.1729900e+03   9.9997872e-03
   2.3434600e+03   3.0000459e-02
   2.5273100e+03   2.9999837e-02
   2.7255800e+03   0.0000000e+00
   2.9394000e+03   0.0000000e+00
   3.1700000e+03   9.9999741e-03
   3.4186900e+03   0.0000000e+00
   3.6868900e+03   1.0000298e-02
   3.9761400e+03   9.9999143e-03
   4.2880700e+03   1.9999720e-02
   4.6244700e+03   3.0000331e-02
   4.9872700e+03   0.0000000e+00
   5.3785300e+03   0.0000000e+00
   5.8004800e+03   0.0000000e+00
   6.2555400e+03   1.9999780e-02
   6.7462900e+03   1.0000103e-02
   7.2755500e+03   2.9999671e-02
   7.8463200e+03   0.0000000e+00
   8.4618800e+03   0.0000000e+00
   9.1257200e+03   0.0000000e+00
   9.8416500e+03   0.0000000e+00
   1.0613700e+04   2.0000954e-02
   1.1446400e+04   0.0000000e+00
   1.2344400e+04   0.0000000e+00
   1.3312800e+04   0.0000000e+00
   1.4357200e+04   0.0000000e+00
   1.5483600e+04   9.9999449e-03
   1.6698300e+04   0.0000000e+00
   1.8008300e+04   1.0000194e-02
   1.9421100e+04   1.9999840e-02
   2.0944700e+04   0.0000000e+00
   2.2587800e+04   9.9997681e-03
   2.4359800e+04   0.0000000e+00
   2.6270900e+04   2.0000129e-02
   2.8331900e+04   0.0000000e+00
   3.0554600e+04   0.0000000e+00
   3.2951600e+04   0.0000000e+00
   3.5536700e+04   0.0000000e+00
   3.8324600e+04   9.9999516e-03
   4.1331200e+04   0.0000000e+00
   4.4573700e+04   0.0000000e+00
   4.8070600e+04   0.0000000e+00
   5.1841800e+04   9.9998583e-03
   5.5908800e+04   0.0000000e+00
   6.0294900e+04   0.0000000e+00
   6.5025200e+04   9.9999764e-03
   7.0126500e+04   9.9999665e-03
   7.5628000e+04   0.0000000e+00
   8.1561100e+04   0.0000000e+00
   8.7959700e+04   9.9999286e-03
   9.4860200e+04   0.0000000e+00
   1.0230200e+05   0.0000000e+00
   1.1032800e+05   0.0000000e+00
   1.1898300e+05   0.0000000e+00
   1.2831800e+05   0.0000000e+00
   1.3838400e+05   0.0000000e+00
   1.4924100e+05   0.0000000e+00
   1.6094900e+05   0.0000000e+00
   1.7357600e+05   0.0000000e+00
   1.8719300e+05   0.0000000e+00
   2.0187800e+05   0.0000000e+00
   2.1771600e+05   0.0000000e+00
   2.3479600e+05   0.0000000e+00
   2.5321600e+05   0.0000000e+00
   2.7308100e+05   1.0000188e-02
