   2.0102400e+02   1.9999065e-02
   2.1633300e+02   1.0000174e-02
   2.3280900e+02   1.0000302e-02
   2.5054000e+02   9.9995800e-03
   2.6962000e+02   0.0000000e+00
   2.9015400e+02   0.0000000e+00
   3.1225200e+02   2.0000178e-02
   3.3603300e+02   3.0000222e-02
   3.6162500e+02   3.0000136e-02
   3.8916600e+02   1.9999693e-02
   4.1880400e+02   2.0000195e-02
   4.5070000e+02   2.0000113e-02
   4.8502500e+02   6.0000018e-02
   5.2196400e+02   1.9999907e-02
   5.6171600e+02   2.9999544e-02
   6.0449500e+02   2.0000104e-02
   6.5053300e+02   1.0000011e-02
   7.0007700e+02   4.9999883e-02
   7.5339400e+02   7.0000586e-02
   8.1077200e+02   2.9999780e-02
   8.7251900e+02   9.9999941e-03
   9.3896900e+02   2.0000053e-02
   1.0104800e+03   2.0000750e-02
   1.0874400e+03   1.0000267e-02
   1.1702600e+03   1.9998795e-02
   1.2593800e+03   9.9996725e-03
   1.3552900e+03   4.0000847e-02
   1.4585100e+03   1.0000121e-02
   1.5695900e+03   1.0000143e-02
   1.6891300e+03   1.9999661e-02
   1.8177700e+03   0.0000000e+00
   1.9562100e+03   2.9999507e-02
   2.1051900e+03   0.0000000e+00
   2.2655200e+03   1.0000022e-02
   2.4380600e+03   1.9999964e-02
   2.6237400e+03   1.9999784e-02
   2.8235600e+03   0.0000000e+00
   3.0386000e+03   1.0000144e-02
   3.2700200e+03   9.9999522e-03
   3.5190600e+03   1.0000070e-02
   3.7870700e+03   1.0000041e-02
   4.0754900e+03   9.9998539e-03
   4.3858700e+03   1.0000190e-02
   4.7199000e+03   9.9999615e-03
   5.0793600e+03   0.0000000e+00
   5.4662000e+03   1.9999529e-02
   5.8824900e+03   1.0000121e-02
   6.3305000e+03   0.0000000e+00
   6.8126200e+03   1.9999933e-02
   7.3314600e+03   0.0000000e+00
   7.8898200e+03   1.9999990e-02
   8.4907000e+03   0.0000000e+00
   9.1373400e+03   0.0000000e+00
   9.8332300e+03   1.9999547e-02
   1.0582100e+04   0.0000000e+00
   1.1388000e+04   0.0000000e+00
   1.2255300e+04   0.0000000e+00
   1.3188700e+04   0.0000000e+00
   1.4193100e+04   0.0000000e+00
   1.5274100e+04   9.9995186e-03
   1.6437300e+04   2.0000855e-02
   1.7689200e+04   1.0000090e-02
   1.9036400e+04   1.0000082e-02
   2.0486200e+04   0.0000000e+00
   2.2046400e+04   9.9998386e-03
   2.3725400e+04   0.0000000e+00
   2.5532300e+04   0.0000000e+00
   2.7476800e+04   0.0000000e+00
   2.9569400e+04   0.0000000e+00
   3.1821400e+04   0.0000000e+00
   3.4244800e+04   1.0000186e-02
   3.6852900e+04   2.0000179e-02
   3.9659600e+04   0.0000000e+00
   4.2680000e+04   0.0000000e+00
   4.5930500e+04   0.0000000e+00
   4.9428500e+04   0.0000000e+00
   5.3192900e+04   0.0000000e+00
   5.7244000e+04   0.0000000e+00
   6.1603600e+04   0.0000000e+00
   6.6295300e+04   0.0000000e+00
   7.1344300e+04   0.0000000e+00
   7.6777800e+04   0.0000000e+00
   8.2625100e+04   0.0000000e+00
   8.8917700e+04   0.0000000e+00
   9.5689600e+04   0.0000000e+00
   1.0297700e+05   0.0000000e+00
   1.1082000e+05   0.0000000e+00
   1.1926000e+05   9.9991912e-03
   1.2834200e+05   0.0000000e+00
   1.3811700e+05   0.0000000e+00
   1.4863600e+05   0.0000000e+00
   1.5995600e+05   0.0000000e+00
   1.7213800e+05   0.0000000e+00
   1.8524800e+05   0.0000000e+00
   1.9935600e+05   0.0000000e+00
   2.1453900e+05   0.0000000e+00
   2.3087800e+05   0.0000000e+00
   2.4846100e+05   0.0000000e+00
   2.6738300e+05   0.0000000e+00
