   1.8939400e+02   2.0000360e-02
   2.0589200e+02   1.0000143e-02
   2.2382700e+02   9.9999918e-03
   2.4332400e+02   9.9998434e-03
   2.6451900e+02   0.0000000e+00
   2.8756000e+02   0.0000000e+00
   3.1260900e+02   0.0000000e+00
   3.3984000e+02   0.0000000e+00
   3.6944200e+02   0.0000000e+00
   4.0162400e+02   9.9998615e-03
   4.3660800e+02   0.0000000e+00
   4.7464000e+02   1.0000074e-02
   5.1598500e+02   1.9999891e-02
   5.6093100e+02   5.0000485e-02
   6.0979300e+02   1.9999772e-02
   6.6291000e+02   2.0000154e-02
   7.2065500e+02   1.9999859e-02
   7.8342900e+02   7.0000257e-02
   8.5167200e+02   9.9999625e-03
   9.2585900e+02   2.0000400e-02
   1.0065100e+03   0.0000000e+00
   1.0941800e+03   1.9999660e-02
   1.1894900e+03   2.0001147e-02
   1.2931100e+03   5.0000108e-02
   1.4057500e+03   1.9999759e-02
   1.5282000e+03   2.0000348e-02
   1.6613200e+03   1.9999501e-02
   1.8060300e+03   1.0000062e-02
   1.9633500e+03   1.9999592e-02
   2.1343700e+03   9.9999861e-03
   2.3202900e+03   2.0000481e-02
   2.5224100e+03   1.9999903e-02
   2.7421300e+03   9.9999933e-03
   2.9809900e+03   2.0000225e-02
   3.2406600e+03   2.9999307e-02
   3.5229400e+03   2.0000321e-02
   3.8298200e+03   2.9999414e-02
   4.1634200e+03   2.0000235e-02
   4.5260900e+03   1.0000089e-02
   4.9203500e+03   2.0000019e-02
   5.3489500e+03   9.9999294e-03
   5.8148800e+03   9.9999711e-03
   6.3214000e+03   9.9999528e-03
   6.8720400e+03   2.0000099e-02
   7.4706500e+03   0.0000000e+00
   8.1214000e+03   1.0000089e-02
   8.8288400e+03   5.0000051e-02
   9.5979000e+03   1.9998792e-02
   1.0433900e+04   0.0000000e+00
   1.1342800e+04   3.0001581e-02
   1.2330900e+04   9.9998817e-03
   1.3405000e+04   0.0000000e+00
   1.4572700e+04   2.0000159e-02
   1.5842100e+04   0.0000000e+00
   1.7222000e+04   0.0000000e+00
   1.8722200e+04   9.9997231e-03
   2.0353000e+04   1.9999908e-02
   2.2125900e+04   2.0000630e-02
   2.4053300e+04   0.0000000e+00
   2.6148500e+04   0.0000000e+00
   2.8426200e+04   0.0000000e+00
   3.0902400e+04   0.0000000e+00
   3.3594200e+04   0.0000000e+00
   3.6520500e+04   9.9999431e-03
   3.9701700e+04   9.9999165e-03
   4.3160000e+04   0.0000000e+00
   4.6919600e+04   2.0000224e-02
   5.1006700e+04   0.0000000e+00
   5.5449700e+04   0.0000000e+00
   6.0279800e+04   0.0000000e+00
   6.5530700e+04   0.0000000e+00
   7.1238900e+04   1.0000101e-02
   7.7444400e+04   0.0000000e+00
   8.4190300e+04   0.0000000e+00
   9.1524000e+04   0.0000000e+00
   9.9496400e+04   0.0000000e+00
   1.0816300e+05   0.0000000e+00
   1.1758500e+05   0.0000000e+00
   1.2782800e+05   0.0000000e+00
   1.3896200e+05   0.0000000e+00
   1.5106700e+05   0.0000000e+00
   1.6422600e+05   0.0000000e+00
   1.7853200e+05   0.0000000e+00
   1.9408300e+05   0.0000000e+00
   2.1098900e+05   0.0000000e+00
   2.2936800e+05   0.0000000e+00
   2.4934800e+05   0.0000000e+00
   2.7106800e+05   0.0000000e+00
   2.9468000e+05   0.0000000e+00
   3.2034900e+05   1.0000064e-02
   3.4825400e+05   0.0000000e+00
   3.7858900e+05   0.0000000e+00
   4.1156700e+05   0.0000000e+00
   4.4741800e+05   0.0000000e+00
   4.8639100e+05   0.0000000e+00
   5.2876000e+05   0.0000000e+00
   5.7481900e+05   0.0000000e+00
   6.2489000e+05   0.0000000e+00
   6.7932200e+05   1.0000161e-02
