   1.2079500e+02   9.9998744e-03
   1.2889600e+02   0.0000000e+00
   1.3754100e+02   9.9998306e-03
   1.4676500e+02   0.0000000e+00
   1.5660800e+02   3.0000454e-02
   1.6711100e+02   9.9998044e-03
   1.7831800e+02   0.0000000e+00
   1.9027700e+02   2.9997994e-02
   2.0303700e+02   2.0000513e-02
   2.1665400e+02   1.0000113e-02
   2.3118400e+02   2.9999465e-02
   2.4668800e+02   9.9999546e-03
   2.6323200e+02   1.0000232e-02
   2.8088600e+02   2.9999241e-02
   2.9972300e+02   0.0000000e+00
   3.1982400e+02   1.0000039e-02
   3.4127300e+02   4.0001129e-02
   3.6416100e+02   0.0000000e+00
   3.8858300e+02   0.0000000e+00
   4.1464300e+02   1.0000035e-02
   4.4245100e+02   2.0000106e-02
   4.7212400e+02   0.0000000e+00
   5.0378700e+02   2.9999738e-02
   5.3757300e+02   1.9999919e-02
   5.7362500e+02   2.0000014e-02
   6.1209500e+02   2.0000012e-02
   6.5314500e+02   3.0000018e-02
   6.9694800e+02   2.0000147e-02
   7.4368900e+02   1.9999875e-02
   7.9356400e+02   0.0000000e+00
   8.4678400e+02   2.0000245e-02
   9.0357400e+02   1.9999737e-02
   9.6417100e+02   3.9998251e-02
   1.0288300e+03   2.0000478e-02
   1.0978300e+03   0.0000000e+00
   1.1714600e+03   9.9995882e-03
   1.2500200e+03   9.9997454e-03
   1.3338500e+03   3.0001842e-02
   1.4233100e+03   1.9999257e-02
   1.5187600e+03   1.0000462e-02
   1.6206200e+03   1.9998859e-02
   1.7293000e+03   0.0000000e+00
   1.8452800e+03   9.9997549e-03
   1.9690300e+03   1.9999633e-02
   2.1010800e+03   0.0000000e+00
   2.2419900e+03   0.0000000e+00
   2.3923500e+03   1.9999648e-02
   2.5527900e+03   0.0000000e+00
   2.7239900e+03   2.0000719e-02
   2.9066800e+03   2.9999142e-02
   3.1016100e+03   0.0000000e+00
   3.3096200e+03   1.0000053e-02
   3.5315800e+03   0.0000000e+00
   3.7684300e+03   1.9999326e-02
   4.0211500e+03   1.0000085e-02
   4.2908300e+03   1.0000238e-02
   4.5786000e+03   9.9999309e-03
   4.8856600e+03   9.9998452e-03
   5.2133100e+03   2.0000060e-02
   5.5629400e+03   0.0000000e+00
   5.9360200e+03   3.0000219e-02
   6.3341200e+03   0.0000000e+00
   6.7589100e+03   1.0000121e-02
   7.2122000e+03   0.0000000e+00
   7.6958800e+03   9.9999798e-03
   8.2120000e+03   1.0000062e-02
   8.7627400e+03   0.0000000e+00
   9.3504100e+03   9.9999821e-03
   9.9774900e+03   0.0000000e+00
   1.0646600e+04   0.0000000e+00
   1.1360600e+04   0.0000000e+00
   1.2122500e+04   0.0000000e+00
   1.2935500e+04   0.0000000e+00
   1.3803100e+04   9.9989791e-03
   1.4728700e+04   0.0000000e+00
   1.5716500e+04   0.0000000e+00
   1.6770600e+04   9.9998989e-03
   1.7895300e+04   0.0000000e+00
   1.9095400e+04   0.0000000e+00
   2.0376000e+04   0.0000000e+00
   2.1742500e+04   0.0000000e+00
   2.3200700e+04   0.0000000e+00
   2.4756600e+04   0.0000000e+00
   2.6416900e+04   0.0000000e+00
   2.8188600e+04   0.0000000e+00
   3.0079000e+04   0.0000000e+00
   3.2096300e+04   0.0000000e+00
   3.4248800e+04   1.0000059e-02
   3.6545700e+04   9.9998926e-03
   3.8996600e+04   1.0000018e-02
   4.1611900e+04   0.0000000e+00
   4.4402600e+04   0.0000000e+00
   4.7380500e+04   9.9998149e-03
   5.0558000e+04   1.0000124e-02
   5.3948700e+04   9.9998626e-03
   5.7566700e+04   0.0000000e+00
   6.1427400e+04   0.0000000e+00
   6.5547000e+04   0.0000000e+00
   6.9942900e+04   1.9999972e-02
