   1.7187100e+02   9.9998875e-03
   1.9369700e+02   0.0000000e+00
   2.1829500e+02   0.0000000e+00
   2.4601700e+02   9.9999394e-03
   2.7725900e+02   0.0000000e+00
   3.1246900e+02   4.0000035e-02
   3.5215000e+02   9.9999734e-03
   3.9687000e+02   1.9999886e-02
   4.4726900e+02   2.0000132e-02
   5.0406900e+02   2.0000094e-02
   5.6808200e+02   9.9998969e-03
   6.4022300e+02   1.9999969e-02
   7.2152600e+02   1.0000005e-02
   8.1315400e+02   1.0000003e-02
   9.1641800e+02   3.0001185e-02
   1.0328000e+03   9.9994924e-03
   1.1639500e+03   9.9998343e-03
   1.3117600e+03   0.0000000e+00
   1.4783500e+03   3.0000289e-02
   1.6660900e+03   0.0000000e+00
   1.8776700e+03   0.0000000e+00
   2.1161100e+03   3.0000211e-02
   2.3848400e+03   4.0000537e-02
   2.6877000e+03   3.9999484e-02
   3.0290100e+03   0.0000000e+00
   3.4136700e+03   2.0000071e-02
   3.8471800e+03   9.9999926e-03
   4.3357400e+03   3.0000316e-02
   4.8863500e+03   2.9999722e-02
   5.5068700e+03   5.0000207e-02
   6.2062000e+03   0.0000000e+00
   6.9943400e+03   2.9999897e-02
   7.8825600e+03   9.9999996e-03
   8.8835800e+03   5.9998837e-02
   1.0011700e+04   2.9999827e-02
   1.1283100e+04   2.0000561e-02
   1.2716000e+04   9.9998428e-03
   1.4330800e+04   3.0000142e-02
   1.6150700e+04   2.9999977e-02
   1.8201700e+04   1.0000127e-02
   2.0513200e+04   1.9999940e-02
   2.3118200e+04   1.9999844e-02
   2.6054000e+04   0.0000000e+00
   2.9362700e+04   1.9999904e-02
   3.3091500e+04   1.9999796e-02
   3.7293800e+04   0.0000000e+00
   4.2029800e+04   2.0000200e-02
   4.7367300e+04   0.0000000e+00
   5.3382500e+04   1.0000066e-02
   6.0161700e+04   1.9999916e-02
   6.7801700e+04   0.0000000e+00
   7.6412000e+04   1.0000051e-02
   8.6115700e+04   1.0000010e-02
   9.7051700e+04   9.9996166e-03
   1.0937600e+05   0.0000000e+00
   1.2326600e+05   2.0000177e-02
   1.3892000e+05   0.0000000e+00
   1.5656200e+05   0.0000000e+00
   1.7644400e+05   0.0000000e+00
   1.9885100e+05   0.0000000e+00
   2.2410300e+05   1.0000246e-02
   2.5256300e+05   0.0000000e+00
   2.8463600e+05   0.0000000e+00
   3.2078200e+05   0.0000000e+00
   3.6151900e+05   1.0000024e-02
   4.0742900e+05   0.0000000e+00
   4.5916900e+05   1.0000045e-02
   5.1748000e+05   0.0000000e+00
   5.8319600e+05   0.0000000e+00
   6.5725700e+05   0.0000000e+00
   7.4072300e+05   0.0000000e+00
   8.3478900e+05   9.9999752e-03
   9.4080000e+05   0.0000000e+00
   1.0602700e+06   0.0000000e+00
   1.1949200e+06   9.9996660e-03
   1.3466600e+06   0.0000000e+00
   1.5176800e+06   0.0000000e+00
   1.7104100e+06   0.0000000e+00
   1.9276200e+06   0.0000000e+00
   2.1724100e+06   1.0000043e-02
   2.4482900e+06   1.0000213e-02
   2.7592100e+06   0.0000000e+00
   3.1096000e+06   0.0000000e+00
   3.5045000e+06   0.0000000e+00
   3.9495400e+06   0.0000000e+00
   4.4511000e+06   0.0000000e+00
   5.0163500e+06   0.0000000e+00
   5.6533800e+06   0.0000000e+00
   6.3713200e+06   0.0000000e+00
   7.1804200e+06   0.0000000e+00
   8.0922800e+06   0.0000000e+00
   9.1199300e+06   0.0000000e+00
   1.0278100e+07   0.0000000e+00
   1.1583300e+07   0.0000000e+00
   1.3054300e+07   0.0000000e+00
   1.4712100e+07   0.0000000e+00
   1.6580400e+07   0.0000000e+00
   1.8686000e+07   0.0000000e+00
   2.1059000e+07   0.0000000e+00
