   9.9615900e+01   9.9997746e-03
   1.0829400e+02   0.0000000e+00
   1.1772900e+02   9.9997641e-03
   1.2798500e+02   3.0000747e-02
   1.3913500e+02   1.9999892e-02
   1.5125600e+02   9.9999726e-03
   1.6443300e+02   2.9999988e-02
   1.7875800e+02   2.0000092e-02
   1.9433100e+02   2.9998865e-02
   2.1126000e+02   2.0000529e-02
   2.2966500e+02   4.0000194e-02
   2.4967300e+02   4.0000089e-02
   2.7142400e+02   1.9999343e-02
   2.9506900e+02   3.0000187e-02
   3.2077500e+02   1.9999873e-02
   3.4872000e+02   2.0000217e-02
   3.7910000e+02   4.9999713e-02
   4.1212600e+02   4.0000646e-02
   4.4803000e+02   9.9999374e-03
   4.8706100e+02   2.0000196e-02
   5.2949300e+02   0.0000000e+00
   5.7562100e+02   9.9998646e-03
   6.2576700e+02   1.0000088e-02
   6.8028300e+02   2.0000100e-02
   7.3954800e+02   0.0000000e+00
   8.0397500e+02   3.0000241e-02
   8.7401600e+02   0.0000000e+00
   9.5015800e+02   1.9999122e-02
   1.0329300e+03   1.0000319e-02
   1.1229200e+03   1.0000378e-02
   1.2207500e+03   4.9995964e-02
   1.3270900e+03   2.0001104e-02
   1.4427100e+03   1.9999207e-02
   1.5683900e+03   1.0000381e-02
   1.7050300e+03   1.0000129e-02
   1.8535700e+03   1.9999028e-02
   2.0150400e+03   1.0000223e-02
   2.1905900e+03   2.0000032e-02
   2.3814300e+03   9.9997795e-03
   2.5888900e+03   2.0000143e-02
   2.8144300e+03   0.0000000e+00
   3.0596200e+03   1.0000103e-02
   3.3261700e+03   0.0000000e+00
   3.6159300e+03   0.0000000e+00
   3.9309500e+03   1.9999731e-02
   4.2734000e+03   0.0000000e+00
   4.6456900e+03   0.0000000e+00
   5.0504100e+03   0.0000000e+00
   5.4903900e+03   0.0000000e+00
   5.9687000e+03   0.0000000e+00
   6.4886800e+03   1.0000029e-02
   7.0539600e+03   9.9998996e-03
   7.6684800e+03   9.9999897e-03
   8.3365400e+03   0.0000000e+00
   9.0628000e+03   1.9999979e-02
   9.8523300e+03   0.0000000e+00
   1.0710600e+04   1.0000126e-02
   1.1643700e+04   1.0000249e-02
   1.2658100e+04   0.0000000e+00
   1.3760900e+04   0.0000000e+00
   1.4959700e+04   0.0000000e+00
   1.6262900e+04   0.0000000e+00
   1.7679700e+04   0.0000000e+00
   1.9219900e+04   2.0000038e-02
   2.0894300e+04   1.0000200e-02
   2.2714600e+04   9.9997866e-03
   2.4693400e+04   2.0000615e-02
   2.6844700e+04   1.9999637e-02
   2.9183300e+04   0.0000000e+00
   3.1725700e+04   0.0000000e+00
   3.4489500e+04   0.0000000e+00
   3.7494200e+04   0.0000000e+00
   4.0760600e+04   1.0000078e-02
   4.4311600e+04   0.0000000e+00
   4.8171900e+04   0.0000000e+00
   5.2368500e+04   9.9999318e-03
   5.6930700e+04   0.0000000e+00
   6.1890400e+04   0.0000000e+00
   6.7282100e+04   0.0000000e+00
   7.3143600e+04   0.0000000e+00
   7.9515700e+04   0.0000000e+00
   8.6442900e+04   0.0000000e+00
   9.3973600e+04   0.0000000e+00
   1.0216000e+05   1.0000040e-02
   1.1106000e+05   0.0000000e+00
   1.2073600e+05   0.0000000e+00
   1.3125400e+05   9.9995361e-03
   1.4268800e+05   0.0000000e+00
   1.5511900e+05   0.0000000e+00
   1.6863300e+05   0.0000000e+00
   1.8332400e+05   0.0000000e+00
   1.9929400e+05   0.0000000e+00
   2.1665600e+05   0.0000000e+00
   2.3553100e+05   0.0000000e+00
   2.5605000e+05   0.0000000e+00
   2.7835600e+05   0.0000000e+00
   3.0260600e+05   0.0000000e+00
   3.2896800e+05   0.0000000e+00
   3.5762700e+05   0.0000000e+00
