   1.0278300e+02   2.0000361e-02
   1.0967300e+02   2.0000748e-02
   1.1702500e+02   9.9992959e-03
   1.2486900e+02   1.0000750e-02
   1.3324000e+02   1.9998920e-02
   1.4217100e+02   0.0000000e+00
   1.5170100e+02   9.9999709e-03
   1.6187000e+02   1.0000282e-02
   1.7272100e+02   9.9999649e-03
   1.8429900e+02   1.9999767e-02
   1.9665300e+02   0.0000000e+00
   2.0983600e+02   2.0000023e-02
   2.2390200e+02   4.9997201e-02
   2.3891000e+02   4.0000185e-02
   2.5492500e+02   0.0000000e+00
   2.7201400e+02   2.0000145e-02
   2.9024800e+02   3.9999590e-02
   3.0970400e+02   0.0000000e+00
   3.3046400e+02   4.9999722e-02
   3.5261600e+02   9.9999874e-03
   3.7625300e+02   4.0000831e-02
   4.0147500e+02   9.9999340e-03
   4.2838700e+02   9.9999450e-03
   4.5710300e+02   2.9999929e-02
   4.8774400e+02   1.9999957e-02
   5.2043900e+02   2.0000159e-02
   5.5532600e+02   9.9999379e-03
   5.9255100e+02   2.0000199e-02
   6.3227200e+02   1.9999902e-02
   6.7465500e+02   9.9999309e-03
   7.1987900e+02   0.0000000e+00
   7.6813500e+02   0.0000000e+00
   8.1962600e+02   1.9999932e-02
   8.7456800e+02   3.9999955e-02
   9.3319300e+02   1.0000042e-02
   9.9574800e+02   0.0000000e+00
   1.0625000e+03   9.9996441e-03
   1.1337200e+03   0.0000000e+00
   1.2097200e+03   9.9998566e-03
   1.2908100e+03   9.9992029e-03
   1.3773300e+03   1.0000355e-02
   1.4696600e+03   2.0000841e-02
   1.5681800e+03   1.0000013e-02
   1.6733000e+03   9.9994341e-03
   1.7854600e+03   0.0000000e+00
   1.9051500e+03   0.0000000e+00
   2.0328600e+03   9.9993583e-03
   2.1691200e+03   1.0000456e-02
   2.3145300e+03   1.9999921e-02
   2.4696800e+03   0.0000000e+00
   2.6352300e+03   2.0000313e-02
   2.8118800e+03   0.0000000e+00
   3.0003700e+03   9.9998071e-03
   3.2014900e+03   0.0000000e+00
   3.4161000e+03   0.0000000e+00
   3.6450900e+03   0.0000000e+00
   3.8894300e+03   3.0000008e-02
   4.1501500e+03   1.0000066e-02
   4.4283500e+03   0.0000000e+00
   4.7251900e+03   1.0000178e-02
   5.0419400e+03   0.0000000e+00
   5.3799200e+03   3.9999637e-02
   5.7405500e+03   1.0000057e-02
   6.1253600e+03   0.0000000e+00
   6.5359600e+03   9.9998699e-03
   6.9740800e+03   0.0000000e+00
   7.4415800e+03   0.0000000e+00
   7.9404100e+03   0.0000000e+00
   8.4726800e+03   0.0000000e+00
   9.0406300e+03   0.0000000e+00
   9.6466600e+03   0.0000000e+00
   1.0293300e+04   0.0000000e+00
   1.0983300e+04   0.0000000e+00
   1.1719500e+04   1.0000060e-02
   1.2505100e+04   0.0000000e+00
   1.3343400e+04   1.9998873e-02
   1.4237800e+04   0.0000000e+00
   1.5192300e+04   0.0000000e+00
   1.6210600e+04   0.0000000e+00
   1.7297300e+04   2.0000100e-02
   1.8456800e+04   0.0000000e+00
   1.9694000e+04   0.0000000e+00
   2.1014200e+04   9.9996796e-03
   2.2422800e+04   1.0000184e-02
   2.3925900e+04   9.9998213e-03
   2.5529700e+04   9.9997762e-03
   2.7241000e+04   0.0000000e+00
   2.9067100e+04   1.0000209e-02
   3.1015600e+04   0.0000000e+00
   3.3094600e+04   0.0000000e+00
   3.5313100e+04   0.0000000e+00
   3.7680200e+04   0.0000000e+00
   4.0206000e+04   0.0000000e+00
   4.2901200e+04   0.0000000e+00
   4.5777000e+04   0.0000000e+00
   4.8845600e+04   9.9997670e-03
   5.2119800e+04   0.0000000e+00
   5.5613600e+04   0.0000000e+00
   5.9341500e+04   1.0000122e-02
