   1.6169000e+02   1.0000014e-02
   1.7542800e+02   1.0000525e-02
   1.9033400e+02   9.9996128e-03
   2.0650500e+02   4.0000844e-02
   2.2405100e+02   0.0000000e+00
   2.4308700e+02   1.0000068e-02
   2.6374100e+02   1.0000128e-02
   2.8615000e+02   1.9999465e-02
   3.1046200e+02   3.0000837e-02
   3.3684100e+02   1.9999587e-02
   3.6546000e+02   2.0000500e-02
   3.9651200e+02   1.9999711e-02
   4.3020100e+02   2.0000048e-02
   4.6675300e+02   2.0000243e-02
   5.0641100e+02   9.9999911e-03
   5.4943800e+02   0.0000000e+00
   5.9612000e+02   5.0000768e-02
   6.4677000e+02   9.9998902e-03
   7.0172200e+02   4.0000221e-02
   7.6134400e+02   0.0000000e+00
   8.2603100e+02   1.0000097e-02
   8.9621500e+02   2.9999773e-02
   9.7236100e+02   2.0000655e-02
   1.0549800e+03   0.0000000e+00
   1.1446100e+03   1.0000857e-02
   1.2418700e+03   2.9998603e-02
   1.3473800e+03   0.0000000e+00
   1.4618600e+03   3.0000814e-02
   1.5860700e+03   2.0000001e-02
   1.7208300e+03   2.0000066e-02
   1.8670400e+03   1.9999753e-02
   2.0256700e+03   0.0000000e+00
   2.1977800e+03   2.9999482e-02
   2.3845100e+03   2.0000064e-02
   2.5871100e+03   9.9998603e-03
   2.8069200e+03   2.0000034e-02
   3.0454100e+03   1.0000272e-02
   3.3041700e+03   1.0000071e-02
   3.5849100e+03   2.9999952e-02
   3.8895000e+03   9.9999892e-03
   4.2199700e+03   1.9999540e-02
   4.5785100e+03   2.0000413e-02
   4.9675300e+03   2.9999687e-02
   5.3895900e+03   0.0000000e+00
   5.8475200e+03   0.0000000e+00
   6.3443500e+03   9.9998928e-03
   6.8833900e+03   0.0000000e+00
   7.4682400e+03   0.0000000e+00
   8.1027800e+03   2.0000023e-02
   8.7912300e+03   9.9999580e-03
   9.5381700e+03   1.0000301e-02
   1.0348600e+04   9.9992295e-03
   1.1227800e+04   0.0000000e+00
   1.2181800e+04   9.9997663e-03
   1.3216800e+04   2.0000630e-02
   1.4339800e+04   2.0000402e-02
   1.5558200e+04   0.0000000e+00
   1.6880100e+04   0.0000000e+00
   1.8314300e+04   1.0000199e-02
   1.9870400e+04   9.9995294e-03
   2.1558600e+04   0.0000000e+00
   2.3390400e+04   9.9997160e-03
   2.5377700e+04   0.0000000e+00
   2.7533900e+04   0.0000000e+00
   2.9873300e+04   2.0000153e-02
   3.2411500e+04   0.0000000e+00
   3.5165400e+04   9.9999575e-03
   3.8153200e+04   0.0000000e+00
   4.1394800e+04   0.0000000e+00
   4.4911900e+04   0.0000000e+00
   4.8727900e+04   9.9998733e-03
   5.2868000e+04   9.9999576e-03
   5.7359900e+04   1.0000042e-02
   6.2233500e+04   0.0000000e+00
   6.7521200e+04   9.9999904e-03
   7.3258100e+04   0.0000000e+00
   7.9482400e+04   0.0000000e+00
   8.6235700e+04   0.0000000e+00
   9.3562600e+04   0.0000000e+00
   1.0151200e+05   0.0000000e+00
   1.1013700e+05   0.0000000e+00
   1.1949500e+05   0.0000000e+00
   1.2964800e+05   0.0000000e+00
   1.4066300e+05   1.0000489e-02
   1.5261500e+05   0.0000000e+00
   1.6558100e+05   0.0000000e+00
   1.7965000e+05   0.0000000e+00
   1.9491400e+05   0.0000000e+00
   2.1147500e+05   0.0000000e+00
   2.2944300e+05   0.0000000e+00
   2.4893700e+05   0.0000000e+00
   2.7008800e+05   0.0000000e+00
   2.9303600e+05   0.0000000e+00
   3.1793400e+05   9.9999425e-03
   3.4494700e+05   0.0000000e+00
   3.7425500e+05   0.0000000e+00
   4.0605400e+05   0.0000000e+00
   4.4055400e+05   1.0000109e-02
   4.7798600e+05   1.0000015e-02
