   1.4280800e+02   9.9997534e-03
   1.5303800e+02   0.0000000e+00
   1.6400100e+02   0.0000000e+00
   1.7575000e+02   0.0000000e+00
   1.8834000e+02   0.0000000e+00
   2.0183200e+02   9.9996444e-03
   2.1629000e+02   9.9998276e-03
   2.3178400e+02   0.0000000e+00
   2.4838900e+02   1.9999154e-02
   2.6618200e+02   1.0000318e-02
   2.8525100e+02   9.9998274e-03
   3.0568500e+02   1.9999794e-02
   3.2758300e+02   1.0000040e-02
   3.5105000e+02   1.9999978e-02
   3.7619800e+02   2.0000350e-02
   4.0314800e+02   9.9999599e-03
   4.3202800e+02   9.9999933e-03
   4.6297700e+02   9.9999802e-03
   4.9614300e+02   1.0000026e-02
   5.3168500e+02   1.9999971e-02
   5.6977300e+02   2.0000208e-02
   6.1059000e+02   1.9999765e-02
   6.5433000e+02   0.0000000e+00
   7.0120400e+02   0.0000000e+00
   7.5143600e+02   0.0000000e+00
   8.0526600e+02   4.0000339e-02
   8.6295300e+02   1.0000027e-02
   9.2477200e+02   3.9999740e-02
   9.9101900e+02   9.9997213e-03
   1.0620100e+03   2.0000291e-02
   1.1380900e+03   1.0000144e-02
   1.2196200e+03   2.0000129e-02
   1.3069900e+03   3.0000550e-02
   1.4006200e+03   2.9998369e-02
   1.5009500e+03   2.0001333e-02
   1.6084800e+03   9.9995175e-03
   1.7237000e+03   1.0000003e-02
   1.8471800e+03   1.0000324e-02
   1.9795100e+03   2.9998924e-02
   2.1213100e+03   2.0000924e-02
   2.2732800e+03   0.0000000e+00
   2.4361300e+03   1.9999370e-02
   2.6106400e+03   1.0000146e-02
   2.7976600e+03   9.9997776e-03
   2.9980700e+03   0.0000000e+00
   3.2128400e+03   1.0000130e-02
   3.4430000e+03   2.0000429e-02
   3.6896500e+03   1.9999730e-02
   3.9539600e+03   1.0000085e-02
   4.2372100e+03   1.0000034e-02
   4.5407500e+03   0.0000000e+00
   4.8660300e+03   1.9999673e-02
   5.2146100e+03   1.0000089e-02
   5.5881700e+03   3.0000221e-02
   5.9884900e+03   9.9998856e-03
   6.4174800e+03   1.0000093e-02
   6.8772100e+03   1.0000013e-02
   7.3698700e+03   9.9999537e-03
   7.8978200e+03   9.9999848e-03
   8.4635900e+03   0.0000000e+00
   9.0699000e+03   0.0000000e+00
   9.7196300e+03   9.9998297e-03
   1.0415900e+04   2.0001070e-02
   1.1162100e+04   1.9999675e-02
   1.1961700e+04   0.0000000e+00
   1.2818600e+04   1.0000195e-02
   1.3736900e+04   0.0000000e+00
   1.4720900e+04   0.0000000e+00
   1.5775500e+04   9.9999950e-03
   1.6905600e+04   9.9995297e-03
   1.8116600e+04   0.0000000e+00
   1.9414400e+04   1.0000116e-02
   2.0805200e+04   9.9999133e-03
   2.2295600e+04   1.0000117e-02
   2.3892800e+04   1.0000006e-02
   2.5604400e+04   9.9999300e-03
   2.7438600e+04   1.9999980e-02
   2.9404200e+04   1.0000398e-02
   3.1510700e+04   9.9999293e-03
   3.3768000e+04   0.0000000e+00
   3.6187000e+04   9.9999528e-03
   3.8779300e+04   0.0000000e+00
   4.1557300e+04   0.0000000e+00
   4.4534300e+04   1.0000059e-02
   4.7724600e+04   0.0000000e+00
   5.1143400e+04   0.0000000e+00
   5.4807200e+04   0.0000000e+00
   5.8733400e+04   0.0000000e+00
   6.2940800e+04   0.0000000e+00
   6.7449700e+04   0.0000000e+00
   7.2281600e+04   0.0000000e+00
   7.7459600e+04   0.0000000e+00
   8.3008500e+04   9.9999420e-03
   8.8954900e+04   1.0000109e-02
   9.5327400e+04   0.0000000e+00
   1.0215600e+05   0.0000000e+00
   1.0947400e+05   1.0000845e-02
   1.1731700e+05   0.0000000e+00
   1.2572100e+05   0.0000000e+00
