   1.1242200e+02   2.0000167e-02
   1.2292800e+02   1.0000258e-02
   1.3441600e+02   1.9999624e-02
   1.4697700e+02   2.9999850e-02
   1.6071200e+02   3.0000753e-02
   1.7573100e+02   9.9999141e-03
   1.9215300e+02   2.0000147e-02
   2.1011000e+02   2.0000211e-02
   2.2974500e+02   3.9998679e-02
   2.5121400e+02   0.0000000e+00
   2.7469000e+02   5.0000026e-02
   3.0036000e+02   2.0000117e-02
   3.2842900e+02   3.0000110e-02
   3.5912100e+02   0.0000000e+00
   3.9268100e+02   0.0000000e+00
   4.2937700e+02   2.0000243e-02
   4.6950300e+02   3.9999741e-02
   5.1337800e+02   3.0000352e-02
   5.6135400e+02   1.9999717e-02
   6.1381200e+02   1.0000147e-02
   6.7117400e+02   2.9999768e-02
   7.3389500e+02   5.0000093e-02
   8.0247800e+02   1.9999991e-02
   8.7747000e+02   9.9999820e-03
   9.5947000e+02   2.9998981e-02
   1.0491300e+03   3.9999144e-02
   1.1471700e+03   4.0002195e-02
   1.2543800e+03   9.9998038e-03
   1.3716000e+03   2.0000438e-02
   1.4997800e+03   1.9999265e-02
   1.6399300e+03   2.0001043e-02
   1.7931900e+03   0.0000000e+00
   1.9607600e+03   9.9997772e-03
   2.1439900e+03   2.0000276e-02
   2.3443500e+03   1.9999923e-02
   2.5634300e+03   0.0000000e+00
   2.8029900e+03   2.9999988e-02
   3.0649300e+03   0.0000000e+00
   3.3513400e+03   2.0000345e-02
   3.6645300e+03   0.0000000e+00
   4.0069800e+03   1.0000142e-02
   4.3814400e+03   9.9998350e-03
   4.7908800e+03   1.0000006e-02
   5.2385900e+03   0.0000000e+00
   5.7281400e+03   0.0000000e+00
   6.2634400e+03   0.0000000e+00
   6.8487600e+03   0.0000000e+00
   7.4887800e+03   2.9999963e-02
   8.1886100e+03   1.0000026e-02
   8.9538400e+03   0.0000000e+00
   9.7905800e+03   9.9998011e-03
   1.0705500e+04   0.0000000e+00
   1.1706000e+04   0.0000000e+00
   1.2799900e+04   0.0000000e+00
   1.3996000e+04   1.0000484e-02
   1.5304000e+04   9.9995595e-03
   1.6734100e+04   0.0000000e+00
   1.8298000e+04   0.0000000e+00
   2.0007900e+04   1.0000270e-02
   2.1877700e+04   1.9999241e-02
   2.3922100e+04   1.0000286e-02
   2.6157700e+04   9.9998204e-03
   2.8602100e+04   0.0000000e+00
   3.1275000e+04   0.0000000e+00
   3.4197700e+04   0.0000000e+00
   3.7393400e+04   0.0000000e+00
   4.0887900e+04   0.0000000e+00
   4.4708900e+04   1.9999668e-02
   4.8886900e+04   0.0000000e+00
   5.3455400e+04   0.0000000e+00
   5.8450900e+04   0.0000000e+00
   6.3913200e+04   0.0000000e+00
   6.9885900e+04   0.0000000e+00
   7.6416700e+04   0.0000000e+00
   8.3557900e+04   0.0000000e+00
   9.1366400e+04   0.0000000e+00
   9.9904700e+04   0.0000000e+00
   1.0924100e+05   0.0000000e+00
   1.1944900e+05   0.0000000e+00
   1.3061200e+05   0.0000000e+00
   1.4281800e+05   0.0000000e+00
   1.5616400e+05   0.0000000e+00
   1.7075800e+05   0.0000000e+00
   1.8671500e+05   0.0000000e+00
   2.0416400e+05   0.0000000e+00
   2.2324300e+05   0.0000000e+00
   2.4410500e+05   0.0000000e+00
   2.6691700e+05   0.0000000e+00
   2.9186100e+05   0.0000000e+00
   3.1913500e+05   0.0000000e+00
   3.4895800e+05   0.0000000e+00
   3.8156900e+05   0.0000000e+00
   4.1722600e+05   0.0000000e+00
   4.5621600e+05   0.0000000e+00
   4.9885000e+05   0.0000000e+00
   5.4546800e+05   0.0000000e+00
   5.9644200e+05   1.0000010e-02
   6.5218000e+05   0.0000000e+00
   7.1312700e+05   0.0000000e+00
