   1.3192700e+02   9.9996845e-03
   1.4358500e+02   1.0000302e-02
   1.5627400e+02   0.0000000e+00
   1.7008300e+02   0.0000000e+00
   1.8511400e+02   9.9996781e-03
   2.0147200e+02   9.9999371e-03
   2.1927600e+02   0.0000000e+00
   2.3865400e+02   0.0000000e+00
   2.5974400e+02   2.9999341e-02
   2.8269700e+02   2.0000015e-02
   3.0767900e+02   1.0000129e-02
   3.3486900e+02   0.0000000e+00
   3.6446100e+02   3.0000496e-02
   3.9666900e+02   0.0000000e+00
   4.3172200e+02   0.0000000e+00
   4.6987400e+02   3.0000160e-02
   5.1139700e+02   1.9999946e-02
   5.5658900e+02   2.0000061e-02
   6.0577500e+02   0.0000000e+00
   6.5930700e+02   0.0000000e+00
   7.1757000e+02   5.0000235e-02
   7.8098200e+02   2.9999785e-02
   8.4999700e+02   2.0000195e-02
   9.2511200e+02   0.0000000e+00
   1.0068600e+03   2.0000746e-02
   1.0958400e+03   0.0000000e+00
   1.1926800e+03   2.0000493e-02
   1.2980800e+03   2.9999647e-02
   1.4127900e+03   1.0000135e-02
   1.5376400e+03   9.9999255e-03
   1.6735200e+03   4.0000252e-02
   1.8214100e+03   3.9998006e-02
   1.9823600e+03   1.0000476e-02
   2.1575500e+03   3.9999515e-02
   2.3482100e+03   0.0000000e+00
   2.5557200e+03   1.0000028e-02
   2.7815700e+03   3.0000373e-02
   3.0273800e+03   2.0000034e-02
   3.2949100e+03   0.0000000e+00
   3.5860800e+03   3.9999752e-02
   3.9029800e+03   1.0000079e-02
   4.2478900e+03   0.0000000e+00
   4.6232700e+03   1.0000037e-02
   5.0318300e+03   2.0000278e-02
   5.4765000e+03   9.9998105e-03
   5.9604500e+03   2.0000149e-02
   6.4871800e+03   9.9999499e-03
   7.0604500e+03   1.0000136e-02
   7.6843900e+03   0.0000000e+00
   8.3634600e+03   0.0000000e+00
   9.1025300e+03   1.0000140e-02
   9.9069300e+03   1.9999850e-02
   1.0782400e+04   9.9995407e-03
   1.1735200e+04   3.0001644e-02
   1.2772300e+04   1.0000101e-02
   1.3901000e+04   0.0000000e+00
   1.5129400e+04   1.0000092e-02
   1.6466400e+04   1.9999476e-02
   1.7921500e+04   3.0001448e-02
   1.9505300e+04   1.9999103e-02
   2.1228900e+04   9.9999805e-03
   2.3104900e+04   1.0000063e-02
   2.5146700e+04   2.0000722e-02
   2.7369000e+04   1.9999205e-02
   2.9787500e+04   1.0000277e-02
   3.2419900e+04   1.9999666e-02
   3.5284800e+04   0.0000000e+00
   3.8402900e+04   1.0000080e-02
   4.1796600e+04   0.0000000e+00
   4.5490200e+04   1.0000072e-02
   4.9510200e+04   0.0000000e+00
   5.3885400e+04   0.0000000e+00
   5.8647200e+04   1.0000071e-02
   6.3829900e+04   0.0000000e+00
   6.9470600e+04   0.0000000e+00
   7.5609700e+04   0.0000000e+00
   8.2291300e+04   0.0000000e+00
   8.9563400e+04   0.0000000e+00
   9.7478100e+04   0.0000000e+00
   1.0609200e+05   0.0000000e+00
   1.1546800e+05   0.0000000e+00
   1.2567200e+05   0.0000000e+00
   1.3677700e+05   0.0000000e+00
   1.4886400e+05   0.0000000e+00
   1.6201900e+05   0.0000000e+00
   1.7633700e+05   0.0000000e+00
   1.9192000e+05   0.0000000e+00
   2.0888000e+05   0.0000000e+00
   2.2733900e+05   0.0000000e+00
   2.4742900e+05   0.0000000e+00
   2.6929400e+05   0.0000000e+00
   2.9309100e+05   0.0000000e+00
   3.1899200e+05   0.0000000e+00
   3.4718100e+05   0.0000000e+00
   3.7786200e+05   0.0000000e+00
   4.1125300e+05   0.0000000e+00
   4.4759600e+05   0.0000000e+00
   4.8715000e+05   0.0000000e+00
   5.3019900e+05   1.0000049e-02
