   8.9628600e+01   9.9999670e-03
   9.5344500e+01   0.0000000e+00
   1.0142500e+02   0.0000000e+00
   1.0789300e+02   0.0000000e+00
   1.1477400e+02   0.0000000e+00
   1.2209300e+02   0.0000000e+00
   1.2988000e+02   1.9997966e-02
   1.3816200e+02   1.0001003e-02
   1.4697400e+02   2.0000014e-02
   1.5634700e+02   9.9992121e-03
   1.6631700e+02   1.0000364e-02
   1.7692400e+02   1.9999907e-02
   1.8820700e+02   4.0001438e-02
   2.0021000e+02   3.9999846e-02
   2.1297800e+02   0.0000000e+00
   2.2656000e+02   9.9996631e-03
   2.4100800e+02   3.0000242e-02
   2.5637800e+02   3.9999785e-02
   2.7272800e+02   1.0000123e-02
   2.9012100e+02   1.9999922e-02
   3.0862300e+02   2.0000061e-02
   3.2830500e+02   2.9999790e-02
   3.4924200e+02   2.0000597e-02
   3.7151500e+02   0.0000000e+00
   3.9520700e+02   4.0000512e-02
   4.2041100e+02   9.9999936e-03
   4.4722200e+02   2.0000123e-02
   4.7574300e+02   9.9997647e-03
   5.0608200e+02   1.0000151e-02
   5.3835700e+02   3.0000141e-02
   5.7269000e+02   0.0000000e+00
   6.0921200e+02   2.0000271e-02
   6.4806400e+02   2.9999853e-02
   6.8939300e+02   2.0000074e-02
   7.3335800e+02   1.9999727e-02
   7.8012600e+02   0.0000000e+00
   8.2987800e+02   3.9999959e-02
   8.8280200e+02   9.9999410e-03
   9.3910100e+02   1.0000073e-02
   9.9899100e+02   2.0000039e-02
   1.0627000e+03   9.9997346e-03
   1.1304700e+03   0.0000000e+00
   1.2025700e+03   9.9997625e-03
   1.2792600e+03   9.9996685e-03
   1.3608400e+03   9.9993991e-03
   1.4476200e+03   1.0000010e-02
   1.5399400e+03   0.0000000e+00
   1.6381500e+03   9.9999624e-03
   1.7426200e+03   0.0000000e+00
   1.8537600e+03   0.0000000e+00
   1.9719800e+03   1.9998526e-02
   2.0977300e+03   1.0000028e-02
   2.2315100e+03   0.0000000e+00
   2.3738300e+03   9.9995573e-03
   2.5252100e+03   9.9999237e-03
   2.6862500e+03   0.0000000e+00
   2.8575600e+03   0.0000000e+00
   3.0398000e+03   4.0000297e-02
   3.2336600e+03   9.9999378e-03
   3.4398800e+03   9.9998718e-03
   3.6592500e+03   1.0000301e-02
   3.8926200e+03   0.0000000e+00
   4.1408600e+03   0.0000000e+00
   4.4049400e+03   0.0000000e+00
   4.6858600e+03   9.9998977e-03
   4.9846900e+03   0.0000000e+00
   5.3025800e+03   1.9999831e-02
   5.6407400e+03   2.0000053e-02
   6.0004700e+03   0.0000000e+00
   6.3831400e+03   0.0000000e+00
   6.7902100e+03   0.0000000e+00
   7.2232500e+03   9.9999745e-03
   7.6839000e+03   1.0000042e-02
   8.1739300e+03   1.0000027e-02
   8.6952100e+03   0.0000000e+00
   9.2497300e+03   9.9998817e-03
   9.8396100e+03   0.0000000e+00
   1.0467100e+04   0.0000000e+00
   1.1134600e+04   0.0000000e+00
   1.1844700e+04   0.0000000e+00
   1.2600100e+04   0.0000000e+00
   1.3403700e+04   1.0000049e-02
   1.4258500e+04   9.9999358e-03
   1.5167800e+04   0.0000000e+00
   1.6135100e+04   0.0000000e+00
   1.7164100e+04   1.9999874e-02
   1.8258700e+04   9.9998672e-03
   1.9423100e+04   0.0000000e+00
   2.0661800e+04   9.9994772e-03
   2.1979400e+04   0.0000000e+00
   2.3381100e+04   0.0000000e+00
   2.4872200e+04   0.0000000e+00
   2.6458400e+04   0.0000000e+00
   2.8145700e+04   0.0000000e+00
   2.9940700e+04   0.0000000e+00
   3.1850100e+04   0.0000000e+00
   3.3881300e+04   0.0000000e+00
   3.6042000e+04   0.0000000e+00
   3.8340500e+04   1.9999964e-02
