   1.0543300e+02   4.9997574e-02
   1.1723000e+02   2.0000490e-02
   1.3034800e+02   2.9999011e-02
   1.4493300e+02   3.0000867e-02
   1.6115100e+02   3.9999484e-02
   1.7918300e+02   9.9999977e-03
   1.9923300e+02   5.0000983e-02
   2.2152700e+02   3.9999900e-02
   2.4631500e+02   1.0000072e-02
   2.7387700e+02   1.0000035e-02
   3.0452300e+02   3.9999961e-02
   3.3859800e+02   3.9999877e-02
   3.7648600e+02   3.9999544e-02
   4.1861300e+02   5.0000556e-02
   4.6545500e+02   1.9999696e-02
   5.1753700e+02   1.0000071e-02
   5.7544800e+02   6.0000242e-02
   6.3983900e+02   2.0000056e-02
   7.1143500e+02   4.9999883e-02
   7.9104200e+02   3.0000035e-02
   8.7955700e+02   9.9999609e-03
   9.7797600e+02   5.0000832e-02
   1.0874100e+03   2.0000420e-02
   1.2090900e+03   1.9999650e-02
   1.3443800e+03   9.9999095e-03
   1.4948100e+03   9.9997562e-03
   1.6620700e+03   2.9999876e-02
   1.8480500e+03   2.0000869e-02
   2.0548500e+03   9.9999776e-03
   2.2847800e+03   0.0000000e+00
   2.5404300e+03   0.0000000e+00
   2.8247000e+03   4.0000556e-02
   3.1407800e+03   9.9999440e-03
   3.4922200e+03   2.0000117e-02
   3.8829900e+03   0.0000000e+00
   4.3174800e+03   0.0000000e+00
   4.8005900e+03   1.0000010e-02
   5.3377600e+03   1.0000020e-02
   5.9350400e+03   9.9999691e-03
   6.5991500e+03   9.9999790e-03
   7.3375700e+03   9.9999785e-03
   8.1586200e+03   0.0000000e+00
   9.0715400e+03   0.0000000e+00
   1.0086600e+04   1.0000361e-02
   1.1215300e+04   0.0000000e+00
   1.2470200e+04   0.0000000e+00
   1.3865600e+04   0.0000000e+00
   1.5417100e+04   0.0000000e+00
   1.7142200e+04   2.0000496e-02
   1.9060400e+04   0.0000000e+00
   2.1193200e+04   0.0000000e+00
   2.3564600e+04   0.0000000e+00
   2.6201500e+04   0.0000000e+00
   2.9133300e+04   0.0000000e+00
   3.2393200e+04   0.0000000e+00
   3.6017900e+04   0.0000000e+00
   4.0048200e+04   0.0000000e+00
   4.4529500e+04   0.0000000e+00
   4.9512200e+04   0.0000000e+00
   5.5052400e+04   0.0000000e+00
   6.1212600e+04   0.0000000e+00
   6.8062100e+04   0.0000000e+00
   7.5678000e+04   9.9999793e-03
   8.4146100e+04   0.0000000e+00
   9.3561800e+04   0.0000000e+00
   1.0403100e+05   0.0000000e+00
   1.1567200e+05   0.0000000e+00
   1.2861500e+05   0.0000000e+00
   1.4300700e+05   0.0000000e+00
   1.5900900e+05   0.0000000e+00
   1.7680100e+05   0.0000000e+00
   1.9658500e+05   0.0000000e+00
   2.1858200e+05   0.0000000e+00
   2.4304000e+05   0.0000000e+00
   2.7023600e+05   0.0000000e+00
   3.0047400e+05   0.0000000e+00
   3.3409600e+05   0.0000000e+00
   3.7148000e+05   0.0000000e+00
   4.1304800e+05   0.0000000e+00
   4.5926600e+05   0.0000000e+00
   5.1065700e+05   0.0000000e+00
   5.6779800e+05   0.0000000e+00
   6.3133200e+05   0.0000000e+00
   7.0197600e+05   0.0000000e+00
   7.8052500e+05   0.0000000e+00
   8.6786300e+05   0.0000000e+00
   9.6497400e+05   0.0000000e+00
   1.0729500e+06   0.0000000e+00
   1.1930100e+06   0.0000000e+00
   1.3265100e+06   0.0000000e+00
   1.4749400e+06   0.0000000e+00
   1.6399800e+06   0.0000000e+00
   1.8234900e+06   0.0000000e+00
   2.0275300e+06   0.0000000e+00
   2.2544000e+06   0.0000000e+00
   2.5066600e+06   0.0000000e+00
   2.7871500e+06   0.0000000e+00
   3.0990200e+06   0.0000000e+00
   3.4457900e+06   0.0000000e+00
