   1.3645300e+02   2.0000362e-02
   1.4791400e+02   2.0000901e-02
   1.6033800e+02   0.0000000e+00
   1.7380400e+02   3.0000058e-02
   1.8840200e+02   1.9999954e-02
   2.0422600e+02   2.0001049e-02
   2.2138000e+02   1.9999189e-02
   2.3997300e+02   3.0000594e-02
   2.6012900e+02   9.9998078e-03
   2.8197700e+02   1.0000214e-02
   3.0566100e+02   1.0000121e-02
   3.3133400e+02   2.9998862e-02
   3.5916200e+02   2.0000449e-02
   3.8932900e+02   9.9999870e-03
   4.2202900e+02   3.9999393e-02
   4.5747500e+02   1.0000077e-02
   4.9589900e+02   0.0000000e+00
   5.3755000e+02   2.9999885e-02
   5.8269900e+02   2.9999805e-02
   6.3164000e+02   2.0000020e-02
   6.8469200e+02   1.0000066e-02
   7.4220000e+02   3.0000038e-02
   8.0453800e+02   3.0000153e-02
   8.7211200e+02   0.0000000e+00
   9.4536100e+02   9.9996689e-03
   1.0247600e+03   1.9999914e-02
   1.1108300e+03   1.0000081e-02
   1.2041300e+03   1.0000400e-02
   1.3052700e+03   1.9999911e-02
   1.4149000e+03   2.0000297e-02
   1.5337400e+03   1.0000026e-02
   1.6625600e+03   2.0000079e-02
   1.8022000e+03   1.9999045e-02
   1.9535600e+03   0.0000000e+00
   2.1176500e+03   9.9998584e-03
   2.2955100e+03   9.9999383e-03
   2.4883100e+03   0.0000000e+00
   2.6973000e+03   1.0000076e-02
   2.9238500e+03   2.0000281e-02
   3.1694300e+03   1.9999819e-02
   3.4356300e+03   1.9999920e-02
   3.7241900e+03   1.0000091e-02
   4.0369900e+03   2.0000010e-02
   4.3760600e+03   2.0000086e-02
   4.7436100e+03   1.0000023e-02
   5.1420300e+03   4.9999611e-02
   5.5739100e+03   0.0000000e+00
   6.0420700e+03   0.0000000e+00
   6.5495400e+03   9.9999929e-03
   7.0996400e+03   0.0000000e+00
   7.6959500e+03   1.0000041e-02
   8.3423400e+03   1.0000035e-02
   9.0430200e+03   9.9999163e-03
   9.8025400e+03   3.0001345e-02
   1.0625900e+04   9.9991635e-03
   1.1518300e+04   2.0001418e-02
   1.2485800e+04   2.0000177e-02
   1.3534500e+04   9.9993908e-03
   1.4671200e+04   0.0000000e+00
   1.5903500e+04   0.0000000e+00
   1.7239200e+04   0.0000000e+00
   1.8687200e+04   9.9996926e-03
   2.0256700e+04   1.0000149e-02
   2.1958100e+04   1.0000145e-02
   2.3802400e+04   0.0000000e+00
   2.5801500e+04   0.0000000e+00
   2.7968600e+04   0.0000000e+00
   3.0317700e+04   0.0000000e+00
   3.2864100e+04   0.0000000e+00
   3.5624400e+04   0.0000000e+00
   3.8616500e+04   0.0000000e+00
   4.1860000e+04   0.0000000e+00
   4.5375800e+04   0.0000000e+00
   4.9187000e+04   9.9999001e-03
   5.3318200e+04   0.0000000e+00
   5.7796400e+04   0.0000000e+00
   6.2650800e+04   1.0000042e-02
   6.7912900e+04   0.0000000e+00
   7.3616900e+04   0.0000000e+00
   7.9800100e+04   0.0000000e+00
   8.6502500e+04   0.0000000e+00
   9.3768000e+04   0.0000000e+00
   1.0164400e+05   0.0000000e+00
   1.1018100e+05   0.0000000e+00
   1.1943500e+05   0.0000000e+00
   1.2946600e+05   0.0000000e+00
   1.4034000e+05   0.0000000e+00
   1.5212800e+05   0.0000000e+00
   1.6490500e+05   0.0000000e+00
   1.7875500e+05   0.0000000e+00
   1.9376900e+05   0.0000000e+00
   2.1004400e+05   0.0000000e+00
   2.2768600e+05   0.0000000e+00
   2.4680900e+05   0.0000000e+00
   2.6753900e+05   0.0000000e+00
   2.9001000e+05   9.9999577e-03
   3.1436800e+05   0.0000000e+00
   3.4077200e+05   9.9997767e-03
   3.6939300e+05   1.0000114e-02
