   1.1973600e+02   3.0002460e-02
   1.2794800e+02   0.0000000e+00
   1.3672200e+02   9.9997853e-03
   1.4609800e+02   9.9998036e-03
   1.5611700e+02   0.0000000e+00
   1.6682400e+02   9.9995438e-03
   1.7826400e+02   2.9999783e-02
   1.9048900e+02   4.0001576e-02
   2.0355300e+02   3.9998956e-02
   2.1751200e+02   2.0000415e-02
   2.3242900e+02   0.0000000e+00
   2.4836800e+02   1.0000159e-02
   2.6540100e+02   3.0000344e-02
   2.8360200e+02   1.9999990e-02
   3.0305100e+02   2.0000208e-02
   3.2383400e+02   2.9999899e-02
   3.4604200e+02   9.9999824e-03
   3.6977300e+02   9.9998005e-03
   3.9513100e+02   1.0000165e-02
   4.2222900e+02   1.0000041e-02
   4.5118500e+02   3.9999287e-02
   4.8212600e+02   5.0000703e-02
   5.1519000e+02   0.0000000e+00
   5.5052100e+02   2.0000030e-02
   5.8827500e+02   2.0000002e-02
   6.2861800e+02   1.9999688e-02
   6.7172700e+02   1.9999968e-02
   7.1779300e+02   5.0000817e-02
   7.6701900e+02   0.0000000e+00
   8.1962000e+02   1.9999874e-02
   8.7582800e+02   0.0000000e+00
   9.3589100e+02   5.9997161e-02
   1.0000700e+03   1.0000971e-02
   1.0686600e+03   0.0000000e+00
   1.1419400e+03   1.0000916e-02
   1.2202600e+03   0.0000000e+00
   1.3039400e+03   1.9999498e-02
   1.3933600e+03   2.0001090e-02
   1.4889200e+03   0.0000000e+00
   1.5910200e+03   9.9999861e-03
   1.7001300e+03   0.0000000e+00
   1.8167300e+03   0.0000000e+00
   1.9413200e+03   1.9999587e-02
   2.0744500e+03   1.9999622e-02
   2.2167100e+03   1.0000073e-02
   2.3687300e+03   0.0000000e+00
   2.5311700e+03   0.0000000e+00
   2.7047600e+03   1.0000081e-02
   2.8902500e+03   0.0000000e+00
   3.0884600e+03   0.0000000e+00
   3.3002600e+03   9.9997002e-03
   3.5265800e+03   0.0000000e+00
   3.7684300e+03   0.0000000e+00
   4.0268700e+03   0.0000000e+00
   4.3030200e+03   2.0000343e-02
   4.5981200e+03   0.0000000e+00
   4.9134500e+03   0.0000000e+00
   5.2504100e+03   9.9998744e-03
   5.6104700e+03   0.0000000e+00
   5.9952300e+03   2.9999693e-02
   6.4063700e+03   0.0000000e+00
   6.8457100e+03   2.0000032e-02
   7.3151800e+03   0.0000000e+00
   7.8168500e+03   9.9998777e-03
   8.3529100e+03   0.0000000e+00
   8.9257400e+03   2.0000164e-02
   9.5378600e+03   0.0000000e+00
   1.0192000e+04   0.0000000e+00
   1.0890900e+04   1.0000244e-02
   1.1637800e+04   9.9999536e-03
   1.2435900e+04   9.9995917e-03
   1.3288700e+04   9.9997860e-03
   1.4200000e+04   1.0000882e-02
   1.5173900e+04   0.0000000e+00
   1.6214500e+04   0.0000000e+00
   1.7326400e+04   0.0000000e+00
   1.8514600e+04   2.0001509e-02
   1.9784400e+04   0.0000000e+00
   2.1141100e+04   1.0000497e-02
   2.2591000e+04   0.0000000e+00
   2.4140200e+04   9.9999981e-03
   2.5795700e+04   0.0000000e+00
   2.7564700e+04   0.0000000e+00
   2.9455100e+04   0.0000000e+00
   3.1475100e+04   0.0000000e+00
   3.3633600e+04   0.0000000e+00
   3.5940100e+04   0.0000000e+00
   3.8404900e+04   0.0000000e+00
   4.1038600e+04   0.0000000e+00
   4.3853000e+04   0.0000000e+00
   4.6860400e+04   0.0000000e+00
   5.0074000e+04   0.0000000e+00
   5.3508000e+04   0.0000000e+00
   5.7177500e+04   9.9998637e-03
   6.1098600e+04   0.0000000e+00
   6.5288700e+04   0.0000000e+00
   6.9766100e+04   0.0000000e+00
   7.4550500e+04   0.0000000e+00
   7.9663100e+04   0.0000000e+00
