   1.1219900e+02   1.0000201e-02
   1.2236100e+02   0.0000000e+00
   1.3344300e+02   1.0000138e-02
   1.4552900e+02   2.0000849e-02
   1.5871000e+02   0.0000000e+00
   1.7308400e+02   0.0000000e+00
   1.8876000e+02   0.0000000e+00
   2.0585600e+02   1.9999792e-02
   2.2450000e+02   9.9996232e-03
   2.4483200e+02   1.0000326e-02
   2.6700700e+02   1.9999530e-02
   2.9118900e+02   1.0000088e-02
   3.1756200e+02   1.9999767e-02
   3.4632300e+02   2.0000509e-02
   3.7769000e+02   1.0000006e-02
   4.1189700e+02   0.0000000e+00
   4.4920200e+02   0.0000000e+00
   4.8988600e+02   4.9999630e-02
   5.3425400e+02   2.0000041e-02
   5.8264100e+02   1.9999873e-02
   6.3541000e+02   1.0000060e-02
   6.9295900e+02   3.0000135e-02
   7.5572000e+02   9.9998737e-03
   8.2416400e+02   9.9999820e-03
   8.9880800e+02   1.0000116e-02
   9.8021300e+02   3.9999987e-02
   1.0689900e+03   1.0000247e-02
   1.1658100e+03   0.0000000e+00
   1.2713900e+03   2.0000173e-02
   1.3865400e+03   3.0000434e-02
   1.5121200e+03   9.9998973e-03
   1.6490700e+03   3.0001047e-02
   1.7984300e+03   1.9999709e-02
   1.9613100e+03   2.9999398e-02
   2.1389400e+03   2.0000879e-02
   2.3326700e+03   1.9999287e-02
   2.5439300e+03   9.9999130e-03
   2.7743300e+03   4.0000174e-02
   3.0256000e+03   1.0000122e-02
   3.2996300e+03   2.9999651e-02
   3.5984700e+03   1.0000269e-02
   3.9243900e+03   9.9997772e-03
   4.2798100e+03   0.0000000e+00
   4.6674300e+03   1.0000101e-02
   5.0901600e+03   9.9999523e-03
   5.5511700e+03   1.9999793e-02
   6.0539300e+03   2.0000010e-02
   6.6022300e+03   3.0000072e-02
   7.2001900e+03   0.0000000e+00
   7.8523100e+03   2.9999711e-02
   8.5634800e+03   0.0000000e+00
   9.3390700e+03   1.9999989e-02
   1.0184900e+04   1.9999200e-02
   1.1107300e+04   0.0000000e+00
   1.2113300e+04   2.0000133e-02
   1.3210400e+04   1.0000371e-02
   1.4406900e+04   9.9998567e-03
   1.5711700e+04   0.0000000e+00
   1.7134700e+04   0.0000000e+00
   1.8686600e+04   9.9998500e-03
   2.0379000e+04   0.0000000e+00
   2.2224700e+04   0.0000000e+00
   2.4237600e+04   0.0000000e+00
   2.6432700e+04   1.0000049e-02
   2.8826700e+04   0.0000000e+00
   3.1437500e+04   2.0000204e-02
   3.4284800e+04   1.0000172e-02
   3.7390000e+04   0.0000000e+00
   4.0776300e+04   0.0000000e+00
   4.4469400e+04   0.0000000e+00
   4.8497000e+04   0.0000000e+00
   5.2889300e+04   0.0000000e+00
   5.7679400e+04   1.0000042e-02
   6.2903400e+04   0.0000000e+00
   6.8600500e+04   3.0000015e-02
   7.4813600e+04   0.0000000e+00
   8.1589400e+04   9.9999887e-03
   8.8978900e+04   0.0000000e+00
   9.7037700e+04   0.0000000e+00
   1.0582600e+05   0.0000000e+00
   1.1541100e+05   1.0000322e-02
   1.2586400e+05   0.0000000e+00
   1.3726300e+05   0.0000000e+00
   1.4969500e+05   0.0000000e+00
   1.6325200e+05   0.0000000e+00
   1.7803800e+05   0.0000000e+00
   1.9416300e+05   9.9999037e-03
   2.1174800e+05   0.0000000e+00
   2.3092600e+05   0.0000000e+00
   2.5184000e+05   0.0000000e+00
   2.7464900e+05   1.0000098e-02
   2.9952400e+05   0.0000000e+00
   3.2665200e+05   0.0000000e+00
   3.5623600e+05   0.0000000e+00
   3.8850100e+05   0.0000000e+00
   4.2368700e+05   0.0000000e+00
   4.6206000e+05   0.0000000e+00
   5.0390800e+05   0.0000000e+00
   5.4954600e+05   9.9999912e-03
