   1.3043200e+02   1.9999682e-02
   1.4062100e+02   9.9998652e-03
   1.5160600e+02   2.0001200e-02
   1.6345000e+02   9.9996295e-03
   1.7621800e+02   0.0000000e+00
   1.8998400e+02   9.9997916e-03
   2.0482500e+02   1.0000193e-02
   2.2082600e+02   7.0001453e-02
   2.3807700e+02   9.9998656e-03
   2.5667500e+02   9.9999350e-03
   2.7672600e+02   1.9999551e-02
   2.9834300e+02   2.0000669e-02
   3.2165000e+02   2.9998936e-02
   3.4677600e+02   4.0000281e-02
   3.7386600e+02   2.0000035e-02
   4.0307200e+02   1.0000148e-02
   4.3456000e+02   1.9999841e-02
   4.6850700e+02   0.0000000e+00
   5.0510600e+02   3.9999758e-02
   5.4456400e+02   3.0000211e-02
   5.8710500e+02   3.0000055e-02
   6.3296900e+02   7.0000140e-02
   6.8241600e+02   1.9999831e-02
   7.3572500e+02   3.0000049e-02
   7.9319900e+02   3.0000118e-02
   8.5516300e+02   1.9999915e-02
   9.2196700e+02   1.0000033e-02
   9.9399000e+02   2.0000233e-02
   1.0716400e+03   0.0000000e+00
   1.1553500e+03   1.0000537e-02
   1.2456100e+03   1.9998847e-02
   1.3429100e+03   4.0001239e-02
   1.4478200e+03   0.0000000e+00
   1.5609200e+03   2.0000477e-02
   1.6828600e+03   4.9998839e-02
   1.8143200e+03   2.0001073e-02
   1.9560600e+03   0.0000000e+00
   2.1088600e+03   0.0000000e+00
   2.2736000e+03   0.0000000e+00
   2.4512100e+03   2.0000365e-02
   2.6427000e+03   9.9997884e-03
   2.8491400e+03   2.0000772e-02
   3.0717200e+03   9.9996523e-03
   3.3116700e+03   2.0000482e-02
   3.5703800e+03   0.0000000e+00
   3.8492900e+03   9.9999288e-03
   4.1499900e+03   0.0000000e+00
   4.4741800e+03   1.0000082e-02
   4.8237000e+03   0.0000000e+00
   5.2005200e+03   0.0000000e+00
   5.6067800e+03   1.0000109e-02
   6.0447800e+03   0.0000000e+00
   6.5169900e+03   9.9999968e-03
   7.0260900e+03   0.0000000e+00
   7.5749600e+03   0.0000000e+00
   8.1667000e+03   9.9999884e-03
   8.8046700e+03   0.0000000e+00
   9.4924800e+03   0.0000000e+00
   1.0234000e+04   0.0000000e+00
   1.1033500e+04   9.9997638e-03
   1.1895400e+04   0.0000000e+00
   1.2824700e+04   0.0000000e+00
   1.3826500e+04   0.0000000e+00
   1.4906600e+04   0.0000000e+00
   1.6071100e+04   0.0000000e+00
   1.7326600e+04   9.9997798e-03
   1.8680100e+04   1.0000233e-02
   2.0139400e+04   9.9996053e-03
   2.1712600e+04   1.0000218e-02
   2.3408800e+04   0.0000000e+00
   2.5237500e+04   0.0000000e+00
   2.7209000e+04   0.0000000e+00
   2.9334500e+04   0.0000000e+00
   3.1626100e+04   0.0000000e+00
   3.4096700e+04   1.0000033e-02
   3.6760300e+04   0.0000000e+00
   3.9631900e+04   0.0000000e+00
   4.2727900e+04   0.0000000e+00
   4.6065800e+04   0.0000000e+00
   4.9664400e+04   0.0000000e+00
   5.3544100e+04   0.0000000e+00
   5.7726900e+04   0.0000000e+00
   6.2236400e+04   0.0000000e+00
   6.7098300e+04   0.0000000e+00
   7.2339900e+04   0.0000000e+00
   7.7991000e+04   0.0000000e+00
   8.4083600e+04   0.0000000e+00
   9.0652100e+04   0.0000000e+00
   9.7733700e+04   0.0000000e+00
   1.0536900e+05   0.0000000e+00
   1.1360000e+05   0.0000000e+00
   1.2247400e+05   0.0000000e+00
   1.3204200e+05   0.0000000e+00
   1.4235700e+05   0.0000000e+00
   1.5347700e+05   0.0000000e+00
   1.6546700e+05   9.9999672e-03
   1.7839300e+05   0.0000000e+00
   1.9232900e+05   0.0000000e+00
   2.0735300e+05   0.0000000e+00
