   8.5100400e+01   1.0000036e-02
   9.5112300e+01   1.9999910e-02
   1.0630200e+02   2.9999518e-02
   1.1880800e+02   2.0000701e-02
   1.3278600e+02   3.0000176e-02
   1.4840800e+02   6.0000592e-02
   1.6586800e+02   4.9997575e-02
   1.8538100e+02   1.0000147e-02
   2.0719100e+02   3.0000518e-02
   2.3156700e+02   2.9999719e-02
   2.5881000e+02   2.9999623e-02
   2.8925800e+02   3.0000368e-02
   3.2328900e+02   3.9999977e-02
   3.6132300e+02   2.0000102e-02
   4.0383200e+02   0.0000000e+00
   4.5134200e+02   7.9999484e-02
   5.0444100e+02   2.9999818e-02
   5.6378700e+02   3.0000341e-02
   6.3011600e+02   9.9999012e-03
   7.0424700e+02   4.0000020e-02
   7.8710000e+02   1.0000075e-02
   8.7970100e+02   3.0000096e-02
   9.8319600e+02   1.0000295e-02
   1.0988700e+03   1.0000079e-02
   1.2281500e+03   1.9998777e-02
   1.3726300e+03   4.0000750e-02
   1.5341200e+03   1.0000229e-02
   1.7146100e+03   1.0000027e-02
   1.9163300e+03   3.9999790e-02
   2.1417800e+03   2.9999296e-02
   2.3937500e+03   1.0000016e-02
   2.6753700e+03   2.9999893e-02
   2.9901200e+03   1.9999959e-02
   3.3419000e+03   0.0000000e+00
   3.7350700e+03   9.9999249e-03
   4.1744900e+03   9.9999890e-03
   4.6656100e+03   2.0000050e-02
   5.2145100e+03   0.0000000e+00
   5.8279900e+03   0.0000000e+00
   6.5136300e+03   1.0000093e-02
   7.2799500e+03   9.9999724e-03
   8.1364200e+03   0.0000000e+00
   9.0936500e+03   1.0000038e-02
   1.0163500e+04   0.0000000e+00
   1.1359200e+04   2.0000295e-02
   1.2695600e+04   0.0000000e+00
   1.4189200e+04   0.0000000e+00
   1.5858500e+04   0.0000000e+00
   1.7724200e+04   0.0000000e+00
   1.9809500e+04   9.9998492e-03
   2.2140000e+04   0.0000000e+00
   2.4744700e+04   0.0000000e+00
   2.7655900e+04   0.0000000e+00
   3.0909500e+04   0.0000000e+00
   3.4545900e+04   0.0000000e+00
   3.8610200e+04   0.0000000e+00
   4.3152600e+04   0.0000000e+00
   4.8229400e+04   1.0000034e-02
   5.3903500e+04   0.0000000e+00
   6.0245100e+04   0.0000000e+00
   6.7332800e+04   0.0000000e+00
   7.5254300e+04   0.0000000e+00
   8.4107800e+04   0.0000000e+00
   9.4002900e+04   0.0000000e+00
   1.0506200e+05   0.0000000e+00
   1.1742200e+05   1.0000375e-02
   1.3123700e+05   0.0000000e+00
   1.4667700e+05   0.0000000e+00
   1.6393300e+05   0.0000000e+00
   1.8321900e+05   0.0000000e+00
   2.0477400e+05   0.0000000e+00
   2.2886600e+05   0.0000000e+00
   2.5579100e+05   0.0000000e+00
   2.8588400e+05   0.0000000e+00
   3.1951800e+05   0.0000000e+00
   3.5710900e+05   0.0000000e+00
   3.9912200e+05   0.0000000e+00
   4.4607700e+05   0.0000000e+00
   4.9855700e+05   0.0000000e+00
   5.5721100e+05   0.0000000e+00
   6.2276600e+05   0.0000000e+00
   6.9603300e+05   0.0000000e+00
   7.7791900e+05   0.0000000e+00
   8.6944000e+05   0.0000000e+00
   9.7172700e+05   0.0000000e+00
   1.0860500e+06   0.0000000e+00
   1.2138200e+06   0.0000000e+00
   1.3566200e+06   0.0000000e+00
   1.5162300e+06   0.0000000e+00
   1.6946100e+06   0.0000000e+00
   1.8939700e+06   0.0000000e+00
   2.1168000e+06   0.0000000e+00
   2.3658300e+06   0.0000000e+00
   2.6441700e+06   0.0000000e+00
   2.9552500e+06   0.0000000e+00
   3.3029200e+06   0.0000000e+00
   3.6915000e+06   0.0000000e+00
   4.1258000e+06   0.0000000e+00
   4.6111900e+06   1.0000065e-02
