   1.2368500e+02   1.0000187e-02
   1.3455900e+02   1.0000207e-02
   1.4638900e+02   0.0000000e+00
   1.5925900e+02   0.0000000e+00
   1.7326000e+02   0.0000000e+00
   1.8849200e+02   0.0000000e+00
   2.0506300e+02   0.0000000e+00
   2.2309200e+02   0.0000000e+00
   2.4270500e+02   0.0000000e+00
   2.6404200e+02   1.9999833e-02
   2.8725500e+02   0.0000000e+00
   3.1250900e+02   0.0000000e+00
   3.3998300e+02   2.0000266e-02
   3.6987300e+02   9.9998880e-03
   4.0239000e+02   9.9999816e-03
   4.3776600e+02   9.9999713e-03
   4.7625200e+02   1.0000063e-02
   5.1812200e+02   3.0000253e-02
   5.6367300e+02   9.9999512e-03
   6.1322800e+02   2.0000058e-02
   6.6714000e+02   0.0000000e+00
   7.2579100e+02   4.0000087e-02
   7.8959900e+02   0.0000000e+00
   8.5901700e+02   1.9999886e-02
   9.3453700e+02   2.0000775e-02
   1.0167000e+03   1.9999401e-02
   1.1060800e+03   9.9998699e-03
   1.2033200e+03   3.0000034e-02
   1.3091100e+03   2.9999935e-02
   1.4242000e+03   0.0000000e+00
   1.5494100e+03   9.9995575e-03
   1.6856200e+03   1.0000580e-02
   1.8338200e+03   5.0000126e-02
   1.9950400e+03   9.9998082e-03
   2.1704300e+03   1.9999750e-02
   2.3612400e+03   2.0000176e-02
   2.5688300e+03   0.0000000e+00
   2.7946700e+03   1.9999756e-02
   3.0403600e+03   0.0000000e+00
   3.3076500e+03   2.0000555e-02
   3.5984500e+03   1.9999552e-02
   3.9148000e+03   3.0000060e-02
   4.2589700e+03   0.0000000e+00
   4.6334000e+03   1.9999783e-02
   5.0407400e+03   1.0000083e-02
   5.4839000e+03   2.0000170e-02
   5.9660200e+03   1.9999919e-02
   6.4905200e+03   1.9999880e-02
   7.0611300e+03   2.0000042e-02
   7.6819100e+03   9.9999750e-03
   8.3572600e+03   3.0000128e-02
   9.0919900e+03   9.9999728e-03
   9.8913100e+03   1.9999961e-02
   1.0760900e+04   1.9999102e-02
   1.1706900e+04   1.0000833e-02
   1.2736200e+04   2.0000081e-02
   1.3855900e+04   0.0000000e+00
   1.5074000e+04   9.9997869e-03
   1.6399200e+04   1.0000440e-02
   1.7841000e+04   0.0000000e+00
   1.9409400e+04   0.0000000e+00
   2.1115800e+04   0.0000000e+00
   2.2972200e+04   1.0000009e-02
   2.4991800e+04   2.0000430e-02
   2.7189000e+04   9.9999396e-03
   2.9579300e+04   2.9999255e-02
   3.2179700e+04   2.0000153e-02
   3.5008800e+04   0.0000000e+00
   3.8086600e+04   1.0000064e-02
   4.1435000e+04   0.0000000e+00
   4.5077700e+04   1.0000249e-02
   4.9040800e+04   9.9999905e-03
   5.3352200e+04   0.0000000e+00
   5.8042600e+04   1.0000008e-02
   6.3145400e+04   0.0000000e+00
   6.8696800e+04   1.0000023e-02
   7.4736300e+04   0.0000000e+00
   8.1306700e+04   2.0000098e-02
   8.8454800e+04   1.9999992e-02
   9.6231300e+04   0.0000000e+00
   1.0469100e+05   1.0000054e-02
   1.1389500e+05   0.0000000e+00
   1.2390900e+05   0.0000000e+00
   1.3480200e+05   0.0000000e+00
   1.4665300e+05   0.0000000e+00
   1.5954600e+05   0.0000000e+00
   1.7357200e+05   0.0000000e+00
   1.8883200e+05   0.0000000e+00
   2.0543300e+05   0.0000000e+00
   2.2349400e+05   0.0000000e+00
   2.4314200e+05   0.0000000e+00
   2.6451800e+05   0.0000000e+00
   2.8777300e+05   0.0000000e+00
   3.1307300e+05   9.9997389e-03
   3.4059600e+05   0.0000000e+00
   3.7054000e+05   0.0000000e+00
   4.0311600e+05   0.0000000e+00
   4.3855600e+05   0.0000000e+00
   4.7711100e+05   0.0000000e+00
