   7.8670200e+01   1.9999852e-02
   8.5585300e+01   1.0000023e-02
   9.3108300e+01   0.0000000e+00
   1.0129300e+02   1.9998453e-02
   1.1019600e+02   0.0000000e+00
   1.1988300e+02   9.9992758e-03
   1.3042000e+02   0.0000000e+00
   1.4188400e+02   0.0000000e+00
   1.5435600e+02   2.0000046e-02
   1.6792400e+02   0.0000000e+00
   1.8268500e+02   0.0000000e+00
   1.9874300e+02   2.0000355e-02
   2.1621300e+02   4.9999304e-02
   2.3521800e+02   4.0000410e-02
   2.5589400e+02   9.9998930e-03
   2.7838700e+02   9.9998368e-03
   3.0285700e+02   2.0000470e-02
   3.2947900e+02   9.9998568e-03
   3.5844000e+02   1.9999919e-02
   3.8994700e+02   3.0000327e-02
   4.2422400e+02   9.9998657e-03
   4.6151300e+02   3.0000482e-02
   5.0208100e+02   2.9999848e-02
   5.4621400e+02   5.9999156e-02
   5.9422600e+02   1.0000008e-02
   6.4645900e+02   6.0000949e-02
   7.0328400e+02   1.9999992e-02
   7.6510300e+02   4.9999983e-02
   8.3235600e+02   3.9999637e-02
   9.0552000e+02   2.0000007e-02
   9.8511600e+02   1.0000221e-02
   1.0717100e+03   9.9996126e-03
   1.1659100e+03   2.0001026e-02
   1.2684000e+03   1.9999522e-02
   1.3798900e+03   1.9999508e-02
   1.5011800e+03   0.0000000e+00
   1.6331400e+03   9.9997217e-03
   1.7766900e+03   9.9998462e-03
   1.9328600e+03   2.9999923e-02
   2.1027600e+03   0.0000000e+00
   2.2876000e+03   0.0000000e+00
   2.4886800e+03   1.0000154e-02
   2.7074400e+03   0.0000000e+00
   2.9454200e+03   0.0000000e+00
   3.2043300e+03   1.9999803e-02
   3.4859900e+03   0.0000000e+00
   3.7924100e+03   1.0000133e-02
   4.1257700e+03   9.9997836e-03
   4.4884200e+03   1.0000129e-02
   4.8829600e+03   1.0000096e-02
   5.3121800e+03   9.9999403e-03
   5.7791200e+03   2.0000074e-02
   6.2871100e+03   0.0000000e+00
   6.8397500e+03   0.0000000e+00
   7.4409700e+03   0.0000000e+00
   8.0950300e+03   0.0000000e+00
   8.8065900e+03   0.0000000e+00
   9.5807000e+03   9.9994322e-03
   1.0422800e+04   1.0000231e-02
   1.1339000e+04   0.0000000e+00
   1.2335700e+04   0.0000000e+00
   1.3420100e+04   0.0000000e+00
   1.4599700e+04   0.0000000e+00
   1.5883000e+04   1.9999551e-02
   1.7279100e+04   0.0000000e+00
   1.8798000e+04   9.9996700e-03
   2.0450300e+04   0.0000000e+00
   2.2247900e+04   0.0000000e+00
   2.4203500e+04   0.0000000e+00
   2.6331000e+04   0.0000000e+00
   2.8645600e+04   0.0000000e+00
   3.1163500e+04   0.0000000e+00
   3.3902800e+04   0.0000000e+00
   3.6882900e+04   9.9998842e-03
   4.0124900e+04   0.0000000e+00
   4.3651900e+04   0.0000000e+00
   4.7489000e+04   0.0000000e+00
   5.1663300e+04   0.0000000e+00
   5.6204500e+04   0.0000000e+00
   6.1145000e+04   0.0000000e+00
   6.6519600e+04   0.0000000e+00
   7.2366800e+04   0.0000000e+00
   7.8727800e+04   0.0000000e+00
   8.5648100e+04   9.9999560e-03
   9.3176600e+04   1.0000151e-02
   1.0136700e+05   1.9999475e-02
   1.1027700e+05   0.0000000e+00
   1.1997100e+05   0.0000000e+00
   1.3051600e+05   0.0000000e+00
   1.4198800e+05   2.0000178e-02
   1.5446900e+05   0.0000000e+00
   1.6804700e+05   0.0000000e+00
   1.8281900e+05   1.0000072e-02
   1.9888900e+05   0.0000000e+00
   2.1637100e+05   0.0000000e+00
   2.3539000e+05   1.0000022e-02
   2.5608100e+05   0.0000000e+00
   2.7859100e+05   0.0000000e+00
   3.0307900e+05   1.0000046e-02
