   1.2061600e+02   9.9999880e-03
   1.3098500e+02   0.0000000e+00
   1.4224600e+02   0.0000000e+00
   1.5447400e+02   2.0000477e-02
   1.6775400e+02   9.9998098e-03
   1.8217500e+02   9.9999870e-03
   1.9783600e+02   1.9999552e-02
   2.1484300e+02   3.0001006e-02
   2.3331300e+02   0.0000000e+00
   2.5337000e+02   0.0000000e+00
   2.7515100e+02   1.0000036e-02
   2.9880500e+02   3.0000758e-02
   3.2449300e+02   9.9997717e-03
   3.5238800e+02   0.0000000e+00
   3.8268200e+02   4.0000020e-02
   4.1558000e+02   2.9999872e-02
   4.5130600e+02   2.0000291e-02
   4.9010400e+02   1.9999681e-02
   5.3223600e+02   0.0000000e+00
   5.7799100e+02   6.9999958e-02
   6.2767900e+02   2.0000112e-02
   6.8163900e+02   2.9999832e-02
   7.4023700e+02   1.0000016e-02
   8.0387300e+02   0.0000000e+00
   8.7298000e+02   1.9999875e-02
   9.4802700e+02   2.0000999e-02
   1.0295300e+03   3.9997664e-02
   1.1180300e+03   0.0000000e+00
   1.2141400e+03   1.0000356e-02
   1.3185200e+03   2.0000154e-02
   1.4318700e+03   9.9997208e-03
   1.5549600e+03   1.0000347e-02
   1.6886400e+03   2.0000361e-02
   1.8338100e+03   1.9999156e-02
   1.9914500e+03   3.0000232e-02
   2.1626500e+03   3.0000609e-02
   2.3485700e+03   2.0000093e-02
   2.5504700e+03   9.9997294e-03
   2.7697200e+03   1.0000239e-02
   3.0078300e+03   2.9999550e-02
   3.2664000e+03   0.0000000e+00
   3.5472000e+03   0.0000000e+00
   3.8521500e+03   1.9999572e-02
   4.1833000e+03   0.0000000e+00
   4.5429300e+03   1.9999905e-02
   4.9334700e+03   9.9998776e-03
   5.3575800e+03   0.0000000e+00
   5.8181600e+03   9.9999988e-03
   6.3183300e+03   1.0000031e-02
   6.8615000e+03   2.9999926e-02
   7.4513600e+03   0.0000000e+00
   8.0919300e+03   1.0000034e-02
   8.7875700e+03   4.0000019e-02
   9.5430100e+03   1.0000062e-02
   1.0363400e+04   9.9999070e-03
   1.1254300e+04   0.0000000e+00
   1.2221800e+04   0.0000000e+00
   1.3272500e+04   0.0000000e+00
   1.4413500e+04   1.9998699e-02
   1.5652500e+04   1.0000001e-02
   1.6998100e+04   2.0000375e-02
   1.8459400e+04   0.0000000e+00
   2.0046300e+04   0.0000000e+00
   2.1769600e+04   0.0000000e+00
   2.3641100e+04   1.0000241e-02
   2.5673500e+04   0.0000000e+00
   2.7880500e+04   0.0000000e+00
   3.0277300e+04   0.0000000e+00
   3.2880200e+04   0.0000000e+00
   3.5706800e+04   9.9999894e-03
   3.8776400e+04   0.0000000e+00
   4.2109900e+04   0.0000000e+00
   4.5729900e+04   1.0000087e-02
   4.9661200e+04   0.0000000e+00
   5.3930400e+04   9.9999589e-03
   5.8566600e+04   0.0000000e+00
   6.3601400e+04   0.0000000e+00
   6.9069000e+04   0.0000000e+00
   7.5006700e+04   0.0000000e+00
   8.1454800e+04   0.0000000e+00
   8.8457200e+04   0.0000000e+00
   9.6061600e+04   1.0000344e-02
   1.0432000e+05   0.0000000e+00
   1.1328800e+05   1.0000005e-02
   1.2302700e+05   0.0000000e+00
   1.3360300e+05   9.9996220e-03
   1.4508800e+05   0.0000000e+00
   1.5756100e+05   0.0000000e+00
   1.7110600e+05   0.0000000e+00
   1.8581600e+05   0.0000000e+00
   2.0179000e+05   0.0000000e+00
   2.1913700e+05   0.0000000e+00
   2.3797500e+05   0.0000000e+00
   2.5843300e+05   0.0000000e+00
   2.8065000e+05   0.0000000e+00
   3.0477700e+05   0.0000000e+00
   3.3097800e+05   9.9999491e-03
   3.5943100e+05   0.0000000e+00
   3.9033000e+05   9.9998598e-03
