   1.2180800e+02   1.0000051e-02
   1.3291200e+02   9.9998558e-03
   1.4502800e+02   9.9994890e-03
   1.5824800e+02   2.0000206e-02
   1.7267400e+02   1.0000053e-02
   1.8841500e+02   1.0000073e-02
   2.0559100e+02   0.0000000e+00
   2.2433300e+02   9.9999477e-03
   2.4478300e+02   0.0000000e+00
   2.6709700e+02   3.0000646e-02
   2.9144600e+02   6.9999772e-02
   3.1801400e+02   6.9999834e-02
   3.4700400e+02   0.0000000e+00
   3.7863600e+02   3.0000554e-02
   4.1315300e+02   6.0000172e-02
   4.5081600e+02   1.9999903e-02
   4.9191200e+02   2.9999657e-02
   5.3675400e+02   3.0000428e-02
   5.8568500e+02   4.9999254e-02
   6.3907500e+02   3.0000074e-02
   6.9733300e+02   5.0000261e-02
   7.6090200e+02   3.0000207e-02
   8.3026600e+02   3.9999597e-02
   9.0595200e+02   0.0000000e+00
   9.8853900e+02   9.9996177e-03
   1.0786500e+03   4.0000152e-02
   1.1769800e+03   1.0000618e-02
   1.2842800e+03   0.0000000e+00
   1.4013500e+03   2.0000540e-02
   1.5291000e+03   1.9999677e-02
   1.6684900e+03   0.0000000e+00
   1.8205900e+03   9.9997538e-03
   1.9865500e+03   2.0000684e-02
   2.1676500e+03   1.9999886e-02
   2.3652500e+03   9.9997546e-03
   2.5808600e+03   0.0000000e+00
   2.8161300e+03   0.0000000e+00
   3.0728500e+03   3.0000012e-02
   3.3529700e+03   2.0000281e-02
   3.6586300e+03   0.0000000e+00
   3.9921500e+03   0.0000000e+00
   4.3560700e+03   1.0000050e-02
   4.7531700e+03   0.0000000e+00
   5.1864600e+03   0.0000000e+00
   5.6592600e+03   0.0000000e+00
   6.1751600e+03   9.9999360e-03
   6.7380800e+03   1.9999962e-02
   7.3523200e+03   3.0000210e-02
   8.0225600e+03   9.9999870e-03
   8.7538900e+03   9.9999774e-03
   9.5518900e+03   0.0000000e+00
   1.0422600e+04   0.0000000e+00
   1.1372800e+04   9.9996454e-03
   1.2409500e+04   0.0000000e+00
   1.3540700e+04   0.0000000e+00
   1.4775100e+04   0.0000000e+00
   1.6122000e+04   0.0000000e+00
   1.7591700e+04   0.0000000e+00
   1.9195300e+04   0.0000000e+00
   2.0945200e+04   9.9997105e-03
   2.2854500e+04   0.0000000e+00
   2.4937900e+04   1.0000277e-02
   2.7211300e+04   1.0000117e-02
   2.9691900e+04   0.0000000e+00
   3.2398600e+04   0.0000000e+00
   3.5352000e+04   0.0000000e+00
   3.8574700e+04   0.0000000e+00
   4.2091100e+04   0.0000000e+00
   4.5928100e+04   0.0000000e+00
   5.0114900e+04   0.0000000e+00
   5.4683400e+04   0.0000000e+00
   5.9668300e+04   0.0000000e+00
   6.5107700e+04   0.0000000e+00
   7.1042800e+04   0.0000000e+00
   7.7519100e+04   0.0000000e+00
   8.4585700e+04   0.0000000e+00
   9.2296500e+04   0.0000000e+00
   1.0071000e+05   0.0000000e+00
   1.0989100e+05   0.0000000e+00
   1.1990900e+05   0.0000000e+00
   1.3083900e+05   1.0000614e-02
   1.4276700e+05   0.0000000e+00
   1.5578100e+05   0.0000000e+00
   1.6998200e+05   1.0000313e-02
   1.8547800e+05   0.0000000e+00
   2.0238600e+05   0.0000000e+00
   2.2083500e+05   0.0000000e+00
   2.4096600e+05   0.0000000e+00
   2.6293300e+05   0.0000000e+00
   2.8690200e+05   1.0000060e-02
   3.1305600e+05   0.0000000e+00
   3.4159400e+05   0.0000000e+00
   3.7273300e+05   0.0000000e+00
   4.0671100e+05   0.0000000e+00
   4.4378700e+05   0.0000000e+00
   4.8424300e+05   0.0000000e+00
   5.2838600e+05   0.0000000e+00
   5.7655300e+05   0.0000000e+00
   6.2911200e+05   0.0000000e+00
