161.273	0.000947036
171.832	0
183.083	0.00166844
195.07	0
207.842	0
221.45	0
235.95	0
251.398	0.000607527
267.859	0
285.397	0.000535154
304.083	0
323.992	0.000471404
345.206	0
367.808	0
391.89	0
417.549	0.000365781
444.887	0
474.016	0.00096662
505.052	0.000604814
538.12	0.000283824
573.353	0.00106553
610.893	0.000250013
650.891	0.000938597
693.508	0
738.915	0.00062009
787.295	0.00038799
838.843	0.000182074
893.766	0
952.285	0.000320768
1014.64	0.000301056
1081.07	0.000141278
1151.85	0.000132596
1227.27	0.000124448
1307.62	0.000233602
1393.24	0.00032887
1484.46	0
1581.65	0.000193129
1685.21	9.06303e-05
1795.55	0
1913.11	0
2038.37	7.4928e-05
2171.83	0
2314.03	0
2465.54	0.000123893
2626.97	0.000116279
2798.97	0.000109134
2982.24	0.000102427
3177.5	0
3385.54	4.51128e-05
3607.21	4.23406e-05
3843.39	0.000119216
4095.03	0
4363.15	3.50048e-05
4648.83	3.28537e-05
4953.21	0.000123339
5277.51	8.682e-05
5623.06	0
5991.22	5.0985e-05
6383.5	2.3926e-05
6801.45	8.98227e-05
7246.77	2.10758e-05
7721.25	9.89031e-05
8226.8	0
8765.44	1.74242e-05
9339.36	1.63535e-05
9950.85	1.53486e-05
10602.4	1.44054e-05
11296.6	2.70403e-05
12036.2	2.53787e-05
12824.3	1.19096e-05
13663.9	1.11777e-05
14558.6	0
15511.8	9.84615e-06
16527.4	1.84822e-05
17609.5	0
18762.5	8.14024e-06
19991	0
21299.9	0
22694.5	0
24180.4	6.31633e-06
25763.6	5.92819e-06
27450.4	0
29247.7	1.0444e-05
31162.7	0
33203.1	4.59991e-06
35377	0
37693.3	0
40161.3	0
42790.8	0
45592.5	0
48577.7	0
51758.3	2.95086e-06
55147.1	0
58757.8	0
62605	0
66704	0
71071.4	0
75724.8	0
80682.8	0
85965.5	0
