168.088	0.000675309
182.896	0
199.009	0
216.541	0
235.617	0
256.374	0
278.96	0.000406909
303.536	0
330.276	0
359.373	0.00031586
391.032	0.000870859
425.481	0
462.965	0.000245184
503.75	0.000675998
548.129	0.000207089
596.418	0.000190322
648.96	0.000524738
706.132	0.000321502
768.34	0.000147736
836.028	0
909.68	0.000374345
989.82	0.000114679
1077.02	0.000210788
1171.9	0.000193722
1275.14	0.000356074
1387.48	8.18112e-05
1509.71	7.51874e-05
1642.71	0.0002073
1787.43	6.35053e-05
1944.9	0.000175091
2116.24	0.000214553
2302.67	0.000197182
2505.53	0.000362435
2726.26	4.16363e-05
2966.43	7.65305e-05
3227.77	0.000140669
3512.12	3.23199e-05
3821.53	2.97031e-05
4158.2	2.72982e-05
4524.52	2.5088e-05
4923.12	2.30568e-05
5356.83	0
5828.75	1.94744e-05
6342.24	1.78977e-05
6900.98	3.28972e-05
7508.93	1.51168e-05
8170.44	2.77858e-05
8890.24	2.55362e-05
9673.44	0
10525.6	1.07843e-05
11452.9	9.91113e-06
12461.9	9.10868e-06
13559.7	2.51136e-05
14754.3	0
16054.1	0
17468.4	0
19007.3	0
20681.8	1.64654e-05
22503.8	5.04409e-06
24486.4	9.27139e-06
26643.5	0
28990.7	0
31544.7	0
34323.7	0
37347.6	0
40637.8	0
44217.8	2.56709e-06
48113.3	4.7185e-06
52351.9	0
56964	0
61982.3	1.83135e-06
67442.8	0
73384.3	0
79849.2	0
86883.6	2.61295e-06
94537.8	0
102866	0
111929	0
121789	0
132518	8.56571e-07
144193	0
156896	7.23483e-07
170718	0
185757	0
202122	0
219928	5.16128e-07
239304	0
260385	0
283325	0
308285	0
335444	0
364995	0
397150	2.85815e-07
432138	0
470208	0
511632	0
556705	0
605749	0
659113	3.44436e-07
717179	0
