89.6286	0.0017495
95.3445	0
101.425	0
107.893	0
114.774	0
122.093	0
129.88	0.00241463
138.162	0.00113493
146.974	0.00213379
156.347	0.00100293
166.317	0.000942808
176.924	0.00177257
188.207	0.00333262
200.21	0.00313282
212.978	0
226.56	0.000692114
241.008	0.00195187
256.378	0.00244647
272.728	0.000574951
290.121	0.00108096
308.623	0.00101616
328.305	0.00143286
349.242	0.000897975
371.515	0
395.207	0.00158707
420.411	0.000372981
447.222	0.000701242
475.743	0.000329601
506.082	0.000309842
538.357	0.000873799
572.69	0
609.212	0.000514781
648.064	0.000725879
689.393	0.000454909
733.358	0.000427637
780.126	0
829.878	0.0007558
882.802	0.000177622
939.101	0.000166974
998.991	0.000313928
1062.7	0.000147554
1130.47	0
1202.57	0.000130392
1279.26	0.000122575
1360.84	0.000115227
1447.62	0.000108319
1539.94	0
1638.15	9.57209e-05
1742.62	0
1853.76	0
1971.98	0.000159034
2097.73	7.47498e-05
2231.51	0
2373.83	6.6056e-05
2525.21	6.20959e-05
2686.25	0
2857.56	0
3039.8	0.000206336
3233.66	4.84916e-05
3439.88	4.55845e-05
3659.25	4.28517e-05
3892.62	0
4140.86	0
4404.94	0
4685.86	3.34635e-05
4984.69	0
5302.58	5.91431e-05
5640.74	5.55974e-05
6000.47	0
6383.14	0
6790.21	0
7223.25	2.17084e-05
7683.9	2.0407e-05
8173.93	1.91836e-05
8695.21	0
9249.73	1.69524e-05
9839.61	0
10467.1	0
11134.6	0
11844.7	0
12600.1	0
13403.7	1.16987e-05
14258.5	1.09974e-05
15167.8	0
16135.1	0
17164.1	1.82714e-05
18258.7	8.588e-06
19423.1	0
20661.8	7.58916e-06
21979.4	0
23381.1	0
24872.2	0
26458.4	0
28145.7	0
29940.7	0
31850.1	0
33881.3	0
36042	0
38340.5	8.17961e-06
40785.6	0
