105.433	0.00423816
117.23	0.00152466
130.348	0.00205684
144.933	0.00184985
161.151	0.00221825
179.183	0.000498753
199.233	0.0022428
221.527	0.00161368
246.315	0.000362821
273.877	0.000326308
304.523	0.00117388
338.598	0.00105574
376.486	0.000949499
418.613	0.00106743
465.455	0.000384004
517.537	0.00017268
575.448	0.000931811
639.839	0.000279346
711.435	0.000628084
791.042	0.000338926
879.557	0.000101606
977.976	0.000456904
1087.41	0.000164369
1209.09	0.000147828
1344.38	6.64755e-05
1494.81	5.97857e-05
1662.07	0.000161307
1848.05	9.6716e-05
2054.85	4.34914e-05
2284.78	0
2540.43	0
2824.7	0.000126552
3140.78	2.84542e-05
3492.22	5.11813e-05
3882.99	0
4317.48	0
4800.59	1.86161e-05
5337.76	1.67426e-05
5935.04	1.50577e-05
6599.15	1.35424e-05
7337.57	1.21795e-05
8158.62	0
9071.54	0
10086.6	8.86007e-06
11215.3	0
12470.2	0
13865.6	0
15417.1	0
17142.2	1.04267e-05
19060.4	0
21193.2	0
23564.6	0
26201.5	0
29133.3	0
32393.2	0
36017.9	0
40048.2	0
44529.5	0
49512.2	0
55052.4	0
61212.6	0
68062.1	0
75678	1.1809e-06
84146.1	0
93561.8	0
104031	0
115672	0
128615	0
143007	0
159009	0
176801	0
196585	0
218582	0
243040	0
270236	0
300474	0
334096	0
371480	0
413048	0
459266	0
510657	0
567798	0
631332	0
701976	0
780525	0
867863	0
964974	0
1.07295e+06	0
1.19301e+06	0
1.32651e+06	0
1.47494e+06	0
1.63998e+06	0
1.82349e+06	0
2.02753e+06	0
2.2544e+06	0
2.50666e+06	0
2.78715e+06	0
3.09902e+06	0
3.44579e+06	0
3.83136e+06	0
