150.941	0.000683736
165.566	0
181.609	0.000568274
199.206	0.0020723
218.508	0.00047231
239.681	0.000861175
262.905	0.000392551
288.379	0
316.322	0.000326261
346.972	0.00029744
380.593	0.000813497
417.47	0.00148327
457.922	0.000225374
502.292	0.000205465
550.962	0.00037463
604.348	0.000683074
662.907	0.00046705
727.14	0.000567723
797.597	0.000258786
874.881	0.000353889
959.653	0.000107543
1052.64	9.80427e-05
1154.64	0.000357528
1266.52	0.000407431
1389.24	0.000148576
1523.85	6.77257e-05
1671.5	0.000123486
1833.46	5.62889e-05
2011.12	5.13165e-05
2205.99	0
2419.74	8.53015e-05
2654.2	7.77662e-05
2911.38	0.000106345
3193.48	0
3502.92	0
3842.34	8.05788e-05
4214.64	2.44869e-05
4623.02	2.23238e-05
5070.97	0
5562.33	1.8554e-05
6101.3	1.6915e-05
6692.49	0
7340.96	4.21758e-05
8052.27	0
8832.5	2.3369e-05
9688.34	0
10627.1	1.94227e-05
11656.8	2.65605e-05
12786.3	8.07141e-06
14025.3	7.35841e-06
15384.2	6.70839e-06
16874.9	1.22316e-05
18510	5.57555e-06
20303.6	5.08303e-06
22270.9	0
24428.9	0
26795.9	0
29392.3	0
32240.3	6.40214e-06
35364.3	0
38790.9	0
42549.6	0
46672.5	0
51194.9	0
56155.4	0
61596.7	0
67565.1	0
74111.9	1.39254e-06
81293	1.26953e-06
89170	0
97810.2	2.11028e-06
107288	0
117683	0
129086	0
141594	0
155314	0
170364	6.05785e-07
186871	0
204978	0
224840	0
246626	0
270523	0
296735	0
325488	0
357026	0
391620	0
429567	0
471190	2.19028e-07
516846	0
566926	0
621859	1.6596e-07
682115	0
748209	0
820707	0
900230	0
987459	0
1.08314e+06	0
1.18809e+06	0
1.30321e+06	0
1.42949e+06	0
