155.561	0.000984346
165.72	0
176.542	0
188.072	0
200.354	0
213.438	0
227.377	0.000673445
242.226	0
258.045	0
274.896	0.00111406
292.849	0.000522883
311.973	0.000490829
332.347	0.000921481
354.051	0.000864992
377.173	0.00162393
401.804	0
428.045	0.000357733
455.998	0.00100741
485.778	0.000315218
517.502	0
551.298	0.00055551
587.301	0.000260728
625.655	0.000734234
666.514	0.000459483
710.041	0.000431315
756.411	0.000202437
805.809	0.000190027
858.433	0.000178378
914.493	0.000669773
974.215	0.000314357
1037.84	0.000442629
1105.61	0.000138498
1177.82	0.000130008
1254.74	0.000366115
1336.68	0.000114557
1423.97	0.000430138
1516.96	0
1616.03	9.47543e-05
1721.57	8.89457e-05
1833.99	0.000250479
1953.76	0
2081.36	7.35702e-05
2217.28	0.00020718
2362.08	0
2516.34	0
2680.67	0.000228489
2855.73	0
3042.23	0
3240.91	0
3452.56	0.000133054
3678.03	8.32651e-05
3918.22	7.81608e-05
4174.11	3.66847e-05
4446.7	0
4737.1	0
5046.46	0
5376.02	0
5727.1	5.34741e-05
6101.12	0
6499.55	7.06783e-05
6924.01	0
7376.19	2.07595e-05
7857.9	0
8371.07	1.82923e-05
8917.75	0
9500.13	3.22366e-05
10120.5	4.53906e-05
10781.5	1.42027e-05
11485.6	3.99961e-05
12235.6	0
13034.7	0
13885.9	1.10274e-05
14792.8	1.03514e-05
15758.8	0
16788	9.12116e-06
17884.3	1.7124e-05
19052.3	8.03714e-06
20296.5	0
21622	7.08195e-06
23034	0
24538.3	0
26140.7	5.85774e-06
27847.9	5.49865e-06
29666.5	0
31603.9	0
33667.8	4.54813e-06
35866.5	0
38208.8	0
40704.1	0
43362.3	0
46194.1	0
49210.9	0
52424.6	2.92088e-06
55848.2	0
59495.5	0
63380.9	0
67520	0
71929.4	0
76626.9	0
81631	0
