136.453	0.00174508
147.914	0.00160986
160.338	0
173.804	0.00205508
188.402	0.0012639
204.226	0.00116597
221.38	0.00107563
239.973	0.00148842
260.129	0.000457699
281.977	0.000422235
305.661	0.000389519
331.334	0.00107801
359.162	0.000662991
389.329	0.00030581
422.029	0.00112846
457.475	0.000260256
495.899	0
537.55	0.000664464
582.699	0.000612979
631.64	0.000376989
684.692	0.00017389
742.2	0.000481248
804.538	0.00044396
872.112	0
945.361	0.000125942
1024.76	0.000232368
1110.83	0.000107182
1204.13	9.88768e-05
1305.27	0.000182431
1414.9	0.000168296
1533.74	7.76279e-05
1662.56	0.000143226
1802.2	0.000132129
1953.56	0
2117.65	5.62232e-05
2295.51	5.18669e-05
2488.31	0
2697.3	4.41407e-05
2923.85	8.1441e-05
3169.43	7.51308e-05
3435.63	6.93094e-05
3724.19	3.19696e-05
4036.99	5.89849e-05
4376.06	5.44146e-05
4743.61	2.50992e-05
5142.03	0.000115772
5573.91	0
6042.07	0
6549.54	1.81785e-05
7099.64	0
7695.95	1.54706e-05
8342.34	1.42719e-05
9043.02	1.31661e-05
9802.54	3.64377e-05
10625.9	1.12048e-05
11518.3	2.06733e-05
12485.8	1.90714e-05
13534.5	8.79686e-06
14671.2	0
15903.5	0
17239.2	0
18687.2	6.37126e-06
20256.7	5.8776e-06
21958.1	5.42219e-06
23802.4	0
25801.5	0
27968.6	0
30317.7	0
32864.1	0
35624.4	0
38616.5	0
41860	0
45375.8	0
49187	2.42058e-06
53318.2	0
57796.4	0
62650.8	1.90039e-06
67912.9	0
73616.9	0
79800.1	0
86502.5	0
93768	0
101644	0
110181	0
119435	0
129466	0
140340	0
152128	0
164905	0
178755	0
193769	0
210044	0
227686	0
246809	0
267539	0
290010	4.10541e-07
314368	0
340772	3.49386e-07
369393	3.22314e-07
400419	0
