112.199	0.000984078
122.361	0
133.443	0.000827415
145.529	0.0015174
158.71	0
173.084	0
188.76	0
205.856	0.00107272
224.5	0.000491817
244.832	0.000450973
267.007	0.000827042
291.189	0.000379179
317.562	0.000695378
346.323	0.000637629
377.69	0.000292338
411.897	0
449.202	0
489.886	0.00112693
534.254	0.000413335
582.641	0.000379008
635.41	0.000173766
692.959	0.000478006
755.72	0.000146103
824.164	0.000133969
898.808	0.000122844
980.213	0.000450567
1068.99	0.000103287
1165.81	0
1271.39	0.000173688
1386.54	0.000238895
1512.12	7.30186e-05
1649.07	0.000200864
1798.43	0.000122788
1961.31	0.000168887
2138.94	0.000103241
2332.67	9.46667e-05
2543.93	4.34024e-05
2774.33	0.000159192
3025.6	3.64928e-05
3299.63	0.000100387
3598.47	3.06832e-05
3924.39	2.81351e-05
4279.81	0
4667.43	2.3656e-05
5090.16	2.16914e-05
5551.17	3.978e-05
6053.93	3.64764e-05
6602.23	5.01707e-05
7200.19	0
7852.31	4.21836e-05
8563.48	0
9339.07	2.36454e-05
10184.9	2.16817e-05
11107.3	0
12113.3	1.823e-05
13210.4	8.35802e-06
14406.9	7.6639e-06
15711.7	0
17134.7	0
18686.6	5.90868e-06
20379	0
22224.7	0
24237.6	0
26432.7	4.17713e-06
28826.7	0
31437.5	7.02427e-06
34284.8	3.22046e-06
37390	0
40776.3	0
44469.4	0
48497	0
52889.3	0
57679.4	1.91425e-06
62903.4	0
68600.5	4.82851e-06
74813.6	0
81589.4	1.35327e-06
88978.9	0
97037.7	0
105826	0
115411	9.56694e-07
125864	0
137263	0
149695	0
163252	0
178038	0
194163	5.68661e-07
211748	0
230926	0
251840	0
274649	4.02014e-07
299524	0
326652	0
356236	0
388501	0
423687	0
462060	0
503908	0
549546	2.00916e-07
599318	0
