113.941	0.00101426
123.801	0.000933483
134.513	0.000859141
146.153	0
158.799	0
172.541	0.00066979
187.471	0.0012329
203.693	0.00113471
221.318	0.00261085
240.469	0.000961171
261.277	0.000442312
283.885	0.000814173
308.45	0.001124
335.141	0.000689656
364.141	0.000952098
395.65	0.00146046
429.886	0.000268829
467.084	0.00049484
507.501	0.000455431
551.416	0
599.13	0.000385779
650.973	0.000532583
707.303	0.00016339
768.506	0.000300755
835.006	0.000138401
907.259	0.000382137
985.765	0.000234469
1071.06	0.000323695
1163.74	0.000198611
1264.44	9.13966e-05
1373.86	8.41179e-05
1492.74	0
1621.91	0.000142506
1762.25	6.55786e-05
1914.74	0.000120712
2080.42	5.55492e-05
2260.44	0.000102251
2456.04	4.70537e-05
2668.56	8.66128e-05
2899.48	3.98575e-05
3150.37	0
3422.97	6.75237e-05
3719.17	6.21461e-05
4040.99	8.57952e-05
4390.66	7.89626e-05
4770.59	2.42247e-05
5183.39	4.45909e-05
5631.91	0
6119.24	1.88856e-05
6648.75	1.73816e-05
7224.07	0
7849.17	0
8528.36	1.35508e-05
9266.33	0
10068.2	0
10939.4	2.11285e-05
11885.9	0
12914.4	0
14031.9	8.23591e-06
15246.1	0
16565.4	0
17998.8	0
19556.3	0
21248.5	5.43878e-06
23087.1	0
25084.9	0
27255.5	4.2401e-06
29613.9	0
32176.4	0
34960.7	3.30559e-06
37985.9	3.04234e-06
41272.8	2.80005e-06
44844.2	0
48724.6	0
52940.8	0
57521.8	0
62499.2	0
67907.3	3.40364e-06
73783.3	1.56629e-06
80167.8	0
87104.8	1.32674e-06
94642.1	0
102832	1.12384e-06
111730	0
121398	0
131902	0
143316	8.06372e-07
155717	0
169191	0
183832	0
199739	0
217022	0
235801	0
256205	0
278375	0
302463	0
328635	0
357073	0
387970	2.97873e-07
421542	0
