129.315	0.00107685
138.602	0
148.555	0.00374955
159.223	0.000874583
170.657	0.000815986
182.912	0
196.047	0.000710307
210.126	0.000662717
225.215	0.000618314
241.388	0
258.722	0.00107647
277.302	0
297.215	0.000468528
318.558	0.000437137
341.435	0.000407849
365.953	0.000380523
392.233	0.00106508
420.4	0.000331241
450.589	0.000618096
482.947	0
517.628	0.00134511
554.799	0.000250998
594.64	0.000702544
637.342	0.00109246
683.111	0.000611557
732.166	0.000570582
784.744	0.000177451
841.097	0
901.498	0.000308939
966.235	0.000432359
1035.62	0
1109.99	0.000250909
1189.7	0.000702295
1275.14	0.000109207
1366.71	0.00010189
1464.85	0
1570.04	8.86942e-05
1682.79	0
1803.63	0.000154415
1933.15	7.20344e-05
2071.98	6.72081e-05
2220.77	0.00012541
2380.25	0.000117008
2551.17	0.000109168
2734.38	5.0927e-05
2930.74	0
3141.2	4.43314e-05
3366.77	8.27224e-05
3608.54	7.718e-05
3867.68	0
4145.42	3.35922e-05
4443.11	9.40245e-05
4762.18	0
5104.15	0
5470.69	0
5863.55	2.3749e-05
6284.62	0
6735.93	0
7219.64	1.92882e-05
7738.09	0
8293.78	0
8889.37	1.56652e-05
9527.72	0
10211.9	1.36364e-05
10945.3	1.27227e-05
11731.2	0
12573.7	2.215e-05
13476.6	0
14444.4	1.92813e-05
15481.7	0
16593.4	0
17785	0
19062.2	7.30523e-06
20431.1	0
21898.3	0
23470.8	1.18661e-05
25156.3	5.53554e-06
26962.8	5.16466e-06
28899	0
30974.3	0
33198.6	0
35582.6	0
38137.9	7.30264e-06
40876.6	0
43812	0
46958.2	0
50330.4	0
53944.6	0
57818.5	0
61970.5	0
66420.7	2.09654e-06
71190.5	1.95607e-06
76302.8	0
81782.2	0
87655.1	1.58866e-06
93949.7	0
100696	0
107927	1.29025e-06
115678	0
123985	0
