88.3459	0.00168568
94.2782	0
100.609	0.00296044
107.365	0.00277416
114.574	0.0012998
122.268	0
130.478	0.00114137
139.239	0.00106955
148.589	0.00501126
158.566	0
169.214	0
180.576	0.00412356
192.702	0.000772817
205.641	0.000724189
219.45	0.00135724
234.186	0
249.911	0
266.692	0
284.6	0.00104654
303.711	0.00245173
324.105	0.00137847
345.868	0.000430579
369.092	0.00080697
393.876	0.00151239
420.325	0.000708611
448.549	0.000332011
478.668	0.00062224
510.81	0.000583086
545.111	0.00109279
581.714	0.000256008
620.775	0.000479798
662.46	0
706.943	0.000631974
754.413	0
805.071	0
859.13	0
916.82	0.000324869
978.383	0.000304427
1044.08	0.000142636
1114.19	0.000267321
1189.01	0.00012525
1268.85	0.000117369
1354.05	0.000109984
1444.97	0
1542	9.65782e-05
1645.54	0.000181002
1756.04	0
1873.95	0.00015894
1999.78	0.000148939
2134.07	6.97838e-05
2277.37	6.53927e-05
2430.29	0
2593.48	0
2767.63	0
2953.47	0.000100846
3151.79	9.45006e-05
3363.43	0
3589.28	0.000124473
3830.3	0
4087.5	0
4361.97	3.41413e-05
4654.87	0
4967.44	5.99598e-05
5300.99	2.80935e-05
5656.95	5.26515e-05
6036.8	0
6442.17	2.31169e-05
6874.75	2.16623e-05
7336.38	0
7829.01	0
8354.72	1.7825e-05
8915.73	1.67034e-05
9514.4	0
10153.3	0
10835.1	0
11562.6	0
12339	0
13167.6	0
14051.8	0
14995.3	0
16002.3	0
17076.8	0
18223.5	0
19447.1	0
20753	0
22146.5	6.72445e-06
23633.6	1.26026e-05
25220.6	0
26914.1	0
28721.4	5.1851e-06
30650	0
32708.1	0
34904.4	8.53321e-06
37248.2	3.99813e-06
39749.4	0
42418.5	0
45266.8	0
48306.4	0
51550.1	0
55011.7	0
