120.795	0.0012344
128.896	0
137.541	0.00108411
146.765	0
156.608	0.00285637
167.111	0.000892282
178.318	0
190.277	0.00235094
203.037	0.00146879
216.654	0.000688239
231.184	0.00193495
246.688	0.000604446
263.232	0.000566457
280.886	0.00159257
299.723	0
319.824	0.000466224
341.273	0.00174769
364.161	0
388.583	0
414.643	0.00035961
442.451	0.000674017
472.124	0
503.787	0.000887934
537.573	0.000554752
573.625	0.000519886
612.095	0.000487211
653.145	0.000684885
696.948	0.000427893
743.689	0.000401
793.564	0
846.784	0.000352179
903.574	0.000330045
964.171	0.000618603
1028.83	0.000289862
1097.83	0
1171.46	0.000127286
1250.02	0.000119286
1333.85	0.000335366
1423.31	0.000209526
1518.76	9.81785e-05
1620.62	0.000184016
1729.3	0
1845.28	8.08061e-05
1969.03	0.000151455
2101.08	0
2241.99	0
2392.35	0.000124655
2552.79	0
2723.99	0.000109479
2906.68	0.000153897
3101.61	0
3309.62	4.50534e-05
3531.58	0
3768.43	7.91363e-05
4021.15	3.70813e-05
4290.83	3.47508e-05
4578.6	3.25667e-05
4885.66	3.05199e-05
5213.31	5.72035e-05
5562.94	0
5936.02	7.53585e-05
6334.12	0
6758.91	2.20612e-05
7212.2	0
7695.88	1.93753e-05
8212	1.81575e-05
8762.74	0
9350.41	1.59469e-05
9977.49	0
10646.6	0
11360.6	0
12122.5	0
12935.5	0
13803.1	1.08027e-05
14728.7	0
15716.5	0
16770.6	8.89117e-06
17895.3	0
19095.4	0
20376	0
21742.5	0
23200.7	0
24756.6	0
26416.9	0
28188.6	0
30079	0
32096.3	0
34248.8	4.35372e-06
36545.7	4.08009e-06
38996.6	3.82366e-06
41611.9	0
44402.6	0
47380.5	3.14707e-06
50558	2.94928e-06
53948.7	2.76392e-06
57566.7	0
61427.4	0
65547	0
69942.9	4.26375e-06
74633.6	0
