160.221	0.000670393
175.138	0.000613295
191.443	0.000561061
209.267	0.000513275
228.749	0
250.046	0.000429566
273.325	0.00039298
298.772	0.00107853
326.588	0.000657779
356.993	0.000300878
390.229	0.000275252
426.559	0.000755425
466.272	0.000691085
509.682	0.000421483
557.134	0.000385585
609.003	0.000176372
665.701	0.000161351
727.678	0.000147608
795.425	0.000675181
869.479	0.000123535
950.428	0
1038.91	0.000206776
1135.64	0
1241.36	0.000173054
1356.93	0.000237472
1483.27	7.24154e-05
1621.36	6.62477e-05
1772.31	0.000121211
1937.31	0.000166331
2117.67	0.000202885
2314.83	4.64014e-05
2530.34	8.48987e-05
2765.91	0.000116502
3023.42	3.55264e-05
3304.9	3.25006e-05
3612.59	5.9465e-05
3948.92	0
4316.56	4.9767e-05
4718.44	6.82924e-05
5157.72	2.08253e-05
5637.91	5.71548e-05
6162.8	0
6736.56	0
7363.73	2.9173e-05
8049.3	0
8798.69	3.66229e-05
9617.85	4.46716e-05
10513.3	0
11492.1	1.86931e-05
12562	0
13731.5	7.82225e-06
15009.9	7.15603e-06
16407.3	0
17934.8	5.98897e-06
19604.6	0
21429.8	0
23424.9	0
25605.7	4.19481e-06
27989.6	0
30595.5	0
33443.9	1.28467e-05
36557.6	0
39961.1	2.6879e-06
43681.5	2.45897e-06
47748.2	0
52193.6	2.05794e-06
57052.8	1.88266e-06
62364.4	0
68170.6	3.15125e-06
74517.2	0
81454.8	0
89038.3	1.20635e-06
97327.7	1.1036e-06
106389	0
116294	0
127121	0
138956	0
151893	0
166034	0
181492	0
198388	0
216858	0
237048	0
259117	0
283241	0
309611	0
338436	3.17376e-07
369944	0
404386	0
442034	0
483188	0
528172	0
577345	0
631096	0
689852	0
754077	1.42441e-07
824281	0
901022	1.1921e-07
984907	1.09057e-07
1.0766e+06	0
