142.808	0.000977493
153.038	0
164.001	0
175.75	0
188.34	0
201.832	0.000691634
216.29	0.0006454
231.784	0
248.389	0.00112399
266.182	0.000524428
285.251	0.000489372
305.685	0.000913316
327.583	0.000426132
351.05	0.000795291
376.198	0.000742128
403.148	0.000346259
432.028	0.000323112
462.977	0.000301513
496.143	0.000281358
531.685	0.000525099
569.773	0.000489997
610.59	0.000457242
654.33	0
701.204	0
751.436	0
805.266	0.000693403
862.953	0.000161763
924.772	0.000603797
991.019	0.000140859
1062.01	0.000262885
1138.09	0.000122656
1219.62	0.000228913
1306.99	0.000320416
1400.62	0.000298997
1500.95	0.000186007
1608.48	8.67863e-05
1723.7	8.09848e-05
1847.18	7.55711e-05
1979.51	0.000211558
2121.31	0.000131611
2273.28	0
2436.13	0.000114603
2610.64	5.3471e-05
2797.66	4.98966e-05
2998.07	0
3212.84	4.34486e-05
3443	8.10883e-05
3689.65	7.56677e-05
3953.96	3.53048e-05
4237.21	3.29447e-05
4540.75	0
4866.03	5.73747e-05
5214.61	2.67697e-05
5588.17	7.49406e-05
5988.49	2.33103e-05
6417.48	2.17521e-05
6877.21	2.0298e-05
7369.87	1.89411e-05
7897.82	1.7675e-05
8463.59	0
9069.9	0
9719.63	1.4362e-05
10415.9	2.68039e-05
11162.1	2.50121e-05
11961.7	0
12818.6	1.08899e-05
13736.9	0
14720.9	0
15775.5	8.84877e-06
16905.6	8.25725e-06
18116.6	0
19414.4	7.19019e-06
20805.2	6.70955e-06
22295.6	6.26103e-06
23892.8	5.84249e-06
25604.4	5.45193e-06
27438.6	1.0175e-05
29404.2	4.7474e-06
31510.7	4.43004e-06
33768	0
36187	3.85756e-06
38779.3	0
41557.3	0
44534.3	3.13452e-06
47724.6	0
51143.4	0
54807.2	0
58733.4	0
62940.8	0
67449.7	0
72281.6	0
77459.6	0
83008.5	1.68168e-06
88954.9	1.56926e-06
95327.4	0
102156	0
109474	1.27513e-06
117317	0
125721	0
134727	0
