92.1445	0.00168488
98.0796	0
104.397	0
111.121	0.00139715
118.279	0
125.897	0.00123317
134.006	0
142.638	0
151.825	0
161.605	0.00192139
172.014	0.000902561
183.093	0.00169589
194.887	0.000796632
207.439	0.000748425
220.801	0
235.023	0.00198176
250.161	0.000620612
266.274	0.000583057
283.425	0.000547774
301.681	0.000514626
321.112	0.000966969
341.795	0.000908455
363.811	0.00042674
387.244	0.00160367
412.187	0.00112997
438.737	0.00141545
466.996	0.0006649
497.076	0.000312332
529.093	0.00117373
563.172	0.000275676
599.447	0.00129497
638.058	0.000486642
679.156	0
722.901	0.000214764
769.464	0.000201768
819.026	0.000189558
871.78	0.000178087
927.932	0
987.702	0.000157186
1051.32	0.000147674
1119.04	0
1191.12	0.000391027
1267.84	0.00024491
1349.5	0.00023009
1436.42	0.000108083
1528.94	0.000304628
1627.42	0
1732.25	8.9625e-05
1843.82	0.000168403
1962.59	0
2089	0.000148638
2223.55	0
2366.78	0
2519.22	0
2681.49	5.7898e-05
2854.21	0.000108789
3038.05	5.11028e-05
3233.73	0
3442.02	4.51051e-05
3663.72	0
3899.71	7.96228e-05
4150.89	0
4418.26	7.02779e-05
4702.84	6.60251e-05
5005.76	3.10149e-05
5328.18	2.9138e-05
5671.38	2.73748e-05
6036.68	2.57183e-05
6425.5	0
6839.38	0
7279.91	2.13262e-05
7748.82	0
8247.93	3.76465e-05
8779.18	3.53684e-05
9344.66	0
9946.56	0
10587.2	1.46642e-05
11269.2	0
11995	0
12767.6	1.21599e-05
13590	1.1424e-05
14465.4	2.14655e-05
15397.1	1.00833e-05
16388.8	1.89462e-05
17444.5	0
18568.1	0
19764.1	0
21037.1	0
22392.1	0
23834.4	0
25369.6	0
27003.7	0
28743	0
30594.4	0
32565	0
34662.5	4.47898e-06
36895.2	0
39271.7	0
41801.2	3.71408e-06
44493.6	0
