112.422	0.00190369
122.928	0.000870496
134.416	0.0015922
146.977	0.00218419
160.712	0.00199752
175.731	0.000608934
192.153	0.00111378
210.11	0.0010186
229.745	0.00186309
251.214	0
274.69	0.0019478
300.36	0.000712534
328.429	0.000977457
359.121	0
392.681	0
429.377	0.000498436
469.503	0.000911675
513.378	0.00062532
561.354	0.000381252
613.812	0.000174334
671.174	0.000478305
733.895	0.000729045
802.478	0.000266695
877.47	0.000121951
959.47	0.000334586
1049.13	0.000407988
1147.17	0.00037312
1254.38	8.5308e-05
1371.6	0.000156034
1499.78	0.000142699
1639.93	0.000130504
1793.19	0
1960.76	5.4575e-05
2143.99	9.98217e-05
2344.35	9.12905e-05
2563.43	0
2802.99	0.00011453
3064.93	0
3351.34	6.38601e-05
3664.53	0
4006.98	2.67055e-05
4381.44	2.44232e-05
4790.88	2.23359e-05
5238.59	0
5728.14	0
6263.44	0
6848.76	0
7488.78	4.28675e-05
8188.61	1.3068e-05
8953.84	0
9790.58	1.09297e-05
10705.5	0
11706	0
12799.9	0
13996	7.64563e-06
15304	6.99221e-06
16734.1	0
18298	0
20007.9	5.34831e-06
21877.7	9.78245e-06
23922.1	4.4732e-06
26157.7	4.09091e-06
28602.1	0
31275	0
34197.7	0
37393.4	0
40887.9	0
44708.9	4.7869e-06
48886.9	0
53455.4	0
58450.9	0
63913.2	0
69885.9	0
76416.7	0
83557.9	0
91366.4	0
99904.7	0
109241	0
119449	0
130612	0
142818	0
156164	0
170758	0
186715	0
204164	0
223243	0
244105	0
266917	0
291861	0
319135	0
348958	0
381569	0
417226	0
456216	0
498850	0
545468	0
596442	1.79411e-07
652180	0
713127	0
779769	0
