96.9323	0.00129442
104.658	0.00119887
112.999	0.00333113
122.005	0
131.729	0.001905
142.227	0
153.563	0.00326827
165.802	0.00151351
179.016	0.00210268
193.284	0.00259663
208.688	0.00120248
225.32	0.00111371
243.278	0.0010315
262.668	0.000477681
283.602	0.00132726
306.205	0.00122929
330.609	0.000379515
356.959	0.0010545
385.408	0.000325554
416.125	0.000603045
449.29	0.000279265
485.098	0
523.761	0.000239558
565.504	0.000665625
610.575	0
659.237	0.000190328
711.778	0.000352557
768.506	0
829.756	0
895.887	0.000420157
967.289	0.000129714
1044.38	0
1127.62	0
1217.49	0.000103057
1314.52	0.00028635
1419.29	0.000265213
1532.41	0.000163757
1654.54	0.000227504
1786.4	0
1928.78	0.000130104
2082.5	6.02502e-05
2248.48	0.000111606
2427.68	0
2621.16	4.78685e-05
2830.07	8.867e-05
3055.63	0
3299.16	7.60626e-05
3562.1	0.000105672
3846	3.26238e-05
4152.52	9.0647e-05
4483.47	2.79853e-05
4840.81	0
5226.62	4.80124e-05
5643.18	2.22342e-05
6092.93	2.05929e-05
6578.54	3.81456e-05
7102.84	0
7668.94	1.6361e-05
8280.15	1.51533e-05
8940.07	1.40347e-05
9652.59	1.29987e-05
10421.9	0
11252.5	0
12149.3	1.03274e-05
13117.6	0
14163.1	8.85901e-06
15291.9	0
16510.7	0
17826.6	7.03844e-06
19247.3	6.51889e-06
20781.3	0
22437.6	0
24225.9	0
26156.6	4.79692e-06
28241.3	0
30492.1	0
32922.3	0
35546.2	7.0596e-06
38379.3	0
41438.1	0
44740.7	0
48306.5	0
52156.5	0
56313.3	0
60801.5	0
65647.3	0
70879.4	0
76528.5	0
82627.7	0
89213.1	0
96323.4	0
104000	0
112289	0
121238	0
130901	0
141334	0
152598	0
164760	0
177891	7.05324e-07
192069	0
