193.024	0.000962783
213.798	0
236.806	0
262.291	0.00106279
290.519	0.000319843
321.784	0
356.414	0.000521418
394.771	0.000470755
437.256	0.000212508
484.313	0.00019186
536.434	0.000173218
594.165	0
658.108	0.000423579
728.933	0.000254949
807.381	0.000345266
894.27	0.000103906
990.511	0.000469052
1097.11	0.000338783
1215.18	0.000305866
1345.95	0.00020711
1490.81	6.23289e-05
1651.24	5.62729e-05
1828.95	0.000152416
2025.78	0
2243.79	8.28243e-05
2485.27	0.000186942
2752.73	0.000135023
3048.98	6.09518e-05
3377.1	2.75148e-05
3740.54	0
4143.1	0
4588.98	6.07458e-05
5082.84	5.48436e-05
5629.85	0
6235.73	0
6906.81	4.03603e-05
7650.11	1.21463e-05
8473.41	0
9385.31	2.97018e-05
10395.4	0
11514.1	8.07014e-06
12753.2	7.28602e-06
14125.7	1.31562e-05
15645.9	1.18779e-05
17329.7	5.36191e-06
19194.7	4.84093e-06
21260.4	4.37057e-06
23548.5	3.94592e-06
26082.7	7.12504e-06
28889.7	0
31998.8	5.80773e-06
35442.5	0
39256.8	2.36699e-06
43481.6	2.137e-06
48161	1.92937e-06
53344.1	3.48381e-06
59084.9	1.57266e-06
65443.6	1.41985e-06
72486.6	1.2819e-06
80287.5	1.15734e-06
88928	0
98498.3	0
109099	0
120840	0
133844	0
148249	6.26787e-07
164203	5.65887e-07
181874	0
201447	0
223127	0
247140	0
273737	3.39451e-07
303196	0
335826	0
371967	0
411998	0
456337	0
505447	0
559843	0
620093	2.99698e-07
686827	0
760742	0
842613	0
933294	0
1.03373e+06	0
1.14498e+06	0
1.26821e+06	7.32691e-08
1.40469e+06	0
1.55586e+06	0
1.7233e+06	0
1.90876e+06	0
2.11418e+06	0
2.34171e+06	0
2.59372e+06	0
2.87285e+06	0
3.18203e+06	0
3.52447e+06	0
3.90377e+06	0
4.32389e+06	2.149e-08
4.78923e+06	0
