206.265	0.00100789
226.108	0
247.861	0.000838746
271.706	0
297.845	0.000348994
326.499	0
357.909	0.000580852
392.341	0.000529876
430.086	0.000241687
471.462	0.000220476
516.818	0.000201127
566.538	0
621.041	0.000334748
680.788	0.00030537
746.282	0.00027857
818.077	0.000381184
896.779	0.00011591
983.053	0.00052869
1077.63	9.64583e-05
1181.3	0.000615952
1294.94	0.000160541
1419.52	7.32261e-05
1556.08	0.000400798
1705.79	6.09373e-05
1869.89	0.000166768
2049.78	0.000101422
2246.98	0
2463.14	0.000168802
2700.11	3.8497e-05
2959.87	7.02369e-05
3244.62	6.40729e-05
3556.76	0
3898.94	5.33202e-05
4274.03	0
4685.21	0
5135.94	6.07168e-05
5630.04	3.69255e-05
6171.67	0
6765.41	1.53643e-05
7416.27	7.00798e-05
8129.74	1.27859e-05
8911.85	1.16638e-05
9769.2	0
10709	9.70638e-06
11739.3	8.85454e-06
12868.7	8.07746e-06
14106.7	7.36857e-06
15463.8	0
16951.5	6.13198e-06
18582.2	5.59383e-06
20369.9	1.02058e-05
22329.6	4.65508e-06
24477.8	4.24654e-06
26832.6	0
29414	3.53389e-06
32243.8	0
35345.8	2.94083e-06
38746.2	2.68274e-06
42473.7	0
46559.8	2.23253e-06
51039	4.0732e-06
55949.2	1.85786e-06
61331.7	1.69482e-06
67232.1	1.54608e-06
73700	1.41039e-06
80790.3	0
88562.6	0
97082.6	0
106422	9.76731e-07
116661	0
127884	0
140187	0
153673	0
168457	0
184663	0
202429	0
221903	0
243251	0
266653	0
292306	0
320426	0
351253	0
385045	0
422087	0
462694	0
507207	0
556002	1.86953e-07
609491	0
668127	0
732403	0
802863	0
880101	2.36214e-07
964770	0
1.05758e+06	0
1.15933e+06	8.96605e-08
1.27086e+06	0
1.39312e+06	0
1.52715e+06	0
1.67406e+06	6.20921e-08
1.83511e+06	0
