70.2981	0.00209743
75.0659	0
80.157	0
85.5934	0
91.3985	0
97.5973	0
104.217	0
111.285	0
118.832	0.00248157
126.892	0.00116198
135.498	0.00326452
144.687	0
154.5	0.00190867
164.979	0
176.168	0
188.116	0
200.874	0.00146803
214.498	0
229.046	0.000643736
244.58	0.00180855
261.168	0.00112912
278.881	0.000528703
297.795	0.00148537
317.992	0.000463675
339.559	0.00086845
362.588	0.000813291
387.18	0
413.439	0.00106989
441.479	0
471.421	0.000312767
503.394	0
537.535	0
573.992	0.00128438
612.921	0.00120281
654.49	0.000225282
698.879	0.000632921
746.279	0.000592721
796.893	0.000185025
850.939	0.000346547
908.652	0.000324536
970.278	0
1036.08	0.00028462
1106.35	0.000666356
1181.39	0
1261.51	0
1347.07	0.000437824
1438.43	0
1535.99	0.000191987
1640.16	8.98966e-05
1751.4	0.000252561
1870.18	7.88399e-05
1997.02	0.000147665
2132.47	0.000138286
2277.09	6.47514e-05
2431.53	6.06388e-05
2596.44	0.000170362
2772.54	5.31806e-05
2960.58	4.98028e-05
3161.37	0
3375.78	4.36774e-05
3604.73	4.09032e-05
3849.21	0
4110.27	0
4389.03	0
4686.71	0
5004.57	2.94621e-05
5343.99	5.51817e-05
5706.43	0
6093.45	0
6506.72	4.53209e-05
6948.01	0
7419.24	0
7922.43	0
8459.74	0
9033.5	1.6322e-05
9646.17	1.52854e-05
10300.4	2.8629e-05
10999	0
11745	1.25539e-05
12541.5	0
13392.1	1.10098e-05
14300.4	1.03106e-05
15270.3	0
16305.9	9.04243e-06
17411.8	0
18592.7	0
19853.7	0
21200.2	6.95488e-06
22638.1	6.51315e-06
24173.4	0
25812.9	0
27563.6	5.34927e-06
29433	0
31429.2	0
33560.8	0
35836.9	0
38267.5	0
40862.9	0
43634.2	0
46593.6	0
