   3.2844700e+02   9.9999213e-03
   3.5605500e+02   0.0000000e+00
   3.8598400e+02   0.0000000e+00
   4.1842900e+02   3.0000133e-02
   4.5360100e+02   1.9999852e-02
   4.9172900e+02   3.9999804e-02
   5.3306200e+02   3.0000300e-02
   5.7787000e+02   2.0000004e-02
   6.2644400e+02   2.9999492e-02
   6.7910000e+02   0.0000000e+00
   7.3618400e+02   9.9999696e-03
   7.9806500e+02   3.0000054e-02
   8.6514800e+02   3.0000152e-02
   9.3787000e+02   2.9998284e-02
   1.0167000e+03   1.0001016e-02
   1.1021700e+03   2.9998500e-02
   1.1948100e+03   9.9997950e-03
   1.2952400e+03   1.0000541e-02
   1.4041200e+03   3.9998040e-02
   1.5221400e+03   5.0001325e-02
   1.6500900e+03   9.9998955e-03
   1.7887900e+03   1.9999985e-02
   1.9391500e+03   4.0000200e-02
   2.1021500e+03   2.9999949e-02
   2.2788500e+03   2.9999603e-02
   2.4704000e+03   5.0001413e-02
   2.6780600e+03   2.0000078e-02
   2.9031700e+03   2.9999828e-02
   3.1472000e+03   2.9999630e-02
   3.4117400e+03   0.0000000e+00
   3.6985200e+03   1.0000119e-02
   4.0094100e+03   1.0000057e-02
   4.3464300e+03   9.9997942e-03
   4.7117700e+03   2.0000119e-02
   5.1078300e+03   0.0000000e+00
   5.5371800e+03   1.0000025e-02
   6.0026200e+03   0.0000000e+00
   6.5071800e+03   1.9999849e-02
   7.0541500e+03   0.0000000e+00
   7.6471000e+03   3.0000376e-02
   8.2899000e+03   9.9999245e-03
   8.9867200e+03   0.0000000e+00
   9.7421200e+03   0.0000000e+00
   1.0561000e+04   0.0000000e+00
   1.1448700e+04   1.0000587e-02
   1.2411100e+04   3.9998583e-02
   1.3454300e+04   9.9997458e-03
   1.4585200e+04   1.0000077e-02
   1.5811200e+04   0.0000000e+00
   1.7140300e+04   0.0000000e+00
   1.8581000e+04   1.0000221e-02
   2.0142900e+04   1.0000293e-02
   2.1836100e+04   1.9999253e-02
   2.3671500e+04   0.0000000e+00
   2.5661300e+04   9.9999599e-03
   2.7818300e+04   0.0000000e+00
   3.0156600e+04   1.0000104e-02
   3.2691500e+04   0.0000000e+00
   3.5439400e+04   0.0000000e+00
   3.8418400e+04   0.0000000e+00
   4.1647700e+04   0.0000000e+00
   4.5148500e+04   9.9999009e-03
   4.8943500e+04   1.0000143e-02
   5.3057600e+04   0.0000000e+00
   5.7517400e+04   1.0000107e-02
   6.2352200e+04   0.0000000e+00
   6.7593300e+04   0.0000000e+00
   7.3275000e+04   0.0000000e+00
   7.9434300e+04   0.0000000e+00
   8.6111300e+04   0.0000000e+00
   9.3349500e+04   0.0000000e+00
   1.0119600e+05   0.0000000e+00
   1.0970200e+05   0.0000000e+00
   1.1892400e+05   0.0000000e+00
   1.2892000e+05   0.0000000e+00
   1.3975700e+05   0.0000000e+00
   1.5150400e+05   0.0000000e+00
   1.6423900e+05   0.0000000e+00
   1.7804500e+05   0.0000000e+00
   1.9301000e+05   0.0000000e+00
   2.0923400e+05   0.0000000e+00
   2.2682200e+05   1.0000022e-02
   2.4588800e+05   9.9997158e-03
   2.6655600e+05   0.0000000e+00
   2.8896200e+05   0.0000000e+00
   3.1325200e+05   0.0000000e+00
   3.3958300e+05   0.0000000e+00
   3.6812700e+05   0.0000000e+00
   3.9907100e+05   0.0000000e+00
   4.3261500e+05   0.0000000e+00
   4.6898000e+05   0.0000000e+00
   5.0840100e+05   0.0000000e+00
   5.5113500e+05   0.0000000e+00
   5.9746200e+05   0.0000000e+00
   6.4768300e+05   0.0000000e+00
   7.0212500e+05   0.0000000e+00
   7.6114300e+05   0.0000000e+00
   8.2512300e+05   0.0000000e+00
   8.9448000e+05   0.0000000e+00
