   1.4667200e+02   1.0000594e-02
   1.5909800e+02   0.0000000e+00
   1.7257500e+02   0.0000000e+00
   1.8719500e+02   0.0000000e+00
   2.0305300e+02   2.0000593e-02
   2.2025500e+02   0.0000000e+00
   2.3891300e+02   1.0000301e-02
   2.5915300e+02   2.0000028e-02
   2.8110700e+02   1.0000094e-02
   3.0492100e+02   0.0000000e+00
   3.3075200e+02   9.9998410e-03
   3.5877100e+02   3.9999923e-02
   3.8916400e+02   2.0000103e-02
   4.2213200e+02   3.0000296e-02
   4.5789300e+02   9.9999844e-03
   4.9668300e+02   6.9999737e-02
   5.3875900e+02   1.0000080e-02
   5.8440000e+02   1.9999986e-02
   6.3390700e+02   3.9999995e-02
   6.8760800e+02   2.9999857e-02
   7.4585800e+02   2.0000011e-02
   8.0904300e+02   1.9999851e-02
   8.7758000e+02   1.0000011e-02
   9.5192400e+02   3.0001602e-02
   1.0325700e+03   1.9999316e-02
   1.1200400e+03   9.9996878e-03
   1.2149200e+03   1.9999723e-02
   1.3178400e+03   9.9999744e-03
   1.4294800e+03   4.0000783e-02
   1.5505800e+03   1.0000266e-02
   1.6819400e+03   0.0000000e+00
   1.8244200e+03   4.0001364e-02
   1.9789800e+03   2.0000310e-02
   2.1466300e+03   2.9998327e-02
   2.3284700e+03   0.0000000e+00
   2.5257300e+03   2.0000418e-02
   2.7397000e+03   1.9999868e-02
   2.9717900e+03   1.9999750e-02
   3.2235400e+03   1.9999997e-02
   3.4966200e+03   9.9998719e-03
   3.7928300e+03   0.0000000e+00
   4.1141400e+03   2.0000185e-02
   4.4626700e+03   0.0000000e+00
   4.8407200e+03   2.0000053e-02
   5.2508000e+03   3.0000129e-02
   5.6956200e+03   1.0000005e-02
   6.1781200e+03   0.0000000e+00
   6.7014900e+03   1.0000104e-02
   7.2692100e+03   1.9999768e-02
   7.8850100e+03   3.0000251e-02
   8.5529900e+03   0.0000000e+00
   9.2775500e+03   0.0000000e+00
   1.0063500e+04   0.0000000e+00
   1.0916000e+04   0.0000000e+00
   1.1840800e+04   2.9997523e-02
   1.2843800e+04   0.0000000e+00
   1.3931900e+04   0.0000000e+00
   1.5112100e+04   0.0000000e+00
   1.6392300e+04   2.0000474e-02
   1.7781000e+04   9.9999491e-03
   1.9287300e+04   9.9999255e-03
   2.0921200e+04   0.0000000e+00
   2.2693600e+04   9.9996327e-03
   2.4616000e+04   1.0000327e-02
   2.6701400e+04   0.0000000e+00
   2.8963300e+04   0.0000000e+00
   3.1417000e+04   0.0000000e+00
   3.4078400e+04   0.0000000e+00
   3.6965400e+04   0.0000000e+00
   4.0096800e+04   2.0000121e-02
   4.3493600e+04   0.0000000e+00
   4.7178200e+04   0.0000000e+00
   5.1174800e+04   0.0000000e+00
   5.5510100e+04   0.0000000e+00
   6.0212600e+04   0.0000000e+00
   6.5313400e+04   0.0000000e+00
   7.0846400e+04   0.0000000e+00
   7.6848100e+04   0.0000000e+00
   8.3358300e+04   0.0000000e+00
   9.0419900e+04   0.0000000e+00
   9.8079800e+04   0.0000000e+00
   1.0638900e+05   0.0000000e+00
   1.1540100e+05   0.0000000e+00
   1.2517700e+05   1.0000642e-02
   1.3578200e+05   0.0000000e+00
   1.4728400e+05   0.0000000e+00
   1.5976100e+05   0.0000000e+00
   1.7329500e+05   0.0000000e+00
   1.8797600e+05   0.0000000e+00
   2.0390000e+05   1.0000402e-02
   2.2117400e+05   0.0000000e+00
   2.3991000e+05   0.0000000e+00
   2.6023400e+05   0.0000000e+00
   2.8228000e+05   0.0000000e+00
   3.0619300e+05   0.0000000e+00
   3.3213200e+05   0.0000000e+00
   3.6026800e+05   0.0000000e+00
   3.9078800e+05   0.0000000e+00
   4.2389300e+05   1.0000037e-02
