   8.5570800e+01   2.0000178e-02
   9.4242400e+01   0.0000000e+00
   1.0379300e+02   9.9999569e-03
   1.1431100e+02   1.0000073e-02
   1.2589500e+02   9.9993831e-03
   1.3865200e+02   1.0000265e-02
   1.5270300e+02   9.9996856e-03
   1.6817700e+02   0.0000000e+00
   1.8522000e+02   1.0000168e-02
   2.0399000e+02   1.0000121e-02
   2.2466200e+02   0.0000000e+00
   2.4742800e+02   2.0000276e-02
   2.7250200e+02   0.0000000e+00
   3.0011600e+02   1.0000038e-02
   3.3052900e+02   0.0000000e+00
   3.6402400e+02   9.9999439e-03
   4.0091300e+02   1.0000135e-02
   4.4154100e+02   9.9998813e-03
   4.8628500e+02   3.0000168e-02
   5.3556400e+02   1.9999829e-02
   5.8983600e+02   0.0000000e+00
   6.4960900e+02   9.9999517e-03
   7.1543800e+02   2.0000126e-02
   7.8793900e+02   0.0000000e+00
   8.6778600e+02   6.0000076e-02
   9.5572500e+02   3.0001417e-02
   1.0525800e+03   0.0000000e+00
   1.1592400e+03   3.9998652e-02
   1.2767100e+03   3.0000376e-02
   1.4060900e+03   1.0000034e-02
   1.5485800e+03   3.0000151e-02
   1.7055100e+03   4.9999546e-02
   1.8783400e+03   2.0000455e-02
   2.0686900e+03   2.9999311e-02
   2.2783200e+03   3.0000085e-02
   2.5092000e+03   5.0000856e-02
   2.7634800e+03   9.9998924e-03
   3.0435200e+03   9.9999325e-03
   3.3519400e+03   3.0000334e-02
   3.6916200e+03   1.0000067e-02
   4.0657200e+03   3.0000137e-02
   4.4777300e+03   1.0000008e-02
   4.9314900e+03   2.9999842e-02
   5.4312300e+03   1.9999819e-02
   5.9816100e+03   1.0000003e-02
   6.5877700e+03   2.0000129e-02
   7.2553600e+03   1.0000073e-02
   7.9906000e+03   2.9999814e-02
   8.8003400e+03   0.0000000e+00
   9.6921400e+03   9.9998620e-03
   1.0674300e+04   0.0000000e+00
   1.1756000e+04   1.9999664e-02
   1.2947300e+04   0.0000000e+00
   1.4259400e+04   9.9999635e-03
   1.5704400e+04   0.0000000e+00
   1.7295800e+04   0.0000000e+00
   1.9048500e+04   2.0000874e-02
   2.0978900e+04   0.0000000e+00
   2.3104800e+04   0.0000000e+00
   2.5446200e+04   0.0000000e+00
   2.8024800e+04   1.0000151e-02
   3.0864800e+04   0.0000000e+00
   3.3992500e+04   0.0000000e+00
   3.7437200e+04   0.0000000e+00
   4.1231000e+04   9.9999368e-03
   4.5409200e+04   0.0000000e+00
   5.0010900e+04   9.9998789e-03
   5.5078800e+04   1.0000106e-02
   6.0660400e+04   9.9999179e-03
   6.6807500e+04   0.0000000e+00
   7.3577600e+04   1.0000106e-02
   8.1033800e+04   0.0000000e+00
   8.9245500e+04   1.0000021e-02
   9.8289400e+04   0.0000000e+00
   1.0825000e+05   0.0000000e+00
   1.1921900e+05   0.0000000e+00
   1.3130100e+05   0.0000000e+00
   1.4460600e+05   0.0000000e+00
   1.5926000e+05   0.0000000e+00
   1.7539900e+05   1.0000286e-02
   1.9317400e+05   0.0000000e+00
   2.1275000e+05   0.0000000e+00
   2.3430900e+05   0.0000000e+00
   2.5805300e+05   1.0000247e-02
   2.8420400e+05   0.0000000e+00
   3.1300400e+05   0.0000000e+00
   3.4472300e+05   0.0000000e+00
   3.7965600e+05   0.0000000e+00
   4.1812900e+05   0.0000000e+00
   4.6050200e+05   0.0000000e+00
   5.0716700e+05   0.0000000e+00
   5.5856200e+05   0.0000000e+00
   6.1516500e+05   0.0000000e+00
   6.7750500e+05   0.0000000e+00
   7.4616100e+05   0.0000000e+00
   8.2177500e+05   0.0000000e+00
   9.0505100e+05   0.0000000e+00
   9.9676600e+05   1.0000457e-02
   1.0977800e+06   9.9995082e-03
