   5.5919700e+02   4.9999657e-02
   6.0322900e+02   0.0000000e+00
   6.5072900e+02   4.0000045e-02
   7.0196900e+02   1.0000077e-02
   7.5724400e+02   9.9999845e-03
   8.1687100e+02   0.0000000e+00
   8.8119300e+02   0.0000000e+00
   9.5058000e+02   1.9999770e-02
   1.0254300e+03   3.0001936e-02
   1.1061800e+03   9.9996897e-03
   1.1932800e+03   0.0000000e+00
   1.2872400e+03   1.9999950e-02
   1.3886000e+03   9.9998537e-03
   1.4979400e+03   9.9998836e-03
   1.6158900e+03   3.0000138e-02
   1.7431300e+03   4.0000446e-02
   1.8803900e+03   3.0000759e-02
   2.0284600e+03   9.9996539e-03
   2.1881800e+03   1.0000424e-02
   2.3604900e+03   1.9999984e-02
   2.5463600e+03   1.9999414e-02
   2.7468600e+03   4.0001008e-02
   2.9631600e+03   0.0000000e+00
   3.1964800e+03   1.0000066e-02
   3.4481800e+03   2.0000163e-02
   3.7197000e+03   2.0000179e-02
   4.0126000e+03   3.9999904e-02
   4.3285600e+03   0.0000000e+00
   4.6694000e+03   2.0000064e-02
   5.0370800e+03   1.9999949e-02
   5.4337100e+03   2.9999832e-02
   5.8615700e+03   1.9999838e-02
   6.3231200e+03   1.0000073e-02
   6.8210200e+03   9.9999426e-03
   7.3581200e+03   0.0000000e+00
   7.9375200e+03   1.0000007e-02
   8.5625400e+03   0.0000000e+00
   9.2367700e+03   0.0000000e+00
   9.9641000e+03   1.0000041e-02
   1.0748700e+04   2.0000517e-02
   1.1595100e+04   0.0000000e+00
   1.2508100e+04   1.9999675e-02
   1.3493000e+04   0.0000000e+00
   1.4555500e+04   0.0000000e+00
   1.5701600e+04   2.0000254e-02
   1.6938000e+04   2.9999181e-02
   1.8271700e+04   3.0000850e-02
   1.9710500e+04   0.0000000e+00
   2.1262500e+04   2.0000518e-02
   2.2936800e+04   0.0000000e+00
   2.4742900e+04   0.0000000e+00
   2.6691200e+04   0.0000000e+00
   2.8792900e+04   2.0000692e-02
   3.1060200e+04   9.9998070e-03
   3.3505900e+04   9.9998693e-03
   3.6144200e+04   2.0000142e-02
   3.8990300e+04   2.0000081e-02
   4.2060500e+04   1.9999736e-02
   4.5372400e+04   1.0000196e-02
   4.8945200e+04   9.9998582e-03
   5.2799200e+04   1.0000151e-02
   5.6956800e+04   0.0000000e+00
   6.1441700e+04   0.0000000e+00
   6.6279700e+04   0.0000000e+00
   7.1498800e+04   0.0000000e+00
   7.7128700e+04   2.0000045e-02
   8.3202000e+04   1.0000100e-02
   8.9753600e+04   0.0000000e+00
   9.6821000e+04   1.0000096e-02
   1.0444500e+05   0.0000000e+00
   1.1266900e+05   0.0000000e+00
   1.2154100e+05   0.0000000e+00
   1.3111100e+05   9.9999916e-03
   1.4143500e+05   0.0000000e+00
   1.5257200e+05   0.0000000e+00
   1.6458600e+05   0.0000000e+00
   1.7754600e+05   0.0000000e+00
   1.9152600e+05   1.0000512e-02
   2.0660800e+05   0.0000000e+00
   2.2287600e+05   0.0000000e+00
   2.4042600e+05   1.0000147e-02
   2.5935800e+05   0.0000000e+00
   2.7978000e+05   0.0000000e+00
   3.0181100e+05   9.9998842e-03
   3.2557600e+05   0.0000000e+00
   3.5121300e+05   0.0000000e+00
   3.7886800e+05   1.0000022e-02
   4.0870100e+05   0.0000000e+00
   4.4088300e+05   0.0000000e+00
   4.7559900e+05   0.0000000e+00
   5.1304900e+05   0.0000000e+00
   5.5344800e+05   0.0000000e+00
   5.9702800e+05   0.0000000e+00
   6.4403900e+05   0.0000000e+00
   6.9475200e+05   0.0000000e+00
   7.4945900e+05   0.0000000e+00
   8.0847300e+05   0.0000000e+00
   8.7213400e+05   0.0000000e+00
   9.4080800e+05   1.0000107e-02
