   2.3522700e+02   2.9999661e-02
   2.5206400e+02   1.9999557e-02
   2.7010600e+02   0.0000000e+00
   2.8944000e+02   3.0000493e-02
   3.1015800e+02   9.9997458e-03
   3.3235800e+02   1.0000150e-02
   3.5614800e+02   9.9998233e-03
   3.8164000e+02   0.0000000e+00
   4.0895800e+02   1.9999655e-02
   4.3823000e+02   2.0000143e-02
   4.6959800e+02   0.0000000e+00
   5.0321100e+02   1.9999982e-02
   5.3923000e+02   0.0000000e+00
   5.7782700e+02   1.0000021e-02
   6.1918700e+02   2.9999765e-02
   6.6350700e+02   3.0000141e-02
   7.1100000e+02   9.9999726e-03
   7.6189200e+02   2.0000002e-02
   8.1642700e+02   3.0000245e-02
   8.7486600e+02   9.9999475e-03
   9.3748700e+02   1.9999781e-02
   1.0045900e+03   1.0000452e-02
   1.0765000e+03   9.9994719e-03
   1.1535500e+03   1.0000053e-02
   1.2361200e+03   0.0000000e+00
   1.3246000e+03   9.9997055e-03
   1.4194100e+03   2.0000163e-02
   1.5210100e+03   2.9999564e-02
   1.6298800e+03   1.0000474e-02
   1.7465500e+03   3.9998325e-02
   1.8715600e+03   1.0000485e-02
   2.0055300e+03   1.9999673e-02
   2.1490800e+03   1.0000165e-02
   2.3029100e+03   1.0000101e-02
   2.4677500e+03   0.0000000e+00
   2.6443800e+03   9.9999652e-03
   2.8336600e+03   3.0000180e-02
   3.0364900e+03   2.0000264e-02
   3.2538400e+03   3.9999178e-02
   3.4867400e+03   2.0000368e-02
   3.7363200e+03   4.0000198e-02
   4.0037600e+03   9.9999225e-03
   4.2903400e+03   1.0000159e-02
   4.5974400e+03   9.9997792e-03
   4.9265100e+03   0.0000000e+00
   5.2791400e+03   2.0000395e-02
   5.6570200e+03   0.0000000e+00
   6.0619400e+03   0.0000000e+00
   6.4958400e+03   9.9999877e-03
   6.9608000e+03   9.9999259e-03
   7.4590400e+03   1.0000081e-02
   7.9929500e+03   1.9999942e-02
   8.5650700e+03   1.0000132e-02
   9.1781500e+03   0.0000000e+00
   9.8351000e+03   1.0000250e-02
   1.0539100e+04   2.0000804e-02
   1.1293500e+04   9.9991560e-03
   1.2101800e+04   0.0000000e+00
   1.2968000e+04   0.0000000e+00
   1.3896300e+04   9.9993106e-03
   1.4890900e+04   0.0000000e+00
   1.5956800e+04   2.0000607e-02
   1.7099000e+04   9.9998627e-03
   1.8322900e+04   0.0000000e+00
   1.9634400e+04   1.0000011e-02
   2.1039800e+04   0.0000000e+00
   2.2545800e+04   0.0000000e+00
   2.4159600e+04   0.0000000e+00
   2.5888900e+04   0.0000000e+00
   2.7742000e+04   9.9998661e-03
   2.9727700e+04   1.0000194e-02
   3.1855600e+04   0.0000000e+00
   3.4135800e+04   0.0000000e+00
   3.6579100e+04   0.0000000e+00
   3.9197400e+04   1.0000048e-02
   4.2003100e+04   1.9999929e-02
   4.5009600e+04   9.9999635e-03
   4.8231300e+04   0.0000000e+00
   5.1683600e+04   0.0000000e+00
   5.5383100e+04   9.9999324e-03
   5.9347300e+04   0.0000000e+00
   6.3595300e+04   9.9999246e-03
   6.8147300e+04   0.0000000e+00
   7.3025200e+04   0.0000000e+00
   7.8252200e+04   0.0000000e+00
   8.3853400e+04   0.0000000e+00
   8.9855500e+04   0.0000000e+00
   9.6287200e+04   0.0000000e+00
   1.0317900e+05   0.0000000e+00
   1.1056500e+05   0.0000000e+00
   1.1847900e+05   0.0000000e+00
   1.2695900e+05   1.0000526e-02
   1.3604700e+05   0.0000000e+00
   1.4578500e+05   9.9999753e-03
   1.5622000e+05   0.0000000e+00
   1.6740200e+05   0.0000000e+00
   1.7938400e+05   0.0000000e+00
   1.9222400e+05   9.9999449e-03
   2.0598300e+05   1.0000044e-02
