   1.7808200e+02   9.9998556e-03
   1.9600700e+02   0.0000000e+00
   2.1573700e+02   0.0000000e+00
   2.3745200e+02   1.9999735e-02
   2.6135300e+02   1.0000328e-02
   2.8766100e+02   1.9999884e-02
   3.1661600e+02   9.9997592e-03
   3.4848500e+02   3.0000319e-02
   3.8356300e+02   2.0000273e-02
   4.2217200e+02   3.9999347e-02
   4.6466600e+02   6.0000057e-02
   5.1143800e+02   2.9999970e-02
   5.6291800e+02   0.0000000e+00
   6.1958000e+02   4.0000430e-02
   6.8194600e+02   0.0000000e+00
   7.5058900e+02   2.9999886e-02
   8.2614100e+02   2.9999969e-02
   9.0929800e+02   1.0000512e-02
   1.0008300e+03   1.9999912e-02
   1.1015700e+03   0.0000000e+00
   1.2124500e+03   1.9999671e-02
   1.3344900e+03   6.9996838e-02
   1.4688100e+03   2.0000409e-02
   1.6166600e+03   2.0000168e-02
   1.7793900e+03   1.0000070e-02
   1.9585000e+03   4.0000495e-02
   2.1556400e+03   9.9999573e-03
   2.3726200e+03   2.9999852e-02
   2.6114400e+03   2.9999949e-02
   2.8743000e+03   9.9999986e-03
   3.1636200e+03   3.9999885e-02
   3.4820600e+03   4.0000462e-02
   3.8325600e+03   0.0000000e+00
   4.2183300e+03   2.0000150e-02
   4.6429400e+03   1.0000075e-02
   5.1102900e+03   1.9999660e-02
   5.6246700e+03   5.0000454e-02
   6.1908400e+03   9.9999373e-03
   6.8139900e+03   0.0000000e+00
   7.4998700e+03   1.0000048e-02
   8.2547900e+03   0.0000000e+00
   9.0857000e+03   9.9995088e-03
   1.0000200e+04   0.0000000e+00
   1.1006800e+04   1.0000730e-02
   1.2114800e+04   9.9996775e-03
   1.3334200e+04   2.0000256e-02
   1.4676400e+04   0.0000000e+00
   1.6153700e+04   0.0000000e+00
   1.7779700e+04   0.0000000e+00
   1.9569300e+04   0.0000000e+00
   2.1539100e+04   1.0000144e-02
   2.3707200e+04   1.9999986e-02
   2.6093500e+04   0.0000000e+00
   2.8720000e+04   1.0000086e-02
   3.1610900e+04   9.9997929e-03
   3.4792700e+04   0.0000000e+00
   3.8294900e+04   9.9998346e-03
   4.2149500e+04   0.0000000e+00
   4.6392200e+04   0.0000000e+00
   5.1061900e+04   1.0000098e-02
   5.6201700e+04   0.0000000e+00
   6.1858800e+04   9.9999458e-03
   6.8085300e+04   0.0000000e+00
   7.4938600e+04   1.0000096e-02
   8.2481800e+04   0.0000000e+00
   9.0784200e+04   1.0000006e-02
   9.9922300e+04   0.0000000e+00
   1.0998000e+05   0.0000000e+00
   1.2105000e+05   0.0000000e+00
   1.3323500e+05   0.0000000e+00
   1.4664600e+05   0.0000000e+00
   1.6140700e+05   0.0000000e+00
   1.7765400e+05   0.0000000e+00
   1.9553600e+05   0.0000000e+00
   2.1521800e+05   0.0000000e+00
   2.3688200e+05   0.0000000e+00
   2.6072600e+05   0.0000000e+00
   2.8697000e+05   0.0000000e+00
   3.1585500e+05   0.0000000e+00
   3.4764800e+05   0.0000000e+00
   3.8264200e+05   0.0000000e+00
   4.2115800e+05   0.0000000e+00
   4.6355000e+05   0.0000000e+00
   5.1021000e+05   0.0000000e+00
   5.6156600e+05   0.0000000e+00
   6.1809200e+05   0.0000000e+00
   6.8030800e+05   0.0000000e+00
   7.4878600e+05   0.0000000e+00
   8.2415700e+05   0.0000000e+00
   9.0711400e+05   0.0000000e+00
   9.9842200e+05   0.0000000e+00
   1.0989200e+06   0.0000000e+00
   1.2095400e+06   0.0000000e+00
   1.3312800e+06   0.0000000e+00
   1.4652900e+06   0.0000000e+00
   1.6127800e+06   0.0000000e+00
   1.7751200e+06   0.0000000e+00
   1.9538000e+06   0.0000000e+00
   2.1504600e+06   1.0000019e-02
