   1.7392700e+02   9.9999556e-03
   1.8834000e+02   2.9999151e-02
   2.0394700e+02   1.0000102e-02
   2.2084800e+02   0.0000000e+00
   2.3914900e+02   5.9999986e-02
   2.5896700e+02   2.0000686e-02
   2.8042800e+02   0.0000000e+00
   3.0366600e+02   5.0001093e-02
   3.2883100e+02   2.9999242e-02
   3.5608000e+02   4.0000160e-02
   3.8558800e+02   5.0001300e-02
   4.1754200e+02   2.9999932e-02
   4.5214300e+02   1.9999781e-02
   4.8961100e+02   2.9999717e-02
   5.3018400e+02   6.0000320e-02
   5.7412000e+02   2.0000181e-02
   6.2169700e+02   9.9999925e-03
   6.7321600e+02   3.9999661e-02
   7.2900400e+02   4.0000296e-02
   7.8941600e+02   1.0000057e-02
   8.5483400e+02   2.9999610e-02
   9.2567200e+02   9.9998083e-03
   1.0023800e+03   0.0000000e+00
   1.0854500e+03   2.0000113e-02
   1.1754000e+03   2.9998908e-02
   1.2728000e+03   2.0000907e-02
   1.3782800e+03   9.9994852e-03
   1.4924900e+03   2.9999821e-02
   1.6161700e+03   0.0000000e+00
   1.7501000e+03   0.0000000e+00
   1.8951300e+03   2.0000317e-02
   2.0521800e+03   2.9999774e-02
   2.2222400e+03   0.0000000e+00
   2.4063900e+03   4.0001060e-02
   2.6058100e+03   0.0000000e+00
   2.8217500e+03   0.0000000e+00
   3.0555800e+03   1.9999842e-02
   3.3087900e+03   0.0000000e+00
   3.5829900e+03   1.0000087e-02
   3.8799100e+03   0.0000000e+00
   4.2014300e+03   1.9999633e-02
   4.5495900e+03   1.0000041e-02
   4.9266100e+03   1.0000206e-02
   5.3348800e+03   9.9998990e-03
   5.7769700e+03   9.9999995e-03
   6.2557000e+03   0.0000000e+00
   6.7741000e+03   0.0000000e+00
   7.3354600e+03   9.9999907e-03
   7.9433400e+03   0.0000000e+00
   8.6015900e+03   2.0000237e-02
   9.3144000e+03   2.0000778e-02
   1.0086300e+04   0.0000000e+00
   1.0922100e+04   0.0000000e+00
   1.1827200e+04   0.0000000e+00
   1.2807300e+04   0.0000000e+00
   1.3868600e+04   3.0000638e-02
   1.5017900e+04   0.0000000e+00
   1.6262400e+04   1.0000419e-02
   1.7610100e+04   0.0000000e+00
   1.9069400e+04   0.0000000e+00
   2.0649600e+04   0.0000000e+00
   2.2360800e+04   0.0000000e+00
   2.4213900e+04   0.0000000e+00
   2.6220400e+04   1.0000229e-02
   2.8393300e+04   0.0000000e+00
   3.0746200e+04   0.0000000e+00
   3.3294100e+04   0.0000000e+00
   3.6053100e+04   0.0000000e+00
   3.9040800e+04   0.0000000e+00
   4.2276000e+04   0.0000000e+00
   4.5779400e+04   0.0000000e+00
   4.9573100e+04   0.0000000e+00
   5.3681100e+04   0.0000000e+00
   5.8129600e+04   0.0000000e+00
   6.2946700e+04   0.0000000e+00
   6.8163000e+04   0.0000000e+00
   7.3811600e+04   0.0000000e+00
   7.9928300e+04   0.0000000e+00
   8.6551800e+04   0.0000000e+00
   9.3724200e+04   0.0000000e+00
   1.0149100e+05   0.0000000e+00
   1.0990100e+05   0.0000000e+00
   1.1900900e+05   0.0000000e+00
   1.2887100e+05   0.0000000e+00
   1.3955000e+05   0.0000000e+00
   1.5111500e+05   0.0000000e+00
   1.6363700e+05   0.0000000e+00
   1.7719800e+05   0.0000000e+00
   1.9188200e+05   0.0000000e+00
   2.0778300e+05   0.0000000e+00
   2.2500200e+05   0.0000000e+00
   2.4364700e+05   0.0000000e+00
   2.6383800e+05   0.0000000e+00
   2.8570200e+05   0.0000000e+00
   3.0937700e+05   0.0000000e+00
   3.3501500e+05   0.0000000e+00
   3.6277700e+05   0.0000000e+00
   3.9284000e+05   0.0000000e+00
   4.2539400e+05   1.0000041e-02
