   1.7756000e+02   2.9999882e-02
   1.9589700e+02   0.0000000e+00
   2.1612800e+02   9.9999403e-03
   2.3844800e+02   2.9999899e-02
   2.6307300e+02   2.9999721e-02
   2.9024100e+02   6.9999781e-02
   3.2021500e+02   3.0000410e-02
   3.5328500e+02   5.0000503e-02
   3.8977000e+02   1.9999689e-02
   4.3002200e+02   1.0000066e-02
   4.7443200e+02   6.0000012e-02
   5.2342800e+02   1.0000036e-02
   5.7748400e+02   3.9999743e-02
   6.3712200e+02   1.9999854e-02
   7.0291900e+02   1.0000049e-02
   7.7551200e+02   3.9999810e-02
   8.5560100e+02   0.0000000e+00
   9.4396200e+02   4.0000984e-02
   1.0414500e+03   1.9999353e-02
   1.1490000e+03   9.9999528e-03
   1.2676600e+03   2.0000779e-02
   1.3985800e+03   1.9999367e-02
   1.5430100e+03   3.9999718e-02
   1.7023600e+03   1.0000126e-02
   1.8781700e+03   9.9998018e-03
   2.0721300e+03   3.0000660e-02
   2.2861300e+03   2.9999248e-02
   2.5222200e+03   3.0000263e-02
   2.7827000e+03   3.0000173e-02
   3.0700800e+03   0.0000000e+00
   3.3871300e+03   2.0000060e-02
   3.7369300e+03   2.0000321e-02
   4.1228600e+03   2.0000036e-02
   4.5486400e+03   0.0000000e+00
   5.0183900e+03   9.9999304e-03
   5.5366500e+03   2.0000128e-02
   6.1084400e+03   0.0000000e+00
   6.7392700e+03   0.0000000e+00
   7.4352600e+03   0.0000000e+00
   8.2031200e+03   0.0000000e+00
   9.0502800e+03   9.9999003e-03
   9.9849200e+03   1.0000085e-02
   1.1016100e+04   0.0000000e+00
   1.2153800e+04   9.9995700e-03
   1.3408900e+04   2.0000389e-02
   1.4793700e+04   1.0000093e-02
   1.6321500e+04   0.0000000e+00
   1.8007000e+04   2.0000702e-02
   1.9866700e+04   1.0000047e-02
   2.1918400e+04   1.9999358e-02
   2.4181900e+04   1.0000239e-02
   2.6679300e+04   9.9998331e-03
   2.9434500e+04   1.0000030e-02
   3.2474300e+04   9.9999620e-03
   3.5828000e+04   0.0000000e+00
   3.9528100e+04   0.0000000e+00
   4.3610300e+04   0.0000000e+00
   4.8114000e+04   0.0000000e+00
   5.3082900e+04   0.0000000e+00
   5.8564900e+04   0.0000000e+00
   6.4613100e+04   0.0000000e+00
   7.1285900e+04   0.0000000e+00
   7.8647800e+04   0.0000000e+00
   8.6769900e+04   0.0000000e+00
   9.5730900e+04   0.0000000e+00
   1.0561700e+05   0.0000000e+00
   1.1652500e+05   0.0000000e+00
   1.2855900e+05   0.0000000e+00
   1.4183500e+05   0.0000000e+00
   1.5648300e+05   0.0000000e+00
   1.7264300e+05   0.0000000e+00
   1.9047300e+05   0.0000000e+00
   2.1014300e+05   0.0000000e+00
   2.3184600e+05   0.0000000e+00
   2.5578900e+05   0.0000000e+00
   2.8220500e+05   0.0000000e+00
   3.1134900e+05   0.0000000e+00
   3.4350300e+05   0.0000000e+00
   3.7897700e+05   0.0000000e+00
   4.1811600e+05   0.0000000e+00
   4.6129600e+05   0.0000000e+00
   5.0893500e+05   0.0000000e+00
   5.6149400e+05   0.0000000e+00
   6.1948100e+05   0.0000000e+00
   6.8345700e+05   0.0000000e+00
   7.5403900e+05   0.0000000e+00
   8.3191100e+05   0.0000000e+00
   9.1782500e+05   0.0000000e+00
   1.0126100e+06   0.0000000e+00
   1.1171900e+06   0.0000000e+00
   1.2325600e+06   0.0000000e+00
   1.3598500e+06   0.0000000e+00
   1.5002900e+06   0.0000000e+00
   1.6552300e+06   0.0000000e+00
   1.8261700e+06   0.0000000e+00
   2.0147600e+06   0.0000000e+00
   2.2228300e+06   0.0000000e+00
   2.4523900e+06   0.0000000e+00
   2.7056500e+06   9.9999947e-03
