   1.6645900e+02   9.9997610e-03
   1.8025400e+02   0.0000000e+00
   1.9519300e+02   0.0000000e+00
   2.1137000e+02   3.9999369e-02
   2.2888700e+02   9.9999636e-03
   2.4785600e+02   9.9999339e-03
   2.6839700e+02   5.0001175e-02
   2.9064100e+02   2.0000086e-02
   3.1472800e+02   2.9999884e-02
   3.4081100e+02   9.9997317e-03
   3.6905500e+02   5.0000769e-02
   3.9964100e+02   2.9999699e-02
   4.3276100e+02   2.0000460e-02
   4.6862700e+02   1.9999735e-02
   5.0746400e+02   9.9999495e-03
   5.4952000e+02   5.0000562e-02
   5.9506200e+02   2.0000054e-02
   6.4437800e+02   3.0000043e-02
   6.9778100e+02   9.9998491e-03
   7.5560900e+02   1.0000107e-02
   8.1823100e+02   3.9999946e-02
   8.8604200e+02   5.0000049e-02
   9.5947300e+02   0.0000000e+00
   1.0389900e+03   4.0001626e-02
   1.1251000e+03   9.9997103e-03
   1.2183400e+03   9.9999981e-03
   1.3193100e+03   4.0000727e-02
   1.4286500e+03   1.0000052e-02
   1.5470500e+03   4.9999336e-02
   1.6752600e+03   2.9998386e-02
   1.8140900e+03   3.0001290e-02
   1.9644400e+03   9.9997946e-03
   2.1272400e+03   0.0000000e+00
   2.3035400e+03   1.9999257e-02
   2.4944400e+03   0.0000000e+00
   2.7011700e+03   9.9999829e-03
   2.9250300e+03   0.0000000e+00
   3.1674400e+03   2.0000558e-02
   3.4299500e+03   0.0000000e+00
   3.7142000e+03   1.0000148e-02
   4.0220200e+03   2.0000267e-02
   4.3553500e+03   9.9999754e-03
   4.7163000e+03   0.0000000e+00
   5.1071600e+03   0.0000000e+00
   5.5304200e+03   0.0000000e+00
   5.9887500e+03   0.0000000e+00
   6.4850700e+03   0.0000000e+00
   7.0225200e+03   1.0000099e-02
   7.6045200e+03   9.9998898e-03
   8.2347400e+03   0.0000000e+00
   8.9172000e+03   0.0000000e+00
   9.6562100e+03   0.0000000e+00
   1.0456500e+04   3.0000565e-02
   1.1323100e+04   0.0000000e+00
   1.2261500e+04   0.0000000e+00
   1.3277600e+04   2.0000210e-02
   1.4378000e+04   0.0000000e+00
   1.5569600e+04   0.0000000e+00
   1.6859900e+04   2.0000393e-02
   1.8257200e+04   0.0000000e+00
   1.9770300e+04   9.9995976e-03
   2.1408700e+04   0.0000000e+00
   2.3183000e+04   0.0000000e+00
   2.5104300e+04   9.9998816e-03
   2.7184800e+04   1.0000233e-02
   2.9437800e+04   9.9997496e-03
   3.1877400e+04   0.0000000e+00
   3.4519300e+04   0.0000000e+00
   3.7380100e+04   9.9997294e-03
   4.0477900e+04   0.0000000e+00
   4.3832600e+04   0.0000000e+00
   4.7465200e+04   0.0000000e+00
   5.1398900e+04   0.0000000e+00
   5.5658600e+04   0.0000000e+00
   6.0271300e+04   0.0000000e+00
   6.5266300e+04   0.0000000e+00
   7.0675200e+04   0.0000000e+00
   7.6532500e+04   0.0000000e+00
   8.2875100e+04   0.0000000e+00
   8.9743400e+04   0.0000000e+00
   9.7180900e+04   0.0000000e+00
   1.0523500e+05   0.0000000e+00
   1.1395600e+05   0.0000000e+00
   1.2340000e+05   0.0000000e+00
   1.3362700e+05   0.0000000e+00
   1.4470200e+05   0.0000000e+00
   1.5669400e+05   0.0000000e+00
   1.6968000e+05   0.0000000e+00
   1.8374200e+05   0.0000000e+00
   1.9897000e+05   0.0000000e+00
   2.1545900e+05   0.0000000e+00
   2.3331600e+05   0.0000000e+00
   2.5265200e+05   0.0000000e+00
   2.7359000e+05   0.0000000e+00
   2.9626400e+05   0.0000000e+00
   3.2081700e+05   1.0000092e-02
   3.4740500e+05   0.0000000e+00
   3.7619600e+05   0.0000000e+00
   4.0737300e+05   9.9999407e-03
