   1.3494600e+02   9.9997692e-03
   1.4621200e+02   0.0000000e+00
   1.5841900e+02   1.0000033e-02
   1.7164500e+02   9.9998896e-03
   1.8597500e+02   1.0000289e-02
   2.0150200e+02   8.0000935e-02
   2.1832500e+02   9.9998426e-03
   2.3655200e+02   9.9999851e-03
   2.5630100e+02   3.0000210e-02
   2.7769900e+02   3.9999587e-02
   3.0088300e+02   1.0000046e-02
   3.2600300e+02   1.9999977e-02
   3.5322000e+02   1.9999794e-02
   3.8270900e+02   3.0000659e-02
   4.1466100e+02   9.9997555e-03
   4.4927900e+02   9.9999744e-03
   4.8678800e+02   1.0000124e-02
   5.2742900e+02   4.0000442e-02
   5.7146300e+02   2.9999515e-02
   6.1917200e+02   5.0000106e-02
   6.7086500e+02   2.0000142e-02
   7.2687400e+02   0.0000000e+00
   7.8755800e+02   1.0000004e-02
   8.5330900e+02   3.0000298e-02
   9.2455000e+02   1.0000273e-02
   1.0017400e+03   1.9999529e-02
   1.0853700e+03   9.9995384e-03
   1.1759800e+03   1.0000026e-02
   1.2741600e+03   0.0000000e+00
   1.3805400e+03   2.0000491e-02
   1.4958000e+03   1.0000028e-02
   1.6206800e+03   0.0000000e+00
   1.7559800e+03   1.9999758e-02
   1.9025800e+03   2.0001121e-02
   2.0614300e+03   9.9998705e-03
   2.2335300e+03   0.0000000e+00
   2.4200000e+03   4.0000283e-02
   2.6220400e+03   0.0000000e+00
   2.8409400e+03   0.0000000e+00
   3.0781300e+03   9.9998627e-03
   3.3351100e+03   0.0000000e+00
   3.6135500e+03   2.9999542e-02
   3.9152300e+03   1.9999933e-02
   4.2421000e+03   2.9999937e-02
   4.5962600e+03   1.0000042e-02
   4.9799900e+03   3.0000342e-02
   5.3957600e+03   0.0000000e+00
   5.8462300e+03   2.0000220e-02
   6.3343200e+03   9.9999109e-03
   6.8631500e+03   1.0000108e-02
   7.4361400e+03   9.9999823e-03
   8.0569600e+03   9.9999512e-03
   8.7296100e+03   0.0000000e+00
   9.4584200e+03   1.0000271e-02
   1.0248100e+04   0.0000000e+00
   1.1103700e+04   0.0000000e+00
   1.2030700e+04   9.9999470e-03
   1.3035100e+04   9.9994480e-03
   1.4123300e+04   0.0000000e+00
   1.5302500e+04   0.0000000e+00
   1.6580000e+04   0.0000000e+00
   1.7964200e+04   0.0000000e+00
   1.9464000e+04   1.0000039e-02
   2.1089000e+04   1.0000230e-02
   2.2849700e+04   1.9999469e-02
   2.4757300e+04   9.9999309e-03
   2.6824200e+04   1.0000107e-02
   2.9063700e+04   0.0000000e+00
   3.1490100e+04   0.0000000e+00
   3.4119200e+04   0.0000000e+00
   3.6967700e+04   0.0000000e+00
   4.0054000e+04   1.0000031e-02
   4.3398000e+04   0.0000000e+00
   4.7021200e+04   0.0000000e+00
   5.0946800e+04   0.0000000e+00
   5.5200200e+04   0.0000000e+00
   5.9808700e+04   0.0000000e+00
   6.4802000e+04   9.9999206e-03
   7.0212100e+04   0.0000000e+00
   7.6073900e+04   0.0000000e+00
   8.2425100e+04   0.0000000e+00
   8.9306500e+04   1.0000062e-02
   9.6762500e+04   0.0000000e+00
   1.0484100e+05   0.0000000e+00
   1.1359400e+05   0.0000000e+00
   1.2307700e+05   0.0000000e+00
   1.3335300e+05   0.0000000e+00
   1.4448600e+05   0.0000000e+00
   1.5654900e+05   9.9993925e-03
   1.6961800e+05   0.0000000e+00
   1.8377900e+05   0.0000000e+00
   1.9912300e+05   0.0000000e+00
   2.1574700e+05   0.0000000e+00
   2.3375900e+05   0.0000000e+00
   2.5327500e+05   0.0000000e+00
   2.7442000e+05   0.0000000e+00
   2.9733000e+05   0.0000000e+00
   3.2215400e+05   0.0000000e+00
   3.4904900e+05   0.0000000e+00
