   1.5749400e+02   9.9996938e-03
   1.6817100e+02   0.0000000e+00
   1.7957200e+02   0.0000000e+00
   1.9174700e+02   0.0000000e+00
   2.0474600e+02   3.0000450e-02
   2.1862700e+02   0.0000000e+00
   2.3344900e+02   9.9995631e-03
   2.4927500e+02   2.0000474e-02
   2.6617500e+02   0.0000000e+00
   2.8422000e+02   3.0000291e-02
   3.0348900e+02   9.9999644e-03
   3.2406400e+02   9.9999970e-03
   3.4603400e+02   1.0000247e-02
   3.6949400e+02   2.0000095e-02
   3.9454400e+02   1.9999908e-02
   4.2129200e+02   0.0000000e+00
   4.4985300e+02   4.0000262e-02
   4.8035100e+02   1.0000172e-02
   5.1291700e+02   0.0000000e+00
   5.4769000e+02   4.0000484e-02
   5.8482100e+02   1.0000019e-02
   6.2446900e+02   4.9998905e-02
   6.6680400e+02   1.0000195e-02
   7.1201100e+02   3.9999273e-02
   7.6028100e+02   1.0000103e-02
   8.1182500e+02   1.0000019e-02
   8.6686300e+02   0.0000000e+00
   9.2563200e+02   9.9999416e-03
   9.8838500e+02   2.9998809e-02
   1.0553900e+03   1.9999871e-02
   1.1269400e+03   1.9999686e-02
   1.2033400e+03   2.0002196e-02
   1.2849300e+03   1.9999585e-02
   1.3720400e+03   2.9997585e-02
   1.4650500e+03   3.0001931e-02
   1.5643800e+03   3.0000768e-02
   1.6704400e+03   9.9993525e-03
   1.7836800e+03   3.0001282e-02
   1.9046100e+03   1.9999526e-02
   2.0337300e+03   2.0000459e-02
   2.1716100e+03   9.9996977e-03
   2.3188300e+03   0.0000000e+00
   2.4760400e+03   9.9998063e-03
   2.6439000e+03   9.9997996e-03
   2.8231400e+03   0.0000000e+00
   3.0145400e+03   9.9999467e-03
   3.2189100e+03   0.0000000e+00
   3.4371400e+03   1.9999897e-02
   3.6701600e+03   0.0000000e+00
   3.9189800e+03   1.0000093e-02
   4.1846700e+03   1.9999999e-02
   4.4683700e+03   0.0000000e+00
   4.7713000e+03   1.9999956e-02
   5.0947700e+03   0.0000000e+00
   5.4401700e+03   1.0000075e-02
   5.8089900e+03   9.9999562e-03
   6.2028100e+03   0.0000000e+00
   6.6233300e+03   0.0000000e+00
   7.0723600e+03   9.9999702e-03
   7.5518300e+03   0.0000000e+00
   8.0638100e+03   3.9999482e-02
   8.6104900e+03   9.9999878e-03
   9.1942400e+03   0.0000000e+00
   9.8175700e+03   0.0000000e+00
   1.0483200e+04   9.9999043e-03
   1.1193900e+04   0.0000000e+00
   1.1952700e+04   2.0001563e-02
   1.2763100e+04   0.0000000e+00
   1.3628400e+04   9.9996469e-03
   1.4552300e+04   1.0000276e-02
   1.5538900e+04   1.9998904e-02
   1.6592300e+04   0.0000000e+00
   1.7717200e+04   0.0000000e+00
   1.8918400e+04   0.0000000e+00
   2.0200900e+04   1.0000545e-02
   2.1570500e+04   9.9995145e-03
   2.3032800e+04   0.0000000e+00
   2.4594300e+04   0.0000000e+00
   2.6261700e+04   0.0000000e+00
   2.8042100e+04   0.0000000e+00
   2.9943200e+04   0.0000000e+00
   3.1973300e+04   9.9998541e-03
   3.4140900e+04   0.0000000e+00
   3.6455500e+04   0.0000000e+00
   3.8927000e+04   0.0000000e+00
   4.1566000e+04   0.0000000e+00
   4.4384000e+04   0.0000000e+00
   4.7393000e+04   0.0000000e+00
   5.0606000e+04   0.0000000e+00
   5.4036900e+04   0.0000000e+00
   5.7700300e+04   0.0000000e+00
   6.1612100e+04   0.0000000e+00
   6.5789100e+04   1.0000036e-02
   7.0249300e+04   0.0000000e+00
   7.5011900e+04   0.0000000e+00
   8.0097300e+04   0.0000000e+00
   8.5527500e+04   1.0000095e-02
   9.1325900e+04   0.0000000e+00
   9.7517300e+04   1.0000725e-02
