   2.2941500e+02   2.0000374e-02
   2.4818500e+02   3.9999632e-02
   2.6849000e+02   2.0000492e-02
   2.9045700e+02   3.9998832e-02
   3.1422000e+02   1.0000052e-02
   3.3992800e+02   9.9999456e-03
   3.6773900e+02   3.0000500e-02
   3.9782600e+02   1.9999997e-02
   4.3037400e+02   1.0000030e-02
   4.6558500e+02   3.9999359e-02
   5.0367600e+02   1.0000188e-02
   5.4488500e+02   0.0000000e+00
   5.8946400e+02   1.0000013e-02
   6.3769100e+02   4.0000361e-02
   6.8986400e+02   2.9999972e-02
   7.4630500e+02   1.9999731e-02
   8.0736300e+02   2.0000199e-02
   8.7341800e+02   2.9999783e-02
   9.4487600e+02   1.9999782e-02
   1.0221800e+03   2.0000114e-02
   1.1058100e+03   9.9998300e-03
   1.1962800e+03   2.0001289e-02
   1.2941600e+03   4.9999501e-02
   1.4000400e+03   1.9999371e-02
   1.5145800e+03   0.0000000e+00
   1.6385000e+03   1.9999590e-02
   1.7725500e+03   0.0000000e+00
   1.9175700e+03   1.9999376e-02
   2.0744500e+03   1.0000526e-02
   2.2441800e+03   1.9999364e-02
   2.4277800e+03   4.0000308e-02
   2.6264100e+03   0.0000000e+00
   2.8412900e+03   5.0000054e-02
   3.0737500e+03   0.0000000e+00
   3.3252300e+03   1.9999810e-02
   3.5972800e+03   2.9999901e-02
   3.8915900e+03   2.0000018e-02
   4.2099800e+03   0.0000000e+00
   4.5544200e+03   1.0000040e-02
   4.9270400e+03   0.0000000e+00
   5.3301400e+03   1.0000154e-02
   5.7662300e+03   0.0000000e+00
   6.2379900e+03   4.0000026e-02
   6.7483500e+03   0.0000000e+00
   7.3004600e+03   1.0000068e-02
   7.8977500e+03   0.0000000e+00
   8.5439000e+03   1.0000040e-02
   9.2429200e+03   1.9999826e-02
   9.9991200e+03   1.0000046e-02
   1.0817200e+04   0.0000000e+00
   1.1702200e+04   9.9998515e-03
   1.2659600e+04   0.0000000e+00
   1.3695400e+04   9.9992563e-03
   1.4815800e+04   0.0000000e+00
   1.6028000e+04   9.9997902e-03
   1.7339300e+04   0.0000000e+00
   1.8757900e+04   1.0000151e-02
   2.0292600e+04   1.0000385e-02
   2.1952900e+04   9.9996251e-03
   2.3748900e+04   0.0000000e+00
   2.5691900e+04   0.0000000e+00
   2.7793900e+04   1.0000211e-02
   3.0067900e+04   0.0000000e+00
   3.2527900e+04   9.9997783e-03
   3.5189100e+04   0.0000000e+00
   3.8068100e+04   0.0000000e+00
   4.1182600e+04   0.0000000e+00
   4.4552000e+04   0.0000000e+00
   4.8197000e+04   9.9999158e-03
   5.2140200e+04   0.0000000e+00
   5.6406100e+04   0.0000000e+00
   6.1020900e+04   0.0000000e+00
   6.6013300e+04   0.0000000e+00
   7.1414200e+04   0.0000000e+00
   7.7256900e+04   0.0000000e+00
   8.3577700e+04   1.0000018e-02
   9.0415600e+04   0.0000000e+00
   9.7812900e+04   0.0000000e+00
   1.0581500e+05   0.0000000e+00
   1.1447300e+05   0.0000000e+00
   1.2383800e+05   0.0000000e+00
   1.3397000e+05   0.0000000e+00
   1.4493100e+05   0.0000000e+00
   1.5678800e+05   0.0000000e+00
   1.6961600e+05   0.0000000e+00
   1.8349300e+05   0.0000000e+00
   1.9850500e+05   0.0000000e+00
   2.1474600e+05   0.0000000e+00
   2.3231500e+05   0.0000000e+00
   2.5132200e+05   0.0000000e+00
   2.7188400e+05   0.0000000e+00
   2.9412800e+05   9.9999877e-03
   3.1819200e+05   0.0000000e+00
   3.4422500e+05   0.0000000e+00
   3.7238800e+05   0.0000000e+00
   4.0285500e+05   0.0000000e+00
   4.3581400e+05   0.0000000e+00
   4.7147000e+05   0.0000000e+00
   5.1004300e+05   9.9999793e-03
