   3.5763400e+02   3.0000164e-02
   3.8433000e+02   0.0000000e+00
   4.1301800e+02   1.0000019e-02
   4.4384800e+02   0.0000000e+00
   4.7698000e+02   0.0000000e+00
   5.1258400e+02   0.0000000e+00
   5.5084600e+02   0.0000000e+00
   5.9196400e+02   1.0000142e-02
   6.3615200e+02   2.0000059e-02
   6.8363800e+02   9.9998898e-03
   7.3466800e+02   4.0000241e-02
   7.8950800e+02   1.9999915e-02
   8.4844100e+02   1.9999929e-02
   9.1177300e+02   0.0000000e+00
   9.7983300e+02   2.9998750e-02
   1.0529700e+03   0.0000000e+00
   1.1315700e+03   2.0000722e-02
   1.2160400e+03   0.0000000e+00
   1.3068100e+03   4.0000963e-02
   1.4043600e+03   3.0000249e-02
   1.5091900e+03   0.0000000e+00
   1.6218400e+03   2.0001127e-02
   1.7429100e+03   0.0000000e+00
   1.8730100e+03   0.0000000e+00
   2.0128200e+03   9.9994786e-03
   2.1630600e+03   3.0001287e-02
   2.3245300e+03   1.9999283e-02
   2.4980400e+03   2.0000213e-02
   2.6845100e+03   2.0000325e-02
   2.8849000e+03   1.9999573e-02
   3.1002400e+03   0.0000000e+00
   3.3316600e+03   3.0000681e-02
   3.5803600e+03   0.0000000e+00
   3.8476100e+03   1.0000107e-02
   4.1348200e+03   4.0000423e-02
   4.4434700e+03   5.9999254e-02
   4.7751500e+03   1.9999813e-02
   5.1315900e+03   9.9999799e-03
   5.5146400e+03   1.0000172e-02
   5.9262900e+03   1.9999990e-02
   6.3686600e+03   2.9999914e-02
   6.8440500e+03   0.0000000e+00
   7.3549300e+03   9.9999426e-03
   7.9039400e+03   2.9999812e-02
   8.4939300e+03   2.0000221e-02
   9.1279700e+03   9.9999800e-03
   9.8093300e+03   2.0001296e-02
   1.0541600e+04   0.0000000e+00
   1.1328400e+04   2.9999436e-02
   1.2174000e+04   2.0001325e-02
   1.3082800e+04   0.0000000e+00
   1.4059400e+04   4.9996774e-02
   1.5108800e+04   0.0000000e+00
   1.6236600e+04   0.0000000e+00
   1.7448600e+04   3.0000873e-02
   1.8751100e+04   0.0000000e+00
   2.0150800e+04   9.9995727e-03
   2.1654900e+04   0.0000000e+00
   2.3271400e+04   0.0000000e+00
   2.5008500e+04   0.0000000e+00
   2.6875200e+04   0.0000000e+00
   2.8881400e+04   0.0000000e+00
   3.1037200e+04   0.0000000e+00
   3.3354000e+04   0.0000000e+00
   3.5843700e+04   0.0000000e+00
   3.8519300e+04   2.0000040e-02
   4.1394600e+04   9.9999361e-03
   4.4484500e+04   0.0000000e+00
   4.7805100e+04   9.9999057e-03
   5.1373500e+04   1.0000008e-02
   5.5208300e+04   0.0000000e+00
   5.9329400e+04   0.0000000e+00
   6.3758100e+04   0.0000000e+00
   6.8517300e+04   0.0000000e+00
   7.3631800e+04   1.0000023e-02
   7.9128100e+04   1.0000051e-02
   8.5034700e+04   9.9998844e-03
   9.1382100e+04   1.0000026e-02
   9.8203400e+04   0.0000000e+00
   1.0553400e+05   0.0000000e+00
   1.1341100e+05   0.0000000e+00
   1.2187700e+05   0.0000000e+00
   1.3097500e+05   0.0000000e+00
   1.4075100e+05   0.0000000e+00
   1.5125800e+05   2.0000539e-02
   1.6254900e+05   0.0000000e+00
   1.7468200e+05   0.0000000e+00
   1.8772100e+05   0.0000000e+00
   2.0173400e+05   0.0000000e+00
   2.1679200e+05   0.0000000e+00
   2.3297500e+05   0.0000000e+00
   2.5036500e+05   0.0000000e+00
   2.6905400e+05   0.0000000e+00
   2.8913800e+05   0.0000000e+00
   3.1072100e+05   0.0000000e+00
   3.3391500e+05   0.0000000e+00
   3.5884000e+05   0.0000000e+00
   3.8562600e+05   0.0000000e+00
   4.1441100e+05   1.0000034e-02
