   5.3233600e+02   2.0000001e-02
   5.6838100e+02   0.0000000e+00
   6.0686700e+02   0.0000000e+00
   6.4795800e+02   2.0000051e-02
   6.9183200e+02   0.0000000e+00
   7.3867700e+02   2.0000198e-02
   7.8869400e+02   0.0000000e+00
   8.4209700e+02   0.0000000e+00
   8.9911600e+02   1.9999993e-02
   9.5999600e+02   2.0000496e-02
   1.0250000e+03   9.9994990e-03
   1.0944000e+03   0.0000000e+00
   1.1685100e+03   1.9999874e-02
   1.2476300e+03   1.9998104e-02
   1.3321000e+03   3.0000610e-02
   1.4223000e+03   0.0000000e+00
   1.5186100e+03   9.9993787e-03
   1.6214300e+03   2.0000225e-02
   1.7312200e+03   4.0002393e-02
   1.8484500e+03   1.9999942e-02
   1.9736100e+03   2.9998866e-02
   2.1072400e+03   2.9999326e-02
   2.2499200e+03   2.0000660e-02
   2.4022700e+03   2.0000023e-02
   2.5649300e+03   9.9997797e-03
   2.7386000e+03   1.0000353e-02
   2.9240400e+03   2.0000158e-02
   3.1220300e+03   0.0000000e+00
   3.3334200e+03   2.0000073e-02
   3.5591300e+03   9.9999041e-03
   3.8001200e+03   3.0000030e-02
   4.0574300e+03   0.0000000e+00
   4.3321600e+03   2.0000332e-02
   4.6255000e+03   0.0000000e+00
   4.9387000e+03   1.9999762e-02
   5.2731000e+03   0.0000000e+00
   5.6301500e+03   2.9999765e-02
   6.0113700e+03   1.0000118e-02
   6.4184100e+03   9.9998290e-03
   6.8530000e+03   2.0000250e-02
   7.3170300e+03   1.9999872e-02
   7.8124700e+03   0.0000000e+00
   8.3414600e+03   0.0000000e+00
   8.9062700e+03   1.9999912e-02
   9.5093200e+03   9.9999071e-03
   1.0153200e+04   3.0000713e-02
   1.0840700e+04   0.0000000e+00
   1.1574700e+04   1.0000818e-02
   1.2358500e+04   1.9999938e-02
   1.3195300e+04   3.9997071e-02
   1.4088700e+04   2.0000801e-02
   1.5042700e+04   0.0000000e+00
   1.6061200e+04   4.0002798e-02
   1.7148800e+04   9.9994745e-03
   1.8309900e+04   0.0000000e+00
   1.9549700e+04   0.0000000e+00
   2.0873400e+04   2.0000599e-02
   2.2286800e+04   1.0000247e-02
   2.3795900e+04   2.9999255e-02
   2.5407100e+04   1.0000341e-02
   2.7127500e+04   9.9998515e-03
   2.8964300e+04   0.0000000e+00
   3.0925500e+04   1.0000023e-02
   3.3019500e+04   1.0000085e-02
   3.5255300e+04   9.9997051e-03
   3.7642400e+04   9.9999874e-03
   4.0191200e+04   0.0000000e+00
   4.2912600e+04   0.0000000e+00
   4.5818300e+04   9.9999969e-03
   4.8920700e+04   0.0000000e+00
   5.2233100e+04   0.0000000e+00
   5.5769900e+04   9.9999063e-03
   5.9546100e+04   0.0000000e+00
   6.3578100e+04   0.0000000e+00
   6.7883000e+04   2.9999829e-02
   7.2479400e+04   0.0000000e+00
   7.7387100e+04   0.0000000e+00
   8.2627000e+04   0.0000000e+00
   8.8221800e+04   0.0000000e+00
   9.4195400e+04   0.0000000e+00
   1.0057300e+05   1.0000076e-02
   1.0738300e+05   0.0000000e+00
   1.1465400e+05   0.0000000e+00
   1.2241800e+05   0.0000000e+00
   1.3070700e+05   0.0000000e+00
   1.3955700e+05   0.0000000e+00
   1.4900700e+05   0.0000000e+00
   1.5909600e+05   0.0000000e+00
   1.6986900e+05   0.0000000e+00
   1.8137100e+05   0.0000000e+00
   1.9365100e+05   0.0000000e+00
   2.0676400e+05   0.0000000e+00
   2.2076400e+05   0.0000000e+00
   2.3571200e+05   0.0000000e+00
   2.5167200e+05   0.0000000e+00
   2.6871300e+05   0.0000000e+00
   2.8690800e+05   1.0000087e-02
   3.0633500e+05   0.0000000e+00
   3.2707700e+05   0.0000000e+00
