   1.8524800e+02   1.9999699e-02
   1.9754000e+02   1.0000106e-02
   2.1064800e+02   0.0000000e+00
   2.2462500e+02   2.0001169e-02
   2.3953100e+02   9.9998849e-03
   2.5542500e+02   0.0000000e+00
   2.7237400e+02   9.9997186e-03
   2.9044700e+02   0.0000000e+00
   3.0972000e+02   0.0000000e+00
   3.3027200e+02   9.9998364e-03
   3.5218700e+02   1.9999541e-02
   3.7555600e+02   0.0000000e+00
   4.0047700e+02   1.0000062e-02
   4.2705100e+02   9.9999573e-03
   4.5538800e+02   2.9999528e-02
   4.8560500e+02   4.0000666e-02
   5.1782800e+02   9.9997908e-03
   5.5218800e+02   1.0000062e-02
   5.8882900e+02   3.9999960e-02
   6.2790100e+02   1.0000058e-02
   6.6956600e+02   1.9999803e-02
   7.1399500e+02   4.0000393e-02
   7.6137300e+02   4.9999724e-02
   8.1189400e+02   4.0000260e-02
   8.6576800e+02   1.9999832e-02
   9.2321600e+02   1.0000062e-02
   9.8447700e+02   2.9998869e-02
   1.0498000e+03   9.9999716e-03
   1.1194600e+03   1.0000994e-02
   1.1937500e+03   2.9999441e-02
   1.2729600e+03   2.9997236e-02
   1.3574200e+03   2.0001633e-02
   1.4475000e+03   2.0000107e-02
   1.5435500e+03   9.9997255e-03
   1.6459700e+03   2.0000148e-02
   1.7551900e+03   9.9994419e-03
   1.8716500e+03   1.0000435e-02
   1.9958500e+03   0.0000000e+00
   2.1282900e+03   9.9997600e-03
   2.2695100e+03   0.0000000e+00
   2.4201000e+03   1.0000180e-02
   2.5806900e+03   0.0000000e+00
   2.7519300e+03   4.0000903e-02
   2.9345400e+03   9.9998456e-03
   3.1292600e+03   2.0000599e-02
   3.3369100e+03   0.0000000e+00
   3.5583300e+03   1.9999603e-02
   3.7944400e+03   9.9999211e-03
   4.0462200e+03   2.0000035e-02
   4.3147100e+03   0.0000000e+00
   4.6010200e+03   9.9998878e-03
   4.9063200e+03   1.9999900e-02
   5.2318800e+03   1.0000162e-02
   5.5790500e+03   0.0000000e+00
   5.9492500e+03   9.9998629e-03
   6.3440100e+03   1.9999978e-02
   6.7649700e+03   1.0000145e-02
   7.2138700e+03   2.0000016e-02
   7.6925500e+03   9.9999280e-03
   8.2029900e+03   2.0000222e-02
   8.7473100e+03   1.9999935e-02
   9.3277400e+03   0.0000000e+00
   9.9466800e+03   1.0000029e-02
   1.0606700e+04   0.0000000e+00
   1.1310500e+04   0.0000000e+00
   1.2061000e+04   0.0000000e+00
   1.2861300e+04   1.0000886e-02
   1.3714800e+04   0.0000000e+00
   1.4624800e+04   0.0000000e+00
   1.5595300e+04   0.0000000e+00
   1.6630100e+04   0.0000000e+00
   1.7733600e+04   0.0000000e+00
   1.8910300e+04   0.0000000e+00
   2.0165100e+04   0.0000000e+00
   2.1503200e+04   0.0000000e+00
   2.2930000e+04   0.0000000e+00
   2.4451600e+04   1.0000019e-02
   2.6074100e+04   0.0000000e+00
   2.7804200e+04   0.0000000e+00
   2.9649200e+04   0.0000000e+00
   3.1616600e+04   0.0000000e+00
   3.3714500e+04   0.0000000e+00
   3.5951600e+04   0.0000000e+00
   3.8337200e+04   0.0000000e+00
   4.0881100e+04   1.0000043e-02
   4.3593800e+04   0.0000000e+00
   4.6486500e+04   0.0000000e+00
   4.9571100e+04   0.0000000e+00
   5.2860500e+04   0.0000000e+00
   5.6368000e+04   0.0000000e+00
   6.0108400e+04   0.0000000e+00
   6.4096900e+04   0.0000000e+00
   6.8350100e+04   9.9999674e-03
   7.2885500e+04   0.0000000e+00
   7.7721800e+04   0.0000000e+00
   8.2879100e+04   1.0000016e-02
   8.8378600e+04   0.0000000e+00
   9.4243000e+04   0.0000000e+00
   1.0049700e+05   0.0000000e+00
