   1.5796600e+02   9.9994780e-03
   1.7265500e+02   0.0000000e+00
   1.8871100e+02   2.0000069e-02
   2.0626000e+02   2.0000221e-02
   2.2544100e+02   3.9999102e-02
   2.4640500e+02   6.0002469e-02
   2.6932000e+02   9.9996184e-03
   2.9436400e+02   2.0000019e-02
   3.2173800e+02   3.0000485e-02
   3.5165800e+02   1.0000043e-02
   3.8436000e+02   3.9999991e-02
   4.2010300e+02   1.0000058e-02
   4.5917000e+02   4.9999248e-02
   5.0186900e+02   2.0000204e-02
   5.4854000e+02   2.0000138e-02
   5.9955100e+02   2.9999834e-02
   6.5530500e+02   1.9999997e-02
   7.1624400e+02   1.0000025e-02
   7.8285000e+02   1.0000026e-02
   8.5565000e+02   1.0000039e-02
   9.3522000e+02   2.0000143e-02
   1.0221900e+03   2.0000624e-02
   1.1172500e+03   9.9993709e-03
   1.2211400e+03   3.0000508e-02
   1.3347000e+03   3.0000425e-02
   1.4588200e+03   9.9999598e-03
   1.5944800e+03   1.0000270e-02
   1.7427600e+03   0.0000000e+00
   1.9048200e+03   0.0000000e+00
   2.0819600e+03   0.0000000e+00
   2.2755600e+03   1.0000357e-02
   2.4871800e+03   9.9999619e-03
   2.7184700e+03   1.0000010e-02
   2.9712700e+03   1.0000073e-02
   3.2475800e+03   0.0000000e+00
   3.5495800e+03   3.0000230e-02
   3.8796700e+03   9.9999196e-03
   4.2404500e+03   1.9999787e-02
   4.6347800e+03   4.0000530e-02
   5.0657900e+03   9.9998978e-03
   5.5368700e+03   0.0000000e+00
   6.0517700e+03   1.9999833e-02
   6.6145400e+03   2.0000056e-02
   7.2296500e+03   0.0000000e+00
   7.9019600e+03   0.0000000e+00
   8.6367900e+03   2.9999793e-02
   9.4399500e+03   2.9999909e-02
   1.0317800e+04   0.0000000e+00
   1.1277300e+04   9.9998684e-03
   1.2326000e+04   9.9996666e-03
   1.3472200e+04   2.0001170e-02
   1.4725100e+04   9.9997377e-03
   1.6094400e+04   1.0000171e-02
   1.7591100e+04   9.9996618e-03
   1.9226900e+04   1.0000123e-02
   2.1014900e+04   0.0000000e+00
   2.2969200e+04   0.0000000e+00
   2.5105200e+04   9.9999323e-03
   2.7439800e+04   0.0000000e+00
   2.9991500e+04   9.9999595e-03
   3.2780500e+04   0.0000000e+00
   3.5828900e+04   0.0000000e+00
   3.9160700e+04   2.0000071e-02
   4.2802400e+04   0.0000000e+00
   4.6782800e+04   9.9997859e-03
   5.1133200e+04   0.0000000e+00
   5.5888300e+04   0.0000000e+00
   6.1085500e+04   0.0000000e+00
   6.6766100e+04   0.0000000e+00
   7.2974900e+04   0.0000000e+00
   7.9761100e+04   0.0000000e+00
   8.7178300e+04   0.0000000e+00
   9.5285400e+04   0.0000000e+00
   1.0414600e+05   1.0000053e-02
   1.1383100e+05   1.0000425e-02
   1.2441700e+05   0.0000000e+00
   1.3598700e+05   0.0000000e+00
   1.4863300e+05   0.0000000e+00
   1.6245400e+05   0.0000000e+00
   1.7756200e+05   0.0000000e+00
   1.9407400e+05   0.0000000e+00
   2.1212100e+05   1.0000056e-02
   2.3184700e+05   0.0000000e+00
   2.5340700e+05   0.0000000e+00
   2.7697300e+05   0.0000000e+00
   3.0272900e+05   0.0000000e+00
   3.3088100e+05   0.0000000e+00
   3.6165100e+05   9.9999424e-03
   3.9528200e+05   0.0000000e+00
   4.3204100e+05   0.0000000e+00
   4.7221700e+05   0.0000000e+00
   5.1613100e+05   0.0000000e+00
   5.6412700e+05   0.0000000e+00
   6.1658700e+05   0.0000000e+00
   6.7392600e+05   0.0000000e+00
   7.3659700e+05   0.0000000e+00
   8.0509500e+05   0.0000000e+00
   8.7996400e+05   0.0000000e+00
   9.6179500e+05   0.0000000e+00
