   2.0181700e+02   9.9999736e-03
   2.2221100e+02   1.0000042e-02
   2.4466600e+02   4.9999840e-02
   2.6939000e+02   0.0000000e+00
   2.9661200e+02   1.0000226e-02
   3.2658600e+02   9.9999360e-03
   3.5958800e+02   0.0000000e+00
   3.9592500e+02   9.9999695e-03
   4.3593400e+02   4.0000741e-02
   4.7998700e+02   3.9999406e-02
   5.2849000e+02   1.9999959e-02
   5.8189500e+02   2.0000030e-02
   6.4069700e+02   6.9999918e-02
   7.0544100e+02   1.0000069e-02
   7.7672800e+02   0.0000000e+00
   8.5521800e+02   2.9999754e-02
   9.4163900e+02   2.9998827e-02
   1.0367900e+03   1.9999964e-02
   1.1415600e+03   3.0000637e-02
   1.2569200e+03   2.0000823e-02
   1.3839400e+03   1.0000002e-02
   1.5237900e+03   6.9999000e-02
   1.6777700e+03   9.9998591e-03
   1.8473100e+03   1.0000261e-02
   2.0339900e+03   4.0000139e-02
   2.2395300e+03   3.0000106e-02
   2.4658400e+03   0.0000000e+00
   2.7150100e+03   1.0000065e-02
   2.9893700e+03   0.0000000e+00
   3.2914500e+03   0.0000000e+00
   3.6240600e+03   2.0000007e-02
   3.9902800e+03   3.0000231e-02
   4.3935100e+03   0.0000000e+00
   4.8374800e+03   0.0000000e+00
   5.3263200e+03   1.0000069e-02
   5.8645600e+03   2.0000077e-02
   6.4571900e+03   0.0000000e+00
   7.1097000e+03   9.9999619e-03
   7.8281500e+03   2.9999938e-02
   8.6192000e+03   1.0000010e-02
   9.4901900e+03   1.0000077e-02
   1.0449200e+04   9.9998587e-03
   1.1505100e+04   9.9998481e-03
   1.2667700e+04   0.0000000e+00
   1.3947800e+04   1.0000276e-02
   1.5357300e+04   2.0000111e-02
   1.6909200e+04   9.9999275e-03
   1.8617900e+04   0.0000000e+00
   2.0499300e+04   1.0000001e-02
   2.2570800e+04   0.0000000e+00
   2.4851600e+04   0.0000000e+00
   2.7362900e+04   0.0000000e+00
   3.0128000e+04   9.9999951e-03
   3.3172500e+04   0.0000000e+00
   3.6524700e+04   4.0000129e-02
   4.0215600e+04   9.9998333e-03
   4.4279400e+04   0.0000000e+00
   4.8754000e+04   0.0000000e+00
   5.3680700e+04   9.9999030e-03
   5.9105200e+04   0.0000000e+00
   6.5077900e+04   1.0000053e-02
   7.1654200e+04   0.0000000e+00
   7.8895000e+04   0.0000000e+00
   8.6867600e+04   0.0000000e+00
   9.5645700e+04   0.0000000e+00
   1.0531100e+05   0.0000000e+00
   1.1595300e+05   0.0000000e+00
   1.2767000e+05   0.0000000e+00
   1.4057200e+05   0.0000000e+00
   1.5477700e+05   0.0000000e+00
   1.7041700e+05   0.0000000e+00
   1.8763800e+05   9.9998608e-03
   2.0659900e+05   1.0000311e-02
   2.2747700e+05   9.9999886e-03
   2.5046400e+05   0.0000000e+00
   2.7577400e+05   9.9997943e-03
   3.0364100e+05   0.0000000e+00
   3.3432500e+05   9.9999289e-03
   3.6810900e+05   9.9999383e-03
   4.0530700e+05   0.0000000e+00
   4.4626500e+05   0.0000000e+00
   4.9136100e+05   9.9999652e-03
   5.4101400e+05   0.0000000e+00
   5.9568500e+05   0.0000000e+00
   6.5588000e+05   9.9999584e-03
   7.2215800e+05   0.0000000e+00
   7.9513400e+05   0.0000000e+00
   8.7548400e+05   9.9999165e-03
   9.6395300e+05   0.0000000e+00
   1.0613600e+06   0.0000000e+00
   1.1686200e+06   0.0000000e+00
   1.2867100e+06   0.0000000e+00
   1.4167300e+06   0.0000000e+00
   1.5599000e+06   0.0000000e+00
   1.7175300e+06   0.0000000e+00
   1.8910900e+06   0.0000000e+00
   2.0821900e+06   0.0000000e+00
   2.2926000e+06   0.0000000e+00
   2.5242700e+06   0.0000000e+00
