   1.7018100e+02   1.0000461e-02
   1.8183200e+02   0.0000000e+00
   1.9428000e+02   1.9999609e-02
   2.0758000e+02   0.0000000e+00
   2.2179100e+02   2.0000517e-02
   2.3697500e+02   1.9999877e-02
   2.5319800e+02   4.9998078e-02
   2.7053100e+02   0.0000000e+00
   2.8905200e+02   1.9999732e-02
   3.0884000e+02   3.0000226e-02
   3.2998300e+02   9.9998475e-03
   3.5257300e+02   1.0000056e-02
   3.7671000e+02   9.9999169e-03
   4.0249900e+02   2.0000191e-02
   4.3005400e+02   3.9999720e-02
   4.5949500e+02   1.0000117e-02
   4.9095200e+02   3.9999933e-02
   5.2456200e+02   1.9999985e-02
   5.6047300e+02   9.9998823e-03
   5.9884200e+02   2.9999848e-02
   6.3983800e+02   4.0000199e-02
   6.8364100e+02   0.0000000e+00
   7.3044300e+02   0.0000000e+00
   7.8044800e+02   2.0000078e-02
   8.3387700e+02   0.0000000e+00
   8.9096300e+02   1.0000069e-02
   9.5195800e+02   2.0000570e-02
   1.0171300e+03   0.0000000e+00
   1.0867600e+03   3.0000535e-02
   1.1611600e+03   0.0000000e+00
   1.2406500e+03   2.9998635e-02
   1.3255800e+03   3.0000589e-02
   1.4163300e+03   1.9999842e-02
   1.5132900e+03   0.0000000e+00
   1.6168900e+03   1.9999801e-02
   1.7275800e+03   0.0000000e+00
   1.8458500e+03   1.0000366e-02
   1.9722200e+03   9.9995427e-03
   2.1072300e+03   2.0000062e-02
   2.2514900e+03   0.0000000e+00
   2.4056300e+03   0.0000000e+00
   2.5703200e+03   0.0000000e+00
   2.7462800e+03   0.0000000e+00
   2.9342800e+03   0.0000000e+00
   3.1351600e+03   9.9999766e-03
   3.3497900e+03   2.0000534e-02
   3.5791200e+03   1.9999733e-02
   3.8241400e+03   2.0000211e-02
   4.0859400e+03   2.0000008e-02
   4.3656600e+03   1.0000041e-02
   4.6645300e+03   0.0000000e+00
   4.9838600e+03   0.0000000e+00
   5.3250500e+03   0.0000000e+00
   5.6895900e+03   0.0000000e+00
   6.0791000e+03   0.0000000e+00
   6.4952700e+03   0.0000000e+00
   6.9399300e+03   9.9999523e-03
   7.4150300e+03   0.0000000e+00
   7.9226600e+03   1.0000023e-02
   8.4650400e+03   0.0000000e+00
   9.0445400e+03   1.0000166e-02
   9.6637300e+03   1.9999989e-02
   1.0325300e+04   2.0001099e-02
   1.1032200e+04   0.0000000e+00
   1.1787400e+04   2.0001091e-02
   1.2594400e+04   0.0000000e+00
   1.3456600e+04   1.9999436e-02
   1.4377800e+04   1.0000094e-02
   1.5362100e+04   0.0000000e+00
   1.6413800e+04   0.0000000e+00
   1.7537400e+04   0.0000000e+00
   1.8738000e+04   0.0000000e+00
   2.0020800e+04   0.0000000e+00
   2.1391400e+04   4.0001646e-02
   2.2855900e+04   9.9994212e-03
   2.4420500e+04   0.0000000e+00
   2.6092400e+04   0.0000000e+00
   2.7878600e+04   0.0000000e+00
   2.9787200e+04   9.9999921e-03
   3.1826400e+04   0.0000000e+00
   3.4005200e+04   0.0000000e+00
   3.6333100e+04   0.0000000e+00
   3.8820500e+04   0.0000000e+00
   4.1478100e+04   0.0000000e+00
   4.4317600e+04   0.0000000e+00
   4.7351600e+04   0.0000000e+00
   5.0593200e+04   2.0000177e-02
   5.4056800e+04   1.0000069e-02
   5.7757500e+04   0.0000000e+00
   6.1711500e+04   0.0000000e+00
   6.5936200e+04   0.0000000e+00
   7.0450100e+04   2.0000209e-02
   7.5273100e+04   1.9999903e-02
   8.0426200e+04   0.0000000e+00
   8.5932100e+04   0.0000000e+00
   9.1815000e+04   0.0000000e+00
   9.8100600e+04   0.0000000e+00
   1.0481600e+05   0.0000000e+00
   1.1199200e+05   2.0000290e-02
