   1.6240100e+02   2.0000131e-02
   1.7563000e+02   0.0000000e+00
   1.8993600e+02   0.0000000e+00
   2.0540800e+02   0.0000000e+00
   2.2214000e+02   1.0000447e-02
   2.4023600e+02   9.9999156e-03
   2.5980500e+02   1.9999755e-02
   2.8096800e+02   0.0000000e+00
   3.0385500e+02   0.0000000e+00
   3.2860700e+02   0.0000000e+00
   3.5537400e+02   2.0000546e-02
   3.8432300e+02   2.9999757e-02
   4.1562900e+02   3.9999510e-02
   4.4948500e+02   2.0000395e-02
   4.8610000e+02   3.9999087e-02
   5.2569600e+02   0.0000000e+00
   5.6851900e+02   2.9999618e-02
   6.1482900e+02   3.0000017e-02
   6.6491200e+02   0.0000000e+00
   7.1907500e+02   2.9999670e-02
   7.7764900e+02   3.0000032e-02
   8.4099500e+02   4.0000552e-02
   9.0950200e+02   0.0000000e+00
   9.8358800e+02   1.0000107e-02
   1.0637100e+03   0.0000000e+00
   1.1503600e+03   2.9998055e-02
   1.2440600e+03   1.0000069e-02
   1.3454000e+03   3.0001575e-02
   1.4550000e+03   1.9999776e-02
   1.5735200e+03   0.0000000e+00
   1.7016900e+03   1.0000213e-02
   1.8403100e+03   2.0000243e-02
   1.9902200e+03   0.0000000e+00
   2.1523400e+03   0.0000000e+00
   2.3276700e+03   1.9999198e-02
   2.5172700e+03   3.0001098e-02
   2.7223300e+03   2.9999227e-02
   2.9440800e+03   2.0000005e-02
   3.1839000e+03   1.0000195e-02
   3.4432600e+03   9.9999254e-03
   3.7237400e+03   1.0000032e-02
   4.0270700e+03   1.0000070e-02
   4.3551100e+03   3.9999900e-02
   4.7098700e+03   1.9999598e-02
   5.0935200e+03   4.0000021e-02
   5.5084300e+03   2.0000126e-02
   5.9571400e+03   1.0000044e-02
   6.4424000e+03   0.0000000e+00
   6.9671900e+03   0.0000000e+00
   7.5347200e+03   3.0000218e-02
   8.1484900e+03   0.0000000e+00
   8.8122500e+03   0.0000000e+00
   9.5300800e+03   1.0000244e-02
   1.0306400e+04   9.9995364e-03
   1.1145900e+04   0.0000000e+00
   1.2053800e+04   0.0000000e+00
   1.3035700e+04   0.0000000e+00
   1.4097600e+04   2.0000534e-02
   1.5246000e+04   0.0000000e+00
   1.6487900e+04   0.0000000e+00
   1.7831000e+04   0.0000000e+00
   1.9283400e+04   1.0000027e-02
   2.0854200e+04   4.0001134e-02
   2.2553000e+04   9.9998497e-03
   2.4390100e+04   0.0000000e+00
   2.6376900e+04   9.9999282e-03
   2.8525500e+04   0.0000000e+00
   3.0849100e+04   1.0000333e-02
   3.3362100e+04   1.9999878e-02
   3.6079700e+04   0.0000000e+00
   3.9018700e+04   0.0000000e+00
   4.2197000e+04   9.9999994e-03
   4.5634300e+04   0.0000000e+00
   4.9351600e+04   9.9999987e-03
   5.3371700e+04   0.0000000e+00
   5.7719300e+04   9.9999517e-03
   6.2421000e+04   0.0000000e+00
   6.7505700e+04   0.0000000e+00
   7.3004600e+04   0.0000000e+00
   7.8951500e+04   0.0000000e+00
   8.5382700e+04   0.0000000e+00
   9.2337800e+04   0.0000000e+00
   9.9859500e+04   0.0000000e+00
   1.0799400e+05   0.0000000e+00
   1.1679100e+05   0.0000000e+00
   1.2630400e+05   0.0000000e+00
   1.3659300e+05   0.0000000e+00
   1.4772000e+05   0.0000000e+00
   1.5975300e+05   9.9998659e-03
   1.7276600e+05   0.0000000e+00
   1.8683900e+05   0.0000000e+00
   2.0205900e+05   0.0000000e+00
   2.1851800e+05   0.0000000e+00
   2.3631800e+05   0.0000000e+00
   2.5556800e+05   0.0000000e+00
   2.7638600e+05   0.0000000e+00
   2.9890000e+05   0.0000000e+00
   3.2324800e+05   0.0000000e+00
   3.4957900e+05   1.0000297e-02
