   2.3386200e+02   2.0000480e-02
   2.5051200e+02   9.9999775e-03
   2.6834700e+02   1.0000111e-02
   2.8745200e+02   3.0000053e-02
   3.0791700e+02   1.0000027e-02
   3.2983900e+02   0.0000000e+00
   3.5332100e+02   2.0000413e-02
   3.7847600e+02   2.9999755e-02
   4.0542100e+02   2.0000212e-02
   4.3428500e+02   2.9999395e-02
   4.6520300e+02   4.0000349e-02
   4.9832300e+02   2.0000119e-02
   5.3380100e+02   9.9998434e-03
   5.7180400e+02   2.0000375e-02
   6.1251400e+02   3.9999524e-02
   6.5612100e+02   1.9999930e-02
   7.0283300e+02   1.0000044e-02
   7.5287100e+02   3.9999858e-02
   8.0647100e+02   3.0000440e-02
   8.6388800e+02   2.9999564e-02
   9.2539100e+02   1.0000051e-02
   9.9127400e+02   2.0000815e-02
   1.0618500e+03   1.9998015e-02
   1.1374400e+03   2.0000116e-02
   1.2184200e+03   1.0000627e-02
   1.3051700e+03   0.0000000e+00
   1.3980900e+03   2.0000771e-02
   1.4976300e+03   9.9997619e-03
   1.6042500e+03   0.0000000e+00
   1.7184600e+03   1.0000424e-02
   1.8408100e+03   1.9999278e-02
   1.9718600e+03   1.0000331e-02
   2.1122500e+03   9.9999993e-03
   2.2626300e+03   9.9996048e-03
   2.4237100e+03   1.0000301e-02
   2.5962700e+03   1.0000029e-02
   2.7811100e+03   1.0000049e-02
   2.9791100e+03   0.0000000e+00
   3.1912000e+03   1.0000185e-02
   3.4184000e+03   0.0000000e+00
   3.6617700e+03   2.0000200e-02
   3.9224700e+03   9.9997470e-03
   4.2017200e+03   2.0000082e-02
   4.5008600e+03   3.0000362e-02
   4.8213000e+03   2.0000045e-02
   5.1645500e+03   0.0000000e+00
   5.5322300e+03   1.0000162e-02
   5.9261000e+03   9.9998738e-03
   6.3480000e+03   0.0000000e+00
   6.7999400e+03   1.0000031e-02
   7.2840600e+03   0.0000000e+00
   7.8026500e+03   0.0000000e+00
   8.3581500e+03   1.9999869e-02
   8.9532000e+03   1.0000036e-02
   9.5906200e+03   1.9999446e-02
   1.0273400e+04   0.0000000e+00
   1.1004800e+04   0.0000000e+00
   1.1788300e+04   1.0000427e-02
   1.2627600e+04   0.0000000e+00
   1.3526600e+04   1.9999680e-02
   1.4489600e+04   0.0000000e+00
   1.5521200e+04   0.0000000e+00
   1.6626200e+04   0.0000000e+00
   1.7809900e+04   2.0000544e-02
   1.9077900e+04   0.0000000e+00
   2.0436100e+04   1.9999492e-02
   2.1891000e+04   9.9998971e-03
   2.3449500e+04   1.0000155e-02
   2.5119000e+04   0.0000000e+00
   2.6907300e+04   0.0000000e+00
   2.8823000e+04   0.0000000e+00
   3.0875000e+04   1.0000337e-02
   3.3073200e+04   0.0000000e+00
   3.5427800e+04   0.0000000e+00
   3.7950000e+04   0.0000000e+00
   4.0651900e+04   2.0000109e-02
   4.3546100e+04   0.0000000e+00
   4.6646300e+04   0.0000000e+00
   4.9967200e+04   0.0000000e+00
   5.3524600e+04   0.0000000e+00
   5.7335300e+04   0.0000000e+00
   6.1417200e+04   0.0000000e+00
   6.5789800e+04   0.0000000e+00
   7.0473600e+04   0.0000000e+00
   7.5491000e+04   0.0000000e+00
   8.0865500e+04   2.0000110e-02
   8.6622700e+04   0.0000000e+00
   9.2789700e+04   0.0000000e+00
   9.9395800e+04   0.0000000e+00
   1.0647200e+05   0.0000000e+00
   1.1405200e+05   1.0000105e-02
   1.2217200e+05   0.0000000e+00
   1.3087000e+05   0.0000000e+00
   1.4018800e+05   0.0000000e+00
   1.5016800e+05   0.0000000e+00
   1.6085900e+05   0.0000000e+00
   1.7231100e+05   0.0000000e+00
   1.8457900e+05   1.0000012e-02
   1.9772000e+05   1.0000315e-02
