   1.5253200e+02   3.0000154e-02
   1.6436400e+02   2.0000415e-02
   1.7711400e+02   1.0000192e-02
   1.9085300e+02   1.9999464e-02
   2.0565700e+02   3.0000414e-02
   2.2161000e+02   9.9998356e-03
   2.3880000e+02   2.0000363e-02
   2.5732400e+02   1.0000202e-02
   2.7728500e+02   3.0000108e-02
   2.9879400e+02   3.9999330e-02
   3.2197100e+02   9.9998901e-03
   3.4694600e+02   2.0000288e-02
   3.7385900e+02   1.9999850e-02
   4.0285900e+02   5.0000312e-02
   4.3410900e+02   0.0000000e+00
   4.6778300e+02   1.0000022e-02
   5.0406900e+02   9.9998641e-03
   5.4316900e+02   2.0000167e-02
   5.8530300e+02   1.0000018e-02
   6.3070500e+02   1.9999673e-02
   6.7962800e+02   0.0000000e+00
   7.3234700e+02   4.9999845e-02
   7.8915500e+02   2.0000104e-02
   8.5037000e+02   9.9999908e-03
   9.1633300e+02   1.9999993e-02
   9.8741300e+02   2.0000855e-02
   1.0640100e+03   2.9998169e-02
   1.1465400e+03   2.0000649e-02
   1.2354800e+03   3.0001179e-02
   1.3313200e+03   9.9999955e-03
   1.4345900e+03   9.9999324e-03
   1.5458700e+03   1.9999549e-02
   1.6657800e+03   0.0000000e+00
   1.7949900e+03   2.0000294e-02
   1.9342300e+03   3.0000348e-02
   2.0842700e+03   1.0000199e-02
   2.2459500e+03   1.9999134e-02
   2.4201600e+03   0.0000000e+00
   2.6079000e+03   9.9997813e-03
   2.8101900e+03   3.0000438e-02
   3.0281800e+03   0.0000000e+00
   3.2630700e+03   0.0000000e+00
   3.5161900e+03   3.0000045e-02
   3.7889400e+03   1.0000082e-02
   4.0828500e+03   9.9998025e-03
   4.3995500e+03   2.0000407e-02
   4.7408300e+03   1.9999687e-02
   5.1085700e+03   0.0000000e+00
   5.5048400e+03   1.0000211e-02
   5.9318600e+03   9.9999133e-03
   6.3919900e+03   0.0000000e+00
   6.8878200e+03   0.0000000e+00
   7.4221000e+03   2.0000286e-02
   7.9978400e+03   9.9999423e-03
   8.6182300e+03   1.9999814e-02
   9.2867400e+03   0.0000000e+00
   1.0007100e+04   0.0000000e+00
   1.0783400e+04   0.0000000e+00
   1.1619800e+04   0.0000000e+00
   1.2521200e+04   1.0000311e-02
   1.3492500e+04   0.0000000e+00
   1.4539100e+04   0.0000000e+00
   1.5666900e+04   0.0000000e+00
   1.6882100e+04   1.0000407e-02
   1.8191700e+04   0.0000000e+00
   1.9602800e+04   2.0000148e-02
   2.1123400e+04   0.0000000e+00
   2.2761900e+04   0.0000000e+00
   2.4527600e+04   0.0000000e+00
   2.6430200e+04   0.0000000e+00
   2.8480400e+04   0.0000000e+00
   3.0689600e+04   1.0000044e-02
   3.3070200e+04   0.0000000e+00
   3.5635400e+04   0.0000000e+00
   3.8399700e+04   9.9997857e-03
   4.1378300e+04   0.0000000e+00
   4.4588100e+04   0.0000000e+00
   4.8046800e+04   0.0000000e+00
   5.1773700e+04   0.0000000e+00
   5.5789800e+04   0.0000000e+00
   6.0117500e+04   9.9999805e-03
   6.4780800e+04   0.0000000e+00
   6.9805800e+04   0.0000000e+00
   7.5220600e+04   0.0000000e+00
   8.1055500e+04   1.0000017e-02
   8.7343000e+04   0.0000000e+00
   9.4118200e+04   0.0000000e+00
   1.0141900e+05   0.0000000e+00
   1.0928600e+05   0.0000000e+00
   1.1776300e+05   0.0000000e+00
   1.2689800e+05   0.0000000e+00
   1.3674200e+05   0.0000000e+00
   1.4734900e+05   0.0000000e+00
   1.5877900e+05   0.0000000e+00
   1.7109500e+05   0.0000000e+00
   1.8436700e+05   0.0000000e+00
   1.9866800e+05   0.0000000e+00
   2.1407900e+05   0.0000000e+00
   2.3068500e+05   9.9998651e-03
