   1.4937500e+02   9.9998060e-03
   1.6459800e+02   0.0000000e+00
   1.8137300e+02   9.9998255e-03
   1.9985700e+02   9.9999344e-03
   2.2022500e+02   0.0000000e+00
   2.4266900e+02   1.9999811e-02
   2.6740000e+02   3.0000364e-02
   2.9465200e+02   0.0000000e+00
   3.2468100e+02   9.9998929e-03
   3.5777000e+02   5.0000341e-02
   3.9423200e+02   4.9999473e-02
   4.3440900e+02   3.0000536e-02
   4.7868200e+02   1.9999928e-02
   5.2746600e+02   4.0000108e-02
   5.8122200e+02   9.9999431e-03
   6.4045600e+02   5.9999910e-02
   7.0572700e+02   9.9999582e-03
   7.7765000e+02   1.9999970e-02
   8.5690300e+02   2.9999951e-02
   9.4423300e+02   3.9998677e-02
   1.0404600e+03   3.0000731e-02
   1.1465000e+03   2.9999021e-02
   1.2633400e+03   5.0003173e-02
   1.3921000e+03   9.9997637e-03
   1.5339700e+03   1.9999766e-02
   1.6903000e+03   2.0000547e-02
   1.8625700e+03   2.0000005e-02
   2.0523900e+03   1.9999419e-02
   2.2615500e+03   0.0000000e+00
   2.4920400e+03   2.9999698e-02
   2.7460100e+03   9.9997961e-03
   3.0258600e+03   2.0000232e-02
   3.3342400e+03   1.9999745e-02
   3.6740400e+03   1.0000132e-02
   4.0484800e+03   9.9999026e-03
   4.4610700e+03   1.0000118e-02
   4.9157200e+03   1.0000062e-02
   5.4167000e+03   1.9999826e-02
   5.9687300e+03   0.0000000e+00
   6.5770300e+03   9.9999073e-03
   7.2473100e+03   9.9999793e-03
   7.9859100e+03   9.9999393e-03
   8.7997800e+03   3.0000064e-02
   9.6966000e+03   9.9998923e-03
   1.0684800e+04   1.9999500e-02
   1.1773700e+04   9.9999666e-03
   1.2973600e+04   0.0000000e+00
   1.4295800e+04   1.0000411e-02
   1.5752800e+04   9.9998761e-03
   1.7358200e+04   0.0000000e+00
   1.9127200e+04   0.0000000e+00
   2.1076600e+04   0.0000000e+00
   2.3224500e+04   0.0000000e+00
   2.5591400e+04   0.0000000e+00
   2.8199600e+04   9.9999362e-03
   3.1073500e+04   0.0000000e+00
   3.4240300e+04   0.0000000e+00
   3.7729800e+04   1.0000058e-02
   4.1575000e+04   0.0000000e+00
   4.5812100e+04   9.9998693e-03
   5.0480900e+04   0.0000000e+00
   5.5625600e+04   1.0000003e-02
   6.1294600e+04   1.0000065e-02
   6.7541400e+04   1.9999772e-02
   7.4424700e+04   0.0000000e+00
   8.2009600e+04   0.0000000e+00
   9.0367500e+04   0.0000000e+00
   9.9577200e+04   0.0000000e+00
   1.0972500e+05   0.0000000e+00
   1.2090800e+05   0.0000000e+00
   1.3323000e+05   0.0000000e+00
   1.4680800e+05   0.0000000e+00
   1.6177000e+05   0.0000000e+00
   1.7825600e+05   0.0000000e+00
   1.9642300e+05   9.9999118e-03
   2.1644100e+05   0.0000000e+00
   2.3849900e+05   0.0000000e+00
   2.6280600e+05   0.0000000e+00
   2.8958900e+05   0.0000000e+00
   3.1910200e+05   0.0000000e+00
   3.5162300e+05   0.0000000e+00
   3.8745800e+05   0.0000000e+00
   4.2694600e+05   0.0000000e+00
   4.7045700e+05   0.0000000e+00
   5.1840300e+05   0.0000000e+00
   5.7123500e+05   0.0000000e+00
   6.2945200e+05   0.0000000e+00
   6.9360200e+05   0.0000000e+00
   7.6428900e+05   0.0000000e+00
   8.4218000e+05   0.0000000e+00
   9.2801000e+05   0.0000000e+00
   1.0225900e+06   0.0000000e+00
   1.1268000e+06   0.0000000e+00
   1.2416400e+06   0.0000000e+00
   1.3681800e+06   0.0000000e+00
   1.5076100e+06   0.0000000e+00
   1.6612600e+06   0.0000000e+00
   1.8305700e+06   0.0000000e+00
   2.0171200e+06   0.0000000e+00
