   1.5523900e+02   1.0000009e-02
   1.6612000e+02   0.0000000e+00
   1.7776300e+02   0.0000000e+00
   1.9022300e+02   1.9999767e-02
   2.0355600e+02   1.0000227e-02
   2.1782400e+02   2.0000317e-02
   2.3309200e+02   0.0000000e+00
   2.4942900e+02   0.0000000e+00
   2.6691300e+02   9.9997627e-03
   2.8562100e+02   0.0000000e+00
   3.0564100e+02   0.0000000e+00
   3.2706400e+02   9.9997468e-03
   3.4998800e+02   2.0000498e-02
   3.7452000e+02   1.9999350e-02
   4.0077000e+02   1.0000059e-02
   4.2886100e+02   2.0000150e-02
   4.5892100e+02   0.0000000e+00
   4.9108800e+02   9.9998857e-03
   5.2550900e+02   3.0000004e-02
   5.6234300e+02   2.0000112e-02
   6.0175900e+02   2.9999651e-02
   6.4393700e+02   2.0000041e-02
   6.8907200e+02   3.0000344e-02
   7.3737100e+02   1.0000027e-02
   7.8905500e+02   2.9999744e-02
   8.4436100e+02   4.9999988e-02
   9.0354400e+02   0.0000000e+00
   9.6687500e+02   3.0002095e-02
   1.0346500e+03   1.9999856e-02
   1.1071700e+03   2.9998608e-02
   1.1847700e+03   0.0000000e+00
   1.2678100e+03   1.0000719e-02
   1.3566800e+03   1.9999519e-02
   1.4517700e+03   3.0000781e-02
   1.5535300e+03   2.0000044e-02
   1.6624200e+03   0.0000000e+00
   1.7789400e+03   1.0000051e-02
   1.9036300e+03   1.0000071e-02
   2.0370600e+03   3.9999674e-02
   2.1798400e+03   3.0000164e-02
   2.3326300e+03   2.9998453e-02
   2.4961200e+03   0.0000000e+00
   2.6710800e+03   1.9999777e-02
   2.8583000e+03   1.0000270e-02
   3.0586500e+03   4.0000672e-02
   3.2730400e+03   0.0000000e+00
   3.5024500e+03   0.0000000e+00
   3.7479400e+03   3.0000957e-02
   4.0106500e+03   0.0000000e+00
   4.2917600e+03   3.0000177e-02
   4.5925800e+03   0.0000000e+00
   4.9144800e+03   1.0000102e-02
   5.2589500e+03   9.9999838e-03
   5.6275600e+03   0.0000000e+00
   6.0220000e+03   1.0000140e-02
   6.4441000e+03   2.9999998e-02
   6.8957800e+03   0.0000000e+00
   7.3791200e+03   9.9998416e-03
   7.8963300e+03   9.9999853e-03
   8.4498000e+03   1.0000124e-02
   9.0420700e+03   0.0000000e+00
   9.6758500e+03   0.0000000e+00
   1.0354000e+04   0.0000000e+00
   1.1079800e+04   0.0000000e+00
   1.1856400e+04   0.0000000e+00
   1.2687400e+04   2.0000268e-02
   1.3576700e+04   9.9997934e-03
   1.4528300e+04   0.0000000e+00
   1.5546700e+04   0.0000000e+00
   1.6636300e+04   0.0000000e+00
   1.7802400e+04   0.0000000e+00
   1.9050200e+04   1.0000222e-02
   2.0385500e+04   0.0000000e+00
   2.1814400e+04   9.9999199e-03
   2.3343400e+04   3.0000218e-02
   2.4979600e+04   0.0000000e+00
   2.6730400e+04   0.0000000e+00
   2.8604000e+04   0.0000000e+00
   3.0608900e+04   0.0000000e+00
   3.2754400e+04   0.0000000e+00
   3.5050200e+04   1.9999675e-02
   3.7506900e+04   0.0000000e+00
   4.0135900e+04   0.0000000e+00
   4.2949100e+04   0.0000000e+00
   4.5959500e+04   0.0000000e+00
   4.9180900e+04   0.0000000e+00
   5.2628000e+04   0.0000000e+00
   5.6316900e+04   0.0000000e+00
   6.0264200e+04   0.0000000e+00
   6.4488300e+04   0.0000000e+00
   6.9008400e+04   0.0000000e+00
   7.3845300e+04   0.0000000e+00
   7.9021300e+04   0.0000000e+00
   8.4560000e+04   0.0000000e+00
   9.0487000e+04   0.0000000e+00
   9.6829400e+04   0.0000000e+00
   1.0361600e+05   1.0000425e-02
   1.1087900e+05   0.0000000e+00
   1.1865100e+05   9.9994079e-03
