   1.6517200e+02   1.0000054e-02
   1.7571900e+02   0.0000000e+00
   1.8693900e+02   0.0000000e+00
   1.9887600e+02   0.0000000e+00
   2.1157500e+02   0.0000000e+00
   2.2508500e+02   3.0000619e-02
   2.3945800e+02   1.0000375e-02
   2.5474900e+02   1.9999047e-02
   2.7101500e+02   3.0000816e-02
   2.8832100e+02   0.0000000e+00
   3.0673100e+02   2.9999876e-02
   3.2631700e+02   2.0000207e-02
   3.4715400e+02   0.0000000e+00
   3.6932200e+02   9.9996641e-03
   3.9290400e+02   3.0000423e-02
   4.1799300e+02   2.0000260e-02
   4.4468400e+02   1.0000009e-02
   4.7307900e+02   9.9999657e-03
   5.0328700e+02   2.9999986e-02
   5.3542400e+02   2.9999890e-02
   5.6961300e+02   1.9999872e-02
   6.0598500e+02   1.0000065e-02
   6.4468000e+02   1.9999727e-02
   6.8584500e+02   1.0000194e-02
   7.2964000e+02   2.9999581e-02
   7.7623000e+02   2.0000129e-02
   8.2579600e+02   1.0000065e-02
   8.7852700e+02   1.9999759e-02
   9.3462400e+02   1.0000040e-02
   9.9430400e+02   1.9998534e-02
   1.0577900e+03   2.0001555e-02
   1.1253400e+03   1.0000325e-02
   1.1972000e+03   1.9998386e-02
   1.2736400e+03   1.0000255e-02
   1.3549700e+03   9.9998951e-03
   1.4414900e+03   3.0001488e-02
   1.5335400e+03   9.9996883e-03
   1.6314600e+03   1.0000405e-02
   1.7356400e+03   1.9998577e-02
   1.8464600e+03   1.0000454e-02
   1.9643700e+03   9.9997311e-03
   2.0898000e+03   0.0000000e+00
   2.2232400e+03   3.0001384e-02
   2.3652100e+03   0.0000000e+00
   2.5162400e+03   0.0000000e+00
   2.6769100e+03   0.0000000e+00
   2.8478400e+03   2.0000409e-02
   3.0296900e+03   1.0000063e-02
   3.2231500e+03   9.9999169e-03
   3.4289600e+03   1.9999659e-02
   3.6479100e+03   0.0000000e+00
   3.8808500e+03   1.0000050e-02
   4.1286600e+03   1.9999815e-02
   4.3922900e+03   0.0000000e+00
   4.6727600e+03   9.9998109e-03
   4.9711300e+03   0.0000000e+00
   5.2885600e+03   0.0000000e+00
   5.6262600e+03   9.9999662e-03
   5.9855200e+03   0.0000000e+00
   6.3677200e+03   3.0000255e-02
   6.7743300e+03   2.0000004e-02
   7.2069000e+03   0.0000000e+00
   7.6670900e+03   0.0000000e+00
   8.1566600e+03   1.0000024e-02
   8.6775000e+03   2.0000129e-02
   9.2316000e+03   9.9998870e-03
   9.8210700e+03   1.0000215e-02
   1.0448200e+04   0.0000000e+00
   1.1115400e+04   9.9991052e-03
   1.1825100e+04   1.0000167e-02
   1.2580200e+04   0.0000000e+00
   1.3383500e+04   0.0000000e+00
   1.4238100e+04   0.0000000e+00
   1.5147300e+04   9.9997841e-03
   1.6114500e+04   0.0000000e+00
   1.7143500e+04   1.9998451e-02
   1.8238100e+04   2.0000258e-02
   1.9402700e+04   1.0000427e-02
   2.0641700e+04   0.0000000e+00
   2.1959700e+04   0.0000000e+00
   2.3362000e+04   0.0000000e+00
   2.4853700e+04   0.0000000e+00
   2.6440700e+04   1.0000275e-02
   2.8129100e+04   0.0000000e+00
   2.9925300e+04   0.0000000e+00
   3.1836100e+04   0.0000000e+00
   3.3869000e+04   1.0000087e-02
   3.6031700e+04   0.0000000e+00
   3.8332400e+04   1.0000029e-02
   4.0780100e+04   0.0000000e+00
   4.3384100e+04   0.0000000e+00
   4.6154400e+04   0.0000000e+00
   4.9101500e+04   0.0000000e+00
   5.2236900e+04   9.9998624e-03
   5.5572400e+04   0.0000000e+00
   5.9121000e+04   0.0000000e+00
   6.2896100e+04   0.0000000e+00
   6.6912300e+04   9.9998921e-03
   7.1184900e+04   0.0000000e+00
