   6.8280200e+02   1.0000034e-02
   7.3507500e+02   0.0000000e+00
   7.9135000e+02   0.0000000e+00
   8.5193300e+02   1.0000010e-02
   9.1715400e+02   1.0000018e-02
   9.8736800e+02   1.0000368e-02
   1.0629600e+03   9.9992338e-03
   1.1443300e+03   0.0000000e+00
   1.2319400e+03   9.9996893e-03
   1.3262500e+03   1.0000675e-02
   1.4277900e+03   9.9994417e-03
   1.5370900e+03   3.0001457e-02
   1.6547700e+03   2.9999344e-02
   1.7814500e+03   1.9999854e-02
   1.9178300e+03   0.0000000e+00
   2.0646500e+03   1.9999648e-02
   2.2227100e+03   6.0002453e-02
   2.3928800e+03   9.9999940e-03
   2.5760700e+03   2.9999388e-02
   2.7732800e+03   4.0001300e-02
   2.9856000e+03   1.9999434e-02
   3.2141600e+03   1.0000211e-02
   3.4602300e+03   0.0000000e+00
   3.7251300e+03   2.9999795e-02
   4.0103100e+03   0.0000000e+00
   4.3173300e+03   1.0000015e-02
   4.6478500e+03   1.9999859e-02
   5.0036700e+03   1.9999869e-02
   5.3867300e+03   0.0000000e+00
   5.7991200e+03   3.0000020e-02
   6.2430800e+03   1.0000052e-02
   6.7210300e+03   9.9998391e-03
   7.2355600e+03   4.0000061e-02
   7.7894900e+03   5.0000366e-02
   8.3858300e+03   2.0000043e-02
   9.0278200e+03   2.0000071e-02
   9.7189600e+03   9.9998976e-03
   1.0463000e+04   1.9999769e-02
   1.1264000e+04   0.0000000e+00
   1.2126300e+04   4.0002156e-02
   1.3054700e+04   1.9999593e-02
   1.4054100e+04   2.9999105e-02
   1.5130000e+04   1.0000838e-02
   1.6288400e+04   9.9993774e-03
   1.7535300e+04   2.0000834e-02
   1.8877800e+04   1.9999834e-02
   2.0323000e+04   9.9996400e-03
   2.1878800e+04   0.0000000e+00
   2.3553800e+04   0.0000000e+00
   2.5357000e+04   0.0000000e+00
   2.7298200e+04   0.0000000e+00
   2.9388100e+04   9.9997986e-03
   3.1637900e+04   0.0000000e+00
   3.4060000e+04   1.9999890e-02
   3.6667500e+04   0.0000000e+00
   3.9474700e+04   9.9998584e-03
   4.2496700e+04   3.0000024e-02
   4.5750100e+04   1.0000093e-02
   4.9252600e+04   0.0000000e+00
   5.3023200e+04   1.0000086e-02
   5.7082500e+04   9.9999584e-03
   6.1452500e+04   0.0000000e+00
   6.6157100e+04   0.0000000e+00
   7.1221800e+04   0.0000000e+00
   7.6674300e+04   9.9999616e-03
   8.2544200e+04   0.0000000e+00
   8.8863500e+04   1.0000013e-02
   9.5666600e+04   1.9998667e-02
   1.0299000e+05   0.0000000e+00
   1.1087500e+05   0.0000000e+00
   1.1936300e+05   9.9999875e-03
   1.2850100e+05   1.0000425e-02
   1.3833900e+05   0.0000000e+00
   1.4893000e+05   0.0000000e+00
   1.6033100e+05   9.9997014e-03
   1.7260500e+05   0.0000000e+00
   1.8582000e+05   0.0000000e+00
   2.0004500e+05   0.0000000e+00
   2.1536000e+05   0.0000000e+00
   2.3184700e+05   0.0000000e+00
   2.4959600e+05   1.0000409e-02
   2.6870500e+05   0.0000000e+00
   2.8927600e+05   1.0000048e-02
   3.1142200e+05   0.0000000e+00
   3.3526300e+05   0.0000000e+00
   3.6093000e+05   0.0000000e+00
   3.8856100e+05   0.0000000e+00
   4.1830800e+05   0.0000000e+00
   4.5033200e+05   0.0000000e+00
   4.8480800e+05   0.0000000e+00
   5.2192300e+05   0.0000000e+00
   5.6187900e+05   0.0000000e+00
   6.0489500e+05   0.0000000e+00
   6.5120400e+05   0.0000000e+00
   7.0105700e+05   0.0000000e+00
   7.5472800e+05   0.0000000e+00
   8.1250700e+05   0.0000000e+00
   8.7471000e+05   0.0000000e+00
   9.4167400e+05   1.0000652e-02
