   2.0226600e+02   1.0000107e-02
   2.2788700e+02   0.0000000e+00
   2.5675300e+02   0.0000000e+00
   2.8927500e+02   0.0000000e+00
   3.2591700e+02   2.0000282e-02
   3.6720100e+02   0.0000000e+00
   4.1371300e+02   3.0000343e-02
   4.6611800e+02   4.9999659e-02
   5.2516000e+02   9.9999689e-03
   5.9168100e+02   2.0000174e-02
   6.6662900e+02   3.0000030e-02
   7.5107000e+02   2.9999711e-02
   8.4620600e+02   1.0000029e-02
   9.5339400e+02   3.0000207e-02
   1.0741600e+03   9.9998522e-03
   1.2102200e+03   1.0000204e-02
   1.3635200e+03   3.9998945e-02
   1.5362300e+03   1.9999766e-02
   1.7308200e+03   4.0001724e-02
   1.9500700e+03   0.0000000e+00
   2.1970800e+03   7.9999840e-02
   2.4753800e+03   1.9999849e-02
   2.7889300e+03   1.0000014e-02
   3.1422000e+03   4.0000214e-02
   3.5402200e+03   2.9999743e-02
   3.9886500e+03   3.0000242e-02
   4.4938900e+03   9.9999480e-03
   5.0631200e+03   1.0000030e-02
   5.7044600e+03   1.9999871e-02
   6.4270300e+03   2.0000159e-02
   7.2411400e+03   9.9999910e-03
   8.1583600e+03   3.0000099e-02
   9.1917700e+03   1.0000198e-02
   1.0356100e+04   1.0000088e-02
   1.1667900e+04   7.9997249e-02
   1.3145800e+04   3.0000743e-02
   1.4811000e+04   1.0000082e-02
   1.6687100e+04   1.9999766e-02
   1.8800800e+04   9.9997129e-03
   2.1182200e+04   1.0000286e-02
   2.3865400e+04   1.0000024e-02
   2.6888400e+04   0.0000000e+00
   3.0294300e+04   0.0000000e+00
   3.4131600e+04   2.0000005e-02
   3.8455000e+04   1.9999839e-02
   4.3326000e+04   0.0000000e+00
   4.8814100e+04   0.0000000e+00
   5.4997300e+04   1.9999977e-02
   6.1963700e+04   9.9999206e-03
   6.9812500e+04   0.0000000e+00
   7.8655600e+04   0.0000000e+00
   8.8618800e+04   0.0000000e+00
   9.9844000e+04   9.9999323e-03
   1.1249100e+05   0.0000000e+00
   1.2674000e+05   0.0000000e+00
   1.4279400e+05   0.0000000e+00
   1.6088200e+05   0.0000000e+00
   1.8126000e+05   0.0000000e+00
   2.0422000e+05   0.0000000e+00
   2.3008800e+05   1.0000028e-02
   2.5923300e+05   0.0000000e+00
   2.9207000e+05   0.0000000e+00
   3.2906600e+05   0.0000000e+00
   3.7074800e+05   0.0000000e+00
   4.1771100e+05   0.0000000e+00
   4.7062100e+05   1.0000021e-02
   5.3023400e+05   0.0000000e+00
   5.9739800e+05   0.0000000e+00
   6.7307000e+05   9.9999320e-03
   7.5832600e+05   0.0000000e+00
   8.5438200e+05   0.0000000e+00
   9.6260600e+05   0.0000000e+00
   1.0845400e+06   0.0000000e+00
   1.2219100e+06   0.0000000e+00
   1.3766900e+06   1.0000377e-02
   1.5510800e+06   0.0000000e+00
   1.7475500e+06   0.0000000e+00
   1.9689100e+06   0.0000000e+00
   2.2183100e+06   9.9996567e-03
   2.4992900e+06   0.0000000e+00
   2.8158800e+06   0.0000000e+00
   3.1725600e+06   0.0000000e+00
   3.5744200e+06   0.0000000e+00
   4.0271900e+06   0.0000000e+00
   4.5373100e+06   0.0000000e+00
   5.1120400e+06   0.0000000e+00
   5.7595700e+06   0.0000000e+00
   6.4891300e+06   0.0000000e+00
   7.3111000e+06   0.0000000e+00
   8.2371900e+06   0.0000000e+00
   9.2805800e+06   0.0000000e+00
   1.0456100e+07   0.0000000e+00
   1.1780600e+07   0.0000000e+00
   1.3272800e+07   0.0000000e+00
   1.4954100e+07   0.0000000e+00
   1.6848300e+07   0.0000000e+00
   1.8982400e+07   0.0000000e+00
   2.1386900e+07   0.0000000e+00
   2.4096000e+07   0.0000000e+00
