   3.4862700e+02   3.0000121e-02
   3.6957900e+02   3.9999790e-02
   3.9179000e+02   2.0000067e-02
   4.1533600e+02   0.0000000e+00
   4.4029700e+02   1.9999938e-02
   4.6675800e+02   9.9998729e-03
   4.9480900e+02   0.0000000e+00
   5.2454600e+02   1.0000203e-02
   5.5607100e+02   0.0000000e+00
   5.8949000e+02   9.9999084e-03
   6.2491700e+02   0.0000000e+00
   6.6247400e+02   9.9998710e-03
   7.0228700e+02   2.9999814e-02
   7.4449300e+02   2.0000076e-02
   7.8923600e+02   3.0000171e-02
   8.3666800e+02   2.9999800e-02
   8.8695000e+02   2.9999864e-02
   9.4025400e+02   1.0000051e-02
   9.9676200e+02   1.0000742e-02
   1.0566700e+03   1.9998817e-02
   1.1201700e+03   9.9999821e-03
   1.1874900e+03   1.0000507e-02
   1.2588600e+03   0.0000000e+00
   1.3345100e+03   0.0000000e+00
   1.4147100e+03   2.9999307e-02
   1.4997300e+03   2.0001886e-02
   1.5898700e+03   0.0000000e+00
   1.6854100e+03   1.0000934e-02
   1.7867100e+03   2.9997782e-02
   1.8940800e+03   2.9999669e-02
   2.0079100e+03   2.0001262e-02
   2.1285900e+03   1.9999269e-02
   2.2565100e+03   9.9998136e-03
   2.3921200e+03   0.0000000e+00
   2.5358900e+03   9.9998327e-03
   2.6882900e+03   1.9999836e-02
   2.8498500e+03   1.9999883e-02
   3.0211200e+03   0.0000000e+00
   3.2026900e+03   1.9999365e-02
   3.3951600e+03   2.0000634e-02
   3.5992100e+03   0.0000000e+00
   3.8155100e+03   3.0000627e-02
   4.0448200e+03   2.9999232e-02
   4.2879000e+03   2.0000329e-02
   4.5456000e+03   1.9999781e-02
   4.8187800e+03   1.9999950e-02
   5.1083800e+03   1.0000145e-02
   5.4153900e+03   9.9998092e-03
   5.7408400e+03   1.0000129e-02
   6.0858600e+03   2.0000015e-02
   6.4516100e+03   9.9999832e-03
   6.8393400e+03   9.9999489e-03
   7.2503700e+03   0.0000000e+00
   7.6861100e+03   9.9999675e-03
   8.1480300e+03   9.9999512e-03
   8.6377100e+03   0.0000000e+00
   9.1568300e+03   2.0000026e-02
   9.7071400e+03   0.0000000e+00
   1.0290500e+04   1.0000898e-02
   1.0909000e+04   9.9998668e-03
   1.1564600e+04   0.0000000e+00
   1.2259600e+04   0.0000000e+00
   1.2996400e+04   9.9992211e-03
   1.3777400e+04   1.0000004e-02
   1.4605400e+04   1.0000424e-02
   1.5483200e+04   9.9998974e-03
   1.6413700e+04   0.0000000e+00
   1.7400100e+04   0.0000000e+00
   1.8445800e+04   0.0000000e+00
   1.9554400e+04   1.0000106e-02
   2.0729600e+04   1.9999824e-02
   2.1975400e+04   0.0000000e+00
   2.3296100e+04   0.0000000e+00
   2.4696200e+04   0.0000000e+00
   2.6180400e+04   9.9993913e-03
   2.7753700e+04   0.0000000e+00
   2.9421700e+04   0.0000000e+00
   3.1189900e+04   1.0000214e-02
   3.3064400e+04   0.0000000e+00
   3.5051500e+04   9.9998293e-03
   3.7158000e+04   0.0000000e+00
   3.9391100e+04   0.0000000e+00
   4.1758500e+04   0.0000000e+00
   4.4268100e+04   0.0000000e+00
   4.6928500e+04   2.0000528e-02
   4.9748900e+04   0.0000000e+00
   5.2738700e+04   0.0000000e+00
   5.5908200e+04   0.0000000e+00
   5.9268200e+04   0.0000000e+00
   6.2830100e+04   0.0000000e+00
   6.6606100e+04   0.0000000e+00
   7.0609000e+04   0.0000000e+00
   7.4852500e+04   0.0000000e+00
   7.9351000e+04   0.0000000e+00
   8.4119800e+04   0.0000000e+00
   8.9175300e+04   0.0000000e+00
   9.4534600e+04   1.0000059e-02
   1.0021600e+05   0.0000000e+00
   1.0623900e+05   0.0000000e+00
