   2.0571400e+02   1.0000596e-02
   2.2140500e+02   9.9995515e-03
   2.3829100e+02   1.0000139e-02
   2.5646600e+02   1.0000033e-02
   2.7602700e+02   1.0000070e-02
   2.9708000e+02   9.9997458e-03
   3.1973800e+02   3.0000156e-02
   3.4412500e+02   2.0000162e-02
   3.7037200e+02   2.0000236e-02
   3.9862100e+02   2.9999765e-02
   4.2902400e+02   9.9999741e-03
   4.6174600e+02   3.0000101e-02
   4.9696400e+02   6.9999970e-02
   5.3486800e+02   3.0000031e-02
   5.7566300e+02   9.9998988e-03
   6.1956900e+02   3.9999798e-02
   6.6682400e+02   2.0000237e-02
   7.1768400e+02   9.9999210e-03
   7.7242200e+02   2.0000184e-02
   8.3133600e+02   2.0000026e-02
   8.9474300e+02   5.0000008e-02
   9.6298600e+02   9.9994740e-03
   1.0364300e+03   2.0000045e-02
   1.1154800e+03   1.0000133e-02
   1.2005600e+03   1.0000177e-02
   1.2921300e+03   2.9999310e-02
   1.3906800e+03   1.0000099e-02
   1.4967500e+03   1.0000096e-02
   1.6109100e+03   1.0000328e-02
   1.7337800e+03   9.9994706e-03
   1.8660100e+03   1.0000490e-02
   2.0083400e+03   4.0000506e-02
   2.1615200e+03   9.9999295e-03
   2.3263800e+03   9.9997064e-03
   2.5038100e+03   2.0000097e-02
   2.6947800e+03   0.0000000e+00
   2.9003100e+03   9.9999971e-03
   3.1215200e+03   2.0000679e-02
   3.3596100e+03   9.9999710e-03
   3.6158500e+03   2.9999624e-02
   3.8916300e+03   0.0000000e+00
   4.1884500e+03   0.0000000e+00
   4.5079100e+03   9.9999016e-03
   4.8517300e+03   0.0000000e+00
   5.2217800e+03   0.0000000e+00
   5.6200500e+03   0.0000000e+00
   6.0487000e+03   2.9999971e-02
   6.5100400e+03   9.9998631e-03
   7.0065600e+03   0.0000000e+00
   7.5409600e+03   0.0000000e+00
   8.1161200e+03   0.0000000e+00
   8.7351400e+03   3.0000054e-02
   9.4013800e+03   9.9995609e-03
   1.0118400e+04   0.0000000e+00
   1.0890200e+04   0.0000000e+00
   1.1720800e+04   9.9993442e-03
   1.2614700e+04   1.0000626e-02
   1.3576900e+04   0.0000000e+00
   1.4612400e+04   1.9999925e-02
   1.5726900e+04   0.0000000e+00
   1.6926400e+04   0.0000000e+00
   1.8217400e+04   0.0000000e+00
   1.9606900e+04   0.0000000e+00
   2.1102300e+04   0.0000000e+00
   2.2711800e+04   1.0000256e-02
   2.4444100e+04   9.9996018e-03
   2.6308400e+04   1.0000132e-02
   2.8315000e+04   0.0000000e+00
   3.0474600e+04   2.0000579e-02
   3.2799000e+04   0.0000000e+00
   3.5300600e+04   0.0000000e+00
   3.7993000e+04   0.0000000e+00
   4.0890800e+04   0.0000000e+00
   4.4009500e+04   2.0000259e-02
   4.7366200e+04   0.0000000e+00
   5.0978900e+04   0.0000000e+00
   5.4867100e+04   1.0000082e-02
   5.9051900e+04   0.0000000e+00
   6.3555800e+04   0.0000000e+00
   6.8403300e+04   2.0000032e-02
   7.3620500e+04   0.0000000e+00
   7.9235600e+04   0.0000000e+00
   8.5279000e+04   0.0000000e+00
   9.1783300e+04   0.0000000e+00
   9.8783700e+04   0.0000000e+00
   1.0631800e+05   0.0000000e+00
   1.1442700e+05   0.0000000e+00
   1.2315400e+05   0.0000000e+00
   1.3254800e+05   9.9994589e-03
   1.4265700e+05   0.0000000e+00
   1.5353800e+05   0.0000000e+00
   1.6524800e+05   0.0000000e+00
   1.7785200e+05   0.0000000e+00
   1.9141700e+05   0.0000000e+00
   2.0601600e+05   0.0000000e+00
   2.2173000e+05   0.0000000e+00
   2.3864100e+05   0.0000000e+00
   2.5684300e+05   0.0000000e+00
   2.7643200e+05   1.0000099e-02
