   1.9575800e+02   3.9998759e-02
   2.1077300e+02   9.9998877e-03
   2.2694000e+02   0.0000000e+00
   2.4434800e+02   1.9999401e-02
   2.6309000e+02   2.9999790e-02
   2.8327000e+02   0.0000000e+00
   3.0499800e+02   3.0000344e-02
   3.2839300e+02   9.9999574e-03
   3.5358200e+02   1.9999812e-02
   3.8070300e+02   2.0000304e-02
   4.0990500e+02   9.9998729e-03
   4.4134600e+02   3.0000772e-02
   4.7520000e+02   1.9999566e-02
   5.1164900e+02   6.0000462e-02
   5.5089500e+02   4.0000037e-02
   5.9315100e+02   3.9999870e-02
   6.3864800e+02   1.0000010e-02
   6.8763500e+02   1.0000083e-02
   7.4038000e+02   3.9999866e-02
   7.9717000e+02   9.9999391e-03
   8.5831600e+02   0.0000000e+00
   9.2415300e+02   3.9999765e-02
   9.9503900e+02   9.9996537e-03
   1.0713600e+03   1.0000238e-02
   1.1535400e+03   0.0000000e+00
   1.2420200e+03   3.0000523e-02
   1.3372900e+03   0.0000000e+00
   1.4398700e+03   3.9998607e-02
   1.5503100e+03   2.0000798e-02
   1.6692300e+03   0.0000000e+00
   1.7972600e+03   1.0000185e-02
   1.9351200e+03   2.9999633e-02
   2.0835500e+03   2.0000354e-02
   2.2433700e+03   0.0000000e+00
   2.4154400e+03   1.0000284e-02
   2.6007200e+03   9.9996930e-03
   2.8002000e+03   3.0000364e-02
   3.0149900e+03   0.0000000e+00
   3.2462500e+03   4.0001464e-02
   3.4952600e+03   2.9999854e-02
   3.7633600e+03   1.9999635e-02
   4.0520200e+03   1.0000094e-02
   4.3628300e+03   0.0000000e+00
   4.6974800e+03   1.9999655e-02
   5.0577900e+03   0.0000000e+00
   5.4457500e+03   1.9999913e-02
   5.8634600e+03   0.0000000e+00
   6.3132100e+03   0.0000000e+00
   6.7974600e+03   0.0000000e+00
   7.3188500e+03   1.0000040e-02
   7.8802400e+03   1.0000021e-02
   8.4846900e+03   9.9999560e-03
   9.1355000e+03   0.0000000e+00
   9.8362300e+03   1.9999717e-02
   1.0590700e+04   1.0000563e-02
   1.1403100e+04   0.0000000e+00
   1.2277700e+04   0.0000000e+00
   1.3219500e+04   1.0000109e-02
   1.4233500e+04   0.0000000e+00
   1.5325200e+04   0.0000000e+00
   1.6500700e+04   1.0000182e-02
   1.7766400e+04   1.0000295e-02
   1.9129200e+04   1.0000075e-02
   2.0596500e+04   0.0000000e+00
   2.2176300e+04   0.0000000e+00
   2.3877300e+04   1.0000045e-02
   2.5708800e+04   0.0000000e+00
   2.7680800e+04   0.0000000e+00
   2.9804000e+04   0.0000000e+00
   3.2090100e+04   0.0000000e+00
   3.4551600e+04   0.0000000e+00
   3.7201800e+04   0.0000000e+00
   4.0055300e+04   0.0000000e+00
   4.3127800e+04   0.0000000e+00
   4.6435800e+04   0.0000000e+00
   4.9997700e+04   0.0000000e+00
   5.3832700e+04   0.0000000e+00
   5.7961900e+04   0.0000000e+00
   6.2407800e+04   0.0000000e+00
   6.7194700e+04   0.0000000e+00
   7.2348900e+04   0.0000000e+00
   7.7898300e+04   9.9999274e-03
   8.3873400e+04   0.0000000e+00
   9.0306900e+04   0.0000000e+00
   9.7233800e+04   0.0000000e+00
   1.0469200e+05   0.0000000e+00
   1.1272200e+05   1.0000861e-02
   1.2136900e+05   0.0000000e+00
   1.3067800e+05   0.0000000e+00
   1.4070200e+05   9.9996190e-03
   1.5149400e+05   0.0000000e+00
   1.6311400e+05   0.0000000e+00
   1.7562600e+05   0.0000000e+00
   1.8909700e+05   0.0000000e+00
   2.0360200e+05   0.0000000e+00
   2.1921900e+05   0.0000000e+00
   2.3603400e+05   0.0000000e+00
   2.5413900e+05   0.0000000e+00
   2.7363200e+05   0.0000000e+00
