   1.5622400e+02   1.9999718e-02
   1.6847100e+02   0.0000000e+00
   1.8167900e+02   1.9999044e-02
   1.9592100e+02   1.9999722e-02
   2.1128000e+02   0.0000000e+00
   2.2784400e+02   0.0000000e+00
   2.4570500e+02   1.9999927e-02
   2.6496700e+02   0.0000000e+00
   2.8574000e+02   4.9998816e-02
   3.0814000e+02   3.0000578e-02
   3.3229700e+02   9.9998656e-03
   3.5834700e+02   1.9999622e-02
   3.8643900e+02   3.0000139e-02
   4.1673400e+02   2.0000117e-02
   4.4940400e+02   5.0000188e-02
   4.8463500e+02   2.0000047e-02
   5.2262800e+02   2.9999745e-02
   5.6359900e+02   7.0001153e-02
   6.0778300e+02   2.9999981e-02
   6.5543000e+02   3.9999757e-02
   7.0681200e+02   0.0000000e+00
   7.6222200e+02   2.0000238e-02
   8.2197700e+02   9.9998755e-03
   8.8641500e+02   3.0000238e-02
   9.5590600e+02   9.9994927e-03
   1.0308400e+03   1.0000909e-02
   1.1116600e+03   2.9997161e-02
   1.1988000e+03   1.9999978e-02
   1.2927800e+03   3.0000715e-02
   1.3941300e+03   0.0000000e+00
   1.5034300e+03   9.9999378e-03
   1.6212900e+03   1.9999948e-02
   1.7483900e+03   0.0000000e+00
   1.8854500e+03   0.0000000e+00
   2.0332600e+03   0.0000000e+00
   2.1926600e+03   3.9999319e-02
   2.3645500e+03   4.0000251e-02
   2.5499200e+03   1.9999995e-02
   2.7498200e+03   9.9999258e-03
   2.9653900e+03   1.9999882e-02
   3.1978600e+03   0.0000000e+00
   3.4485600e+03   0.0000000e+00
   3.7189100e+03   9.9998803e-03
   4.0104500e+03   0.0000000e+00
   4.3248500e+03   9.9998153e-03
   4.6638900e+03   1.0000127e-02
   5.0295200e+03   0.0000000e+00
   5.4238100e+03   0.0000000e+00
   5.8490100e+03   1.9999932e-02
   6.3075400e+03   0.0000000e+00
   6.8020200e+03   1.9999913e-02
   7.3352600e+03   0.0000000e+00
   7.9103100e+03   0.0000000e+00
   8.5304300e+03   0.0000000e+00
   9.1991800e+03   1.9999786e-02
   9.9203400e+03   0.0000000e+00
   1.0698000e+04   0.0000000e+00
   1.1536700e+04   9.9997699e-03
   1.2441100e+04   0.0000000e+00
   1.3416500e+04   0.0000000e+00
   1.4468200e+04   4.0002337e-02
   1.5602500e+04   0.0000000e+00
   1.6825600e+04   0.0000000e+00
   1.8144700e+04   9.9996569e-03
   1.9567100e+04   0.0000000e+00
   2.1101100e+04   0.0000000e+00
   2.2755300e+04   0.0000000e+00
   2.4539200e+04   0.0000000e+00
   2.6462900e+04   0.0000000e+00
   2.8537500e+04   0.0000000e+00
   3.0774700e+04   0.0000000e+00
   3.3187300e+04   0.0000000e+00
   3.5789000e+04   0.0000000e+00
   3.8594600e+04   3.0000784e-02
   4.1620300e+04   0.0000000e+00
   4.4883100e+04   0.0000000e+00
   4.8401700e+04   0.0000000e+00
   5.2196100e+04   0.0000000e+00
   5.6288000e+04   1.0000017e-02
   6.0700700e+04   0.0000000e+00
   6.5459300e+04   0.0000000e+00
   7.0591000e+04   0.0000000e+00
   7.6125000e+04   0.0000000e+00
   8.2092800e+04   0.0000000e+00
   8.8528400e+04   0.0000000e+00
   9.5468600e+04   0.0000000e+00
   1.0295300e+05   0.0000000e+00
   1.1102400e+05   0.0000000e+00
   1.1972800e+05   0.0000000e+00
   1.2911400e+05   0.0000000e+00
   1.3923500e+05   0.0000000e+00
   1.5015100e+05   0.0000000e+00
   1.6192200e+05   0.0000000e+00
   1.7461600e+05   0.0000000e+00
   1.8830500e+05   0.0000000e+00
   2.0306700e+05   0.0000000e+00
   2.1898600e+05   0.0000000e+00
   2.3615300e+05   0.0000000e+00
   2.5466700e+05   9.9997280e-03
