127.539	0.000915591
138.461	0
150.318	0
163.191	0
177.166	0
192.337	0
208.808	0.00111848
226.69	0.00103025
246.103	0.000474492
267.178	0.00131119
290.058	0.00120776
314.897	0
341.864	0.00102474
371.139	0.00125854
402.922	0.000289817
437.427	0.000533912
474.886	0.000245898
515.553	0.000906007
559.703	0.000625905
607.633	0.000768711
659.669	0.000177019
716.16	0.000652221
777.489	0.000901161
844.069	0.000415038
916.352	0.000127433
994.824	0.000117381
1080.02	0
1172.5	0.00029878
1272.91	0.000366949
1381.92	0.000253503
1500.26	7.78355e-05
1628.74	0.000143392
1768.22	0.000198121
1919.64	0
2084.03	0.000168098
2262.5	5.16128e-05
2456.25	4.75415e-05
2666.59	0
2894.94	8.06743e-05
3142.85	3.71553e-05
3411.99	3.42245e-05
3704.18	3.15248e-05
4021.39	0
4365.77	2.67476e-05
4739.63	7.39131e-05
5145.52	0
5586.16	0
6064.53	1.92552e-05
6583.87	1.77363e-05
7147.69	0
7759.78	4.51457e-05
8424.3	0
9145.72	0
9928.92	1.1761e-05
10779.2	0
11702.3	0
12704.4	9.19159e-06
13792.4	8.46655e-06
14973.5	1.55974e-05
16255.7	7.18354e-06
17647.8	0
19159.1	0
20799.8	0
22581	1.03426e-05
24514.7	0
26614.1	0
28893.2	0
31367.5	0
34053.7	6.85822e-06
36969.9	6.31724e-06
40135.8	0
43572.9	0
47304.3	0
51355.2	0
55753	0
60527.5	0
65710.8	0
71338	0
77447.1	0
84079.3	0
91279.5	2.5586e-06
99096.3	0
107582	0
116795	0
126797	0
137656	0
149444	0
162242	0
176135	0
191219	0
207594	0
225371	0
244671	0
265624	0
288371	0
313066	0
339875	0
368981	0
400578	2.91513e-07
434882	0
