147.328	0.000759545
160.493	0.000697237
174.836	0.000640041
190.46	0.000587536
207.48	0
226.021	0.000495095
246.219	0
268.222	0.000834397
292.192	0.000765948
318.303	0.000703115
346.748	0.000645436
377.735	0.000592489
411.491	0.00135971
448.263	0.000249634
488.322	0.000229156
531.96	0.000841431
579.498	0.00135171
631.284	0.000886303
687.699	0.000813597
749.154	0.000448113
816.101	0.000274235
889.032	0.000251739
968.479	0.000808808
1055.03	0.000318197
1149.31	0.000194729
1252.01	8.93775e-05
1363.9	0
1485.78	7.53151e-05
1618.56	6.91368e-05
1763.2	6.34653e-05
1920.77	0.000174777
2092.41	0.000213919
2279.4	4.90927e-05
2483.1	9.0131e-05
2704.99	0.000124106
2946.72	7.595e-05
3210.05	6.97196e-05
3496.92	6.40003e-05
3809.42	5.87502e-05
4149.84	2.69653e-05
4520.69	2.47533e-05
4924.67	4.54454e-05
5364.76	0
5844.18	0
6366.44	0
6935.37	0
7555.14	0
8230.3	0
8965.79	0
9767.01	0
10639.8	1.05173e-05
11590.6	9.6545e-06
12626.4	0
13754.8	8.13549e-06
14984	0
16323	1.3711e-05
17781.7	0
19370.7	0
21101.8	0
22987.5	4.86795e-06
25041.8	0
27279.6	0
29717.4	0
32373.1	0
35266.1	0
38417.6	2.91278e-06
41850.7	0
45590.7	0
49664.8	0
54103.1	0
58937.9	0
64204.9	0
69942.5	0
76192.8	0
83001.7	0
90419.1	0
98499.3	1.13607e-06
107302	0
116890	0
127336	0
138716	0
151112	0
164616	0
179326	0
195352	0
212809	0
231827	0
252543	0
275112	0
299697	0
326479	0
355654	0
387437	0
422060	0
459777	0
500865	0
545624	0
594383	0
647499	1.72822e-07
705363	0
