362.457	0.000336703
392.157	0
424.29	0
459.056	0.000265851
496.671	0.00073715
537.369	0
581.401	0
629.041	0.000388021
680.584	0.000179317
736.351	0.000331474
796.688	0.000153185
861.969	0
932.598	0.000261721
1009.02	0.00012095
1091.69	0.00011179
1181.15	0
1277.93	0.000190997
1382.64	0.000264798
1495.94	8.15812e-05
1618.52	0.000150805
1751.14	0
1894.63	0
2049.87	0
2217.84	0.000220107
2399.57	5.08594e-05
2596.19	0.000141023
2808.92	0.000217237
3039.08	4.0157e-05
3288.1	0.000111347
3557.53	3.43048e-05
3849.04	6.34135e-05
4164.43	8.79164e-05
4505.66	0
4874.85	2.50347e-05
5274.3	0.000115694
5706.48	4.27726e-05
6174.06	0
6679.97	1.82696e-05
7227.32	1.6886e-05
7819.53	4.68214e-05
8460.26	1.44251e-05
9153.5	2.66653e-05
9903.54	2.46458e-05
10715	3.4169e-05
11593	1.05271e-05
12543	0
13570.7	2.69788e-05
14682.7	8.31185e-06
15885.8	1.53647e-05
17187.5	0
18595.8	1.31256e-05
20119.6	6.06576e-06
21768.2	5.60637e-06
23551.9	5.18177e-06
25481.7	4.78934e-06
27569.7	4.42662e-06
29828.7	0
32272.9	3.78151e-06
34917.4	6.99025e-06
37778.5	6.46085e-06
40874.1	0
44223.3	5.51929e-06
47846.9	0
51767.5	0
56009.3	2.17893e-06
60598.7	0
65564.2	3.72278e-06
70936.5	0
76749.1	3.18025e-06
83037.9	0
89842	0
97203.7	1.25551e-06
105169	0
113786	0
123110	0
133197	0
144112	0
155920	0
168696	1.44687e-06
182519	6.68645e-07
197475	0
213656	0
231163	0
250104	0
270598	4.51003e-07
292771	0
316760	0
342716	0
370798	0
401181	0
434054	2.81165e-07
469620	0
508101	0
549734	0
594780	0
643516	0
696246	0
753296	0
815021	1.49739e-07
881804	0
