152.105	0.000906505
163.136	0.000845206
174.967	0
187.657	0.000734764
201.267	0.00137016
215.864	0
231.519	0.00059556
248.31	0.000555288
266.319	0.00103548
285.634	0.00144819
306.349	0.000450087
328.567	0.000419651
352.396	0
377.954	0
405.365	0.000340147
434.764	0.000317146
466.295	0.0005914
500.113	0.000827114
536.384	0.000514123
575.285	0.000239679
617.008	0.000893886
661.756	0.00041672
709.75	0.000582812
761.225	0.000543402
816.432	0.000337771
875.644	0.000157465
939.15	0.000293635
1007.26	0.000410669
1080.31	0.000255266
1158.66	0.000357007
1242.7	0.000221911
1332.82	0.000310357
1429.48	0.000192914
1533.16	0
1644.35	8.3853e-05
1763.61	7.81828e-05
1891.51	7.2896e-05
2028.69	6.79667e-05
2175.82	6.33707e-05
2333.63	5.90856e-05
2502.87	5.50902e-05
2684.39	5.13649e-05
2879.08	0
3087.88	8.93062e-05
3311.83	4.16336e-05
3552.02	3.88183e-05
3809.63	0
4085.93	3.3746e-05
4382.26	9.43922e-05
4700.08	0
5040.95	5.47054e-05
5406.55	5.10062e-05
5798.66	2.37785e-05
6219.2	6.65119e-05
6670.25	6.20143e-05
7154.01	0
7672.86	5.39109e-05
8229.33	0
8826.16	1.56221e-05
9466.28	1.45658e-05
10152.8	1.35808e-05
10889.2	2.53249e-05
11678.9	1.18062e-05
12525.9	1.10079e-05
13434.3	0
14408.7	9.56949e-06
15453.6	0
16574.4	0
17776.5	1.5513e-05
19065.7	0
20448.5	0
21931.5	0
23522.1	0
25228	0
27057.7	5.09592e-06
29020	0
31124.7	4.43004e-06
33382	0
35803	3.85117e-06
38399.6	0
41184.6	0
44171.5	0
47375	0
50810.9	0
54496	0
58448.3	0
62687.2	0
67233.6	0
72109.7	0
77339.5	0
82948.5	0
88964.4	0
95416.5	0
102337	0
109759	0
117719	0
126256	0
135413	0
145234	9.4939e-07
155767	0
