142.695	0.000887774
153.959	0
166.113	0
179.225	0
193.373	0
208.638	0.000607182
225.107	0.000562759
242.877	0
262.049	0.00096685
282.735	0.000448056
305.054	0.000415275
329.134	0.000384892
355.115	0.000356733
383.147	0
413.393	0.000306443
446.025	0.000852068
481.233	0.000526485
519.221	0.000487966
560.208	0.00113066
604.43	0.000209588
652.142	0.000388508
703.621	0.000540125
759.164	0.000333739
819.091	0.000154661
883.749	0.00028669
953.51	0.000398573
1028.78	0.000123137
1109.99	0.000114128
1197.61	0
1292.15	9.80393e-05
1394.15	0.000272599
1504.2	8.42184e-05
1622.94	7.80567e-05
1751.05	0.000217038
1889.27	0.000201158
2038.41	6.2147e-05
2199.32	0
2372.93	0.000213544
2560.25	0.00014844
2762.35	9.172e-05
2980.4	8.50095e-05
3215.67	3.9395e-05
3469.51	3.65127e-05
3743.39	6.76826e-05
4038.88	9.40962e-05
4357.71	0
4701.7	0
5072.84	4.99449e-05
5473.28	4.62908e-05
5905.33	2.1452e-05
6371.49	0
6874.45	7.37113e-05
7417.1	1.70796e-05
8002.6	1.583e-05
8634.31	1.46718e-05
9315.89	1.35984e-05
10051.3	1.26035e-05
10844.7	0
11700.8	0
12624.4	0
13620.9	9.30047e-06
14696.2	8.62002e-06
15856.3	7.98935e-06
17107.9	7.40483e-06
18458.4	1.37261e-05
19915.5	0
21487.6	1.76867e-05
23183.7	1.09284e-05
25013.8	0
26988.4	4.69391e-06
29118.8	0
31417.4	0
33897.4	0
36573.2	0
39460.3	0
42575.2	0
45936	0
49562.1	0
53474.5	0
57695.7	0
62250.1	2.03504e-06
67164	0
72465.8	0
78186.1	0
84358	0
91017.1	1.39184e-06
98201.8	0
105954	0
114318	0
123342	0
133078	9.51932e-07
143583	0
154917	0
167146	0
180340	7.02457e-07
194576	0
209935	0
226507	0
244388	0
263679	0
