149.168	0.0008065
161.568	0.00297842
174.998	0.00137492
189.544	0
205.299	0.00117199
222.364	0
240.848	0.000499503
260.868	0.00092234
282.552	0.00127733
306.038	0.000786205
331.477	0.000362934
359.03	0.00134033
388.873	0.000618732
421.197	0.000285624
456.209	0
494.13	0.000486934
535.203	0.000674347
579.691	0.000622596
627.876	0.00038321
680.067	0.000530702
736.595	0.000326649
797.823	0
864.14	0.000417655
935.97	0.000257069
1013.77	0.00011867
1098.04	0.000109563
1189.31	0.00020231
1288.17	0.000186784
1395.24	0.000172449
1511.22	0.000159215
1636.84	0.000220494
1772.89	0.000135715
1920.26	0
2079.88	0.000231368
2252.76	5.3403e-05
2440.02	0
2642.84	0.000182083
2862.52	4.20274e-05
3100.46	3.88021e-05
3358.18	3.58243e-05
3637.32	9.9225e-05
3939.66	3.05367e-05
4267.14	2.81932e-05
4621.83	0
5006.01	2.4032e-05
5422.12	4.43753e-05
5872.82	0
6360.99	1.89128e-05
6889.73	3.49228e-05
7462.42	1.61213e-05
8082.72	2.97683e-05
8754.57	0
9482.28	0
10270.5	0
11124.2	1.08147e-05
12048.8	9.98471e-06
13050.4	9.21845e-06
14135.2	0
15310.1	0
16582.7	7.2548e-06
17961.1	6.69804e-06
19454.1	0
21071.2	5.70942e-06
22822.7	0
24719.7	0
26774.5	4.49324e-06
29000.1	0
31410.6	3.83005e-06
34021.6	3.53612e-06
36849.5	0
39912.6	0
43230.2	0
46823.6	2.56931e-06
50715.7	0
54931.3	0
59497.3	0
64442.9	0
69799.6	0
75601.5	0
81885.7	0
88692.2	0
96064.6	0
104050	1.15622e-06
112699	0
122066	0
132213	0
143203	0
155106	0
167999	0
181963	0
197089	0
213471	0
231215	0
250435	4.80382e-07
271252	4.43516e-07
293799	0
318220	0
344671	0
373321	3.22254e-07
404353	0
