139.74	0.000820515
151.927	0
165.178	0
179.584	0
195.246	0
212.275	0.00162043
230.788	0.000993627
250.917	0.000456959
272.8	0.00210151
296.593	0.000773173
322.46	0.00106672
350.584	0.000981153
381.16	0.00180489
414.403	0.000830052
450.545	0.00127244
489.84	0.00117037
532.561	0.000430593
579.009	0.000198026
629.507	0.000546421
684.41	0.000335059
744.101	0.00030818
808.998	0.000425188
879.555	0.00039108
956.266	0.000239805
1039.67	0.000110284
1130.34	0.000202874
1228.92	9.33e-05
1336.11	0.000257447
1452.64	7.89315e-05
1579.33	0.000145199
1717.07	6.67758e-05
1866.82	0
2029.64	0
2206.66	0.000155881
2399.11	4.77922e-05
2608.35	4.39583e-05
2835.84	0
3083.17	3.71886e-05
3352.06	0
3644.42	6.29229e-05
3962.27	0
4307.84	7.98489e-05
4683.55	2.44812e-05
5092.02	2.25173e-05
5536.13	0
6018.96	0
6543.91	1.75214e-05
7114.64	1.61159e-05
7735.14	1.48231e-05
8409.76	0
9143.22	1.25403e-05
9940.65	0
10807.6	0
11750.2	0
12775	8.97522e-06
13889.2	0
15100.6	7.59301e-06
16417.6	0
17849.4	6.42367e-06
19406.2	1.18167e-05
21098.7	5.4344e-06
22938.8	0
24939.4	0
27114.5	0
29479.3	0
32050.4	3.57745e-06
34845.7	0
37884.7	0
41188.9	0
44781.2	0
48686.8	0
52933	0
57549.6	0
62568.8	0
68025.8	0
73958.7	1.55031e-06
80409	0
87421.9	2.62311e-06
95046.4	0
103336	0
112348	0
122147	0
132800	8.63394e-07
144382	0
156975	0
170665	0
185550	6.1794e-07
201733	5.6837e-07
219327	5.22776e-07
238455	0
259252	0
281863	0
306446	0
333173	0
362231	0
393823	0
428170	0
465513	0
506113	2.26548e-07
550254	0
