196.054	0.00126819
211.824	0.000586885
228.863	0.00054319
247.273	0.000502749
267.164	0
288.654	0.000861351
311.874	0.000797223
336.961	0.00147574
364.066	0.000682934
393.351	0.000948133
424.993	0.000292514
459.179	0.000270736
496.115	0
536.023	0.00115962
579.14	0.000429314
625.726	0.000198675
676.06	0.000367768
730.442	0.000170194
789.198	0.000157522
852.681	0
921.271	0.000539761
995.378	0.000124894
1075.45	0.000462381
1161.95	0
1255.42	0.000495118
1356.41	0.000366605
1465.52	0.000254483
1583.4	7.85122e-05
1710.77	0.000290667
1848.39	6.72567e-05
1997.07	6.22494e-05
2157.71	0.00011523
2331.28	5.33254e-05
2518.81	9.87105e-05
2721.42	4.56807e-05
2940.33	8.45594e-05
3176.85	3.91319e-05
3432.4	7.24371e-05
3708.5	0
4006.81	0
4329.12	0
4677.35	2.65784e-05
5053.6	4.91992e-05
5460.11	2.27681e-05
5899.32	0
6373.86	1.95041e-05
6886.57	0
7440.53	6.68321e-05
8039.04	0
8685.7	0
9384.38	2.64943e-05
10139.3	1.22609e-05
10954.9	2.26961e-05
11836.1	0
12788.2	1.94424e-05
13816.8	0
14928.3	1.66552e-05
16129.1	7.70759e-06
17426.5	7.13375e-06
18828.3	6.60264e-06
20342.8	0
21979.2	0
23747.2	1.047e-05
25657.4	0
27721.3	0
29951.2	0
32360.5	3.84161e-06
34963.6	0
37776	0
40814.7	3.04587e-06
44097.9	2.8191e-06
47645.1	0
51477.7	0
55618.5	0
60092.5	2.06875e-06
64926.3	0
70149	0
75791.8	0
81888.4	0
88475.5	0
95592.5	0
103282	0
111590	0
120566	0
130265	0
140743	8.83287e-07
152064	0
164296	0
177512	0
191791	0
207219	0
223888	0
241897	0
261356	0
282379	0
305093	0
329635	0
356151	0
384800	0
415753	0
