165.919	0.000775
178.822	0.000719078
192.729	0
207.717	0
223.871	0.00172314
241.281	0.00213174
260.045	0.00098896
280.268	0
302.064	0.000851389
325.555	0.000789955
350.873	0.000732955
378.16	0.0010201
407.568	0.000315498
439.264	0.000585465
473.425	0.00135805
510.243	0
549.924	0.000467654
592.69	0.000216955
638.783	0.0006039
688.46	0.000186775
742	0.000173298
799.705	0.000482379
861.896	0.000149191
928.925	0.000276851
1001.17	0.000256874
1079.02	0.00011917
1162.94	0.000110571
1253.38	0.000102592
1350.85	9.51895e-05
1455.91	0
1569.13	8.19479e-05
1691.16	0.000228104
1822.68	0.000211645
1964.42	0.000196374
2117.19	0.000182204
2281.84	0.000112704
2459.3	0.000104572
2650.56	0
2856.68	0
3078.84	0.000167059
3318.28	3.87511e-05
3576.34	3.59549e-05
3854.47	3.33605e-05
4154.22	3.09533e-05
4477.29	8.61595e-05
4825.48	0
5200.75	2.47247e-05
5605.2	2.29406e-05
6041.11	4.25706e-05
6510.92	5.92483e-05
7017.26	0
7562.98	1.70021e-05
8151.15	0
8785.05	0
9468.25	2.71617e-05
10204.6	1.26009e-05
10998.2	0
11853.5	2.16961e-05
12775.3	0
13768.8	0
14839.6	0
15993.7	8.03987e-06
17237.5	0
18578	6.92147e-06
20022.8	0
21579.9	5.95864e-06
23258.1	0
25066.9	0
27016.3	0
29117.3	4.41617e-06
31381.7	0
33822.2	0
36452.5	0
39287.4	0
42342.7	0
45635.6	0
49184.6	0
53009.7	2.42573e-06
57132.1	0
61575.2	0
66363.8	0
71524.8	0
77087.2	0
83082.1	3.09542e-06
89543.3	1.43603e-06
96507	0
104012	0
112101	0
120819	0
130215	9.87498e-07
140341	0
151256	0
163018	0
175696	7.31871e-07
189360	0
204086	0
219957	0
237063	0
255499	0
275369	0
