102.132	0.00100535
112.079	0
122.994	0
134.973	0
148.118	0
162.544	0
178.374	0.00115128
195.746	0.00157366
214.81	0
235.73	0.000435579
258.688	0.00119077
283.882	0.000361696
311.529	0.000329597
341.869	0.00150173
375.164	0.00164214
411.702	0.000498803
451.798	0.00090907
495.799	0.000414196
544.085	0.00113231
597.074	0.000687881
655.224	0.000626833
719.037	0.000571203
789.064	0.000520511
865.912	0.000237158
950.244	0.000108055
1042.79	9.84658e-05
1144.35	0.000358909
1255.8	0.000163528
1378.1	0.000149016
1512.31	0.000339477
1659.6	6.18698e-05
1821.23	0.000225516
1998.6	0.000154127
2193.24	0
2406.85	8.53225e-05
2641.25	0
2898.48	7.08502e-05
3180.77	3.22812e-05
3490.55	0
3830.5	0
4203.55	0
4612.94	0
5062.2	4.0567e-05
5555.21	0
6096.23	1.6843e-05
6689.95	3.06965e-05
7341.49	0
8056.49	1.27449e-05
8841.11	0
9702.16	0
10647.1	9.64389e-06
11684	8.78802e-06
12821.9	0
14070.6	0
15441	0
16944.8	0
18595.1	5.52184e-06
20406.1	0
22393.4	1.37557e-05
24574.3	0
26967.6	3.80749e-06
29594	0
32476.2	0
35639.1	0
39110.1	0
42919	0
47098.9	0
51685.9	0
56719.7	0
62243.7	1.64963e-06
68305.6	0
74958	1.36982e-06
82258.2	0
90269.4	1.13747e-06
99060.8	0
108708	0
119296	0
130914	0
143664	0
157655	0
173009	0
189859	0
208349	0
228641	0
250908	0
275345	0
302161	0
331588	0
363882	0
399321	0
438211	0
480889	0
527723	0
579118	0
635519	0
697413	0
765334	0
839871	0
921666	1.11406e-07
1.01143e+06	0
