177.554	0.00133239
192.565	0.000614266
208.845	0.00113277
226.5	0.000522234
245.649	0.0019261
266.416	0.00133197
288.939	0.00163752
313.366	0.00113241
339.859	0.00139218
368.591	0.00128366
399.752	0.000887698
433.547	0.000818501
470.199	0.000754698
509.95	0.000463913
553.062	0.00106938
599.818	0.000197203
650.527	0.000181831
705.523	0.000502972
765.169	0.000154588
829.856	0.000142538
900.013	0.000262854
976.101	0.000242365
1058.62	0.000111736
1148.12	0.000515131
1245.18	0
1350.45	8.75902e-05
1464.62	0
1588.44	0
1722.72	0
1868.37	6.331e-05
2026.32	5.83749e-05
2197.62	0.000161474
2383.41	0.000148887
2584.91	9.15206e-05
2803.44	4.21932e-05
3040.44	3.89042e-05
3297.49	0.000107615
3576.26	9.92262e-05
3878.6	3.04972e-05
4206.5	2.81199e-05
4562.12	5.18558e-05
4947.8	7.17204e-05
5366.09	2.20433e-05
5819.74	0
6311.75	0
6845.35	0
7424.06	0
8051.7	1.46908e-05
8732.39	0
9470.64	0
10271.3	0
11139.6	1.06185e-05
12081.4	0
13102.8	9.02758e-06
14210.5	8.32387e-06
15411.8	7.67502e-06
16714.8	0
18127.8	0
19660.4	0
21322.5	5.54748e-06
23125.1	0
25080.1	0
27200.4	0
29500	0
31993.9	0
34698.7	0
37632.1	3.14322e-06
40813.6	0
44264	0
48006.1	0
52064.6	2.27191e-06
56466.2	0
61239.9	0
66417.1	1.78096e-06
72032.1	0
78121.7	0
84726.2	0
91889	1.28727e-06
99657.4	0
108082	0
117220	0
127130	0
137877	0
149534	0
162175	0
175886	0
190755	0
206882	0
224372	0
243340	0
263913	4.48202e-07
286224	0
310421	0
336665	0
365127	0
395995	0
429472	0
465780	0
505158	2.34157e-07
547864	0
