156.854	0.00201717
166.769	0.000948621
177.311	0
188.519	0.000839178
200.435	0.00157857
213.105	0
226.576	0.000698226
240.898	0.00131343
256.125	0
272.315	0.000580949
289.528	0
307.829	0.00154177
327.287	0.00145011
347.975	0.0013639
369.971	0.000855206
393.357	0.000804362
418.222	0.00075654
444.658	0.00106734
472.765	0.00100389
502.649	0.000314734
534.422	0
568.203	0.000556846
604.12	0.00052374
642.307	0.00123151
682.907	0.000694974
726.074	0.000435771
771.97	0.000409863
820.767	0.000578243
872.648	0.000181288
927.809	0.00034102
986.456	0.000320746
1048.81	0.000150838
1115.11	0.000283741
1185.59	0
1260.54	0.000251006
1340.22	0.000236083
1424.93	0
1515	0.000104423
1610.77	0.000294644
1712.59	0
1820.84	0
1935.94	8.17181e-05
2058.31	0.000153719
2188.41	0.00014458
2326.75	6.79923e-05
2473.82	6.395e-05
2630.19	0.000180444
2796.45	0.000113144
2973.22	0.000159626
3161.16	0
3360.97	4.70699e-05
3573.42	0
3799.3	4.16395e-05
4039.46	0
4294.8	0
4566.27	0
4854.91	0
5161.8	0
5488.08	2.88263e-05
5834.98	0
6203.82	0
6595.96	4.7969e-05
7012.9	0
7456.19	2.12174e-05
7927.5	0
8428.61	0
8961.38	3.53072e-05
9527.84	1.66041e-05
10130.1	4.68507e-05
10770.4	1.46884e-05
11451.2	0
12175.1	0
12944.7	0
13762.9	0
14632.9	0
15557.8	1.01686e-05
16541.3	0
17586.9	0
18698.5	0
19880.5	0
21137.1	1.4969e-05
22473.2	0
23893.8	0
25404.1	0
27009.9	0
28717.3	0
30532.5	0
32462.5	0
34514.5	0
36696.1	0
39015.7	0
41482	0
44104.1	0
46891.9	0
49856	0
53007.4	0
56358.1	0
59920.5	2.64018e-06
63708.1	0
67735.2	0
