144.581	0.000747579
157.957	0.000684271
172.571	0.00187897
188.537	0.000573284
205.981	0.000524736
225.038	0
245.858	0.00087925
268.605	0.000402396
293.456	0.000736638
320.606	0.000337128
350.269	0.000925736
382.675	0.00112979
418.08	0.000517056
456.761	0.00047327
499.02	0.000433191
545.189	0.000991266
595.63	0.000544393
650.737	0
710.943	0.000304063
776.718	0.000695783
848.58	0.000382117
927.09	0.000116586
1012.86	0.000320138
1106.57	0.000390704
1208.95	0.000268213
1320.8	0
1443	0
1576.51	0.00027424
1722.37	0.000125508
1881.72	0.000172319
2055.82	5.25755e-05
2246.02	4.81232e-05
2453.82	0.000132144
2680.84	4.03177e-05
2928.87	3.69034e-05
3199.85	0
3495.9	0
3819.34	5.65991e-05
4172.7	0
4558.76	7.11283e-05
4980.53	2.17016e-05
5441.32	3.97277e-05
5944.75	0
6494.76	1.6642e-05
7095.65	1.52327e-05
7752.13	0
8469.35	0
9252.93	1.16812e-05
10109	2.1384e-05
11044.3	0
12066.1	3.58312e-05
13182.4	1.63984e-05
14402.1	7.50486e-06
15734.5	0
17190.3	0
18780.7	5.75513e-06
20518.3	1.05355e-05
22416.6	4.82166e-06
24490.6	4.41334e-06
26756.5	0
29232	0
31936.5	0
34891.2	0
38119.3	0
41646.1	0
45499.2	0
49708.7	0
54307.8	0
59332.3	0
64821.7	1.66743e-06
70818.9	1.52622e-06
77371	0
84529.4	0
92350	0
100894	0
110229	0
120427	0
131569	0
143742	7.51943e-07
157040	0
171570	0
187443	0
204785	0
223732	0
244432	0
267046	0
291753	0
318746	0
348236	0
380455	0
415654	0
454110	0
496124	0
542025	0
592173	0
646960	0
706817	0
772211	0
843655	1.28116e-07
921710	0
