131.269	0.00240799
143.727	0.000733087
157.368	0
172.304	0
188.657	0.0016755
206.562	0
226.167	0.00186349
247.632	0
271.134	0.000777215
296.867	0.00141969
325.042	0
355.892	0.000296059
389.669	0.000270396
426.652	0.000740872
467.144	0.000451101
511.48	0.000411999
560.024	0.000752573
613.175	0.00120284
671.371	0.00109858
735.089	0.000430008
804.855	0.000785468
881.243	0.000239128
964.88	0.0002184
1056.46	0
1156.72	0.000182178
1266.5	0.00024958
1386.71	7.5982e-05
1518.32	6.93958e-05
1662.42	0.000126761
1820.2	5.78865e-05
1992.95	0.000264344
2182.09	4.82861e-05
2389.19	8.82011e-05
2615.95	0.000161111
2864.22	3.67865e-05
3136.06	3.35978e-05
3433.7	6.13709e-05
3759.59	2.80256e-05
4116.41	0
4507.09	4.67551e-05
4934.85	0
5403.21	3.90008e-05
5916.01	3.56202e-05
6477.49	1.62663e-05
7092.26	0
7765.38	1.35685e-05
8502.38	1.23924e-05
9309.33	0
10192.9	0
11160.2	0
12219.4	8.62271e-06
13379.2	0
14649	0
16039.3	0
17561.5	0
19228.3	0
21053.2	0
23051.3	0
25239.1	0
27634.5	3.8128e-06
30257.3	0
33128.9	0
36273.1	2.90476e-06
39715.8	0
43485.1	0
47612.2	0
52131	0
57078.7	0
62495.9	0
68427.3	0
74921.7	0
82032.4	0
89817.9	0
98342.4	0
107676	9.78536e-07
117895	0
129085	0
141336	7.45493e-07
154750	6.80872e-07
169437	0
185518	0
203125	0
222403	0
243511	0
266622	0
291927	0
319633	0
349969	0
383184	0
419552	0
459371	0
502969	0
550705	0
602971	0
660198	0
722857	0
791462	0
866578	0
948824	1.11048e-07
1.03888e+06	0
