133.49	0.00278294
144.27	0.000858334
155.921	0
168.512	0.00146971
182.12	0.000679947
196.827	0.000629141
212.722	0.000582131
229.9	0.000538634
248.466	0.000498387
268.53	0.00184459
290.215	0.00128007
313.652	0.00157923
338.98	0.00109592
366.355	0.00135205
395.94	0.00125102
427.913	0.000868157
462.469	0.00133881
499.816	0.000495511
540.178	0.000916971
583.8	0
630.945	0.000392529
681.896	0.000181599
736.963	0.000336061
796.476	0.0006219
860.795	0.000431573
930.308	0.000133109
1005.43	0.000123163
1086.63	0.00011396
1174.38	0.000105445
1269.21	0.000292698
1371.71	9.02757e-05
1482.48	0.000167061
1602.2	7.72888e-05
1731.58	0
1871.42	6.61702e-05
2022.54	0
2185.87	5.66511e-05
2362.39	5.24181e-05
2553.16	9.70028e-05
2759.34	0
2982.17	4.15241e-05
3223	7.68428e-05
3483.27	0
3764.56	0
4068.56	0
4397.12	0
4752.21	5.21156e-05
5135.97	2.41107e-05
5550.72	4.46183e-05
5998.97	2.06422e-05
6483.41	0
7006.98	1.76727e-05
7572.82	1.63522e-05
8184.36	1.51303e-05
8845.29	0
9559.58	0
10331.6	0
11165.9	1.10902e-05
12067.6	2.05231e-05
13042.1	9.4948e-06
14095.3	0
15233.6	8.12889e-06
16463.7	0
17793.3	0
19230.2	0
20783.1	0
22461.4	0
24275.3	5.10116e-06
26235.6	0
28354.2	4.36732e-06
30644	0
33118.6	3.73905e-06
35793.1	3.45966e-06
38683.6	0
41807.4	0
45183.6	2.74064e-06
48832.3	2.53586e-06
52775.8	0
57037.7	0
61643.7	0
66621.7	0
72001.7	0
77816.2	0
84100.2	0
90891.7	0
98231.6	1.26061e-06
106164	0
114738	0
124003	0
134017	0
144839	0
156536	0
169177	0
182839	0
197604	0
213561	0
230807	0
249446	0
269590	4.59335e-07
291360	0
