189.582	0.001843
205.86	0.000565756
223.535	0.000521021
242.728	0.000959645
263.569	0.000883763
286.2	0
310.773	0.00112429
337.457	0.00069026
366.432	0.00127136
397.894	0.000292707
432.058	0.000269562
469.155	0.000496495
509.437	0.000228618
553.178	0.000421081
600.675	0.000387785
652.25	0.000714244
708.253	0.000164442
769.065	0.000605756
835.098	0.000278929
906.801	0.000899056
984.661	0.000354842
1069.21	0.000108928
1161.01	0.000300945
1260.69	0.000369531
1368.94	8.50778e-05
1486.48	0
1614.11	0
1752.7	6.64497e-05
1903.19	0.000183586
2066.6	5.63565e-05
2244.04	0.000155701
2436.72	0.000143389
2645.94	8.8034e-05
2873.13	0
3119.82	0.000111994
3387.69	0.000103138
3678.56	3.16609e-05
3994.41	2.91574e-05
4337.38	0
4709.79	2.47286e-05
5114.18	0
5553.29	4.1945e-05
6030.11	3.86283e-05
6547.86	3.55739e-05
7110.07	1.63805e-05
7720.56	0
8383.46	1.38924e-05
9103.27	0
9884.89	1.17823e-05
10733.6	0
11655.2	9.99263e-06
12656	9.20249e-06
13742.6	0
14922.6	0
16203.9	0
17595.2	0
19105.9	6.09583e-06
20746.4	0
22527.7	5.16992e-06
24462	9.52225e-06
26562.3	0
28843	4.03795e-06
31319.5	0
34008.6	3.42461e-06
36928.7	0
40099.4	2.90444e-06
43542.4	2.67478e-06
47281.1	0
51340.7	0
55748.9	0
60535.6	0
65733.2	0
71377.2	0
77505.8	1.50268e-06
84160.5	0
91386.7	0
99233.3	0
107754	0
117006	0
127052	0
137961	0
149806	0
162669	0
176636	0
191802	0
208271	0
226153	0
245571	0
266656	0
289551	0
314413	0
341409	0
370723	0
402554	0
437117	0
474649	0
515403	0
559657	0
607710	1.91648e-07
659888	0
