122.429	0.000919416
133.305	0
145.148	0.000775505
158.043	0.000712231
172.083	0
187.371	0.000600749
204.017	0
222.141	0.00202687
241.876	0.000930747
263.364	0.000427404
286.761	0.000392531
312.237	0.00288403
339.976	0.00132436
370.179	0.000608153
403.066	0.0016756
438.874	0.000256481
477.863	0.000942218
520.316	0.000432671
566.54	0.000198685
616.871	0
671.674	0
731.345	0.000153912
796.317	0.000565417
867.061	0.000649105
944.09	0.000119229
1027.96	0.000328503
1119.29	0.000402266
1218.72	9.23613e-05
1326.99	0.000254476
1444.88	0
1573.24	7.15482e-05
1713.01	0.000131421
1865.19	6.03491e-05
2030.9	0.000221701
2211.32	0
2407.77	0.000140249
2621.68	0.000171742
2854.58	3.94323e-05
3108.18	7.243e-05
3384.31	0
3684.97	3.05465e-05
4012.34	8.41624e-05
4368.8	5.15304e-05
4756.92	0
5179.52	4.34646e-05
5639.66	1.99591e-05
6140.69	1.83307e-05
6686.22	0
7280.22	0
7926.99	0
8631.22	0
9398.01	0
10232.9	0
11142	0
12131.9	9.27829e-06
13209.6	0
14383.2	0
15661	0
17052.3	0
18567.2	6.06246e-06
20216.7	0
22012.7	0
23968.3	0
26097.6	0
28416.1	3.96123e-06
30940.6	0
33689.3	3.3412e-06
36682.3	0
39941.1	0
43489.4	5.17656e-06
47353	2.3771e-06
51559.8	2.18315e-06
56140.4	0
61127.8	0
66558.4	0
72471.4	0
78909.7	0
85920	0
93553	0
101864	1.10503e-06
110914	0
120767	0
131496	0
143178	0
155898	0
169748	0
184828	0
201248	0
219127	0
238594	0
259791	0
282870	0
308000	0
335363	0
365156	0
397596	0
432918	0
471379	0
513255	2.19311e-07
558853	0
