178.49	0.00083548
190.459	0.00156595
203.231	0.00220131
216.859	0.000687657
231.402	0.000644442
246.919	0
263.477	0
281.145	0.00159126
299.998	0.00149126
320.115	0.000465848
341.581	0
364.487	0.00122741
388.929	0.000383425
415.009	0.00107799
442.839	0.000336748
472.535	0.00063117
504.222	0.000295753
538.034	0.001663
574.114	0.000519496
612.612	0
653.693	0.00114064
697.528	0.000213791
744.303	0.000801421
794.214	0.000187764
847.472	0.000879822
904.302	0.000329812
964.943	0.000154543
1029.65	0.000144831
1098.7	0.000135729
1172.37	0.000381598
1250.99	0.000119206
1334.88	0
1424.39	0.000104694
1519.91	0.000490573
1621.83	0
1730.59	0.000258511
1846.64	0.00016151
1970.47	0
2102.6	7.0924e-05
2243.6	0
2394.05	6.22899e-05
2554.59	0
2725.89	0
2908.69	5.12689e-05
3103.74	4.80469e-05
3311.87	4.50275e-05
3533.95	0
3770.93	0
4023.8	0.000185304
4293.63	3.47317e-05
4581.55	0
4888.78	3.05035e-05
5216.61	0
5566.43	5.35802e-05
5939.7	0
6338	4.70574e-05
6763.01	2.20501e-05
7216.53	0
7700.45	1.93657e-05
8216.83	0
8767.83	0
9355.78	1.59393e-05
9983.16	0
10652.6	0
11367	1.31192e-05
12129.2	1.22947e-05
12942.6	0
13810.5	0
14736.6	0
15724.8	0
16779.2	0
17904.4	0
19105	0
20386.2	0
21753.2	0
23211.9	6.42449e-06
24768.5	6.02075e-06
26429.4	0
28201.7	1.05756e-05
30092.9	0
32110.8	4.64407e-06
34264.1	0
36561.8	0
39013.5	0
41629.7	3.58218e-06
44421.3	0
47400.1	0
50578.6	0
53970.3	2.76309e-06
57589.5	0
61451.3	0
65572.1	0
69969.2	0
74661.2	0
79667.8	0
85010.2	1.7542e-06
90710.8	0
96793.6	0
103284	0
110210	0
