131.604	0.000749686
144.943	0.00136139
159.634	0
175.814	0.00168352
193.633	0.00152858
213.259	0.000462636
234.875	0.000840121
258.681	0.000381403
284.9	0.000692606
313.776	0.000943299
345.579	0.000285496
380.606	0.00103689
419.183	0.000941465
461.67	0.000641117
508.463	0.000388077
560	0.000176182
616.759	0.000479903
679.272	0.000726231
748.12	0.000791276
823.947	0.000718456
907.46	0.000217446
999.437	0.000394869
1100.74	0.000179265
1212.3	8.13836e-05
1335.18	0
1470.51	6.70936e-05
1619.55	6.0919e-05
1783.7	0.000165938
1964.5	5.02224e-05
2163.61	4.56005e-05
2382.91	8.28078e-05
2624.43	7.51871e-05
2890.43	0
3183.4	6.19851e-05
3506.05	2.81403e-05
3861.42	2.55506e-05
4252.8	2.31992e-05
4683.84	2.10642e-05
5158.58	0
5681.44	3.47312e-05
6257.29	1.57675e-05
6891.51	2.86328e-05
7590.01	0
8359.3	1.18026e-05
9206.58	0
10139.7	9.73021e-06
11167.4	1.76695e-05
12299.3	8.0217e-06
13546	0
14918.9	6.61318e-06
16431.1	0
18096.5	5.45198e-06
19930.7	4.95024e-06
21950.8	4.49468e-06
24175.6	4.08104e-06
26626	0
29324.7	0
32296.9	0
35570.5	0
39175.7	0
43146.5	2.28667e-06
47519.6	4.15245e-06
52336.1	0
57640.7	0
63482.9	0
69917.4	0
77003.9	0
84808.8	1.16334e-06
93404.7	0
102872	9.59072e-07
113299	0
124782	0
137430	0
151359	0
166700	0
183597	0
202205	0
222700	0
245272	0
270132	0
297512	0
327667	0
360878	0
397455	0
437740	0
482108	0
530972	0
584790	0
644062	0
709342	0
781239	0
860422	0
947632	0
1.04368e+06	0
1.14946e+06	0
1.26597e+06	0
1.39428e+06	0
1.5356e+06	0
1.69125e+06	5.83366e-08
1.86267e+06	0
