141.746	0.0015772
154.427	0.000723842
168.242	0.00265762
183.293	0
199.69	0.00111954
217.555	0.00102761
237.018	0.000943225
258.222	0.00216443
281.322	0.00119202
306.49	0.000364712
333.909	0.000334764
363.78	0.000307275
396.324	0.00141022
431.78	0.000517766
470.408	0.000712875
512.491	0.000872449
558.339	0.00120121
608.288	0.000551287
662.706	0.00101204
721.993	0.000309645
786.583	0.000852654
856.951	0
933.615	0.000119729
1017.14	0.000549486
1108.13	0.000201746
1207.27	9.25898e-05
1315.27	0
1432.93	0
1561.13	0.000143205
1700.79	6.57229e-05
1852.94	0
2018.71	0
2199.3	0
2396.05	4.6652e-05
2610.41	8.56423e-05
2843.94	7.86098e-05
3098.36	0
3375.54	0
3677.52	0
4006.51	2.78997e-05
4364.94	2.56087e-05
4755.43	4.70117e-05
5180.86	4.31514e-05
5644.34	0
6149.29	5.45334e-05
6699.41	3.33703e-05
7298.75	0
7951.7	1.40574e-05
8663.07	2.58062e-05
9438.08	1.18436e-05
10282.4	0
11202.3	0
12204.5	0
13296.3	8.4069e-06
14485.8	7.71657e-06
15781.7	0
17193.5	0
18731.7	0
20407.4	5.47744e-06
22233.1	0
24222.1	0
26389	0
28749.8	0
31321.8	3.56877e-06
34123.9	0
37176.7	0
40502.5	0
44125.9	0
48073.5	0
52374.2	0
57059.6	0
62164.2	0
67725.5	0
73784.3	0
80385.1	1.39056e-06
87576.5	0
95411.1	0
103947	0
113246	0
123377	0
134414	0
146439	0
159540	0
173812	0
189362	0
206302	0
224758	4.97336e-07
244866	0
266771	0
290637	0
316638	0
344965	0
375825	0
409447	0
446077	0
485983	0
529460	0
576826	0
628429	1.77873e-07
684649	0
