1.564196380000865312e-03
8.791508292649439366e-03
2.413557180281772786e-03
5.956709599400469499e-03
4.125109703160267059e-03
3.155875505475117318e-03
5.624853190624799770e-03
6.089223567396020304e-03
3.554186532657016562e-03
3.269220980920323032e-03
9.938896782135389022e-04
1.261800690061257906e-03
8.550122123031161925e-03
3.847036055775327357e-03
1.439734384006603231e-04
4.698735444331028459e-03
1.607997270380687183e-02
1.004533191893438454e-02
1.109167919939903430e-03
5.480036321903470654e-03
6.047008347062982070e-03
1.096448717299975143e-03
1.343424517421501225e-03
2.519774610429793317e-03
2.192598680489797353e-03
1.869346522387769572e-03
7.935846364010694940e-04
1.000935371189584124e-02
1.288868315814895265e-04
8.321334041104497953e-03
9.913822249610060571e-04
4.127653970451671504e-03
6.428517037251831739e-03
3.646533216739708191e-03
6.649175038052562194e-03
4.383837251648949745e-03
4.499530078491987932e-03
6.346096219058900215e-04
6.700523185497545171e-03
2.223449084296580305e-03
4.453141548205758436e-03
4.379258989426694677e-03
4.558351264486094033e-03
1.419475623084771182e-03
1.217397255776567081e-03
4.220039221513195889e-03
3.000196307353367262e-03
1.825102979831580777e-03
1.072173331161546152e-03
5.377807054042707015e-03
6.266297507479460030e-03
8.581152814274139312e-03
5.447151119186596259e-03
2.590864194027708498e-02
2.197825103179739965e-03
5.046890128826027160e-03
7.268976199549610252e-03
3.061800516645978975e-03
6.291418558663462723e-03
4.512396003333714496e-03
4.616260087961331429e-03
4.443016632416535092e-03
9.602677095615057973e-03
5.692370827045474188e-03
2.097949132129118838e-03
8.861769760450982538e-05
5.980511068336554284e-03
7.217159610640182417e-03
3.121476846058850348e-03
9.473180845091787664e-03
1.559694369920503962e-02
4.706630442267785604e-03
4.019922164353281410e-03
1.673964479492795953e-03
5.678282925817630016e-04
2.690253878356957894e-04
3.343606103241951715e-03
6.084639256743939670e-03
5.336705365998306279e-04
9.169537264013080018e-04
3.054534201487056448e-03
3.175467838063904258e-03
4.238489467205475494e-03
9.036623522490560070e-03
1.078696193852067553e-02
3.110653451992906326e-03
3.571680217439828550e-03
9.408052648259718556e-03
7.155117552275636582e-03
1.051351732656569116e-02
7.347633741124995907e-04
9.491932231184876598e-03
1.898692421363183495e-03
3.535210212073553165e-03
3.509028736689196598e-03
2.532794995954143914e-03
2.171347590043946982e-03
7.716051487635609656e-03
3.732775885814819308e-04
3.171973438200133104e-03
7.127456230972360925e-03
1.213737028623000126e-03
2.339024814569986427e-03
3.413422540600510261e-03
6.097412490878903468e-03
3.274468241699946078e-03
1.661050116282628995e-03
1.140982415253597067e-02
8.958730117483764072e-04
3.368746923315014442e-03
8.089302853040212724e-03
1.738564592510284928e-03
1.121487657938033053e-02
4.064447439976351904e-03
4.409566227405556371e-03
4.874517112386435314e-03
1.100097055354750351e-02
2.854054079628359428e-03
2.269388003711894511e-04
7.536835975255287310e-04
5.381817836802195790e-03
1.818475645471702732e-03
2.419369497994917212e-03
6.619967451946127263e-03
3.347913699255503864e-03
1.960076475203881285e-02
8.889052052726298739e-03
5.095035645679059654e-05
2.685892920721082329e-03
9.458899922322861311e-04
1.918490285059973148e-03
2.191199203803112418e-03
1.170244004302862075e-03
3.904400273569342238e-03
2.425764481283220267e-03
4.505307226563366220e-03
5.966471756735754889e-03
1.448516148444697026e-03
5.099088880950220642e-03
1.048163814349325866e-02
4.229563355298875810e-03
5.229193462224844373e-03
9.349148372886468064e-03
4.782766086292422787e-03
6.828424391012552670e-03
3.007278108288776331e-03
1.943356451800384247e-03
3.099040012278694942e-03
1.338690768507789760e-03
4.050568803394387525e-03
4.479484472431806289e-04
3.312859421318516996e-03
2.354910715714649862e-03
3.726007306206065642e-03
1.217321830571702762e-02
3.915901913137849466e-03
5.996350589833884733e-05
4.744036896121917209e-03
1.311090942450600198e-04
2.720411207678598547e-03
5.979547369623953827e-03
5.676298345667412856e-04
2.559310787903820283e-03
1.387913783640022138e-02
8.242897631895359720e-03
8.842508379712074942e-03
1.477377071322228275e-03
2.206807259112416719e-03
1.000517292059775049e-02
8.620167910580801493e-03
1.001842053991549783e-02
1.032712239273118329e-03
1.785059777765583573e-03
1.692476527173065234e-03
1.386418458652918535e-03
2.175874258302958834e-03
7.354103827321816812e-03
1.297551991258075925e-03
6.436319561974910425e-03
1.730658632165025385e-02
1.296407824939204562e-02
9.314047151886432896e-03
1.074433784526160037e-03
6.732861120631761231e-03
3.942606299106050233e-03
4.232894427866850523e-03
7.211689688748387610e-03
2.477287727248383368e-03
5.790271910683552486e-03
2.120873544543241951e-02
2.298527109621938125e-03
5.272356603326253284e-03
6.965430002383824794e-03
3.519060484622847998e-03
1.616455522139647119e-02
3.636223506195826634e-03
2.900724365954742562e-03
4.444151774710320552e-03
6.908497576251490524e-03
2.279199111210068046e-03
9.134361280361042237e-03
1.062371189753202189e-03
3.735426502599361893e-03
6.627904394176098446e-03
2.548653741610121520e-03
1.890681713975602340e-03
5.547200209938836675e-03
8.485387007497352183e-03
5.595249986240713284e-03
4.509927073236250262e-05
2.480904223602227367e-03
1.135604175137696487e-02
3.456027682066843514e-03
2.133588715618069207e-03
7.349292233494570357e-03
1.124110627099075789e-03
1.052998294766008779e-02
1.582961283069865208e-03
8.386764239857043626e-03
2.826507825680666221e-04
3.900028482557412260e-03
4.887560781177293853e-03
4.915210757369147150e-03
6.086029473810460879e-04
6.750408118265248565e-03
2.531327838658172305e-03
2.465594082401705999e-04
1.542340950371912447e-02
4.117448108627125639e-03
1.765534783226334727e-03
8.413478007495299362e-04
6.208730328532590000e-03
3.091483327656717635e-03
6.688735466822538431e-03
4.649390300599492119e-03
1.882930105538137310e-04
1.058993871821880053e-02
3.949390925955371077e-03
5.045517074446564595e-03
3.424672912121650911e-03
9.571167946798384701e-04
1.727783241162170842e-03
5.680340109894039917e-03
7.581685774899855554e-04
3.610721598476156549e-03
5.744948223128853657e-03
6.754572997839415616e-03
2.493735493731876959e-03
1.197183401898509712e-02
5.125270623888411765e-03
8.250145536738235849e-03
1.254821986599193983e-03
8.086068606020919937e-04
1.011003981891105824e-02
6.521384602219324617e-03
3.377998061258726068e-03
1.571613666564406278e-02
4.336147475470496248e-04
8.711930445280997512e-03
9.609976597387667654e-04
8.950093284119232592e-03
7.130179563765296109e-03
2.313100813565195364e-04
5.275923778347911368e-03
2.313535667869918468e-03
5.093364998085726444e-03
2.646846685712118171e-03
2.245333697751518420e-03
4.488257840932636730e-03
8.854080262136196713e-03
1.253681370782544491e-02
3.513544069061409541e-04
5.475541781775619503e-03
1.174708125030563162e-02
1.124413121864576261e-03
5.926596110031133848e-04
1.359602096812361806e-02
6.359302158152778904e-03
1.338817744610006858e-03
6.134070993743671700e-03
6.820054203700771673e-05
3.226064883187513416e-03
6.504598265912174982e-04
4.370226628223756711e-04
4.513998451834124771e-03
3.394786258726255595e-03
2.447783393688940639e-03
1.457531231610666167e-04
3.702304670427630090e-03
8.216919064299168466e-04
3.017817295701820130e-03
1.793493287557373483e-03
4.422792446511107645e-03
8.299941397346265182e-03
5.843763930077254878e-03
1.622577785955365507e-03
1.579790376445220073e-04
2.259437164988842457e-03
8.955371415121461459e-04
6.225419613757864241e-03
5.497578659799931197e-03
7.526651238244771655e-04
9.414981017474949657e-03
9.799926288875500380e-03
2.173741347851550383e-03
6.835560809412687990e-03
4.334506966639812154e-04
1.385536744193267703e-03
8.938770247621198248e-03
8.362153518597363611e-03
8.632317356615421683e-03
4.543052881922775808e-03
6.535721402094528225e-03
8.155980696722865339e-03
1.070004294645809538e-03
6.876747522137949958e-03
1.213748966492965084e-02
9.048867534548811833e-03
2.324221154222018849e-03
8.576849615208213470e-03
3.752712680266654267e-03
1.106158935228970753e-03
7.917176931857867073e-04
6.714858396698012745e-03
4.856449608859146790e-03
8.394311372172629971e-06
6.364587191533245536e-03
5.836682724718387887e-03
2.262411045076862144e-03
1.670199016598408010e-03
6.685212899877277133e-03
4.618645694368117040e-03
2.745447655933851215e-04
4.263316991397720496e-03
4.296915514806349569e-03
3.746337783563906550e-04
1.158244379584705448e-02
2.709909338405989358e-03
7.821337571218296009e-03
4.341842181291009385e-03
8.066796204314902879e-04
1.971930423066137888e-03
6.809373742928183891e-03
2.630517468289763922e-03
6.384741311478544980e-04
1.500780524886344194e-03
2.896421493703951137e-03
1.597072607188335580e-03
2.437824522096106259e-03
3.256781467746330642e-03
5.245668093794126317e-03
3.260127122217251327e-03
4.708935462919411059e-04
9.156060742571766817e-03
4.690664088937284391e-03
3.404102543913537036e-03
3.847824431604033452e-03
5.646406149350769246e-03
2.990448926848273195e-03
5.398240019283129243e-03
7.481967992666268587e-04
9.261065552711765861e-03
4.836254281483302712e-03
6.433473746799498426e-03
6.898188413156019355e-03
2.705027408437316993e-03
9.991944899721617087e-04
1.075335785371308748e-03
4.953723927575062053e-03
6.732751303819441320e-03
7.234846414010186882e-03
5.414020308467745561e-03
6.986710346645463995e-04
1.317187232560787730e-03
1.122864183846960118e-03
6.429403512862720375e-03
8.589480850876679910e-03
2.304700579984070557e-03
5.975458333741529536e-03
6.508881686800875935e-03
5.744570701306737567e-03
4.674162759222843383e-03
3.334921801346822038e-03
9.885304515520255964e-03
6.088225228504474734e-04
8.301823037476170663e-04
6.556540592450345317e-03
7.036571982399623601e-03
1.001553058070231601e-02
1.043238031757671644e-02
9.545012962854354912e-04
1.144854787755174514e-03
1.347934154722201482e-03
4.723737368128942682e-03
7.823881157264710130e-04
2.974024290733773886e-03
9.961171994491020351e-03
2.316491810609072870e-03
3.561416550594489246e-03
7.649337932324625465e-03
5.234478742120541976e-03
7.060405049364414098e-03
2.101001078997344600e-04
5.482519379357304184e-03
3.838634518223756065e-03
4.026333138535688125e-03
6.395127921614495239e-03
6.557593899491421033e-04
9.254632741860929074e-03
3.020883645083482540e-03
6.817536034665054590e-03
5.643147435838207155e-04
5.449135699610137967e-03
2.218791473721214180e-04
9.149162788849342365e-04
4.134309074165409131e-03
2.541226899141438983e-03
1.628890559030006448e-04
1.248650593992113545e-03
3.984968616841813929e-03
3.909915182452678643e-05
2.367194555706066215e-03
6.401180659259562977e-03
4.621947467395135997e-03
8.214176490479138323e-03
1.251095732943004364e-02
6.935937736901987005e-03
3.973550591538264724e-03
2.196568755256739453e-05
3.562518162312353423e-03
8.741819659117683675e-03
1.574554244490719481e-03
3.106903383507034124e-03
3.373963924733441085e-03
2.905123210285972136e-03
8.402594532095339136e-04
5.397626395201462037e-04
7.998635723886749621e-03
7.444278943249052136e-03
5.181212387594669178e-03
5.386190960907205269e-03
9.681679812310916341e-05
3.349039110571391288e-03
1.605202633559668288e-02
3.954925338781494805e-03
6.217722033563806427e-03
1.039413439585562494e-03
6.583734275574988117e-04
8.329610055785802505e-03
6.860483011880945566e-03
3.922453381933572666e-03
3.231498959373656221e-03
4.774256885256568730e-03
1.763390919242633064e-03
3.790452359793274311e-03
1.696315480748253161e-03
1.233594818583807204e-04
7.082019300438667161e-03
1.280915385427275257e-03
2.782061224645930933e-03
1.597190550274906655e-03
8.680832895552686676e-05
9.242843470380084428e-03
1.456562498521380214e-03
1.249277751430052973e-03
6.534098344685385605e-03
1.767321818885103039e-03
8.126957860661776847e-03
5.549231439287927170e-03
1.120437550944398432e-02
3.852487442723321904e-03
3.821071758877174745e-03
5.760832235991154154e-03
3.636134549196777641e-04
8.622706069030548802e-04
1.944295861459457498e-04
6.787174654345441531e-03
4.627221798041513019e-03
7.206241858227637777e-03
6.226745517578265512e-03
9.763240676463787182e-04
4.247726805596097055e-03
1.288405372912870784e-03
3.115627645520324847e-03
1.030928250775377600e-02
1.604027984621104758e-03
1.298798654298368230e-02
1.221617061609459216e-03
6.148794562863984549e-03
1.085707320651616015e-02
1.608917056722214889e-03
1.542007524947597080e-03
1.382681926541663026e-03
6.633903496130108806e-04
3.093070288175394852e-03
2.185330135320775503e-03
1.739089630542845627e-02
4.333096268489696444e-04
1.804290406440830705e-03
3.035675144724098856e-03
1.069461167920196867e-02
4.948079868373616262e-03
2.688784683471375468e-03
3.866184109555484850e-03
5.482528613981810239e-03
8.080919097409565433e-04
1.865106016495790900e-03
1.650860502407972951e-03
2.400523220234757407e-03
3.776012487081442486e-03
1.633348422365590380e-03
9.615459080903387750e-04
7.853701315923642540e-04
1.490702587990621903e-03
1.271694500171641814e-03
7.860922443583464453e-03
9.301544714216569048e-04
5.886924856474746353e-04
6.655852099771401452e-05
4.056631786852996600e-03
3.349975627734752028e-03
9.475454462853404383e-03
3.074933779269356689e-03
6.602659737429654105e-03
3.468571915787342381e-03
1.420072828748822477e-03
5.004411358661271965e-03
3.354621070530447707e-03
4.106236531519822167e-03
7.436408995641196479e-04
5.312501892517279556e-03
3.689497943568251226e-03
7.394894574670069290e-03
3.188096554451178618e-04
4.586698095471692348e-03
4.597796540915557485e-03
5.024678017831944558e-03
8.298580649663130863e-04
1.843950242989729699e-03
2.978800643275938357e-03
3.650343169196398657e-04
5.497988219267408577e-03
6.260208536788216052e-03
3.464382573010289183e-03
1.708018452391530219e-03
3.671205603731938008e-03
1.223788277980443137e-02
2.000540808230866219e-03
9.363826683540951712e-03
7.203283059720670678e-03
7.493245132634146228e-04
4.051885457585354343e-04
5.683724135529501925e-03
2.231960028486770949e-03
1.047618156165703793e-03
1.946329387328168568e-03
7.182146298502615784e-04
4.317944648708504115e-04
5.571245173206478517e-03
4.840776036662812302e-03
2.944453617409133889e-03
2.088489742771188536e-03
1.008809709600653028e-03
2.213143426435215146e-03
8.667035482194425031e-03
2.863983695171287355e-03
1.803453263922046327e-03
5.816788201816285725e-03
4.241823738133088106e-03
1.206084481177295553e-03
1.230735931451470803e-02
5.149879629308467752e-03
5.516600548592211564e-03
5.586698223928880831e-03
4.613459909708232665e-03
7.715291443806433433e-03
3.725629181576398173e-04
4.471036918210249435e-03
2.211143065072909784e-03
1.343732907666259774e-02
2.727626866620102425e-03
1.610131830510106322e-03
1.803290250867760694e-02
2.662345393078868923e-03
7.270000097186543088e-03
1.888660719734717693e-03
9.551979566645241518e-03
6.904043169218110993e-04
7.575447670089495954e-04
2.723484472012332840e-03
3.348631805387269379e-03
4.304173434714694477e-03
1.776675819527460997e-03
1.204170521423583197e-03
5.739321829358215270e-03
4.575877766754900787e-03
6.869532143345398294e-03
1.651623905684732356e-03
3.070140266841146683e-03
2.083716739980319475e-04
6.750572587907613040e-03
1.456757972414283791e-03
2.012192146515373939e-03
6.238949650627075363e-04
1.527027998613494117e-04
6.665742379113287312e-03
4.538972880649121827e-03
2.522899856839297753e-03
3.609632410747417187e-03
8.713502559842959891e-03
4.069414864054581721e-03
5.743714152492025542e-03
1.134111546858902059e-02
6.206760695238700345e-03
3.489207029756236892e-04
2.661608625624222336e-03
2.811985186372803393e-03
4.412410645337755746e-03
7.212828716302093716e-04
5.723421889272614117e-04
3.129198783888172120e-05
6.035461819121144822e-03
2.676500040831067645e-04
7.260516144234109744e-03
9.613101322174947075e-04
3.010482921349989880e-03
2.953571329373871164e-04
2.660136641619797234e-03
2.498168915502613219e-03
5.861892837112106687e-03
1.181741063024502108e-03
1.662514726620098915e-04
5.568710263991036649e-03
3.953233039926530947e-04
2.990185132667669624e-03
2.454239926059710673e-03
9.603924632370003378e-03
1.954617995439324792e-03
3.825414924423662256e-03
4.902210031899703960e-03
7.850303718748928962e-04
6.874989278983171387e-04
4.571441438549033766e-03
2.455733052622034642e-03
2.418211698908596333e-03
6.399476208576396034e-03
4.457018122119969609e-03
5.927319950689457183e-03
3.012356371353434870e-03
1.184049007672250374e-03
6.106419886110501898e-03
1.258181967457394071e-03
2.114530307512320177e-03
1.345293277341869532e-03
6.509848861511254199e-04
5.856485880358148176e-03
6.380009901422283893e-03
7.090916528406435420e-04
4.402688468975272766e-03
3.389333108593829257e-03
2.205561908408927487e-03
3.240634924604749150e-03
5.433717865078831720e-03
2.380183226969237800e-03
9.469554542549709839e-03
1.308695136143349976e-03
3.966350045652222017e-03
6.446892120269521412e-04
2.690710755659693910e-03
3.640224849178533544e-03
8.000681371266144502e-04
5.127857306665361062e-03
6.056685369872215775e-04
1.763711370003150135e-03
1.713713231804393127e-03
5.262975408939789615e-03
1.817639142343441955e-03
6.463586879581893763e-03
7.614872238949062754e-03
7.704482122408889792e-03
4.169583927260734919e-04
6.385568490240843900e-03
8.099858880843685896e-03
4.109982874531625807e-03
2.842508102512295194e-03
4.005309045969190559e-03
2.521082022013582374e-03
3.729670771200380500e-03
1.237731129062662411e-03
3.183288220749919909e-03
1.986414539682429103e-03
5.993213563689894080e-03
6.353781401281510810e-03
7.421546217711716279e-04
2.169960827679112171e-03
7.645887252473768754e-04
2.807109213859078356e-03
4.335835680981602394e-03
1.599150350618381775e-02
6.498375955658176537e-03
7.326934850193750695e-03
2.727248701002486352e-03
6.833386639985421533e-04
3.547703519836228458e-03
5.303877455129700665e-03
2.281850816881821065e-03
1.926361124104831579e-03
7.997688745222832421e-03
6.454361025380235713e-03
3.107704333473348089e-03
1.146868746128425643e-03
1.031264047223464167e-02
3.624994273866293014e-04
4.027287638973291867e-03
4.404457955312438174e-03
9.059915221872790738e-04
8.409501430508382414e-04
1.078474407472456440e-03
3.229542785021415237e-03
1.631280536017154633e-03
8.770184644828783998e-04
1.415947318718241334e-03
2.037900630524056185e-03
6.628921100820556623e-04
9.387621977511927812e-03
5.267630987238219756e-05
2.561995726607622665e-03
4.601296884758568871e-03
4.824659570927363459e-04
8.223211642038180669e-04
6.547888871966323554e-04
2.324230116048974729e-03
9.834766391608185110e-03
3.680303069527044498e-03
7.589381082217802144e-05
8.813019690211759335e-03
5.160020366599983035e-05
8.579244284672715715e-03
6.476403785180298751e-03
1.331129518436647251e-03
7.829713516685692792e-03
3.909653638124569591e-03
8.755618363159429346e-03
9.991929805557904108e-05
4.140202947333202930e-04
6.810665457023189727e-04
1.407060099802304783e-03
4.260160326717369879e-04
1.109112725288491537e-02
4.222494316118144062e-03
5.702169535646583499e-03
3.123951195741709978e-03
6.782391824725808073e-03
1.119965634966008268e-03
4.088851132711547598e-03
4.097695952922467653e-03
1.286133066127109932e-03
7.201786805084720846e-04
2.609837930269873988e-03
4.189932531492085964e-03
6.364252697701986393e-03
4.153644635647926395e-03
7.429067502579542789e-04
4.926208764411198031e-03
4.556106274596844266e-03
3.782592209244149770e-03
2.997614092383672768e-03
2.091086684615969793e-04
8.264389865382453654e-03
2.099683493839377135e-03
4.088063840842912945e-03
9.727649480043648600e-03
1.235069631442630919e-02
6.141706354307783881e-03
5.216160460093884933e-03
5.257545281475163243e-03
5.374495115029712285e-03
6.419428612162528811e-04
1.040751867217760279e-02
4.848702181161419940e-03
2.768659355877905407e-03
5.323815829999893438e-03
5.178818285950209654e-03
4.580991101085879653e-03
5.186687995194864606e-03
1.095789127545255181e-03
1.413490753044615916e-03
2.353510998298982606e-03
2.043039240421502117e-03
4.170192116596703295e-03
7.645441629057117376e-03
6.386549042863768136e-03
7.706034296412535636e-03
1.523811144661226490e-03
4.774762459813193700e-03
1.173559881664051029e-03
2.161835794737036135e-03
5.789925256538180909e-03
1.169088405113107541e-03
5.409417362932272474e-03
8.333614044494593379e-03
4.931471207479630470e-03
2.926802176287572263e-03
2.341596942038518848e-03
1.468727611957452994e-03
7.753265559414517817e-03
2.248942417226098157e-03
4.865287643734769740e-03
3.196526573955804206e-03
8.674737758536060859e-04
1.625339034632156685e-03
5.549311163295519815e-03
1.148020390074444390e-02
2.295004956813233039e-03
2.209207385954690874e-03
2.511257631452837747e-03
3.757584380998735610e-03
1.281026487010675490e-03
6.592983736333453589e-03
1.965202248489099617e-03
4.030142722974384799e-03
3.738190526996859955e-03
1.252183603061300578e-03
1.266910221500817946e-02
3.917333982239729930e-03
1.671791556172331225e-03
3.735019177484836736e-03
7.484956835808430353e-03
1.445263946551718750e-03
5.296554838314537772e-03
4.849124801027307648e-03
6.727725093437653819e-03
1.862748943156347300e-03
1.904066868779330426e-03
1.797017836159529782e-03
1.503783245127301342e-03
3.954660714140328069e-03
8.935485350448671774e-03
2.466314105840535496e-04
3.242754464046072871e-03
2.473995369511856543e-03
7.555354265061862452e-03
4.029138136464313624e-03
2.271305656041180520e-03
5.244650110967041985e-03
2.961862722067931490e-03
2.010391930092999055e-05
1.929061863367220742e-03
2.869579014540125320e-03
2.398918005469220880e-03
2.999517227423667727e-03
4.831903397891238426e-03
4.031198829707879710e-04
1.003300280489594380e-03
4.231572659677547248e-03
7.150672922627329849e-03
2.501237211795070536e-03
1.879835782536983619e-03
2.195477366202248145e-03
2.989551699974737041e-03
3.299437889621470357e-03
5.546584830434990974e-03
6.022992904949985406e-04
2.289827548791424985e-03
1.100951027553427608e-03
1.923884970149762445e-03
1.652999358193930728e-03
5.899470301210892574e-03
1.312376888284200183e-03
4.082171918149264840e-03
2.768622870469317817e-03
3.952134564144224767e-03
3.301458982819903756e-03
1.428820793494676999e-03
4.286178416552158948e-03
5.086753870394380116e-03
4.603603908625121706e-03
1.265745014178200692e-03
4.116495599022356421e-03
6.186225191157150929e-03
2.989248067698788321e-03
1.415300862770039634e-03
4.092187398106193795e-04
1.070827509752517431e-03
2.643148231278967661e-04
2.240544571988951992e-03
6.679951401739416851e-03
1.611423849023186890e-03
2.407526302132329248e-03
5.822395154215845130e-03
6.159283388620985858e-03
2.010689294418620092e-03
5.238674811183773386e-03
4.897712848676753035e-04
6.061023427004166202e-04
4.687265784314074112e-03
3.297886363394539593e-03
1.784648191033395273e-03
4.071086256546382030e-03
2.162932271342652129e-03
3.728634450758383078e-03
8.419341495784991511e-03
2.028020527385925899e-03
7.456808202700899134e-03
4.916426245829839774e-03
2.332787125702959988e-03
6.733379240276847521e-04
1.170900402140768147e-02
1.087005604462319003e-03
1.196044964651500880e-03
5.132204355217014242e-03
7.428112402275801815e-03
2.705383208005644074e-04
1.393734721778983792e-03
2.406207288042048597e-03
3.823507828515294751e-04
6.077066707669221725e-03
4.857375278814394029e-03
3.038756758482055037e-03
3.992657367131578761e-03
7.515847587422575188e-04
2.768786131514879359e-03
1.405903018366452307e-04
1.551756406844114226e-03
2.800104179096237714e-03
7.048921282770920053e-04
1.079412894446526040e-03
1.377840958563019509e-03
4.925222355919527508e-04
7.909997016456865593e-04
4.809259046026191295e-03
1.149629333189048502e-02
6.411791750530262089e-03
1.765393671990304848e-03
6.515058724847099447e-04
1.731731077681378499e-03
9.847920534794537076e-05
2.012518805712947348e-03
1.383028477734241091e-02
4.369327714874606666e-03
1.321757263206466181e-03
3.286730119589036884e-03
4.927012336663177949e-03
1.005356117851564229e-02
3.887896423240584567e-03
7.325766671318449663e-04
7.307332544704026392e-03
2.223344407177973991e-03
7.200939831507603174e-03
2.253686076489746365e-03
2.881056882946245526e-03
1.255670969888594531e-03
2.662832870954320343e-03
6.884027585659372372e-05
3.695001405055044468e-03
1.817839254808084268e-03
5.826675500025968457e-03
5.004214841312111875e-03
2.177344372896231148e-03
5.327361552167045669e-03
9.451731902977512966e-04
8.491773883024449771e-03
2.847433364529188644e-04
5.646526008335860450e-03
6.765658359370259160e-03
6.195148310356583463e-03
8.634679040898991798e-03
5.736586631819597625e-04
3.301398711282601921e-03
2.066024714859913958e-03
3.129863591385672293e-03
3.782136678929606723e-03
2.876538554228120310e-04
6.939330922217096373e-04
9.892075811000217839e-05
4.278717416930233851e-03
4.135803181486147470e-05
1.200494944051195938e-02
3.706663060534646538e-03
1.208729688487997223e-02
1.994073366273513975e-03
1.960306596157980225e-04
7.531395602943819628e-04
3.358202185349069228e-03
2.073476806802982807e-03
9.458791124873116218e-04
1.480663852195530841e-03
6.159230299593180906e-03
1.085312587971747761e-02
1.394231290667976133e-03
6.816813874839695170e-03
4.972896151422449319e-03
9.653645878340783113e-04
4.795821071155728470e-03
2.589321326500544380e-03
8.997143025485863617e-04
4.987597297078950062e-04
1.474666998473991332e-03
4.641612025617892177e-03
3.108562596515409594e-03
2.141665989112783493e-03
1.537984598090583188e-03
2.879186963421087857e-03
2.558035307084823885e-03
3.085647967714962372e-03
7.404460193542479647e-03
1.983081763829708504e-03
1.846283332956390102e-03
8.063281461732177066e-03
6.502054234926899715e-04
1.982209805238126146e-03
8.806421492435503005e-04
2.932218522431403150e-03
4.487640164110600315e-03
3.792387020630635583e-04
4.306672810816762793e-03
1.095551760906610453e-03
6.718809084449718118e-03
7.762310156118988960e-03
3.516448867190829271e-03
1.847778719125519557e-03
7.838195659436423711e-04
2.308395851634143826e-03
3.089658448692140201e-03
3.349751606941720177e-03
5.786892428063788486e-03
1.588621548088928323e-03
2.693899754231006242e-03
4.099544843817007692e-03
7.632865074318384742e-04
1.299560210729943429e-03
5.034987422235586221e-03
1.616129576397325705e-03
1.031187293160818570e-03
2.838986094450193266e-03
4.688298455581440226e-03
4.670322375574191944e-04
3.233925510338967173e-04
5.551038961491394641e-03
3.051696461238404250e-03
6.138018263614325974e-03
1.226740074336165514e-03
1.885100325053502357e-03
1.725907824068188086e-03
3.561831068536601853e-04
7.919816901429718725e-03
1.383287609252642882e-03
6.851451699784779324e-03
2.840543872963187489e-05
3.883086011122377761e-03
1.271070592928234735e-03
2.209024318423281202e-03
2.069027237371929163e-04
9.848279263188102969e-03
8.903000988910016265e-04
2.019355398126014382e-03
8.674185207525515057e-03
2.380924585348814532e-03
5.981425675656396566e-03
8.382275246187995132e-03
4.384599631977315407e-03
1.157311993294840580e-02
6.702508950099628996e-04
4.143413614965855453e-03
5.335904810603156250e-04
1.614978374724581429e-03
9.925950206824398978e-04
6.063396444369414939e-03
5.496437392960123493e-03
1.676681733288024772e-04
2.385437918345340545e-03
5.956906374306422973e-04
2.235476486066557359e-03
2.227313811452965881e-03
4.722296141514456904e-04
2.040769161921772868e-03
3.970410081468587690e-03
1.568865910334746186e-03
8.404507267908867263e-03
2.011564618380297896e-03
1.403236384947982324e-03
2.529108264797557543e-03
4.423732091027256577e-03
4.992935105686106129e-03
2.119701891633104032e-03
4.908435107482550692e-03
2.840050459780152099e-03
2.927506782362039161e-03
1.342762042029769154e-03
4.631104178279629377e-03
1.189639475527750571e-03
3.297367538489007124e-03
4.162758523623702467e-03
1.997816328671938972e-03
5.705178335891408423e-04
1.051364180004329529e-03
6.565628061178975516e-04
7.477738407779383444e-03
1.438966931538060087e-03
1.385563432668669151e-03
3.058779132258930989e-03
2.369777718143977439e-03
3.013883401661226601e-03
3.294127798273347590e-03
4.021914485774274670e-04
7.509690725858676405e-03
6.274792315579608842e-03
1.163172563261187552e-03
4.562633698112251134e-03
5.123111609103433127e-04
7.355709403935249170e-03
6.777198443604429134e-03
1.994392381194341497e-03
2.589778327034270369e-03
3.301800435222574260e-03
8.779730217856843589e-04
9.000212207994043485e-04
3.423657439004791810e-03
2.788048219056806225e-04
6.829212334358440543e-03
5.918471712064470557e-03
6.212582314782414891e-04
1.080254145727708439e-04
1.523676741416464964e-03
3.227070013938377648e-03
1.753671662675240848e-04
6.648670034433580740e-03
6.582663371135374052e-04
3.493816748354979396e-03
1.636792083344341822e-03
4.305007939066114384e-03
2.995027358083219259e-03
6.335041554017268716e-04
8.676924862237550377e-04
2.020350391979709725e-03
6.681896620787727966e-04
2.079132476519048207e-03
9.731839558454717523e-04
2.320271732991424987e-03
1.950939405259344479e-04
6.861044688161770577e-04
5.141318771256534088e-03
2.587677270574184184e-04
4.074000312144485103e-03
4.383829364338827014e-03
1.864177875607351230e-03
6.857545801257836603e-03
2.132344555412949132e-03
6.319698976362210160e-04
1.212524790407051639e-03
2.425833833620706821e-03
4.875530972807402656e-03
4.226413858439972797e-03
8.286495396526802337e-03
1.351849587088934778e-03
5.935168753780846983e-03
4.509773267409069621e-03
2.343370982835379923e-03
7.630028751253572009e-04
2.535643610176378793e-03
9.980714346449720380e-04
1.274692490420102110e-03
5.205593875669423803e-03
2.314340515359811484e-03
8.787151116188325227e-04
6.075091643516006452e-03
6.275599449992770237e-03
8.156400585365793012e-04
4.275802193574570857e-03
3.874812049914321422e-03
2.599568893742229547e-03
5.066439668790031006e-03
2.214044503775589468e-03
5.582514455047895424e-03
4.932781717116155318e-03
1.374041228930943754e-03
7.865562517511162600e-04
1.052371376361646224e-02
8.959610951375677687e-03
7.146685952887493580e-03
2.607068570258251790e-03
4.195114291724798619e-03
1.290273730006350058e-03
5.078275474832217966e-03
3.615052526526716433e-03
4.287971090698597734e-03
1.008530575054561148e-03
7.089133754189660443e-03
3.609562096626950552e-03
5.220110324457734145e-03
6.664191051784556542e-03
4.286477771993695007e-03
3.218439671777492597e-03
5.507587024765811350e-03
2.048182181963029071e-04
1.793002457439295131e-03
1.979959974265806371e-03
1.157202258715090120e-03
3.399748327130065837e-03
6.377034341374627525e-03
2.834913524155130427e-03
2.878882248777063762e-03
5.296316768253789276e-03
8.041390739109933669e-04
3.876651641130188924e-03
7.910940220379498056e-04
2.539005004706845585e-03
5.709261095833878356e-03
3.065529998009860623e-04
5.133221122107908298e-03
1.641066067750543292e-03
4.641227125008476817e-04
2.402104157954475412e-03
3.954644521013362876e-03
4.677195969122469217e-03
5.423059772019942154e-04
6.652351845835517870e-03
1.952513466991230963e-03
4.135032708201667089e-04
2.003554758391384253e-03
4.427670051518423945e-03
5.855167735763191356e-03
4.642397596519493887e-03
6.131021525209843668e-04
3.145331948195525910e-03
2.001234719493890420e-03
7.913764918744802673e-03
2.394690682983746481e-03
4.722020135705699774e-04
4.808237301625468453e-03
3.804548738327621308e-03
2.721419150228783067e-03
3.060824911362564158e-03
2.993672627412251232e-03
6.560034782329536400e-03
1.393626773702769800e-02
5.503133958541932789e-03
2.193771306879593961e-03
1.748929336390312719e-03
1.697893152617212503e-03
6.864171297556316250e-04
1.580439852338239807e-03
5.058760954788243946e-03
3.240394900725112508e-04
1.722252187412328566e-03
2.342991166818916750e-03
4.170181715335757010e-03
1.727448583113355262e-03
5.056040393884375130e-03
3.555467626553763388e-03
2.850743186561145639e-03
2.240641837358894710e-03
6.293621275074303724e-03
1.266026686729829643e-03
2.223743988557759337e-03
7.860791579190550341e-03
4.781997996262333551e-03
6.651571721375125652e-03
5.893213479583557339e-03
1.425916729776222959e-04
2.200574546123995699e-03
3.160490560149509416e-03
1.363333817222277256e-03
1.222263973296871392e-03
4.469081063369908027e-03
2.027382588265249329e-03
7.750132946231247724e-03
1.104293584142977160e-03
2.092827806988615917e-03
1.325603121631122342e-03
3.282921807602491669e-03
2.607427875759927519e-03
8.729332359332270556e-04
1.543033429606792710e-03
9.551391562479057476e-03
7.615293668879719383e-03
2.078252453037039791e-03
2.737074179160324961e-03
3.144228843237083671e-03
4.146648595741216949e-03
1.047449975485249428e-03
1.269156991451835144e-03
5.939943799034286265e-04
2.031666649630878949e-05
1.007300123278816661e-03
5.403860980689093214e-03
8.095938192325678393e-03
1.906548221936643856e-03
3.045227478933291640e-03
2.909615295812251375e-03
3.542468113090606763e-03
1.152004991330871650e-03
7.568979526877636990e-03
5.276242160193650227e-04
3.758845892900833808e-03
5.001962619865155286e-03
3.885246377931489241e-03
4.044008824542661557e-03
1.270007160546049192e-03
1.558223549946336102e-04
1.485897644783452346e-04
3.278829375852774283e-03
1.413703728415815174e-03
3.644462802937419900e-03
2.212723619314890377e-03
5.388282293665056129e-03
3.117471094496741292e-03
1.964775148028777372e-03
2.743477720518915173e-03
1.607549159335000489e-03
3.827225404289654777e-03
3.717137786515572421e-03
2.159720862904681692e-03
1.455032686681651682e-04
9.079326506493760321e-04
5.264426547434300149e-03
3.139781355669812738e-04
2.576319060738766105e-03
5.336599651655602773e-03
2.965321383180294281e-03
3.362081586286908182e-03
1.161156651516936613e-04
6.067740180133457048e-03
3.357238492541949194e-04
4.590543509433476512e-04
2.468167169001283297e-03
1.957539496416664613e-03
1.908991543125945767e-03
5.591624756148612808e-04
6.142363601241782999e-04
1.453088178275259738e-03
5.519172494320081536e-03
3.377749847339900271e-03
1.088507054812380172e-03
5.410463193593023461e-03
6.488589176702684938e-03
5.793248473634302759e-03
4.957872804057012264e-03
3.667202311442827739e-03
5.472086373446738081e-03
5.369422015126339848e-03
6.447767316019564765e-03
2.650887379184210281e-03
1.551288355011541274e-03
2.949368919432901297e-03
2.156842864794106078e-03
3.734385377515570675e-04
6.102220088522292141e-03
8.926630380835342063e-03
6.711517684911055132e-03
2.104317808733362910e-03
4.967342732111214992e-03
9.584095899741442099e-04
5.273867452900331612e-03
4.079904029125655529e-03
1.352793125733030245e-03
7.684419434614075473e-04
7.702409367804667270e-04
2.254762804127865856e-03
4.111713302074014587e-03
4.483719577362847361e-04
3.227183953034192259e-04
5.616231997147070384e-04
3.082539809219050301e-03
8.057613781231679970e-03
5.234657168846626116e-03
4.578731457825513666e-04
7.271523392405853910e-04
6.442988844142096905e-04
4.460258583796008862e-03
3.766828094069752265e-03
4.523192276896322375e-03
2.338506647496294607e-03
1.999140035534843676e-03
7.117361537668878170e-03
2.372938401818946389e-03
7.806575670484967302e-04
7.551323242597893139e-04
1.265429857386336993e-04
8.997035690321430893e-04
1.649522220986573279e-03
8.612594587299349670e-04
3.741127192068327296e-03
2.439536746023348961e-03
4.017077232827058822e-03
6.516905474252388366e-04
2.359750994932637881e-03
2.557796914473628967e-03
3.974267794584185852e-03
4.118602339854174170e-03
5.044965638243987388e-03
2.817485148377710941e-03
2.749651548413162630e-03
4.593970896749614841e-03
1.059672953024546325e-04
2.999959075935490927e-03
1.952008647668649049e-03
3.023097416381564408e-04
3.044490345844512707e-03
3.395277955595975977e-03
3.514921094931241640e-04
4.986638351398592350e-03
7.361222350277065764e-03
4.379438110654547411e-03
5.977413100900648077e-03
1.502022201682363944e-03
5.357197274808865074e-03
9.548888023422540117e-03
9.811513890678781602e-04
4.890207043152750184e-03
3.218520974558158453e-03
2.516574875034401429e-04
3.514158766327022104e-03
5.452490857976386059e-03
4.218554687423175902e-03
3.275333936812394216e-03
1.091558977396173830e-03
1.092375710240045192e-03
7.037634298569455478e-04
1.386299240236901461e-03
3.229860796525806012e-03
4.064467104020714344e-03
4.976386998255492335e-03
2.102894256479341788e-03
2.100855704476476879e-04
4.109355412575029128e-03
6.341051590064756931e-03
3.327352696740813482e-03
5.752022115358627029e-03
4.080211880474730705e-03
1.525816175656473242e-03
5.201064765322510261e-03
1.979563710199150946e-03
2.758088317166166388e-04
5.402900382725405598e-03
5.308931415663389365e-03
1.029101914788084320e-02
2.162805117435183863e-05
4.141847723679120685e-03
8.528297828272727102e-03
1.385143805143253639e-03
4.896426781070639320e-03
1.190634952961631791e-03
2.852986170690852575e-03
5.001255251373099659e-04
6.185170532672346587e-03
9.441750711114998973e-03
3.668155882331617258e-03
1.250678806770606994e-03
7.464413078207734163e-03
6.909219266106411293e-04
2.173980266453799399e-03
8.067270130676082451e-03
3.855301577280015237e-03
9.945092278309287936e-04
7.598643591766483449e-03
3.400688459148458638e-03
2.730073708434534521e-03
8.275309520404595942e-03
3.314669964839139695e-03
5.299648911298403611e-03
4.614621585287193017e-03
1.364893204203352847e-03
1.731389430277447197e-03
3.398327461480124545e-03
5.035313778421700824e-04
1.941173521249856026e-03
1.636611241850966718e-04
3.070173893051979415e-03
6.112050022803773575e-03
5.657224598465782767e-03
3.392061619825792289e-03
4.557670041064449361e-03
2.919397279001765492e-03
4.191871040636065485e-03
2.560114016199002587e-04
3.941669812307200746e-03
7.790406658040552757e-04
4.716143564887583656e-03
4.219289488293294019e-03
1.773362120514680599e-03
4.042816217921557827e-03
1.237011082639379598e-03
1.651044865217543827e-03
1.914011849273948443e-03
2.223896992937704226e-03
1.548925438592944556e-03
3.532962592974361188e-03
1.176337528852173814e-03
2.534159803394073728e-03
3.308090617044039203e-03
5.618263671936467698e-04
8.956955323697290278e-03
2.138832574892501892e-03
1.212284254273653106e-02
5.212766970871900857e-03
6.644783850995392019e-04
2.095064914595217483e-03
6.106552138353805309e-03
7.565162075728857488e-03
3.575775905684342847e-03
4.586352442472949585e-04
5.275279033594787448e-03
8.949111301603077410e-04
2.617693154345148137e-03
2.420597901101917068e-03
3.814705406473057735e-03
4.439272970522449048e-03
5.943246652257372364e-03
8.619530345263128752e-07
6.979671212802493301e-03
2.810163624946679546e-03
5.242454292840004540e-03
1.725129864091216707e-03
4.737838975640368266e-03
4.824876605082712745e-03
4.624562389558078100e-03
2.657148791294032270e-03
1.032788124867707570e-04
3.434785013543604267e-03
4.311534933579173716e-03
3.593193215139291099e-03
5.613594027134943777e-04
3.861548348231687213e-03
4.529849843973685064e-03
1.710657928236992184e-04
3.658312941456594476e-03
5.233270752819382289e-03
2.765723614135102027e-03
1.392925162998729467e-03
1.775620193759644720e-03
2.431294589186295749e-03
1.429015231709934502e-03
2.946963944495630504e-03
4.355875724502391612e-03
8.693005854407079985e-04
7.924043253173626566e-03
7.419811623664313450e-04
5.962600754607184439e-04
5.230665034424098131e-04
4.287071058087236347e-03
2.077967876496781196e-04
2.818482253902697670e-03
2.620087654765982429e-03
9.344464172144779576e-03
8.166757179451856119e-04
2.478260763040808414e-03
3.320099108284465996e-03
1.616589378577278991e-03
6.925589254586137986e-03
6.333754176473469985e-03
2.362633055700379906e-03
6.995404621830763302e-03
1.012264194772143425e-03
3.568600008137340525e-03
3.373742427553845513e-03
3.299028147664766555e-03
6.221286704850465020e-04
9.957723182759294219e-05
6.244256474781461437e-04
1.254682031630896923e-03
9.572347905742968946e-05
4.515655345448706462e-03
2.983710752579664914e-03
4.127230561393377926e-03
1.779418468141657009e-03
3.599189264237168259e-05
8.877873994864178119e-04
8.197942711813807279e-04
2.244244859389609500e-04
7.261728052217080766e-03
4.145425983671936765e-03
2.463616141025543743e-03
9.191356140086327439e-03
3.121750355915472726e-04
1.038298398349771744e-02
4.545654900251744346e-03
1.481645221429448095e-03
4.623458987239751315e-03
2.449713113811762596e-03
3.510354131215538687e-03
1.062930340999079142e-03
3.803151947407079278e-04
2.458409187680117482e-03
2.192126892658906832e-03
1.789890651926602473e-03
2.037863056085514272e-03
7.904338286345695755e-03
8.700157703404267804e-04
8.840831348499332207e-04
4.515602020681630524e-03
6.152215378238100503e-03
2.818559986520379339e-05
1.473556849918733914e-03
1.974542240880046515e-03
5.329504026068285433e-04
5.209467556919899697e-03
3.776254011534858294e-03
3.352238863229030363e-03
6.195135215529426823e-04
3.182253709349729901e-03
7.961369504087443053e-03
1.974031449350392188e-03
2.754354531230584352e-03
4.232410569293936463e-03
5.605069024761592800e-03
8.145671566494303018e-03
4.398342034567947860e-03
4.047785062455273516e-03
1.269908813208382075e-03
3.183100789211985491e-04
8.158230214497309059e-04
1.123851389513022677e-03
1.525329834461866757e-03
4.091243367549296170e-03
2.844769118274385975e-03
1.060319328471397322e-03
2.264253878956836927e-03
3.779216022942651098e-04
3.395134248297348566e-03
3.994325735551455098e-04
4.333955365573740129e-03
1.571326480566366491e-03
4.003852336051289679e-03
2.773430400447374818e-03
3.029614182206991600e-03
2.351168179656526903e-03
5.859867066198184678e-04
4.508089542260292938e-03
2.311269947179340947e-03
4.483779311027776687e-03
7.843700935185847489e-04
2.332458131600498275e-04
4.083186104961186377e-03
3.358944875451031972e-03
2.161713167074990564e-03
1.050236753259595505e-03
4.065332966998686046e-04
4.869440085765650277e-04
8.548809625902861265e-05
1.882421270684273397e-03
3.521121129294731058e-03
1.176924447028829951e-03
5.555604545672521502e-03
1.878666871701893367e-03
9.193880072928917006e-04
4.369281405353759814e-04
2.858064726762774531e-03
7.729292174041573274e-03
2.357392549896111539e-03
2.720450193943939159e-03
2.338504362298612915e-03
3.273419006474931336e-03
3.995467552969282285e-03
3.809256973709286825e-03
6.865098159769806793e-03
1.385516080369351142e-04
9.349605241261970670e-04
1.693503334940907323e-03
3.355785550403382177e-03
4.769689433858476622e-03
2.418440130944728150e-03
5.972942298740525771e-05
5.320088675473782537e-03
4.864032151338446019e-03
1.593305539498555620e-02
3.976727101941694882e-03
2.689712713275145897e-03
1.218514438382843667e-03
3.831634039180772770e-03
4.000427967957626355e-03
4.582233439092983445e-04
2.700148789756078548e-03
5.732480885690546812e-03
4.576454419511285718e-03
6.511269179679902118e-03
4.465557562713985424e-04
3.602290563757275417e-03
2.407102468923976845e-03
1.727685892597399101e-05
5.491710857664556904e-03
1.662588796318235310e-03
7.484057219388209545e-04
2.026467446529939438e-03
4.240368147505025991e-03
4.703473835887838933e-05
2.124015913422904085e-03
3.846839830024570677e-03
1.294426888109054090e-02
1.541209810593428950e-03
3.962972132187320487e-03
1.365838783787676333e-03
4.925054373328297420e-04
2.454277238413375348e-03
2.570570169745296698e-03
3.466946671375784007e-04
8.367143636228449545e-04
2.603266712272692129e-03
1.535557760043152874e-03
6.093861454421224504e-03
4.500788664124821467e-03
6.607301879140222746e-03
6.548502955546356766e-03
4.648879485052199653e-03
4.364843180897584433e-03
8.237599304418267467e-04
2.803893676461670977e-03
2.599325914800117696e-04
6.526750131385907145e-04
6.542776336023513415e-04
5.313767726181074964e-03
3.818822249558990588e-03
1.565052365816895158e-03
7.352692102292571197e-03
5.845128735359913369e-03
7.417006901545279045e-04
5.472225322951054620e-03
2.952479302792578812e-03
1.559922396299947981e-03
3.061081262243508811e-03
2.852803067669933135e-03
3.953612135700285764e-04
2.542860070204501911e-04
1.918687514791666410e-03
3.346044346713475479e-03
1.529226178970869657e-03
2.161293005597189273e-03
1.282359674450843975e-03
1.285277540119472402e-03
5.238205392038972584e-03
1.321115770268394083e-03
9.811709903938539094e-04
4.220714694091414095e-03
5.113200161946042550e-03
1.029276163475767100e-02
1.210057084598525077e-03
4.042443509658126197e-03
3.284522150099151213e-03
3.589875227913973468e-03
1.166316927808611764e-03
9.500082689536089656e-03
2.486263555182362597e-03
9.166670577586097032e-03
1.066907209371964829e-02
5.398207202737639095e-04
4.962990173502840156e-03
1.054840194308587047e-03
1.287669225602944712e-03
6.996905264482228964e-03
4.208438663783224676e-03
5.008998107069070373e-03
1.836582832014752465e-04
3.807692145019993951e-03
3.982709672983798972e-03
6.819544712944557423e-04
3.134568477833927710e-03
2.596095361820010888e-04
2.069915099475153238e-03
1.021812760592716654e-02
1.519440143023126702e-03
4.714759855194134916e-03
4.339541539095857943e-03
1.685928941041957632e-03
1.186748417730141116e-03
5.230886540506445720e-03
2.793286894590383401e-03
5.292441137772809813e-03
4.230252333686001023e-03
3.141947811776949883e-03
3.960591073378459843e-03
3.999901861085215435e-03
4.804795320204576989e-03
3.727036826052058330e-03
1.389931683424833067e-03
4.080806272584111723e-03
3.258102321503118315e-04
6.149045803204055468e-04
2.085417910127902296e-03
3.280135018620834036e-03
6.726304367248152685e-03
2.213701869305627259e-03
5.971424483878350065e-03
1.753392120865678678e-04
1.144133620928873210e-04
2.341844842665134112e-04
5.795250415830158989e-04
7.433392725914727238e-03
4.747031011581914002e-04
4.737248252864185430e-04
4.336696320482916049e-04
6.559969889700932415e-03
1.232559907808028878e-03
9.506930436116640439e-04
4.239130446460248787e-03
3.110747693397491846e-03
2.202560717710186095e-03
3.193814822263671763e-03
7.670513162572217304e-03
1.123186686751024730e-03
2.510626195093685308e-03
2.267625739912011978e-03
3.869758275928682732e-03
5.456970029796743421e-03
7.724330251922629197e-03
3.080976472041238590e-03
3.588400234184902643e-03
6.592091477594943204e-03
7.194148874582232192e-03
7.431713084812006757e-03
1.952984007103768585e-03
1.180277849368544874e-03
2.759917819188168007e-03
8.445947949306117312e-04
6.705727663665343036e-03
5.194037130608385525e-03
1.056080765875484599e-03
1.444925502501185092e-03
1.137538340602899621e-03
5.659479874894496505e-03
1.106507751330290798e-03
3.308800277256629743e-03
1.554542224916605859e-03
8.843233329279952953e-04
9.621857306429955348e-03
4.391440797575717203e-03
5.958682273524324585e-03
7.383021143328188539e-04
4.783373189467910597e-03
2.459054519262478516e-03
3.658231414723493464e-03
1.581547887477343772e-03
4.732943541829608451e-05
4.326365542758153077e-03
2.905897305418284580e-03
4.273637022403552291e-05
4.845984715258618188e-03
2.629551383705156127e-03
2.762281831579320272e-03
5.827735177957748917e-03
3.710976571055108961e-03
9.893155997478075662e-05
5.454284230397275259e-03
1.077224921223321474e-03
3.309399408173392416e-03
2.638817323193955872e-03
9.100568380759760378e-04
2.492309152196725552e-03
1.058756510593908406e-02
3.845048783384493775e-03
5.008922977090305654e-04
4.439459390495066604e-03
8.431621210695766644e-03
5.733106746759093764e-03
2.016825570278625839e-03
5.537509667740755405e-03
7.411661553541893689e-03
1.402956073368406961e-03
1.985608487710234862e-03
5.913814243694297257e-03
1.010497406417289103e-03
2.984078305334674028e-04
2.108785836057642995e-03
1.349004584005856263e-03
1.664056879068858633e-03
2.822676669107810482e-03
1.385214800727537290e-03
4.346616019923225049e-04
3.816821294987275681e-03
4.917157649298307303e-04
4.737329616282089789e-03
3.678650348229497644e-03
2.041703658294236143e-03
4.369082993470905195e-03
6.611155655243821511e-03
2.926811768368606237e-03
5.653118755942885057e-03
3.594338316706570998e-03
2.049933557322173097e-03
3.892713090652873999e-03
3.895124320235429779e-04
2.399192510190700095e-03
2.115951215502552898e-03
1.744853196272296795e-03
1.111808471808793143e-03
5.321169294776331542e-03
8.635359840588721679e-04
3.094613571920405530e-03
6.673076158215154310e-04
3.492971836664604990e-04
7.157872582914532635e-03
1.128003945916171164e-03
4.602312270770339206e-03
3.707691495114444173e-03
4.799713618475476284e-03
8.391079273868415431e-04
1.891519272349524152e-03
2.691071955545452400e-03
1.880898568968873089e-03
7.582311578398100681e-03
2.003176637990013859e-03
3.888785919925389842e-03
5.342536333636492291e-04
3.798817640927948207e-03
7.005944496179789373e-04
2.189757291198943072e-03
5.233159225288387152e-03
4.327028348612374335e-03
2.989368770685297541e-04
1.685630335804940956e-03
5.042775035025579868e-03
8.078117015107367724e-03
3.796859529616388156e-03
1.036167511542797435e-03
2.460879068987420395e-03
2.354941717388642512e-04
7.388853491808498137e-04
1.200486386297584807e-03
3.191000058064709551e-03
1.161485299851185409e-03
2.092539273258852209e-03
2.731479816319638820e-03
5.167161027528881928e-04
1.209702360473315043e-04
8.695431586518738301e-04
4.108040922060860259e-03
3.053122212180489885e-03
8.745590159153379629e-04
3.804908985838551926e-03
2.364117357100469635e-03
5.401992788553335902e-03
2.343333752250825394e-03
1.763645921130316437e-03
3.638940838138867893e-04
3.297306991616077293e-03
2.738154164843363374e-03
5.751530568055059946e-03
9.511924186852083662e-04
7.074960102978935204e-03
1.466014042011780198e-03
3.343027071463406524e-03
7.493853886872807804e-03
7.063463392548725156e-03
1.782082983267277649e-03
3.318050798127600916e-04
3.084747076551167411e-03
9.746671492723484129e-04
4.869122054196763755e-04
1.865961279502095912e-03
2.098875227393093984e-03
3.842010524763407511e-03
5.626497511261149137e-03
5.515362595350105368e-03
1.632400143323131355e-03
2.702247249568372547e-03
9.557442238956825008e-04
8.141137887461567021e-04
3.107563897433516641e-03
2.840766888108117207e-03
2.078190575646808591e-03
7.106670269440341393e-03
1.300551633651761321e-03
4.186644818150631227e-03
4.243584291470610566e-03
4.373126214646119204e-03
2.659103951398934362e-03
2.601946609434142854e-03
1.174729468820666020e-02
2.986864034714578099e-03
1.020324575062277498e-03
3.862846239955667824e-03
5.039910378696435198e-03
5.210202307605496345e-04
4.676382507439791336e-03
1.763196930827302630e-04
2.016965823789500494e-03
6.481722390301881400e-04
1.136045379241876343e-04
3.923935549722453245e-03
1.127706537685763555e-03
4.459867824796292200e-03
4.316417079276177980e-03
1.779755768172627123e-03
1.186544713773798193e-02
6.116462267795544881e-03
1.778915113342958770e-03
4.507855189082870411e-04
2.456811682804798096e-03
2.700118883964654128e-03
7.971289561988907993e-03
3.198289984046333995e-03
3.567554125463954021e-03
1.142066949093989772e-03
3.837815164606102683e-03
4.001121739209623912e-03
7.201526428700126374e-03
8.255671788606862987e-03
4.816044136951466020e-03
2.403527625968855338e-04
1.100178622711640549e-03
3.877641988304929895e-03
7.010655582084700070e-03
5.252075473125871093e-03
1.040377554299278320e-02
4.215980465154671106e-03
9.385472595468903959e-03
1.942534229777169615e-03
3.895449976651752140e-03
2.583546203320342266e-03
2.607727064588327096e-03
9.246243051838506921e-03
2.412402528254524881e-03
1.078737447559810318e-02
5.335502066202884100e-03
8.968544362169091760e-03
3.031846785235144202e-03
1.264714414804338043e-02
1.358343450456020495e-03
1.609714180767719133e-02
2.304359924147444949e-03
3.046400524772646667e-03
1.455889345860211272e-03
1.019846805924018527e-03
1.599419462026517883e-03
5.165796655593783530e-03
2.103811235452458014e-03
4.607229460035951185e-03
1.069364358155647232e-02
1.293884721479551456e-02
2.683723755168535615e-03
3.932493837327914483e-04
3.896708101501813494e-03
3.012512818908181893e-03
6.375392890028071550e-04
3.398386083487755973e-03
3.393023802059779489e-03
3.168728031518100842e-04
6.795479837623071701e-03
5.965190705889908147e-04
7.692082320197623016e-03
9.251664135219377083e-03
2.081064678223293156e-03
2.759794129006653760e-03
1.933303106614649115e-03
4.104144163364389073e-04
4.625789688491779156e-03
2.354098490349756240e-03
2.155584647182038748e-03
1.092098748669239727e-04
1.831028949230586013e-04
2.552430485236939234e-03
1.100607625139964074e-03
2.862215842571716375e-03
7.016444638653927856e-04
1.471469879071053526e-02
1.126644043427793042e-02
3.971976984577129353e-03
2.239041502349710215e-03
5.184894157093268736e-03
1.883442257080921367e-03
7.218090561879041481e-03
9.174555068351211012e-03
3.526454500032701490e-03
1.532412693540693548e-03
5.491452642809302280e-03
1.012511237261034180e-03
1.284012074141811614e-02
2.922408122542902512e-03
1.182193166026387909e-02
8.262674796272640940e-03
1.923337682765698369e-03
1.807397093667986038e-02
3.336619910117217137e-03
2.713808060899313432e-04
6.397120723249213187e-03
3.876655291834220970e-03
4.303786138142300099e-03
1.160020286860923358e-02
2.314131008231922176e-03
3.325269302265872542e-03
9.972525116032205858e-03
4.569681297980287063e-03
1.603608986263002113e-03
7.750962772099023734e-03
6.087766523218489899e-03
3.571152023015620298e-04
7.428271987870965765e-03
1.177465753360835976e-02
6.607582399482046266e-03
2.860766112963391509e-03
3.422691109673252526e-03
1.288326102304009676e-03
2.170528522569059333e-03
5.950437298449600364e-04
6.922091326104485437e-03
4.438250194508886783e-03
6.209812877414051455e-03
4.523581653644016126e-03
1.714006729428841453e-03
1.617239852102990297e-03
3.342485042468711781e-03
9.676050487596235799e-04
9.075576587631931091e-04
1.085860694961654493e-02
2.470108032757185792e-03
6.639810127891513682e-03
4.319922912752859750e-03
1.049947467458862060e-03
7.949485235611807032e-03
1.439633035229905510e-02
2.742864445098968339e-03
2.483184981944213700e-03
4.977150706381144180e-03
3.184983090719708393e-03
9.849017075998498568e-04
1.296813170026126817e-02
1.722854105049039571e-03
2.415287245969373244e-03
3.851518928394491448e-03
4.540661680139634047e-05
2.059923692133649401e-03
7.402313902385818621e-03
5.216618321517913978e-03
4.366706176158896969e-04
7.659909360610192217e-03
3.805179998650009589e-03
7.471238871227768585e-03
4.396274049980375236e-03
1.561490895718100399e-03
8.525225723780666467e-03
1.117244922566584201e-03
6.012642165070044772e-03
5.918200478519933944e-03
5.179882281945151490e-03
2.879249556361427372e-03
2.542036261878171614e-03
8.152299850506241827e-04
1.693716468166455097e-03
9.775984018857626114e-04
8.600775178382197642e-03
1.319286815541651989e-02
4.872440569412606927e-03
7.026060037340500254e-03
2.999400134726643409e-04
1.321321557501049966e-03
1.097910793379288383e-03
5.412307014200040331e-03
7.136019944041764422e-03
5.001486334652334789e-03
4.919617892178844735e-04
3.041527595585286851e-03
6.790048212311635203e-03
5.762920559620098894e-03
6.187311195052440371e-03
5.010147271973128431e-03
6.820384392080163991e-03
4.817240036117982280e-03
2.028954216247204085e-03
9.870874215441890857e-04
2.631672114232032518e-03
1.398489113193689386e-03
1.974048249237454408e-03
5.240198780328921002e-03
3.118602151556337625e-03
3.874182540805316214e-03
1.102652712006466345e-03
4.980982593745892847e-04
5.538038277213601585e-04
1.063969196832952394e-02
5.428119147997082818e-03
3.053141245491201253e-03
2.031302505613237063e-03
2.283402383843073126e-03
7.118949256233737637e-04
4.434678518700669279e-03
6.975971293187710302e-03
3.391450383374676469e-03
8.073009613082020395e-05
1.463658613811598397e-02
2.883299349527181695e-03
1.318682784102799717e-02
4.204488851321071946e-03
2.042527448611383429e-03
2.641163660588981277e-03
1.727718443209705313e-03
1.010446413735110972e-03
3.395605884076576160e-03
5.843197777009986361e-03
6.249159584635322583e-03
3.576174547927366779e-03
2.285065986154156351e-03
7.112671646916914232e-03
9.831101722621643155e-03
2.715765958518740158e-04
3.750712752784291296e-03
1.977369989587477155e-03
2.550604886366610903e-03
5.162894312808285688e-03
3.533441078098303878e-03
6.313176357833897266e-03
1.161090533047057574e-02
6.929829790367174683e-03
2.136416528842556908e-03
7.933502607068876333e-03
4.260009660731492454e-03
1.238907382324461615e-03
1.586719965972939331e-03
3.139430669201818003e-03
1.251232361532343511e-02
3.751324104276978870e-03
1.975309918924871705e-03
7.325221249831773140e-03
4.745787953912714019e-03
5.902956047493510862e-03
4.197480440228336168e-04
3.107351230319763970e-04
2.977908730279285425e-03
1.556116480543481492e-03
8.869432500216989368e-03
1.769187448879658894e-03
1.002006733395011335e-03
8.362211892340345315e-03
3.814917758306129395e-04
2.700158316157804934e-04
2.953736653067881232e-03
2.449006898049750549e-03
2.646278808417586951e-03
1.120849853964823485e-03
2.011187663506932340e-03
9.855479886208454166e-03
1.609602326296620111e-04
1.067349829819220879e-02
3.875219570070442951e-04
2.133921033445672442e-03
3.086465775985201485e-03
4.246785507231351205e-04
3.315073302316626138e-03
3.904468775168353032e-03
2.217150684347345049e-03
1.338513741836581256e-03
2.694314951007610072e-03
2.685432936471678599e-03
1.158699129941953478e-03
8.891453361345249412e-03
3.230042738243977044e-03
9.354997173323779686e-04
3.625536580771887563e-03
9.351968966767996332e-05
1.034877707407090737e-02
3.491378234491607398e-03
1.063399380253520973e-02
1.624597606974509910e-03
7.336017510456243045e-05
4.473055262621862413e-05
1.429970328131865455e-03
1.907168862884112354e-03
6.843914276887059708e-03
3.068733481371762901e-03
3.217445932671621125e-03
4.608000617570062046e-03
6.264496604925261398e-03
9.125730738142719340e-04
1.563114838557632834e-03
4.014461185192386150e-03
1.073940913429309628e-03
1.674332775904473648e-03
7.980847891434073374e-03
4.920672520851477466e-03
9.697036099256808525e-03
2.711617281828824968e-03
1.769900937820636827e-04
6.925455027799166247e-03
6.175317627617066436e-03
7.406982858247179377e-03
9.490751390804865644e-04
9.963311773744907857e-04
1.075525424423966030e-02
1.829015579180944982e-03
7.473656378110409698e-03
1.152649061297057222e-02
2.209851117001553501e-03
1.280066282272250902e-02
7.289269940364345550e-03
4.059951016846525922e-03
5.167622765912745523e-04
1.482305481393924240e-03
2.442035447757260475e-03
1.911643405057493385e-03
1.066083317458319972e-04
6.324328546430462231e-03
1.034685821404675863e-03
5.860842609961444856e-03
3.497783301205141526e-03
5.779637924446073523e-04
7.209933449444912677e-03
7.140326183975653079e-03
4.529726733252078391e-03
8.290799811408448849e-03
1.527235067391405441e-03
9.001191552792258549e-03
7.691905067288461011e-03
1.139457326520948444e-02
2.829482978925952370e-03
1.877142265568337333e-03
2.792473777730198128e-03
3.115777554290777469e-03
1.776678846455075587e-03
4.186354820877839431e-03
1.050836001536375498e-03
6.178522945602568997e-03
1.611997962307569997e-03
1.048607282074950431e-03
1.082305576375832898e-03
2.074569895490057606e-03
1.494971285377572805e-03
2.823913225306286592e-03
4.464396419193940660e-03
3.791301944807868619e-03
4.981303397322214485e-03
5.947159237575344419e-04
6.751477683610495120e-03
6.670318915534744972e-04
3.758123043050130450e-04
3.942707106268315484e-03
2.267975643311835804e-04
1.648331131482635168e-03
8.393205848003036651e-03
1.633798652842365995e-03
3.445996609325870357e-03
2.359935731585487573e-03
1.554448412788288084e-03
3.003043106354754484e-04
2.257833578349074683e-03
8.284836565960880875e-03
2.783981572755749121e-03
1.946483436209396666e-03
9.301304069268150933e-04
2.037740589451366314e-03
4.788156116276884831e-03
7.660458879537520270e-03
1.435197578942934210e-03
1.913705740916229765e-03
4.997188908651381198e-03
7.141910048466815208e-04
8.808166453605174992e-04
4.722601018317810692e-03
1.783385525692490802e-03
1.776861742924599466e-03
4.321695501357085585e-03
9.066179072257720154e-04
2.208744626582325528e-04
4.532028797491906291e-03
3.583185314157060191e-03
1.097580967719899783e-02
4.139341408172380818e-03
7.195703676271162676e-03
2.790490841523779117e-03
5.527617975182023968e-03
7.951247823043727293e-05
5.874452649732011741e-03
1.912286440479906476e-03
1.728089186697731204e-03
8.283885383609378584e-04
5.023764706600148842e-04
3.948498866766107828e-04
2.221766837130757094e-03
2.844168717470353311e-03
1.107655932797359894e-03
2.900461490019611704e-03
6.039549489102943002e-03
2.053918447963144073e-03
8.365102192641151639e-04
2.848808285294413402e-04
6.323658545260802018e-03
7.352555374702529623e-04
2.274025680793559379e-03
2.241327118682601930e-03
6.250303250580529872e-03
2.871687729058442894e-03
3.656825422643864617e-03
9.210951795837949135e-04
7.762742147775880501e-03
8.075054729887716151e-03
1.045326314326438556e-02
4.799174298568969696e-03
1.101472504043637863e-05
4.113090476841137558e-03
4.204133702189218752e-03
8.967956322322998605e-04
1.932331190830425920e-03
5.375204562054203272e-03
9.940242497617879369e-03
4.083901036942598310e-03
2.446560372650291235e-03
3.518693310349088913e-04
1.219564949325435341e-03
3.128944905453803337e-03
5.610801328480771993e-04
3.460578241190240267e-03
3.454722286669333585e-03
4.545200851444226864e-04
2.154817005822714550e-03
5.038020567956385306e-04
2.211710280125483118e-03
1.437156114600848800e-02
4.499130363657742430e-03
1.858471133472384127e-04
5.041981425829808764e-04
9.049956919925614476e-03
5.457009346661390210e-03
8.396006083346108789e-03
7.302057580396793812e-03
2.323399957912952816e-03
3.401981005491235607e-03
3.837459817122300908e-03
4.272796460177701755e-04
2.999622178390955293e-04
4.866800198682432604e-03
5.290927278807487470e-03
7.550125479309808402e-03
1.674767770324194155e-03
2.491663352110809991e-03
3.035023726974674877e-03
3.404474253114026915e-03
1.035829044637984371e-02
1.006090557029862102e-02
1.563749513062132784e-04
8.201545397459297435e-03
6.945235560141367007e-04
9.400338323785005154e-03
2.204076712910757463e-03
3.124865793418900566e-03
1.554250922292362133e-03
1.775847868983648379e-03
5.273455388418715403e-03
1.141037950976270254e-02
8.371430944769393812e-03
8.566825726789658755e-04
3.672051666132894899e-03
9.648039055452949705e-04
6.304153639326647018e-03
1.459744717179973844e-03
1.959361802657744699e-03
6.479900530462521591e-04
9.777226259569371178e-03
7.641059852908034305e-04
4.337391605578120972e-03
9.136474133840052220e-03
1.959179568278774427e-03
2.469559013131947863e-03
2.880386711463696955e-03
2.243765174727140738e-03
1.028746197258312463e-02
1.323657157256073746e-02
1.627629705930713636e-03
7.794391036312565274e-03
9.602763099105907779e-03
2.286164436359221144e-03
1.248639053207778416e-03
5.718934830658889933e-03
1.742542663145499587e-03
5.033352907614088538e-03
1.188897149966270913e-03
3.083628411251693006e-03
1.450403772867400048e-02
3.232572581463785504e-03
3.621468745982419583e-03
1.534926565837986317e-03
1.548768264410899705e-03
2.025873476164413592e-04
9.630136067472767469e-04
6.571490755443331298e-03
1.011510765767934276e-03
7.338114524731867080e-03
2.902512258238868219e-04
1.073962884503383043e-02
1.349509729178961391e-03
9.745661322892860317e-04
1.911990011057262441e-03
4.646014332465425701e-04
1.384896034088947204e-03
5.204282907803873919e-03
7.816306305426068413e-03
6.055682788237469819e-03
5.406907766629305903e-03
9.846587095474331960e-04
2.987113773463708020e-03
8.136074037571586551e-03
7.196572231110540466e-03
1.394732915504085825e-02
6.425975651811848856e-03
2.287100093004534873e-03
3.377175392756512698e-03
2.239954518426418278e-03
1.525262760939729298e-03
6.564692160215097709e-03
4.290010811528300423e-04
5.290802290645546741e-04
1.009523818383293962e-02
7.130321211426315919e-03
1.981118252817091834e-04
1.899569647114504817e-03
5.101351974312446323e-03
3.106609658394712207e-03
1.281164382697650046e-03
5.543767514566665111e-03
8.345094085720317729e-04
4.801171573920411106e-03
8.632711996172806948e-03
2.827811086646740083e-03
6.512659441933224026e-03
4.614318498170203071e-03
4.425158224603528700e-03
1.451446852888670829e-03
3.898056941707529234e-03
2.442773804501851935e-03
2.957900956602612947e-03
5.968874065405518556e-03
3.149542951922561576e-03
2.624808276135278014e-03
4.979988397527259454e-04
7.575927467698361471e-04
9.171016589720111870e-03
5.047087618806352744e-04
7.825379394686008197e-04
1.708770262943992181e-03
5.608657293106441427e-03
1.061147609718376440e-02
1.356756569866641483e-03
1.401775017145823893e-03
6.556523321204210664e-04
5.112089002018121563e-04
2.446379605440228704e-04
4.251894801211358529e-03
5.520812446661809911e-03
4.481077282234136212e-03
2.168880517439294737e-03
2.475953876238366942e-03
5.483311421732220588e-03
2.292111365050269415e-03
1.881019245530861101e-03
1.295727275180829285e-03
5.114722829786207126e-03
3.108858793979578199e-03
1.857533443351512374e-03
2.451079922683094096e-03
3.340874686673714605e-03
6.632734599087391179e-03
2.320103764326847916e-03
5.206729655829367594e-03
5.284241875461472698e-03
5.128211806594954597e-03
3.344037005514580337e-03
4.516939368413876426e-04
1.783099062614342759e-03
1.735451830070018197e-03
2.333937150587412235e-03
4.081403934864091462e-03
1.830517062290017150e-03
2.835168253909622817e-03
6.161825544869535889e-03
2.891781834199738319e-03
1.261081394054599982e-03
1.166199090689807802e-03
3.199090074543970309e-03
4.905217777776673706e-03
4.490529526800432210e-04
6.203836552765398457e-03
1.959551013687885375e-03
2.709656294778207443e-03
4.720781243322414583e-03
2.577422598934744034e-03
3.520973219304412895e-03
2.118344731925026424e-04
5.255966346900418050e-03
9.099270223387971980e-04
4.958447706742480886e-03
8.194000266570831276e-03
1.659288752448181536e-03
9.713452037347871564e-04
3.473408853249487435e-03
1.828120564895780462e-03
1.388737196758429125e-03
4.793234145486079296e-03
1.024267850154977552e-02
2.422685301140892981e-03
8.422138101902912344e-03
2.386455319908874998e-03
3.888999554882797451e-03
9.966243388379094140e-03
6.649024089092930856e-03
5.564218888328716257e-03
5.247945994895144371e-06
1.102654421073742848e-02
9.987382154569549378e-03
1.754235776879444278e-03
2.567177092692783484e-03
2.273656292666874443e-03
2.988019458712421958e-03
2.090262688153928655e-03
2.159327821576886332e-03
1.752916537645509039e-03
2.581582405905349931e-03
5.609156568406743239e-03
3.297064929535031136e-03
8.594348523990913728e-04
1.644609639453601183e-03
6.022309451422970398e-04
4.471980491100098487e-03
6.425161154402758354e-03
1.138804406428643604e-04
5.317794631989942837e-03
1.107838505526466703e-03
3.346291376735668205e-03
2.629173466084282120e-03
2.188537128738128612e-03
8.461317620030114645e-05
1.021324522104013685e-02
1.112825915263874034e-03
7.985060020898529856e-03
5.523625409944611132e-03
3.360831536736203981e-03
2.485215300767225615e-03
2.336989410552869732e-03
4.691238347567889752e-03
3.235719971449350398e-03
1.503908211902002436e-03
4.151335212088706978e-04
1.336690655956295978e-03
6.606389131747393215e-03
4.131982905943843570e-03
5.292321159645983937e-03
4.326415399398200398e-03
3.595288877872278212e-03
2.998793074088113280e-03
3.669450960042406674e-04
6.630924262397506347e-04
7.960230539154457621e-03
1.185668264261276672e-03
1.536448143122560181e-03
2.548421381993540465e-03
1.002416134943256553e-03
4.245435680079758661e-03
2.260706384698019881e-03
6.291129644545672382e-03
7.958682756086497573e-04
1.419280624747320044e-03
3.921172432146411216e-03
2.398510024411771614e-03
8.860423767458086748e-04
3.961093206361240328e-03
2.400348205981036979e-03
4.074670454225859037e-03
7.114650094363028816e-03
3.079004477518262547e-03
9.255653604984134808e-03
4.952373606718045961e-03
9.849954958553128540e-03
3.319372955372753686e-03
2.921011580610111038e-03
4.851045150310369196e-03
4.794812190468542706e-03
6.005175706972180200e-03
1.755190063893425278e-03
2.236509839305318628e-03
6.879931042091160139e-03
1.519179928234066709e-03
5.223044680734236812e-04
5.496782242742287612e-03
1.855225758811644655e-03
4.997638370403005570e-03
6.037275753144863248e-03
1.458540678198048859e-03
6.332469688534175280e-03
2.366136926429292513e-04
2.312823380003092236e-03
1.053501448998381751e-03
5.487864720702272450e-03
5.621612009650714045e-03
2.079986433672120598e-03
4.757388737958277367e-03
3.772107364808039158e-04
2.165207891816046514e-03
5.047527406266476627e-03
1.013498650783519785e-03
9.797008234230528481e-04
2.362796786276527301e-03
4.158970779637562523e-03
8.436229425066997176e-03
1.389560199553956229e-03
8.986676415951328368e-04
2.717244582366028834e-03
1.185907971639061677e-03
9.631368833997044562e-03
8.730921851995586055e-03
3.498614720157344499e-03
4.706252392388611365e-03
1.685793986922834789e-03
6.148443315336188549e-03
6.809593443406929299e-03
9.983704798396217557e-04
3.596234758920944120e-03
8.176359222200621849e-03
1.736155366484132614e-03
1.829208896147075736e-03
9.298131558576639213e-03
5.328689522988070554e-03
2.778992351674834313e-03
7.574969742050070669e-03
7.355557064886684114e-03
1.597392612078282585e-03
2.490769950204572460e-03
5.074468961254764536e-03
1.544154157688258124e-03
1.356723726030665579e-02
3.288490904842089526e-03
2.202411141806297212e-03
1.313927443000930751e-03
5.249096880252774287e-03
1.140851413071690586e-03
1.373063607276335659e-03
4.880730548069082801e-05
4.972704253557269465e-03
5.972198088966836462e-04
1.282983415551019676e-02
6.615589812012484874e-03
1.437030704594429407e-03
3.178632631523048077e-03
1.210405203909641460e-03
1.032094952867837241e-05
2.046962563756162239e-03
9.614174132605514313e-04
2.853873399165124825e-03
4.886485628141127094e-03
4.407260446378839791e-03
4.860174479681097018e-03
9.796694482948313173e-03
3.578868694112630894e-03
4.843400241425355711e-03
5.501266698414683173e-03
2.161441162101050521e-04
2.399448406135122700e-03
2.125532607659819453e-03
1.074940984277861396e-03
3.458766944603340805e-04
3.283632102055976387e-03
4.697969014439862256e-03
6.320589415190389602e-04
1.808819947895936144e-03
5.796556900703329213e-03
6.442852181256964079e-03
1.780518728256634282e-03
4.621215515350768702e-03
7.065653402944674019e-03
2.346592404519811520e-03
1.916758488160864556e-03
5.172498383657534761e-03
1.448064227187855109e-03
6.427566365860464329e-04
3.853297063325741996e-04
1.775577611996193711e-03
3.729224462718966609e-03
6.120144818486557281e-03
3.407620198185769105e-03
2.730012883633924255e-03
4.644779211530806681e-03
5.006567381050463714e-03
6.524684507869338811e-03
8.313897298191003137e-04
1.196590746722200546e-03
5.079212111223309258e-04
1.909184159474492607e-03
1.547993247376348250e-03
6.030123716036392585e-03
7.632455164139102279e-03
3.101092028059978124e-03
2.731737332838731543e-03
4.000009439326217449e-03
8.810819094285750330e-03
1.903450513425815858e-03
1.970797920688860047e-03
5.938002834950962920e-03
1.263350545155946534e-03
6.146201624818920135e-03
2.883923771655837361e-03
1.474683517099540341e-03
2.637557476624991979e-04
4.561424528696931407e-03
3.149647233837946179e-03
4.246346128498981222e-03
2.305092427431032313e-03
1.770095615774189193e-03
5.030299017538027682e-03
2.644109328011050569e-03
1.058324454324080120e-03
6.604397379543638404e-03
2.278733665674596408e-03
3.345959112590436019e-03
1.580471801146147428e-03
2.641946557539653819e-03
3.774129407243678649e-03
6.693595893095781457e-03
4.262620983985840675e-03
2.556499498281070322e-03
7.954020506871626499e-04
2.033886434763010689e-03
3.770041244308880435e-03
6.006579068581912456e-03
4.360598209842932345e-03
5.712393298370184967e-03
1.760974457596225238e-03
4.742213106190025095e-04
1.124440203681073905e-02
5.327908552265604031e-03
5.201476066604505781e-03
6.115360213142856036e-04
8.990097965170582408e-04
2.414525471237205772e-03
4.499529378538778823e-03
2.094064272481954182e-03
9.898497542385480304e-04
1.011260714116045747e-03
3.753711544970621435e-03
1.561151616366043045e-03
1.098482470349449293e-03
5.354800660948887472e-03
1.189113956938073376e-03
6.655090434694243932e-03
8.020938005267596064e-04
1.588950490966454989e-03
4.597831022979672992e-03
2.606532852765354805e-04
3.571464656084004288e-03
6.569570320387834155e-04
5.790392756875398401e-03
4.263563931131842256e-04
6.029767995041550137e-04
8.290029044757887692e-04
5.831995988122265842e-03
1.793254645124490489e-03
1.296506724823328748e-03
4.430824361712853120e-03
4.136196968160955022e-03
6.470378743389553627e-03
7.175512349573878301e-04
4.702674493086085638e-04
1.258560975028578206e-03
2.457029027252249833e-03
1.015402535517963056e-04
2.230272590640845418e-03
4.283630858271874980e-04
1.524439980176163587e-03
4.224278366771049877e-03
4.982197534476085626e-03
3.453183344800807124e-03
2.638628889313742940e-03
1.258659912704136914e-02
5.973455810156702052e-03
3.999494430668367427e-03
2.874108912982507955e-03
7.538052370859624207e-03
4.282033650276152102e-05
1.729020804197522109e-03
3.493863826419507364e-05
6.623261958585693540e-03
5.732004935583449650e-04
1.772196143517955520e-03
2.360331277830726108e-03
4.641472536027011625e-03
3.863429606681251498e-03
2.591253230951046007e-03
3.940831655952365016e-03
2.022529027713403094e-03
1.444802306649842216e-02
5.520328687599353017e-03
3.358516421022935566e-04
2.657067136973041352e-03
3.432231312687730306e-03
2.710097310244446740e-03
5.157914986029295094e-03
4.710678549136200315e-03
2.581348750322657107e-03
5.567077146772207372e-03
3.480197605683894510e-03
4.947098885867740091e-04
4.453965852732516377e-03
8.353184829741273128e-04
2.999551648185328368e-03
3.933846543224728612e-03
8.786625613427657792e-05
5.566046655843611031e-04
5.433277290055410491e-03
3.808245775046559516e-03
4.322841559210683846e-03
2.357272671528446665e-03
1.683175423661088929e-03
8.636648671381553025e-03
9.525945734621928465e-04
1.088765494907148468e-03
5.653421505217182813e-03
9.636755889806522188e-03
3.012758380981138493e-04
9.483672042605837543e-03
1.160944272758542223e-03
7.837592751176116097e-04
7.433544824094092708e-03
4.127072793996473463e-03
3.866579262382052913e-03
1.645069783488215150e-03
3.415849359174198078e-03
2.448940367056783225e-04
3.032582799939325530e-03
3.895411795393347205e-03
2.915242325965965772e-03
6.856046641059977860e-03
9.127309975456670416e-03
1.636442306414611237e-03
2.404371027879864306e-04
3.248995986087202959e-03
8.265208467909771275e-03
3.630805527168548368e-03
3.888039434950913645e-03
3.703016486507399417e-03
7.579270698951529397e-03
5.780911445702786866e-03
4.102565813323352101e-03
3.324261117580468161e-03
5.782704828750957239e-03
1.115158169064008444e-03
4.284691619106605585e-03
2.872382997504233440e-03
2.836905045159251581e-03
8.362176965992628580e-03
1.411611930641325403e-03
5.417283249447514895e-03
2.284532320054484793e-03
1.719735560974488230e-03
4.123815685318434239e-03
1.008749295987875026e-03
5.844490371027838589e-04
1.201322924267447058e-04
4.758427509802782640e-04
7.293112025630363315e-03
6.347953453527347550e-03
1.314703058548399384e-03
6.559508271772322881e-03
1.972607711877523429e-03
9.869772187095992525e-04
4.535961094568596690e-03
1.538802316240176112e-03
1.028923447758382402e-03
2.785212353032902842e-03
1.401922278250903112e-03
3.281794527583904069e-04
5.725101276042994687e-03
5.088219470589560103e-03
2.714259865934770186e-03
5.554384736596274311e-03
7.912101032672369527e-03
2.650236893745333642e-03
8.672323009980107897e-03
7.765415129181394219e-03
2.260277161238062171e-03
1.161956445124268447e-02
1.012492244271443256e-02
4.635426755491361636e-04
6.211648817272317049e-04
1.663400768202919454e-03
2.306475469320721713e-03
9.339373643543043280e-03
2.117814634238553151e-03
1.343087424711139274e-03
2.318076715715983247e-04
2.545722628633892599e-03
5.956570217304320812e-03
2.624150600508571261e-03
2.300290441154948483e-03
6.507043107370668461e-03
2.652703632473549407e-03
6.040638249532539680e-03
7.761296367397965993e-04
8.058745493937617558e-04
5.317150037171499040e-03
1.257334236376704811e-03
1.142258308780992430e-02
1.819925728253470347e-03
2.715544585693429810e-03
2.602343349217246284e-03
3.696287540908917840e-03
4.806962715190781291e-03
2.495434975427289655e-03
2.939056235699911198e-03
7.109320032696813708e-03
7.304063628134980189e-03
2.799153181176104472e-03
4.529241770721077059e-03
2.540064901010056792e-03
7.547841130553993409e-03
1.059037173383891315e-03
2.452630886059687667e-04
2.142569750629981333e-03
