7.765578435647886579e-02
9.936907732633452200e-03
5.782706310810890350e-03
1.164140866399090632e-02
4.326069686356320831e-03
1.124800567632856275e-02
4.152679445241669320e-03
6.380853820786492291e-03
3.575443359839770158e-03
1.989074408944623788e-03
3.074068278897276046e-03
3.323654979560697093e-04
3.854300844560708955e-02
4.317555469944717519e-03
6.646392534538735075e-02
2.273791786244311677e-02
5.371012577558179762e-02
6.196658992116944008e-03
2.785661473666135976e-04
4.112153207967450888e-03
1.614505934053179223e-03
1.484872862259427849e-04
3.396290832894970167e-03
1.670510571090229844e-03
6.713278415840687186e-02
4.286641306279503384e-03
4.063929997315218236e-03
2.620532093275726448e-02
3.495854401507048157e-03
2.477025205789240569e-02
7.728168714038441108e-04
9.625371686030406715e-03
5.498004361855139514e-03
6.856296821503271230e-03
8.619231829634777312e-03
7.180935188574633608e-03
4.224790916666791921e-03
6.908646010452222912e-04
2.620944685089315624e-03
8.909004362156544218e-03
5.226695567717794602e-03
6.293047945604036009e-04
8.774088107186335528e-03
7.339925653718925745e-04
1.489830986382770532e-03
1.113391178093927009e-03
2.941545730509700419e-04
5.122933437403055703e-04
2.701190346801295161e-03
6.008447764333820634e-02
1.547951045348628686e-02
4.662451805840599726e-03
6.097674172193645603e-03
1.575167277611691855e-02
2.865133914465902050e-03
3.634398851193780880e-04
1.077883321776820866e-03
1.052248032721445547e-03
9.344982222990882645e-03
2.641176104938797523e-03
5.266176225286604059e-04
3.980826059219756512e-03
1.074187798440493814e-02
6.599771956110227385e-03
1.593061188674431980e-03
6.645433015306283220e-03
5.732990148737481841e-03
8.292430729790852689e-03
1.096547527484933570e-03
4.452260262689215417e-03
1.442095150411065903e-02
7.740354806497710960e-02
4.360953584552919294e-04
3.448203624503911463e-02
4.698131022813955941e-03
3.142921374319439937e-03
5.585245868435513572e-03
2.210270952881251971e-02
1.540983473332916591e-03
5.524264521275457085e-02
4.991038894860497059e-03
4.213914629836892217e-02
3.173337479382110429e-03
9.947595995727318355e-03
9.218917462705252669e-03
2.326226727183237052e-03
1.022575385015524543e-02
3.917071922480925422e-02
4.448375899857906143e-03
5.596976752432046391e-03
7.918280037755406203e-03
2.469633036938475440e-02
4.186115942576474486e-02
4.792943835342903006e-05
5.845978760212207359e-03
8.969022658432070257e-04
3.048074838490061680e-03
8.337353184750545196e-03
6.216540608855283118e-02
2.163383485100085768e-02
2.440058039546229296e-03
7.071944554702781251e-03
1.869704064903343968e-02
5.663176834715670516e-03
4.901950145094553096e-02
5.275130064077969763e-03
5.937620525779471053e-02
7.763991104058459713e-02
5.845758838426612369e-03
1.005642635497979061e-02
4.825764324208535634e-03
4.640634408138766265e-02
1.276946939502869062e-02
6.599393323129586729e-03
1.875790895330544522e-02
9.203265832673638777e-03
1.017419505960180312e-02
2.022600374702967813e-04
6.067870007835828722e-03
3.093563890728554411e-03
3.129983335613877645e-03
3.272831160484886148e-03
2.160995629670550700e-03
1.787472967295307760e-02
3.142344524489962244e-04
1.365109601649730844e-02
7.391793963828087455e-02
1.791182690487073004e-03
9.129462979410923537e-03
6.596708847989278535e-02
6.817969523102801639e-03
6.377215273145583896e-02
2.400057214373650920e-03
4.180085626757987574e-03
3.728747209723385606e-04
6.651971987860169112e-03
2.165380845587485184e-03
5.925032525097133525e-03
3.312842099180842229e-03
8.958604075441214259e-03
3.762000438771941242e-03
4.455126057176705956e-02
1.503453120665118430e-02
5.921515877667438317e-03
8.878326163986786576e-03
1.887010984295304063e-03
5.156511997687435178e-02
4.147505047465195951e-03
2.633195170194366805e-04
5.124390683869755464e-02
4.360020702618905807e-03
3.898644687730895824e-03
1.730992822136312795e-03
8.096378353747924611e-03
1.327559753519087261e-02
3.015696724516167548e-03
3.541980375300173879e-03
5.268029556124606029e-03
1.079492677369790765e-02
1.190064547148767465e-04
4.817701914342254442e-03
5.305799249365740662e-03
5.343401433467783596e-03
8.375966594538134316e-03
4.489843791956889263e-02
1.294411875433280424e-03
6.445880029773322362e-02
1.371486188808495633e-02
3.070174892778285494e-02
9.123186032979020699e-03
1.087952102991588191e-02
2.837410571548661803e-02
2.087794494114968580e-03
5.305621871907070797e-02
2.720827824959710668e-03
4.535580755173468370e-02
6.857530941414541510e-03
2.464861054319207058e-04
5.410347742881562935e-04
1.648000709818920120e-02
1.866723518250239244e-02
3.637803200018690630e-03
3.983474495517891345e-03
9.195190950449018755e-03
4.778330678112683444e-02
6.403208344022167167e-03
3.232054058719428108e-02
1.044016270107710328e-03
1.128099700325336033e-02
3.276530887406067793e-02
6.633246232465206393e-02
1.538448498366134587e-03
1.735959578452491575e-02
4.728119987832910009e-04
3.972022495377976886e-02
2.581777100970628937e-03
2.846698096611885963e-03
6.480716384874830871e-02
5.768726575401596918e-02
5.750785236116971039e-03
6.010311888159476645e-02
1.123430870020972932e-03
2.424864822995545944e-03
9.115011907252367970e-03
6.530788166509380981e-03
1.197321861925965602e-03
6.769657974398382572e-02
1.068568207983133789e-02
5.439229211275115050e-02
4.101801413657338823e-03
4.488251995769289467e-03
1.572141951267360532e-02
5.925629852616702900e-03
3.376917778236561245e-03
6.722044131218637454e-03
2.034190303830814197e-03
9.675284089265363471e-03
4.240549026515192527e-03
3.001275690388383911e-03
1.958022795637999296e-03
5.329598621865643676e-02
2.532600378109547447e-03
1.141224986420496211e-02
2.570361404233136721e-03
4.679329993360906853e-03
3.394549085750908635e-02
8.328927758799373453e-04
2.774778458535307607e-02
5.196982245601907031e-03
5.103556392657142456e-03
2.121291760439307636e-05
8.911458751077822038e-03
1.869488648122150879e-03
4.649651441733364254e-02
1.478044508957938484e-03
6.281567840065224034e-03
1.076919818134769793e-02
6.425169726584980222e-03
1.275899387255268261e-02
6.692676439930234436e-03
1.533276711209031855e-03
3.268011853164046708e-03
7.609127231360307737e-05
6.037731443537253800e-02
6.382256933785215858e-02
7.576301626734795267e-04
7.535792071719395728e-06
4.265287268049790248e-03
1.001686119172951958e-02
2.354558454669902941e-03
1.023439334691677444e-02
4.352853084375079423e-02
4.080107658157786782e-02
7.013495807190660465e-03
1.858735539559788590e-03
7.405858054245806170e-03
8.492542947186588337e-03
2.042924865702937557e-04
5.095228036781301179e-02
3.002668875787991611e-03
7.520907821286830497e-03
2.456908098285540132e-03
1.056799636945805103e-03
2.950865776943238997e-02
5.201474005573861886e-04
1.499905619851021193e-02
3.969361681769359440e-02
7.931365266298220570e-03
4.693928447982013974e-02
2.973455623457634759e-03
5.665592934358649156e-03
2.964451307376241539e-03
5.017293214418335444e-03
5.396430730494825891e-03
3.650828405351452116e-02
1.595296579900290501e-04
7.600792119972761204e-03
4.153329389959430074e-03
3.925806940892927893e-02
2.700946593846733582e-03
4.674761314438073711e-04
8.462454465065976511e-03
1.502221695715952278e-03
5.238342828680190438e-03
3.919524407510640435e-02
2.890499120566097403e-03
1.115202692828140205e-02
9.211962460806272235e-04
4.691626282465063448e-03
1.799326187137946812e-03
5.989760017002082257e-03
3.718790276543791368e-03
2.351517755755816886e-03
6.333621298649757050e-03
3.528157140588056469e-03
1.530548863392546107e-03
6.293586608375176250e-02
1.347689983653767819e-02
4.471353852164398034e-03
3.684731601684616310e-03
4.853876185980345731e-02
6.469745962679485096e-02
7.601812839961879890e-03
1.753577385791584356e-02
3.086904421227432485e-02
2.514374461164185608e-03
1.475340619092035130e-03
2.843922148914358738e-03
9.027678607008834608e-03
1.318463518382955238e-02
4.888254638447705330e-02
5.838116492294027557e-03
1.872454858645900694e-02
1.022643303719678563e-02
5.517122349980596585e-02
8.023173278924895097e-03
6.785957701756204809e-03
5.388534231146270038e-03
1.231457971983050508e-03
2.852350471171984266e-03
5.543291955818826361e-02
4.449482846767716104e-02
5.990803793301559960e-02
5.012836037532537523e-03
2.384682393039841766e-02
1.157229677481593248e-03
1.986174907775728124e-02
4.018502934501012869e-02
7.213112790028761850e-03
5.453809137151289024e-03
7.088987609074706188e-03
4.763556005623799557e-03
6.562700117688924882e-03
1.129010005402003060e-02
2.574698459922058688e-02
9.319834589779169010e-03
1.360833130115137596e-02
8.797385429502761550e-05
1.472724964615485660e-02
5.183924808896787570e-03
1.761001758862039412e-02
3.832144895100421302e-03
2.305933415639522394e-03
1.558384411287199508e-03
1.516409355502616393e-02
1.804829129651965795e-03
1.998574690321899827e-02
4.045265160239039197e-03
2.487554355081831019e-03
2.031189237205471929e-03
5.844391742233123049e-03
2.578212790843303470e-03
6.378565658511757379e-03
4.220364638264756385e-02
9.888066511903737324e-03
1.889562723534793289e-03
5.202999998192294612e-02
5.134793662994505126e-02
8.258940048351199117e-03
1.334577926436559571e-02
2.877211478916781844e-03
9.143457664682368841e-03
5.973335697779110290e-03
1.105933751227623080e-02
1.052766460991091078e-02
1.222419540810716805e-02
1.228033911144510437e-03
2.435412044957665275e-03
1.229861475683567164e-02
5.893199469324648596e-03
5.380078889721946062e-02
1.851940235762105204e-03
6.555741967303496329e-03
5.460715268576779580e-02
4.046350520719140670e-02
2.421360261913545545e-02
5.585245307506223576e-03
1.690388746662636540e-02
1.962131248585059860e-03
4.848005880258248086e-03
5.246138823883477950e-03
1.453766176518827549e-03
3.080123411372000849e-03
8.244066455149041267e-03
2.777019833856178479e-03
2.848656267159174055e-02
4.474558341877750943e-03
6.936781026678307503e-03
4.086839249105127247e-02
7.876528120617325851e-03
1.655202571621134690e-03
1.293627475724048797e-03
5.384463489401098563e-02
2.269442147886290700e-02
9.185951005135632079e-04
2.593431379091109298e-04
1.390173477413052250e-02
5.662152643984344307e-03
7.748171169859360830e-03
7.141000471615433116e-03
4.516908745255733028e-03
7.249459402319857748e-03
9.854715595747846456e-04
7.057512813072651468e-04
2.999441273948662626e-03
1.466453376243933258e-02
6.199919929273665746e-03
3.589802151057751062e-04
8.554138601183189361e-03
3.937111224730943139e-04
9.885511021251125463e-03
7.372732368330040843e-03
4.299791487687004005e-02
8.043304003775356148e-03
3.141169063837411131e-03
3.338337112574285104e-04
1.797138723245787903e-03
9.019877529575225398e-04
2.451035320771977185e-04
2.787043857105192275e-03
1.587837274080058708e-03
4.432542456229974365e-02
2.522499410155908811e-02
6.166101337093287532e-02
1.132330351728296630e-02
1.296224156139546245e-02
2.763673619787292493e-02
4.055926078840390442e-03
2.895159409623214702e-04
3.695901187327313517e-03
8.734353825322383608e-03
4.586501151063007741e-05
3.260477319289421631e-03
2.945750544158988807e-02
1.859650758288242459e-02
2.830160960043272278e-03
1.485135259762014256e-02
4.124775292632649332e-02
1.089734289842840369e-02
1.454686574116795944e-02
4.693903162417993255e-03
5.063118363507886034e-04
7.870573493818927222e-03
1.148781656786334801e-02
6.958546401626085169e-03
8.781568806067729938e-03
5.185249433793141099e-02
1.583532076222468566e-03
7.731941522821644472e-03
5.820986112348552335e-04
8.789065901653443300e-03
2.804187742276749440e-02
4.807272514963419584e-03
4.316767269165769534e-03
3.452018558431074226e-03
1.794067450785795381e-02
2.101504849544274904e-03
1.342815443868456207e-02
2.201874577599080215e-02
7.919675390164361963e-05
3.883493663310440963e-02
4.580907237246302846e-03
4.968261694783952798e-02
6.351043195755324937e-03
2.230303813900524554e-02
6.193394080270093159e-03
1.188413149623362454e-03
2.862289311712726009e-03
7.613309625412519044e-03
1.498297593584529443e-02
5.142161732759750574e-03
1.823847863595231406e-02
8.214330476691985086e-03
2.594437307270731907e-02
4.521106552978226031e-04
4.671081505101577769e-02
6.536733237156799707e-03
4.620119511215792923e-02
3.550638422527936742e-03
2.798052843784201455e-03
6.731385617956165725e-03
2.650934730616293783e-02
3.708792559987000598e-03
4.853660306449974864e-03
2.833398990166099279e-03
4.537945343961642675e-02
8.824649237738074400e-03
5.132692328016964095e-02
2.961670160085772691e-02
1.160162195463328161e-02
3.146557525133007044e-02
1.841758344468098080e-02
1.407803224686719973e-03
1.531020932968418444e-02
6.130470750810385278e-04
2.261790818421700270e-03
1.439512369261360634e-02
1.925598807288468107e-04
3.905929150930198719e-03
3.814951738757945028e-03
1.197111963188123365e-02
4.051385741278683283e-02
1.262513647223907761e-03
4.418414980728710417e-02
6.950235236490924853e-03
3.205160100409671503e-02
8.096977937985340434e-03
3.578006496102444783e-02
4.576290286488395725e-03
2.933876428347494472e-02
9.031798045690934279e-03
5.267393953990493621e-02
3.484025853581219911e-02
2.382881960220290755e-03
6.141098045217593775e-03
3.244426835158791683e-02
2.405794678241210405e-02
6.130741718175220347e-04
3.799691815363685082e-02
2.355430670636081761e-03
9.315669298762740622e-04
1.086049826355310437e-02
8.461407075072450643e-03
8.751061277202932783e-04
7.772634792965323232e-03
5.591929179704817343e-02
8.666938190019540800e-03
2.854302141973639410e-03
7.471697484960944900e-03
1.252570012957001733e-03
1.705384735543346176e-03
2.248633222108066543e-02
1.071571776672884842e-02
2.362526807471132268e-03
5.977110286341241405e-03
6.103377311859677079e-03
5.294397772063272854e-03
9.591567457162159319e-03
6.378268659191126469e-04
3.515457854342472072e-02
1.267538673951484809e-03
3.923387275549095748e-02
3.083173850732281659e-02
1.550757100624049938e-04
2.812523620208652250e-02
4.744025801098364359e-02
1.242238469628110901e-02
1.842004465237416250e-03
6.137027191324461242e-03
9.398684496003551631e-03
2.735049084951329205e-03
9.961550801256375057e-03
8.542737948813732343e-03
1.438543280734416426e-03
5.400005121133782948e-03
1.202138623765931953e-02
4.364765176704075468e-03
1.395202657937550696e-02
6.847452366485679010e-03
2.362577196502315541e-03
3.777696875486986211e-02
3.172183559066487843e-03
3.026391055882345429e-03
3.467975022558505288e-02
1.525288088530223074e-02
4.985241380581420176e-03
3.243702352656026126e-04
3.578656531236071303e-02
8.421028290431378793e-02
8.363273037130035392e-02
7.399953429491828300e-03
2.414191759041197163e-02
5.153061784414650001e-03
4.622635253191786052e-03
5.496767136345100634e-03
1.464223011607574017e-02
5.837713776405294673e-03
3.921184885075215676e-02
2.476027334132321553e-02
1.029710982263686535e-02
2.511787325336985351e-03
2.308728041556474750e-03
1.110202108050657895e-02
2.809263419082263027e-03
6.665549333418930265e-03
8.194164318134973535e-02
1.161686182158044867e-02
2.540594416078086754e-02
7.994699290305685990e-02
1.193707081474969364e-03
3.931716431210081908e-02
4.695916849097704431e-04
4.396257697506224943e-02
5.201341292531645559e-03
2.182634765012798038e-03
2.397782262229806310e-02
1.111928679831276565e-02
6.396863207329819140e-03
1.020922238596943393e-02
1.400447199320320989e-02
1.505518463324347772e-02
6.313221803120676670e-03
1.072263260215126088e-03
1.655015014973333295e-02
6.779602613520819242e-03
4.399199127539073391e-03
8.935396282947737903e-04
4.064089550356921737e-02
4.118505575918263856e-02
4.295694084816733399e-02
4.449424438236843776e-02
1.290159671491930386e-02
7.592328649810760506e-03
4.452327863866235164e-02
2.234870298892138816e-03
9.700965030022639518e-03
4.396326563870475712e-02
3.975202879672026790e-03
7.894766787821980998e-07
3.024482311847445648e-03
4.577623473072227616e-04
1.836088983461601912e-03
6.869567122408759378e-03
7.917868338572355696e-03
1.233364820388269285e-03
5.785126540029214733e-03
8.363654158375772446e-03
1.491465814752940093e-02
5.807505578642281792e-03
3.117789816481583906e-06
9.010555009671178395e-02
3.441436804051922760e-02
1.842457472057709364e-02
3.040736903232743940e-02
9.260329474516158874e-04
9.302968467325872792e-02
1.521533865641515153e-02
2.411984704626518421e-03
1.845132874049447598e-03
1.519504764031693678e-03
3.591827101252683882e-03
2.460880711165971523e-03
3.548703883574028453e-03
4.141707009082117724e-02
7.107003901281453741e-04
3.551170404483502269e-02
3.153036914761861431e-02
6.391125848949961649e-03
1.404400440504855125e-04
4.735433522010248225e-03
7.439384425544815806e-03
1.905009922014070517e-02
5.872663240558745855e-03
7.304194326087969091e-03
2.651827346083207929e-03
2.889328166828379271e-03
5.158254546113304195e-02
3.529103576099074102e-02
2.997223195547541602e-02
1.941109566062561298e-03
1.103357374805546097e-03
3.780139617640624478e-03
2.206162975947529182e-03
5.714767969014688739e-03
6.990831593096063883e-03
4.902188626599334950e-03
5.509777757499496192e-02
2.900064047712648183e-02
1.947280734608800024e-02
2.720342658338081171e-02
5.355582896583254912e-03
3.219756749030887061e-03
1.952464915896388355e-03
3.595409232983352854e-02
1.863063905173314647e-03
3.369943686553957159e-03
1.690095240012599864e-02
3.152197425009491127e-02
9.277801336198366472e-03
7.840004252752698355e-03
3.082910833612267573e-02
3.635100991555180461e-02
1.047662496168591181e-02
4.024995531552334749e-02
1.203407409252889824e-02
7.531833893452384923e-03
1.032782422285453625e-02
4.061435825540250268e-03
1.535660082783539895e-03
5.729947648764180390e-03
3.543367331098525724e-03
2.756636797308616507e-03
4.965548660673196023e-03
1.140165000414729984e-02
1.992710860464140445e-03
5.588129562651095259e-04
2.763110575655897995e-03
2.976124964874975187e-03
1.692395034409237276e-02
1.024481537717525197e-02
1.292955658300576870e-02
1.137085231274410132e-04
9.231763763266004688e-03
3.458374275148982241e-02
3.075108755261451044e-03
8.283478740389650674e-05
1.284522934282580735e-03
3.261041130559696327e-02
8.825554118315509511e-03
2.470330231210238637e-03
2.537525287941518742e-02
8.997639012296245603e-03
4.944120942587255235e-02
4.035969943239804333e-03
1.294914034718673557e-01
1.692693874738499839e-03
2.151966961605520159e-02
1.088507908154034802e-02
5.480318930182760109e-04
6.978226068765100952e-03
3.732016090348694304e-02
1.012657407015708257e-02
7.494441191180463945e-03
4.150073998680981618e-02
1.882619761651989701e-02
1.773738508713141671e-03
1.454445866069737150e-03
3.186468293245080588e-03
3.257950779282094058e-03
1.703437888063347823e-03
5.505684612971248684e-03
1.047523302867118394e-03
1.271065027033900334e-02
3.219928452729690221e-02
1.786505016790718506e-02
6.626765026386157971e-04
3.088421443119282635e-03
2.889541313886617030e-02
8.144009937787494158e-03
3.170167803717123881e-03
4.935581529112506929e-03
3.108297486336890347e-03
7.267993615374637902e-03
3.177821477863241543e-03
9.749944224614211230e-02
1.177495737659235969e-03
4.365201115209156428e-03
3.854911380815235177e-03
8.940119805961127541e-03
5.055068267787607780e-05
6.700367855684755299e-03
7.073096053415875439e-02
1.053833426621470296e-02
1.389981208350771734e-02
4.282083422482735324e-02
3.067444105795688949e-03
4.598401114111819177e-03
9.409726722766478596e-04
5.206271972156051135e-03
2.222412066015652578e-03
2.622936383537737004e-02
1.889473229275363255e-03
8.599083514839183859e-03
3.731704283693947771e-02
3.841348244037328177e-03
9.858636228020201120e-02
3.105153530426184999e-02
1.479618819188546243e-04
9.142445603506087898e-03
9.685568910216407756e-04
3.626925784278363634e-03
1.486478415671151909e-01
9.178311037796498331e-03
3.311199317107437010e-03
2.914670487661105355e-02
1.085496031545415824e-01
5.986381817702782042e-03
1.716398738511606611e-02
9.099489587833520243e-03
1.081346757358017142e-02
1.823768220991073968e-02
2.132144511564039446e-02
4.647985140117593533e-02
1.199916638090599112e-03
2.224887505705694379e-03
9.292028072222806301e-02
3.429399860408281764e-02
5.708585991338362272e-05
5.397397389730289666e-03
4.711061107605060173e-03
3.965073876703070765e-02
2.669634635764831301e-02
4.452980055742561220e-03
1.811462790603302758e-02
5.374807065690865616e-03
3.708611338374803029e-02
3.857971421773197240e-02
7.335174953190269631e-03
8.865187370576502190e-02
4.024221119153605086e-03
1.142074477181059811e-02
3.315542563585276853e-02
1.064461366741045788e-03
2.726768314639875751e-04
8.546363166354471394e-03
2.442382763490758002e-02
9.012272969604947104e-04
2.876796629529812174e-02
2.116269334788686623e-04
1.271735316874080110e-03
2.725437234673978165e-02
3.877004473758273364e-03
1.022251143728848850e-02
4.284714243582689319e-02
1.233906939817858628e-03
8.661679817151005860e-05
1.402333819032502982e-02
1.444527009637601401e-03
6.986674164146401342e-03
5.243118216612450803e-03
2.115281170625934667e-02
6.425770704897332264e-03
2.221680857287508526e-02
1.114399563422304416e-02
2.380702189894661966e-02
3.120977512145872625e-03
5.472238185926400073e-03
8.426578251125037972e-03
1.394136492847719740e-02
1.431999386950057462e-01
3.098273576105617984e-03
4.851715404499979539e-02
2.203684302837306038e-03
3.900590778439064731e-03
1.041415612654293839e-02
2.156275053418929902e-03
1.320777115964550941e-01
7.425714390221827867e-03
9.881517499942201604e-03
4.738647314606339589e-03
2.369204535137320225e-04
5.398795181392923755e-03
1.340637619709399153e-01
1.451575768219253923e-02
9.376452422251671526e-03
3.385570009246133272e-02
2.100532231937882882e-02
1.179543967169992269e-02
1.262941680574320401e-02
2.233937335978384946e-03
3.536808595347588294e-03
5.482809640731200682e-03
5.064247561440736803e-03
4.788005394162344816e-03
2.569436046417646665e-03
3.137534490650384887e-03
9.060673365619756467e-04
7.199978872912857208e-02
3.469863360077619528e-04
4.506545163209635385e-02
1.325347453547797150e-01
8.501430497817714926e-03
1.203014048619224395e-03
1.095736566040256266e-02
3.815246529285186428e-02
1.461105620185920717e-03
3.422551884928994731e-02
2.705772922474882023e-03
4.511535038867378611e-03
2.774719585141639279e-03
3.685148195017037744e-03
3.407593078233759308e-03
4.325719825529097257e-02
4.688541185445847977e-03
3.210972593140617656e-03
3.865582699153606756e-03
4.234976457763586083e-02
1.345615821238178300e-01
5.145516542571851315e-03
7.171210006476273421e-03
1.751268035476324925e-02
4.788872458840823416e-03
2.676654954526209475e-03
3.508773892502652786e-02
2.852224060478662782e-02
3.088271874204029550e-03
8.461363322164320785e-03
2.364351343789701781e-03
1.410975551195547397e-03
9.581427124389434169e-02
3.943520762941949906e-03
2.782767800576087247e-02
8.483608390287901077e-03
3.624116249303608456e-02
2.483814653992213236e-03
2.251898817041886672e-02
1.082450671346011327e-03
1.336786124047506519e-01
1.069751124956338194e-02
8.006956564858697112e-02
7.885461306338496096e-03
8.681857715894561803e-03
2.407422238146396528e-04
2.694284867983764639e-03
6.612656605529702511e-03
3.410238881507043907e-02
8.311369467855939108e-02
1.451695393146165865e-02
8.575741303909069357e-03
1.271969411294604241e-03
2.106585736112823268e-03
8.071716233160003071e-03
4.901284224915083629e-03
3.328343030355390003e-02
2.068412099134653553e-03
6.946285194113847568e-04
4.044239529564587314e-03
8.991826585279352399e-03
1.237191791361846593e-01
9.953468148744103183e-02
9.706994722056540292e-02
2.951156693752511606e-02
1.216754512512682046e-01
3.147388959281121473e-02
1.832647695112991568e-02
1.762423951511634616e-03
1.207357570575785383e-01
1.038101024615308982e-01
3.580969338688738679e-02
1.532242242299304167e-03
2.794065931686647627e-03
1.358727052582100504e-02
5.072117084544457491e-03
7.671147012427798062e-03
1.464476502754740979e-03
3.318730874464573960e-02
1.307059530649191115e-01
1.357650739805911222e-01
1.428551817052814768e-02
1.739169444255933734e-03
3.860811326935868152e-03
3.971309329743501204e-02
2.696634390470992529e-02
1.821802348395938371e-03
1.374292311482383233e-01
3.674787716064894377e-02
1.232833473847458894e-01
2.255581444653019692e-03
2.407729881819389156e-02
1.837699161438305015e-02
2.586282742260575997e-03
3.935971165104691118e-04
1.255571658888108011e-01
1.171368248746883049e-02
9.104921082737373571e-04
3.097558287057293989e-03
8.135706846566653078e-03
6.445236537132868586e-03
2.212525408697432576e-03
7.289237437832220626e-03
9.741921581485997114e-04
6.922647582815348588e-03
1.843340018488461712e-02
5.089422643044582556e-03
1.221687139379247500e-02
1.364498664697547381e-01
1.025469446561878611e-03
2.012528490835089820e-02
1.349859131107357946e-01
3.430621656621502739e-04
6.618886522139982333e-03
4.921788748446121776e-03
1.646014792566563058e-03
5.140704996573921756e-03
7.783677987315434400e-03
6.247575862906694236e-04
7.176814314708840478e-04
8.931846789975316295e-03
8.577518813814096962e-03
1.172500282111235415e-01
3.732834444681236690e-03
1.323086223351160606e-01
1.299091400521724671e-01
2.320650485340722616e-02
5.755755096845096598e-03
3.276951855643180783e-02
1.080546336655093843e-02
8.180604272730712320e-03
1.145310434436284386e-01
2.308792082492875427e-03
2.179648170553507777e-02
1.346634988001791655e-01
6.716667161529849342e-03
1.101015379725386358e-02
1.235640979835249953e-01
1.577255873138639491e-02
9.624562221931413919e-03
3.427519143804606209e-03
1.194298767637294589e-02
1.330040777019570776e-02
3.986052677857259384e-03
1.214848466298304105e-02
1.144704258133125846e-03
8.771787931428591664e-04
2.051032949578269256e-03
1.351001406131872029e-01
2.986206329023959050e-03
1.652512481605303242e-03
2.668103475336271527e-02
2.043571396701458678e-03
5.623682307115446255e-02
1.112326726166431717e-01
6.938007552231441506e-03
9.425834022464009941e-04
9.601595620457724356e-03
4.089841166947727653e-03
8.631572758952060168e-04
1.553904712033729553e-03
6.848719104059809888e-03
2.932016202634730572e-03
1.739526594452310375e-04
1.033728544375369903e-03
3.304156284310105079e-02
1.285212113989266935e-01
7.097920502219563646e-04
6.729803836038275415e-03
2.697661636295241826e-03
3.920712343406195649e-02
1.215247990376083498e-01
8.250922548590203243e-02
4.651286768705882937e-03
9.650617577281125903e-03
3.199082001311435129e-03
1.912024118302283566e-03
1.307431155318629912e-01
2.965136714646510641e-04
1.466364592423405366e-04
1.571634399513703942e-02
3.348243240678289243e-03
6.754099074697930520e-03
1.014601544441241614e-02
1.280308658497241181e-01
4.814811663142515297e-03
3.213376818871022111e-02
2.419507702212434982e-02
7.319247423172792026e-03
1.794296881728175974e-02
7.489179409245443411e-03
1.829116219839929669e-04
3.366650850491848673e-02
1.094761972539780165e-01
1.165352308851488744e-01
6.057461764401408238e-02
9.918869133750462391e-03
1.260984550873452681e-01
8.867294806424481923e-02
9.715936691912603271e-03
1.845046425767244910e-02
1.211010404306117338e-01
4.988379004879725130e-04
3.271787917423783169e-03
9.368507710350542153e-03
1.097614935250482756e-03
8.479848789371927098e-02
8.089702793414140641e-03
8.321424043852125065e-04
2.652595210930818251e-02
1.312701280314024777e-01
1.281388810065117456e-01
1.297906485651854555e-02
3.351342209916690577e-03
1.283262999659408148e-02
7.224889647324535258e-02
2.947949053824246764e-03
2.378560824822253256e-02
1.268728645047268178e-01
1.681665670393743062e-03
1.548890153200315747e-03
1.033675458513187359e-02
6.271948705486442982e-03
1.440254308485628288e-03
2.687233535690673920e-03
1.180628565738515989e-02
1.140678280393621347e-02
3.027297940545327793e-03
6.107917303893644657e-03
1.005319244155204045e-02
6.052674970076490565e-03
2.718695417468630290e-02
5.838356137939992169e-03
1.259245441928775891e-03
3.208825745831411606e-03
2.964783710592918189e-03
2.855839631905025908e-03
8.541464055489343503e-04
2.314826005494446774e-03
4.761658977109316411e-03
1.061602183064905107e-02
1.322421361056535204e-03
4.112931151493503384e-02
9.825342175703155947e-03
3.155461472686853924e-02
1.205813649980543717e-01
2.694482075470624322e-03
2.808924165449290522e-02
6.982443181569439675e-03
8.352337034137111149e-03
1.390741485472962204e-03
1.935104840302774229e-02
3.770524880942122993e-04
7.293354198984403763e-03
6.487362259655414347e-03
1.976467168864199514e-02
1.712781210315704808e-02
1.965999608599393669e-02
1.408942264802672461e-03
1.256309432330298403e-01
5.086878047166170898e-04
2.156359575466742129e-04
6.598564549684052087e-03
2.137386369727118512e-03
4.591195797857420928e-03
8.347117890372462642e-04
6.994784078160820248e-04
2.858931498371448596e-03
3.061978954020399060e-03
1.020165517387919968e-01
4.452367505220007800e-03
1.143509087149731460e-03
1.236747849413887814e-03
1.710796263080994160e-03
3.474379793765068527e-03
1.021658434278755476e-03
2.106200703387753337e-03
1.046344364402744115e-01
3.075935855918534093e-02
3.309575241652555535e-03
2.544791399535524697e-03
1.188795457338840018e-02
5.683758853872485214e-04
1.250828060756815352e-01
1.039319298430162360e-02
5.906312057789025885e-04
1.033463354779347448e-01
1.195100746959703968e-02
1.686627374327969451e-03
3.252926052957175272e-03
5.037987312259171492e-03
1.129773043419858352e-03
2.894668746564679415e-03
6.402469388428135455e-05
6.767044072664717830e-03
9.124633375288607531e-03
5.188372905062198052e-03
1.403248343335265986e-03
5.637386154100237218e-03
6.147925536367084692e-03
1.275306472069268364e-03
1.075042363500370302e-01
1.229761264521707503e-01
9.860481177111647677e-02
5.390332492864416012e-04
9.803837836311904419e-03
3.437122399762978283e-03
1.695079979462959412e-04
2.301094462720505718e-02
1.237158274328788721e-01
2.821191396387500751e-03
7.537312037673123306e-03
2.000976922033171831e-02
2.072110847247448165e-02
3.066534953751155756e-02
6.645938971581184102e-04
1.098843257967159204e-01
1.627351756733920810e-02
8.049508048909824465e-02
4.396193124464814819e-03
9.947400142027131714e-03
1.293769773161502525e-02
5.082019296227807681e-02
2.688438490513225462e-02
6.515080528045215542e-03
1.171337257876861881e-01
5.046700046232164248e-03
2.005563008537372335e-03
7.203570691690489025e-03
1.037013125773417329e-03
7.215380282805198067e-03
1.221933846824517500e-01
3.454838125805293706e-03
4.264052815361914217e-03
1.075716941866932119e-01
1.248369914020314303e-01
4.819120925479084515e-03
3.104437396240482087e-03
4.345484027535722119e-03
9.815711511892456775e-03
9.266413129884785256e-04
5.570886139718545481e-04
7.453483647951033436e-03
9.629020571779380033e-02
6.556448040191306323e-03
2.605735175259296307e-03
1.259787106649970859e-02
1.879393183172387233e-03
5.025349825085246788e-03
1.880959009175461145e-03
8.661840485622651978e-03
1.305749422888538049e-02
9.540891895090750086e-02
6.778918402300892999e-04
8.379447462857705919e-02
4.090658351155958858e-04
2.698276279494220189e-03
1.054163795784782559e-01
4.600704997398529818e-03
8.785754492168474164e-03
1.466141098780555929e-02
9.911256660665113127e-02
1.512189994698673193e-03
2.297404162615442232e-03
8.557381500775161978e-03
8.203481909958138668e-03
1.153903203013208895e-02
5.170002377026158488e-03
1.672523732598348717e-02
8.692416656126732491e-03
6.809737553789259323e-02
6.581437674019538844e-03
5.156254544369286499e-03
1.289093069428561521e-02
3.673985091463660702e-03
1.511355855499085235e-03
1.239972879708330505e-01
8.692100948042192840e-03
1.374593279652112573e-02
9.856084601510580259e-03
2.846418062761174161e-03
2.958232530595759479e-03
1.380592041573399384e-03
8.530091033973464729e-03
1.174474480984153378e-02
7.986025476619428715e-03
3.992151641413681055e-03
4.490333410553259789e-03
2.147275128790887815e-03
1.105749925811095741e-01
2.256915681395039747e-03
1.199297548966414967e-01
2.453989008825796514e-02
1.245569233852997088e-01
2.466779936008045484e-04
6.330455859171316146e-03
2.033562829706848582e-02
8.183131295110684933e-02
6.844514418923302625e-03
2.162934601571495780e-04
5.757009061110648224e-03
3.714901362039349508e-03
1.447776162325336343e-03
6.243617983491968337e-02
3.227278009612365856e-02
2.257553880842501619e-03
1.206800142773938739e-01
1.447909382363887559e-03
1.075721256045184676e-02
4.282330068913343772e-03
2.714542475049780672e-03
1.380961208718579957e-03
1.099286685113666333e-02
2.069079261242368160e-03
4.677467715123713107e-03
8.829315256403608755e-05
4.828007446262209956e-03
1.154217303674305584e-02
6.059551027735149073e-03
2.033845924365338016e-03
1.276746647132919257e-02
1.668769022857340004e-03
1.172944339919960999e-01
2.718441933707654422e-03
1.194897605370820182e-01
3.418322968575033985e-04
1.204360610367502249e-01
1.065970301225877166e-02
2.731116664618128340e-03
6.643934469925505404e-03
3.515601731362478968e-03
2.459806563914382783e-03
1.863051619094457240e-02
5.296719841166687599e-03
9.197383101759959130e-05
1.155388548560791847e-04
1.902517638341569110e-03
7.955497119079427484e-03
7.313400793049506556e-03
7.787171409229012853e-02
1.408763204169162682e-02
2.294744679474772057e-03
3.212781715862996976e-03
3.128285794279931070e-03
8.084066239006017229e-03
2.003214258781309872e-03
1.189103596712687456e-02
5.962703890560282390e-03
7.333794720091557813e-03
4.914203171013604293e-02
2.571459316956009513e-04
3.857435190940533120e-03
5.603415966734863647e-03
6.601012750142134025e-03
1.192984140667333465e-01
1.195920651144156445e-02
1.559732527273429000e-03
9.469215993391042613e-03
7.252731619008402804e-03
1.129236519344515022e-01
9.303886897436207089e-04
4.611028222070640177e-03
1.172705632656616259e-01
1.352320698027180759e-02
2.281084633146102016e-03
6.379677139525678602e-03
3.335479345166864409e-03
4.009185450783537413e-03
1.131573871081696138e-02
7.905294074770743192e-04
1.180104336779602692e-02
1.027452779441454618e-03
5.966602330943287374e-02
4.718149040378305341e-03
1.051940608860976083e-03
2.463849464776085400e-03
3.425455011185511277e-03
3.296881845880117456e-02
5.414318487748861694e-03
1.153431771711662251e-01
7.042976548117771927e-03
5.453444837522292837e-03
5.207714785927131974e-03
1.299602981872942375e-02
1.004470319037333199e-02
6.226450981876778361e-03
4.439303896344199557e-02
7.249659391188010248e-03
1.135021716699712024e-01
3.552461186868995785e-03
1.440964071608793681e-02
9.187017198136641222e-03
4.810966131431093640e-02
7.616061421944832210e-02
6.469228957433964533e-02
4.315230318762711126e-02
1.140149492432891432e-01
7.991778044847255846e-03
9.547548828040937569e-04
8.364576846804590293e-02
6.198480192960009868e-04
1.119316287100004248e-01
3.281526349398022555e-03
4.322175927585626513e-03
8.292781095396224060e-04
2.348386080834917369e-03
8.927734644378113038e-03
4.308170406970215395e-03
6.381421508314630807e-03
1.709240179277810370e-03
1.703452491548365210e-03
2.284534787255288694e-03
2.862747819889555675e-03
6.391928290818212066e-02
3.787014757297699381e-03
1.004384104088931334e-01
7.098554803780961209e-02
1.556082412613684317e-02
7.354740164061930943e-03
7.937331304706838481e-03
1.873066505409684557e-02
1.101416601464229178e-01
1.095779400535234482e-01
1.341854131328997337e-03
5.732428178491287551e-02
7.430656043784916731e-02
4.761659174321697385e-03
5.250592951814738243e-03
8.587415835253540963e-02
9.252048283663828754e-02
1.111680994288019447e-01
6.347994979066315900e-03
2.146747296405279379e-02
5.123959548150520613e-03
8.458585597773396123e-03
6.646101666377169336e-03
5.277706940873586744e-02
3.703383545732313268e-03
1.848729084276233689e-03
2.159813744652484217e-03
2.818527807380720365e-03
3.452629560523808819e-03
7.418697755623559521e-03
3.652925894942632423e-02
4.829292069601847828e-06
1.002861985952850643e-02
8.066558456309659564e-02
6.314997250364574703e-03
3.857507414215905969e-03
4.466648061000387179e-03
1.132168350457781088e-02
2.439525895654862456e-03
1.128259523210277809e-01
3.157716581378949838e-03
4.017679475343410161e-03
1.007941010156322981e-01
3.670371355145234799e-03
3.008430201461175738e-03
5.130118444021730326e-03
1.006556665105924576e-03
1.019755383677616589e-01
5.579164686335411072e-02
1.239786643804124478e-03
3.931904893678405538e-03
4.740225395814633494e-03
9.125973554441632260e-03
5.991408398800712222e-03
9.424989865343742779e-02
7.744911947797359850e-03
7.931295958436076696e-03
4.964745714806050036e-02
4.824211865007913512e-03
3.631186614703862253e-03
1.005333652532958513e-04
5.484451578367601637e-03
4.900564687816954049e-03
8.584843206967547602e-02
5.283737026755510290e-03
8.999980715852679003e-02
1.009881010531165843e-02
4.335778088457083873e-03
1.056667439510520501e-01
8.776819487988056154e-03
2.375991815527364430e-03
1.037566677744712618e-01
1.974562289295051908e-03
9.757030369003327763e-02
8.390014759429490323e-04
1.106775925560606836e-03
5.822400496476994210e-03
3.949307136799510946e-03
3.886347947133981379e-02
6.630421480628759072e-03
4.384157515157713868e-03
6.795177878858481291e-02
1.139711799452692853e-01
2.881386843658491695e-03
5.869279744830683057e-03
1.478149387643694010e-02
6.472370451076740923e-03
1.912663732817480302e-03
7.304245313836769081e-03
1.409353560880045658e-03
1.345602982407783591e-03
5.024877884712927560e-03
2.281280956329834447e-03
1.314669288992565853e-03
3.590065049890756380e-03
4.031744190076674318e-03
8.462576105233533125e-03
5.017851760777133170e-04
3.592340966007420179e-03
6.345762726445936842e-03
6.863859474035388132e-03
4.371172922502789861e-03
5.121001976282619009e-03
1.061160204868266399e-01
1.750684251242837263e-03
1.169643525790296226e-03
7.112340389273909096e-03
5.109822212563397414e-04
4.406143496525071618e-02
3.431619413972766559e-03
9.025177882696323872e-02
7.077050590757190396e-02
5.655590241864542206e-02
1.408879141675345534e-03
5.764229198555586306e-04
5.098452684612390928e-02
8.910666034674777358e-02
9.353259954989558839e-03
3.770830588427874323e-03
5.675343920958768893e-04
1.008709071097141780e-01
1.039055909144264572e-02
8.860722853700715718e-03
8.181187466220121718e-02
1.313670910366418476e-02
5.654054451516508581e-03
1.941111117906170426e-03
2.591866056182764652e-02
9.760501523731734616e-03
8.566518653644848713e-03
8.932090121345796774e-02
5.197297331329866349e-02
8.216339297834793221e-02
9.476021377456711773e-04
3.532754449002362997e-03
4.367870167298695122e-02
8.403261970691728797e-03
6.585611358932679481e-03
1.055736122358964454e-02
8.934996123016619718e-02
1.049974392530584645e-02
7.115995382509889607e-04
9.903008524704144319e-03
7.324881691341711409e-03
4.246716215535620807e-03
8.383617044812621821e-02
6.877619133344299758e-03
2.216124697176620017e-04
4.753901075374041690e-03
6.691675223352879821e-03
3.291560381662718589e-03
3.800753523094150058e-03
1.596976999190243343e-02
4.156736158601619102e-03
2.561685433045005956e-04
3.240318467792760535e-03
3.949998848363097358e-03
9.573888983456209367e-02
9.846199278685595357e-02
3.818405497229239096e-03
7.852675555784252581e-02
4.823728010557304380e-02
5.880806185322547813e-02
2.025465167161324010e-03
2.120826393598071805e-03
1.819304923606657187e-03
1.020497447676165306e-02
3.983925299614393331e-03
2.534002911224186860e-02
2.187776589236866114e-03
9.041118018282938429e-03
1.332042622382262451e-04
2.426772449136346821e-03
3.859284544296844293e-04
4.686010106054128849e-02
3.495455062995240494e-04
9.763341604555240971e-02
3.068421906491465220e-03
9.618653519289295517e-02
8.622811634692384430e-02
2.916088216982679060e-03
2.977282807313896113e-04
2.440409146717700470e-02
2.908361878432280841e-03
2.426998231271112593e-03
3.905170246821009286e-03
4.100244355068064644e-03
1.474802311008131025e-03
7.016012429733833877e-02
5.454113813688776530e-04
1.137362820574288149e-04
1.593021122091053954e-02
9.749996839380922764e-03
2.492761697303272003e-02
9.398781779176993909e-03
9.804015026341528216e-02
1.761791232178545235e-03
2.428243491210018475e-03
7.252985835062603082e-02
8.697734427618067365e-02
5.916556297019118400e-03
8.218389174111115358e-02
1.030775984718050641e-03
1.498096979015671980e-02
8.983647264709937463e-02
1.183837598304318325e-02
2.916275946569046526e-02
9.150185623513747146e-02
2.465354814457607589e-03
7.151181185554561894e-04
5.798682656860541101e-02
1.937603522898997260e-02
5.506528582712157073e-04
1.164121720206170394e-04
1.358264026318881574e-05
1.575165814336015879e-02
9.219437319564588451e-02
8.178269783634633042e-03
9.683651604975450355e-02
8.857301992373504962e-02
3.579815920847123460e-03
8.511047695730834806e-03
6.855424695179089534e-02
1.478645525226841189e-03
1.118893593102552025e-03
1.985503851535136248e-03
9.078585613515091635e-02
2.829020754251027059e-02
2.946080372843472468e-03
7.261209859205867978e-02
9.138506705095139626e-02
4.976410571471303126e-03
3.676497141108225290e-03
9.365018192528280772e-02
8.305523225672932150e-03
4.183254519515080400e-02
1.528763243701340355e-02
5.860239131579790192e-03
8.681773793280557483e-02
6.642713725991616913e-02
7.078239045695777776e-02
2.116996930590452769e-02
2.593912475852181571e-02
1.790951025047223238e-03
5.095530030890713623e-03
4.324842262922403216e-03
3.767084213353323607e-02
3.998101211121956461e-02
2.366664242075870294e-03
7.654158329164367780e-02
3.502661788522880293e-02
9.720563585970519449e-02
7.069961906191932731e-03
5.289231731015186025e-03
3.515968721881611997e-02
6.994133197608381515e-03
7.816690142879804395e-05
1.257507636117720286e-03
7.810548794962353381e-03
3.846139061985259788e-02
7.618732487743939963e-02
2.312800792633221050e-03
6.293715871014605133e-03
3.570525049524045629e-03
7.546008838380881961e-03
3.008318632782316406e-03
2.066851306428326568e-02
1.728581643316122679e-03
3.494514527317565261e-02
3.551060224658104947e-02
6.841771822464667863e-02
4.151719276503793715e-03
4.636805515697352970e-02
4.289726537714253114e-03
3.780644819464402690e-03
1.135507534109575804e-03
6.662721916494267205e-02
4.761875099383553627e-04
9.929481793798428449e-03
1.230167817621074036e-02
8.919698418024002776e-03
4.251387338652489866e-04
3.726565570977690561e-02
1.869698769783708497e-02
9.375965094271912492e-02
5.730552146652687258e-03
2.398078433311877714e-02
5.993302384316663393e-03
2.777233274342556964e-03
8.945525031658611848e-02
7.920783056920576576e-03
7.296280111450831893e-04
3.102713774531890359e-02
6.303943820185163582e-02
3.201299256271788844e-03
1.275004657839760858e-02
7.364486234333135484e-02
5.617271596303464315e-02
3.478488525645367924e-02
6.467968584768681028e-02
3.312341555234895717e-03
1.440980981364660884e-03
8.173662335116847408e-04
5.432005706347594470e-02
2.565297942090530303e-02
2.454987389696340963e-02
5.378616929231622157e-02
9.134432549989010552e-02
6.117045920901111739e-02
5.811497063748749005e-03
4.696563381703525164e-02
8.744060410216326906e-02
3.542067929303074902e-03
3.190696740222082224e-03
2.399429353716313849e-03
8.353325495952591828e-02
6.698702583108524788e-02
2.920910248892455083e-02
1.099311951085062654e-02
4.515506160963324127e-03
2.433193181653654086e-03
8.309823980325603543e-02
6.859781302707983371e-04
3.846299440254385971e-03
4.439108088568658600e-02
5.966669711892418765e-02
2.815639047513883442e-03
6.300668004381983212e-02
6.242489368377907022e-02
7.118549340669460580e-03
8.400258251543344171e-03
5.553622767575041967e-03
6.223734109140943542e-03
6.349171659809331979e-03
6.870651272496561268e-02
3.183582990759084921e-03
7.399304858931192441e-02
6.062040260918843482e-04
5.312984806359274254e-03
6.389592478421929171e-03
5.021384989820588257e-02
5.906096078330088511e-03
2.129235401043636823e-03
5.246345359989871594e-03
4.044730582177732958e-03
8.298359866129005613e-02
7.010256318316083861e-03
1.928903894876444038e-03
7.657675047275205871e-02
4.853500573703799052e-03
1.275224605948941693e-02
8.290421361205202455e-02
2.733805813843891326e-04
6.090318373203030405e-02
2.131060638905407298e-02
5.215496735339944512e-02
7.634038230512020518e-02
5.000553090394589673e-02
7.290455503994330583e-04
4.511599686786337687e-03
6.484622162096745357e-02
1.252237698031577647e-03
7.827456498147730701e-02
6.135682691663299493e-03
5.414708855914254076e-02
8.551099935888833981e-05
5.159672805360395256e-03
5.027618161812395271e-03
1.229934725385806562e-03
7.813133986923444241e-02
1.174028477816748545e-02
4.280629867059380228e-02
8.651491691673181272e-03
7.862997105786671131e-03
3.136994671618951146e-03
5.797481131429832457e-03
6.537841183397830047e-02
7.958948185081762827e-02
6.827021406623548158e-03
3.210116836102238930e-03
7.908538418432239274e-04
5.196890300426670189e-02
2.491652677364754906e-04
7.767413515411160374e-02
5.989779049627511065e-03
7.442277729518564922e-02
7.259197652063677231e-02
5.663161924267146041e-02
7.958943098832268331e-03
2.657038515166612949e-03
1.064340675881954561e-03
1.873702406040328406e-03
6.533194107350698276e-02
6.397989756014277329e-02
9.715376048734880240e-03
6.109060858406502315e-02
5.831627657154405536e-02
6.591773417311638794e-02
8.678916940722401947e-04
7.886231006538376234e-03
6.581129512898206690e-02
2.756197087315628846e-03
8.479813277227710513e-03
7.399289984549664578e-02
7.502234838445015486e-02
1.280489168693990307e-03
7.048549593886650755e-02
4.826521720361185049e-03
4.492275364336171042e-03
6.838596419887422312e-03
6.230081785207478018e-02
9.161253797294949958e-03
7.186076180428475901e-02
1.283156541251699850e-03
9.662641279214475134e-04
2.499315347317251565e-03
4.827457574093150898e-03
3.100184180382293923e-03
4.067075890396468218e-03
3.758861099868342822e-03
7.266558393234625636e-03
3.411521170466265060e-03
1.662587428175463494e-03
1.521686375565881391e-02
1.240585753857981243e-03
9.092411723820487818e-03
3.074985717607305741e-02
9.709765651241389350e-03
7.070947853847878856e-03
1.512939253461268070e-03
7.182967830928713160e-02
6.183343906088652198e-02
6.936710472994170318e-03
1.111550112621384999e-02
6.242669078714097909e-03
5.590579622509350005e-02
1.361201229767286525e-02
3.126321105895616542e-02
2.771002844353076880e-03
8.527940258186428313e-03
5.331362572540147837e-02
7.215281691102529149e-02
1.538568141004580114e-03
8.319082143101631452e-03
4.994712033041097399e-02
1.189257731050719601e-02
3.084390362075761088e-03
2.126241662081293071e-03
5.960628103087500101e-02
7.451373548463970098e-02
6.924144108970863021e-02
1.948455205383915474e-04
6.962149376545909152e-02
6.781892394391663727e-03
3.184256893733147104e-02
5.328550672254185605e-02
9.336263020393944807e-04
2.184446666237089413e-03
5.938007623513850974e-02
6.807528624838547759e-02
9.667644813045510668e-04
8.501847134768375155e-03
6.452431628182286362e-03
2.827834173640034632e-03
2.439701707334261324e-03
7.606700452691572689e-03
3.550589050036355096e-03
2.668806152582120159e-02
7.900392403288122867e-02
3.739967468562102604e-03
2.611716788151823357e-03
1.254374225777358208e-02
4.221476555257985819e-02
2.504635767652439726e-03
2.738954443008194406e-03
6.657788311546238014e-02
3.239902685127367399e-03
1.156075977389047806e-02
6.844383454257919148e-04
6.069888192506397821e-03
2.439267620284482282e-02
6.259739246106149624e-03
7.059916348719855184e-02
6.872288118997876491e-03
3.456135166783024393e-03
7.486661934835938184e-03
1.885758111204363175e-03
2.902365474629176306e-03
7.942220243516925210e-03
2.955405649952454628e-03
7.343392177886487460e-02
3.548665777137086346e-03
6.977216608914330910e-03
4.656514802058500831e-03
2.691011146411534036e-03
2.833539796838446811e-02
5.993580851180425276e-04
2.153501169530150274e-03
9.896400729111898276e-02
4.799888252063515270e-02
5.129373230226732215e-03
6.988402304785325259e-02
1.141344201231390271e-02
4.004724676740176355e-03
1.027297329904704182e-02
1.149874467415811299e-02
5.975647902317639606e-03
7.468714447499709538e-05
5.918700225811415402e-03
6.656989965538802345e-02
4.551702766248667126e-02
5.244934705073058673e-03
1.929769975709626911e-02
3.528198731838817076e-02
1.274202338054196242e-02
6.902118154664055316e-02
7.923236628236672574e-02
7.627357650069536976e-02
1.285248688975194724e-03
9.500972971067351419e-03
5.333538560511808604e-06
6.837767464519618754e-02
9.246598883966969037e-03
6.131965501825530074e-02
3.061333089278184608e-02
2.948271152898846066e-03
8.421599621967247335e-04
4.228339040198287636e-03
5.105580926612878628e-02
5.962079817585228675e-02
3.827200697628061442e-03
5.728418706867242222e-02
5.567090722836148808e-02
4.996638187930073707e-03
4.806642646990262439e-03
4.722923942884186166e-04
7.004880998288932903e-02
6.269511326047071120e-02
4.208105348503435490e-03
2.125775188634105185e-03
6.305748123789511536e-03
7.302042720078329163e-02
2.600408886956252167e-03
2.495719856582668920e-03
7.173797988565026873e-02
2.338593366242774311e-03
6.478477467100071663e-02
2.262496093744713940e-03
2.509807989973598247e-02
4.977961938316741164e-02
5.130002508622798219e-03
7.357093325635904893e-05
1.810797688860455931e-03
2.820514490492348654e-03
1.552983793216847208e-02
4.341624299688504746e-02
6.523938766810655730e-03
7.299983684666874750e-02
6.133532914625951281e-04
1.176983507948061412e-02
4.065636260305247919e-03
1.920431520795473591e-03
4.048664168802924845e-02
1.538921007124086104e-04
6.219042964832170728e-02
1.984935776088960629e-03
2.122874202364849992e-03
4.315260960547463200e-03
6.509500217438393688e-02
2.295066074939265850e-03
8.961086354310068836e-02
8.289854190980890103e-02
1.188581264566357792e-01
3.274338482396860900e-02
3.437962734483702293e-03
1.849748040136114068e-03
6.684990543952713804e-02
7.455605317332870963e-02
1.170432814215258913e-03
9.333564931068568521e-03
7.994747009840472152e-03
4.576413823817211679e-02
1.150849471695597481e-01
8.069374295326479929e-02
4.520683233756659161e-03
6.524214856034367405e-02
3.194204984274166478e-03
5.279166724891691011e-03
6.372191511195916813e-02
7.275923635088255015e-02
2.711379732245230902e-03
7.227270605274271897e-02
6.329783335816800693e-02
8.003671667759570951e-02
6.351947184334344812e-03
1.205266552398143731e-01
1.232529116959261983e-02
5.686643501634351151e-03
7.470615439283501136e-02
2.584020903719284976e-03
7.124888911018785465e-02
4.413474877755224623e-02
5.236729276389792860e-03
7.572603542119653308e-02
1.680895296170527515e-03
5.271479722425313069e-03
1.986473383545979150e-03
8.363274208596841591e-03
7.068295422685039187e-02
6.911873284514045979e-02
2.412572220942862510e-03
8.594666692835796484e-03
9.657774165076935674e-03
5.103043026172137189e-03
1.135078639563186133e-03
1.379509486016474995e-01
6.122837538510876587e-02
6.307758195780630017e-02
7.165154847093380651e-03
1.130489299812121023e-03
7.124159887518588530e-02
1.084249208372410102e-02
4.989219951971803069e-03
3.962926248744984975e-03
1.208798132403989499e-02
4.136597783008440742e-03
6.574384499661940252e-03
3.275388168953909194e-03
6.551419535864247412e-02
2.108840227110082149e-02
6.682612450166389162e-02
7.030343572857371270e-02
9.106676067097872751e-02
2.253011344643622311e-03
7.582541100873382497e-03
8.004025435888814655e-02
1.307682151154946531e-03
7.297207262474367240e-02
4.088713265150769292e-03
1.194002121036826652e-02
6.764854643211409835e-02
3.433089607322789560e-02
3.264609549156843177e-03
8.370220741118185315e-03
2.781926672400493895e-03
5.699026904768048074e-03
2.470066398149598722e-03
1.940905597608941560e-02
3.264867370892218703e-04
6.454440323059661144e-02
2.132798320405498559e-03
1.859900098275235223e-03
7.534560157724730367e-02
1.413269891119501437e-02
1.220897649533820802e-04
7.840540253334862429e-04
6.983867283073664708e-03
1.310248708706983518e-02
5.178749116644672072e-03
5.454996758184592082e-04
5.716954843709928097e-02
1.519873597773950058e-03
3.975536527830721839e-03
4.588609255027150877e-03
2.696494620683701719e-03
2.035172839976531062e-03
7.463543288785746618e-03
7.007985649822509600e-02
5.133719066690191693e-03
4.108149505254934941e-02
2.644905028625700247e-03
7.695286463824273226e-03
4.553599546162238670e-04
3.568001375407936406e-03
6.080269492354049149e-03
5.174024460132170588e-04
6.075190790200787200e-02
6.635234953234259159e-03
5.006106077445214575e-02
1.097901442074857709e-02
4.482599795835080433e-03
8.050656315878439509e-03
5.084229972174986872e-02
1.535701732165882516e-02
6.145693171442259684e-02
4.265766859387335429e-03
5.756032786847391919e-02
6.703851810187794712e-03
6.959003662111042099e-02
6.532518184558687956e-03
6.879687130704416689e-03
7.059948726791763931e-06
3.447910891363873982e-03
1.213454835073525528e-02
4.605575747567256135e-04
1.204680172119319652e-02
4.391991191225280006e-03
4.351867266949884655e-02
4.507603306288731140e-03
1.320434696891079930e-02
9.691011155828037349e-03
8.157945704502206352e-03
6.526435840616563039e-03
4.327332207465662411e-02
4.323622889409911877e-04
5.271042832876002629e-03
2.105190321886371996e-03
1.560068404190879726e-03
5.970387039953564678e-02
5.547148128600460151e-03
6.803161277639437760e-03
5.188347552249749674e-03
8.689215714688903677e-03
6.531842452606758873e-03
3.878695622193087996e-03
6.096078022621831058e-03
1.422470200788012763e-02
6.930719521828408725e-02
5.555120895092026737e-03
2.125243182169336224e-03
9.358060743105868365e-04
3.076915039249657723e-03
1.327499328405196133e-02
7.744264277867706110e-03
3.185637367253663088e-03
3.183788657673406602e-02
4.624608594870775573e-03
1.834472156334580233e-03
4.776110487327206444e-03
7.684767598811845929e-03
3.270751329499348506e-03
4.297006944415240372e-03
1.312485948205507902e-02
8.029739285140636076e-04
8.212929213458302138e-03
5.382137556254605257e-03
4.068449471978449056e-02
5.874747739769098885e-03
1.092849477059812044e-02
2.729468215041251384e-03
5.347096031830533142e-02
8.390096344730171157e-03
5.195651423681718747e-04
2.622690120221733614e-03
6.091188561755331472e-03
6.771594274461853122e-03
3.928194300810797582e-03
8.871799226052305004e-03
5.529337063784842132e-02
8.462700738225128680e-03
8.566028153379657770e-03
2.918817606350066710e-03
4.518188354346743159e-03
6.675754648451691538e-03
1.773259460948012085e-03
4.344897446704309996e-02
6.394526588660040187e-03
4.436175848583181688e-03
7.160932899090073286e-03
7.042522029575337683e-03
5.567879008839328112e-03
6.496921122046413026e-03
6.499965415972422215e-03
6.149720018075225531e-02
4.785203573510817855e-03
3.715392969320394784e-02
6.904570769132744104e-03
9.935244065970097200e-04
7.397503390751648637e-03
1.177051203443260294e-02
3.846531409154666566e-03
1.799569175648688471e-02
6.097381733910570145e-04
1.488946674083765215e-02
4.155519097453361926e-02
6.379814607882525711e-03
8.795213922716879976e-03
5.154658218222193250e-02
1.525674080589952547e-02
6.347311340373133770e-02
1.967412265133096014e-02
1.733546491392809474e-02
6.173428584597647970e-03
3.656382185941883757e-04
1.104987756487101069e-02
4.108747397367035897e-02
1.276993644080553787e-03
1.359673305555656082e-02
6.323333295021255681e-04
1.721422317980609434e-02
5.674478780948206263e-02
2.593513369004632821e-02
3.708402387604689630e-03
9.259888670976929373e-03
2.119524113107569205e-02
2.786082240578333351e-04
4.662698569256368449e-03
2.402490718527257318e-02
2.725057388341809925e-02
2.027257098202024654e-02
1.123550607160348760e-03
2.510593628836530790e-03
2.442129051507840876e-03
5.832495531829234858e-02
1.561924461927696739e-02
3.819929040541541598e-03
5.594967421374837753e-04
8.914760054584972698e-03
6.000546300284390934e-03
1.100797021116642870e-02
5.596110349573429725e-03
1.177161640822432798e-02
4.467515560890708906e-03
1.630029976371423842e-02
2.457228362895417378e-03
1.576322422512547311e-02
1.091947602335393945e-02
2.315799782763723613e-02
1.080392503426992482e-03
7.713087472212811966e-05
4.644432591185558568e-02
1.296249669512361882e-02
7.166028655104935644e-04
4.338093600507985682e-03
4.745692342456011605e-03
4.318107563497807291e-03
3.167899310134893089e-03
6.421373152043458044e-02
8.766984363001486744e-03
1.002775618859675678e-02
7.293931889060873558e-03
1.347276040936525770e-03
7.423595257721786467e-03
3.992450731066988015e-03
2.495865107738697367e-02
1.573656759066822258e-02
3.910764091649038265e-02
3.086832018715845311e-02
4.614053158877747668e-02
2.909528303620445913e-02
5.880299279596116514e-03
5.904885631914388346e-03
4.864867508633118759e-02
1.549142500443699598e-03
4.105129475306649837e-03
1.530268151750498878e-02
1.236898578789856137e-02
2.976926593439135557e-02
5.117043041515320634e-03
9.110382962890749541e-04
1.043948976975540149e-02
1.682655605666335359e-03
5.143560319485807053e-02
9.985572499526110864e-04
4.042312326470620665e-03
1.398192094356159182e-02
2.090272921584867237e-03
4.021580210344459505e-02
7.965448940242389128e-03
2.082459293171777873e-02
8.253735202154277584e-03
2.132244422057509581e-02
3.080079156463099571e-02
4.520475222661945666e-03
2.678485293380182541e-02
6.821614243860696543e-03
4.658933379970814359e-02
9.975388333565032330e-04
1.716292134384651748e-03
9.496488780629416121e-03
3.809635294984261211e-04
3.251625652826945889e-03
1.392804270223529234e-02
2.027820141332004403e-02
3.878457199797063527e-03
2.030976801229430334e-03
2.347102514340846172e-02
4.635704958000551323e-02
2.583400013967742520e-02
3.515377643464825952e-02
2.485416247583578046e-03
1.483415907992136204e-03
1.312404450797896409e-02
4.883695986851752623e-03
4.826356032394375772e-02
2.311731906039572390e-03
6.622964076220561611e-04
1.122985058775570651e-02
4.344825712543484708e-02
9.270360589075031868e-03
1.963492787351033692e-02
1.518489947042354947e-03
7.814831477454338426e-02
1.887853232009261946e-03
1.360593679275636826e-03
2.595265542720260471e-03
2.922595543076716984e-02
1.930511375824234613e-02
2.862084419436057917e-03
2.707921692968074268e-03
1.391578715707112585e-02
3.681234984798005538e-03
8.167690856593778567e-03
6.531898557565190590e-03
1.903268464665263142e-03
1.095744525888736783e-02
3.840365343647283991e-02
6.727772640027880439e-03
7.448897821577026360e-03
3.292745858347950055e-02
1.398579328251064839e-02
2.194556733083023042e-02
6.394527580634697984e-03
2.198604824948690098e-02
3.385718342634907226e-03
6.103021647961735189e-04
7.370049716077116918e-03
4.963229236197302810e-04
5.700733327848660041e-03
9.208316736014571311e-05
4.738594978591502589e-03
4.780841519156851273e-03
8.685621197593139256e-04
6.956703745318209772e-03
4.247490739731967987e-03
6.220712258443716718e-03
1.059827728595885352e-02
4.841062419978182040e-04
9.564230671736412975e-03
1.406395678778163232e-02
1.086657239527059546e-02
2.613410970925102075e-03
2.555849321843998295e-03
7.266493207853171044e-03
3.533693474668985943e-04
1.230148851692549131e-02
2.468044300947946565e-02
7.473592571292743403e-03
3.062470391545672396e-02
2.410235104916156820e-02
7.940898676016006075e-02
3.929190886946865718e-02
3.824475210251665480e-02
2.108715213050319295e-03
4.285274797049196116e-02
1.094010584874407187e-02
2.858312315788019350e-02
3.796618181496239780e-02
7.047345424283556203e-03
3.602381252794284450e-02
8.283841416451123707e-02
2.396074229929733880e-03
4.476231269942590636e-03
6.851340694623869092e-04
2.306191424000841785e-03
3.826752287055212171e-03
4.194767563312037061e-03
2.841947645149654061e-02
2.279520360438205048e-03
1.631977947942302078e-03
9.864384838936025596e-04
1.098185802408201475e-02
1.911888004365129914e-02
5.251386129629407283e-03
8.796216693025542700e-04
5.293157809380381234e-04
4.233071262839933555e-03
9.604967310881193029e-03
3.439366141488839346e-02
1.006681145742205352e-02
1.337654980999134543e-03
4.379322373118352263e-02
3.786204230821209847e-03
3.432882333725787403e-03
9.677121743125106923e-03
1.495630785774357870e-03
3.318222734966593673e-02
4.392070002103964921e-02
1.595052234046348506e-03
1.347194621342190195e-02
3.615096786135795284e-03
7.076478186602779647e-04
9.142933157554258838e-02
2.811712662339756544e-02
7.494629209974911638e-03
8.085964157466925956e-03
2.908537818161090194e-02
1.258869822198359356e-01
1.020925930678714955e-01
5.261988976012988740e-03
3.858556598519566339e-02
1.135491071470868775e-04
2.715985626443127594e-03
1.135456071846626704e-03
8.263266365105809141e-02
2.373195583732056260e-02
8.743766839485564435e-03
2.405647972509278743e-03
4.305326803072287434e-03
3.257274151978847474e-04
4.685859303894154669e-05
2.721805444014131770e-03
6.548303846579697080e-03
2.973018755702676666e-02
3.568570914190645569e-03
4.022862570473838967e-02
9.333984627982488957e-03
1.081213581477988850e-01
4.983948579823893089e-03
1.041478869321886547e-01
1.054468790039536120e-02
3.172007741732749131e-03
2.101382602936646693e-02
2.839840445577802852e-02
6.492589962962151207e-04
5.125335322347825823e-02
3.772530128209420491e-02
3.836342704169758600e-04
3.958912215914748949e-03
1.136188550362514545e-02
1.144984038896849909e-02
1.421495941003366459e-01
1.267781976056347234e-03
5.127948399246893586e-03
1.033883134756202228e-02
4.455333059331683526e-02
1.352870143702095684e-01
1.421701395176907246e-01
2.109351193215813075e-02
1.197334826424836796e-02
3.250118514443315937e-04
2.925447289251318847e-02
7.246410714117714619e-03
1.593392254403839040e-02
3.400822988389564164e-03
5.343775906597008664e-03
1.744814673754285783e-02
4.716380492169442405e-03
9.936736971128450058e-02
9.596744778366526549e-03
3.244288104685163349e-02
2.161940969641248586e-02
5.246552151537798615e-03
8.350317692766832944e-02
1.380016179267229415e-01
8.965340353192270684e-02
2.851521934917468706e-02
3.351688639364246679e-03
8.081702438707542152e-03
8.535384139019226712e-03
1.384018421400565468e-01
1.110051029179515980e-01
1.365869290270725232e-03
6.933558797233862515e-03
9.195753384030381367e-03
1.233665462471726371e-01
1.766601822886568803e-03
1.734244681986813180e-03
4.292634050248393153e-03
9.853290631698050084e-02
1.953142963573149381e-03
3.629347384280864897e-02
1.805403643870876883e-03
4.037604750478839682e-02
1.256334749420715338e-02
5.318934893513768171e-03
4.529114842118953392e-05
1.785426819361321180e-02
1.062901960815557101e-03
5.516739789879035493e-05
3.879167444446159768e-02
2.450569476050988224e-03
6.705581355100498223e-04
9.609288984450814822e-03
6.744043674393686207e-04
8.841022762138521160e-03
1.855741365499395668e-03
9.522672591155518021e-03
2.928588339041613125e-03
1.052253508812964061e-01
3.337631390052550346e-03
4.329325236531373126e-04
1.346583657053497529e-02
1.309327722043664988e-01
8.205318614180254905e-03
9.609367963963935319e-03
2.009526513498292866e-02
5.597718584048878496e-03
1.184099150754831103e-02
6.659388249443115712e-04
1.479913398316374910e-02
8.507948704964929387e-02
3.938941819559270766e-03
1.045469019549442359e-02
7.245042514873940506e-03
1.043774896073702656e-02
4.833941124676179556e-04
3.741867479939198909e-02
1.024913307174333330e-05
1.349809795267578995e-03
4.401517292360815868e-03
1.287076410127315496e-01
6.098362588290634489e-03
1.329497814199700756e-01
9.638556556916599155e-03
5.243048646403477772e-04
2.340961289571438439e-02
1.265407850255204636e-01
1.412676920061778525e-04
1.596959869600457840e-02
2.970664102895013287e-03
1.670322313094497677e-02
5.763515613490640538e-03
1.889048205603220676e-02
1.318703598199045743e-02
2.183335296179775373e-03
9.710503754512161967e-02
2.259969589974836560e-02
8.870064042129068016e-03
1.362087211151061794e-01
1.628438839280696784e-02
4.910011981629177832e-03
5.298208773548458358e-03
1.281412640963958405e-01
1.355707274715937383e-01
1.292604015995138800e-01
5.969524638218770508e-04
1.167329357647063116e-02
1.333757239406732804e-02
1.580460076612239884e-03
1.165339546266079551e-01
3.841512517420523579e-03
5.691677941168107012e-03
1.741486116517838986e-03
8.057135649822593296e-03
5.112234218497958664e-04
3.854278319203379918e-03
6.893809290732274934e-03
5.652243748408183888e-03
2.401372420493776225e-03
4.045654263179756724e-03
1.001319798105433125e-02
1.396093074793719772e-03
1.210281467125828847e-01
6.474585276524937212e-03
1.007852037059111736e-02
5.668843380752672245e-03
3.126495372956620417e-02
3.542648183874046435e-03
2.496779393112643491e-02
8.200959906819954917e-04
7.004392331481735200e-03
8.334041316149171444e-03
1.275113589073195441e-01
1.270801495706619909e-04
5.135219410895113835e-03
1.328436827091845629e-01
1.265737164962617289e-01
1.517892089262400275e-02
1.901282500365075777e-03
4.906670863657348024e-03
2.659071426273884597e-02
8.420794975887185840e-02
6.024021946959048565e-03
1.884625705360489867e-03
4.023420930590106831e-02
9.969346762233260995e-02
1.572782747037759429e-02
1.127223196127608296e-01
9.005351353092138841e-03
1.358395339745590256e-03
1.898665154572485355e-03
1.150009606569639982e-05
2.969428281112149529e-02
5.889909132870164987e-03
1.029939559781930802e-01
6.090642615930867351e-03
8.613689000706897109e-03
1.170445866527693168e-02
9.795887074567737052e-03
1.260634846580402368e-01
1.387411628392517388e-02
1.727888352168916244e-02
1.441971731794396312e-02
1.186263197792966802e-03
7.789853378883840329e-03
8.831597315450386010e-02
1.151084813836783932e-01
1.207353460269946534e-02
1.735098456400156058e-02
1.189138040853523620e-01
1.234605819123755222e-01
2.199961003435934453e-02
1.158701069288056891e-02
8.707219858809667895e-03
7.456211533617012471e-03
3.855347740779200855e-03
1.374735753051603733e-02
2.223953896905537728e-02
3.378525421212169155e-03
1.269500294239429491e-03
6.386799669485564504e-04
8.714242923911165103e-03
6.890487719733879961e-03
6.061986738142304985e-04
1.096408178026314108e-02
9.076154576737358731e-03
1.026032478245892353e-02
2.996762849352163291e-03
1.128184428462156857e-02
1.004809214657572530e-02
4.961562845550965923e-04
8.889287577567224138e-03
1.227942188231854748e-01
5.394257582949264773e-03
1.124918642394476601e-02
8.874349428393983391e-04
4.663097026951690607e-03
1.298404049692116792e-02
3.900397709061392826e-03
5.373083473487055839e-03
9.979057023908763369e-02
1.250623053745620328e-01
2.366585409586364694e-02
5.920147079359174697e-02
1.175986952530628377e-01
8.324987187899354768e-03
2.187460112279423184e-03
1.204169030179152583e-01
5.475973132305151508e-03
4.585639290738538140e-03
1.163925116289112188e-01
1.733831596328483035e-03
6.411842314399073678e-03
3.015226554891866501e-02
9.990807494496673196e-04
2.040699361274064469e-02
3.151741934411366863e-03
4.320775768860122060e-03
8.262873195951522809e-02
8.371772058442090991e-02
3.549856677755362355e-03
1.843181871561391794e-02
6.292412119414707294e-02
8.871573843905244949e-03
3.982356102392075659e-04
8.974137351924101058e-03
1.012456067991130276e-01
6.189857924320745809e-03
1.112341519553962516e-01
7.989054013888037195e-03
9.796017140730759257e-04
8.229127842235362867e-05
7.487903561556992493e-03
1.145219445433612315e-01
6.341434368221196549e-02
6.689230543584652119e-03
1.068032114251455121e-05
1.162699590885463846e-02
7.050005997433633764e-02
8.365311035920064073e-03
3.832706472524619653e-03
5.256352128257857186e-03
2.235900775757640148e-05
9.291872047847654290e-03
7.565663498284820121e-04
2.575470286658749098e-04
3.794628861794505092e-03
7.920706527263161878e-02
1.058326994390295928e-01
8.428833353463732400e-03
4.658483706000274456e-03
1.312819166121471622e-03
4.359498634577298887e-02
9.197937026418561562e-03
8.380542871210246159e-02
7.961640619239315070e-03
5.337230049453726803e-03
1.204297219973799599e-02
4.167908478242964010e-03
1.161660170034922168e-01
4.709983287421835516e-03
1.343229229555532693e-02
1.023563897625189012e-02
3.190250661020504444e-04
5.230053959054369907e-03
8.560875120315179386e-04
9.802310985059100104e-03
9.806749927379239395e-04
1.064985400266593024e-01
4.304363401283645141e-02
8.163337250079254204e-02
8.398481314787170637e-02
1.678724189499613195e-03
5.739969157898836515e-03
7.718892734907682220e-04
9.975449277271426687e-04
1.054662548740989553e-01
7.791514456810270418e-03
8.440582899783354021e-03
7.162586220428565631e-02
9.564580872992579745e-04
1.141160297201616533e-02
9.838224818435030439e-02
6.680747730282480222e-03
1.125405919699760532e-01
6.677519885562247480e-03
5.545865759124373254e-03
4.521097640181072352e-02
1.022405503097304109e-02
1.092006933843147620e-01
5.701837294024059838e-03
7.299818412981166210e-03
1.099988152839907335e-01
2.379283817214939908e-02
7.253613427167565630e-02
8.077249125173916258e-03
8.279773133609844363e-03
1.103900462736556731e-01
1.922949441052889275e-03
6.727550716879747428e-02
1.651714800755474388e-03
9.401131902682137442e-03
1.046187802922672432e-02
3.762689194235942485e-03
1.045467662621617361e-01
1.680819434653851819e-03
5.646135305738398183e-03
6.871361909942846208e-03
2.279521891102589959e-02
1.076449149722370213e-01
9.267970125189544869e-03
1.124455006390692379e-05
2.918759645613914003e-02
7.288730635593355066e-03
9.735197817473696669e-02
9.660082847128090289e-03
7.569020266484581018e-03
8.596706507671044925e-03
1.086658382178648380e-01
4.908155197433729938e-03
4.969873353019838708e-03
8.011044980693809991e-02
9.447075059039669598e-02
6.134718555826304195e-03
1.702344541193236225e-03
3.462811897757404889e-02
1.215912286554032481e-02
5.693160850473533846e-02
1.804544668469445709e-02
3.354806391416809228e-03
1.029136364436046142e-01
1.294251387563915591e-02
1.246294802540658109e-02
1.295873021777764998e-02
5.029902153784077644e-03
8.025374121612435796e-02
3.201576095051188089e-03
4.191864458906999213e-03
1.765812616442186209e-03
1.042170284399986102e-01
3.525200630455218448e-03
1.070767747090242694e-02
4.249124577103103977e-03
9.858912128547878129e-02
7.443621466261151308e-03
4.249267129506632129e-02
4.292720908095030465e-03
5.802732958046306032e-03
1.196027315292506193e-02
5.038766518777083869e-02
6.237180729043997202e-03
1.019602561137324809e-02
5.184778764911406913e-03
2.047903679565686065e-03
7.430370462614627539e-03
1.865922623637666575e-03
1.540423233826930700e-02
2.565774512874948506e-03
9.333075140109771406e-02
8.221367209610458415e-02
8.001273228458136155e-02
4.028348398760381657e-03
2.774807200033464196e-04
3.191167840878970149e-03
1.311147380886414603e-02
9.155619177293480848e-02
2.291751042411948377e-03
7.005330413813823376e-02
5.598211788118410970e-02
3.427406633825741487e-03
1.069491674714469903e-02
1.374301490250270236e-02
2.925569735753389029e-03
1.044575272967750573e-01
4.072688315472845072e-02
8.443828623453807081e-02
1.840957030965677949e-02
3.111155273845725606e-03
2.025443280538669153e-03
2.049544421530450494e-02
4.112213907853289052e-02
4.279241213469204587e-03
7.936601785864754940e-03
1.766388062669797115e-03
5.139568302144056910e-03
5.437604966931678524e-02
7.423147053751893293e-03
1.166529420672261959e-02
3.195318854888741771e-03
5.244883452366845902e-03
5.561257820422094850e-02
9.043542514568801705e-02
9.711635314735320157e-02
1.570273188562962621e-03
3.980273581212853684e-02
4.604673942630212700e-03
6.437083403301553652e-02
1.076596752364401485e-02
9.432155336157360681e-02
1.255297315607976222e-02
1.590478981374067718e-03
2.671865447773675174e-03
2.239502335575007178e-02
7.828009810789963302e-03
4.412081630869783139e-02
4.367751416353416599e-03
1.804198174356106234e-04
1.804450051606839222e-03
1.498512154875665048e-03
5.245497438189620880e-03
7.157389460518468957e-03
6.583286863529251576e-02
5.456043451188094529e-02
4.360777310666254930e-02
6.501859221972366293e-03
5.711609194623430523e-03
6.776016637375762569e-03
4.362633883021840159e-02
1.485750400710949756e-02
8.645055828776943571e-04
9.808395199249973426e-03
2.454793182931232047e-03
5.597268040020695473e-02
7.501794976434290885e-02
5.722365275440442246e-03
1.524208572156474312e-03
7.956546701567732832e-03
3.141036003137577526e-02
4.835607360548838107e-02
7.238163864402158290e-04
4.634464831242716618e-03
6.494863987909067077e-03
7.252192851258670858e-02
5.046544636350316915e-02
4.431379657068380135e-02
4.786176491198601383e-03
4.262784430890862418e-03
3.389983553343435692e-04
3.378219136846574884e-03
8.204037076533825246e-02
1.041785645291060320e-03
1.009888491245278415e-03
3.847333114617567697e-03
2.833400977439278195e-03
7.188978812427390674e-02
3.980815786893764736e-04
1.630567289273628572e-03
7.706417384450386932e-02
2.121645079291054753e-03
4.065704189747046046e-03
1.065328090030130508e-02
2.419757477035561037e-03
3.667301128859660336e-02
2.296161163806068658e-03
5.230054787677403810e-03
3.485851993468166293e-02
3.609976609080974550e-04
5.753881311660633685e-03
2.627256806485369495e-03
1.343881911013853009e-03
4.765668899843781767e-03
7.370480583390043305e-03
6.164019651902619135e-02
5.779520456199509909e-02
1.301580344679721495e-02
3.666462499130122323e-03
1.274770917457671406e-03
2.418597172410885676e-03
5.623492651548595359e-03
2.408678445965276027e-03
4.144842609043860628e-03
2.571428754345836832e-03
8.619578247445188607e-03
7.127065609498964283e-02
6.615336871234828164e-02
7.289401679768037039e-03
7.189055293237815725e-03
7.930377112449239763e-02
4.177698714810997374e-03
9.027753567222800537e-04
7.152365675230078212e-02
9.832316793460010168e-03
2.099799670727755738e-03
6.818692113436158886e-02
1.993926616531403653e-03
6.115212270776460707e-02
7.428045408676731132e-02
7.159656933456169485e-03
2.634743376447715862e-02
6.530383653850600767e-02
5.147188429629967477e-03
6.280755501945879671e-02
5.614452521501324574e-03
3.457024084279797238e-02
3.019652973635038318e-03
3.617083534820047727e-03
6.990207965393384348e-02
6.803767814722584684e-02
1.320122250509513703e-03
3.358787540688441299e-03
3.208562217482381802e-03
4.885177850065986621e-02
7.420483881854687824e-02
7.031295066776431513e-02
1.126113941263708756e-02
6.537066339946150106e-02
2.664843071797920807e-02
8.872143545187989241e-03
7.979983570924132144e-03
3.785337953188919885e-02
7.092230851201270642e-03
5.113045811479717713e-03
5.231673226007262437e-03
3.803087128899212185e-03
3.312281611685538585e-02
4.898682310974392627e-03
4.959357165890935712e-03
1.475763259693816526e-02
6.628468016629213144e-02
2.069539924541694952e-03
6.161535871682980239e-03
1.445776131054198272e-03
6.326509055992092512e-02
6.928915957710963386e-03
5.757909301686971876e-02
7.785458005835703410e-02
1.961407656396955534e-03
6.400824348011693518e-03
3.885322323855003313e-02
1.631613739583127193e-02
1.009725637226963936e-02
3.928206779864097664e-02
6.804130212925112685e-03
4.765410996135447871e-03
5.715632612851640534e-04
7.494835622583668686e-03
6.421243738777718257e-02
3.983544727681776268e-03
7.213257546101256579e-02
1.201961899298534194e-04
5.297039057496080033e-02
6.774716872206119900e-02
6.945321350410055272e-02
6.410219364891510396e-02
7.461447130057941024e-02
1.011914458339955268e-02
6.477883761590705336e-02
3.837348295079971282e-03
6.615793664402035146e-02
8.184480831763650197e-03
3.580862227824035959e-02
3.506968280494211256e-03
4.656911383128068543e-02
4.979043174016466004e-03
1.455067092789215377e-04
8.176546068167657097e-03
2.190303982402662906e-03
2.937342575012128962e-03
6.137080293938970699e-02
5.639925278597694019e-02
3.385822921132302082e-03
1.091343282247353962e-02
2.471172506201269742e-02
5.385742996356965469e-03
4.223482338393120573e-03
4.174950128795395544e-03
3.985818921360946218e-03
5.214245412321185172e-04
8.267608109515201670e-03
4.786456674898726879e-03
1.449364513043926647e-03
1.485396348686749551e-02
1.004800923584858036e-02
6.621357564861377054e-02
9.915847886541333256e-02
2.263541481908732528e-03
1.756125018199705505e-03
4.608040138262437836e-03
5.094228604061828460e-03
4.451568997201089256e-02
2.474269689758377012e-03
4.741011777190648263e-04
2.520798760098683089e-03
6.755064571865790346e-02
6.873649867972023153e-02
1.279061916099085566e-02
2.846127630525137342e-02
8.188766920039336483e-02
7.153305246912618209e-02
1.397677659971954638e-03
7.120980296731906078e-02
6.095026586429304338e-02
7.578522430226015266e-03
9.836618799824578541e-02
1.007687239340935154e-01
1.427928006610435473e-03
5.354392260459787771e-03
1.455155452339441761e-02
3.264416055260986344e-03
3.421797671061796269e-03
6.188814961747941649e-03
3.006737835573408332e-02
5.866510124085347333e-02
6.197838322799493344e-02
7.970334889669468403e-02
5.304499291896956105e-03
2.576375297890105831e-02
4.943786099632983821e-02
1.258337009969179017e-04
