7.495241478448820202e-03
1.694011690600166764e-02
1.264424990283822582e-02
1.371102124925048169e-02
9.050133443769451877e-03
1.152445655743139161e-02
2.458558292406222770e-02
6.005475847798653899e-03
3.720173864624870541e-02
1.764416401979537405e-02
1.139058648783393413e-02
6.967620995274597870e-03
2.390816441238245021e-02
4.635892887392786821e-03
5.454427965798268156e-03
1.029921531579010112e-02
6.206523128653295557e-02
1.747366126686862239e-02
5.489033831968616111e-04
1.333143193657079697e-03
2.171212312029520766e-02
7.589368950965669040e-03
6.700280838998195002e-03
8.815629905045594631e-04
1.482278328583407079e-02
7.108423581384166502e-03
2.597957993314002970e-02
4.602337544973007441e-03
7.923631307669907337e-03
6.017163057341873289e-03
1.193186418216848725e-02
8.608303185269592511e-03
1.106607007604463316e-02
7.105390039828496894e-03
6.582528250949238637e-03
1.436551001220601892e-02
1.276181077671791585e-02
9.217004727504770831e-03
8.861127298827433177e-03
2.266057140011619800e-02
3.766533369346950627e-02
2.914950648802165992e-03
1.118033112455935237e-02
1.412739707519961897e-02
4.591776847482044281e-03
1.463795206031724867e-02
1.715164394352546419e-03
5.861399989687892179e-03
1.284816650963466755e-01
1.560004716402864713e-02
2.593537947098842680e-02
3.377990087677898781e-03
1.690428394443378723e-02
8.376197485779722160e-03
8.571128607228859983e-03
9.603535066978157245e-03
1.170659714788657539e-02
1.777596612160923725e-02
6.504150841646888503e-02
2.221418110290094942e-03
1.076385647766691864e-02
1.303285246683848556e-02
3.979435745224363039e-03
1.216973404288717274e-02
2.389853912778786005e-02
2.841712838605612180e-03
1.848604704800371756e-02
9.473513148498488058e-04
1.874317065469671348e-02
2.525010975450796280e-02
2.094366837016875538e-02
1.751000602027967187e-02
9.169452898583349901e-03
4.686031446327296526e-03
4.757119097844281046e-03
4.608414712450888996e-03
1.837630852229291123e-02
9.637232364987317196e-03
1.905510817024414633e-02
9.862838736895517336e-03
1.541778426833659635e-02
5.633582309982934112e-03
1.402772699447240624e-02
3.011839626134537110e-02
1.667534285606527000e-02
4.085215446615699832e-03
8.957585811271985901e-03
2.035878650264404122e-02
1.003708009686550030e-02
4.808842146745932918e-03
1.813300849166138429e-02
5.830640203698971534e-03
7.635982694312278170e-03
8.622433075270070219e-03
9.083204144216830422e-03
1.594428583284330722e-02
7.687588949534518261e-03
8.692457325120972196e-05
8.425927346334209297e-03
4.576940463437502611e-03
5.364043857575758216e-04
3.502451850638612241e-03
9.719381211730321671e-03
8.037434885963264108e-03
1.829148366066162034e-03
1.815572135754714000e-03
1.415188805464485423e-02
3.948073645305535256e-02
2.283322886026973794e-02
2.734782049785744809e-03
2.532759061088677831e-03
6.708877414972343189e-03
4.839092465811950343e-03
6.532977477665386987e-03
1.493048813448008679e-03
2.335815962796306423e-03
2.773692216653284200e-04
1.433134163151705874e-03
4.228058859647170972e-03
2.839776927023491437e-05
5.281536523368371948e-03
5.478538864838065556e-03
4.364324520914399791e-02
9.685262221763975277e-03
5.816245579449626224e-02
1.497143184668075187e-02
3.169213722033771899e-03
1.500980526872740077e-02
1.115677985100983240e-02
4.277893440351519631e-03
2.557392220172264880e-03
8.316430060466875954e-03
7.815156073153800911e-03
1.395605719671191847e-02
5.047285907684993453e-03
1.504518938906066090e-02
2.085652267879622036e-03
2.222810973364654913e-02
6.078791710104979214e-03
5.423671387593076258e-03
1.365901944106027478e-02
8.398352131115950983e-03
9.931274175733460525e-05
2.533349391584150193e-02
1.152411263028430347e-02
4.229141920808741385e-03
1.392496492503141753e-02
6.490401820778329660e-03
3.410528481711109713e-03
1.814094597802225900e-02
1.463848982981035864e-02
1.003246127067902727e-01
1.445407335707413546e-02
1.136293092828925301e-02
1.027519627556841390e-02
2.191195161231666508e-02
4.932094412661511967e-02
1.191843197415078971e-02
1.043379061561155313e-02
8.184077424640500114e-05
1.452583238203726014e-02
9.900938942118098565e-03
5.541648412229034475e-03
2.040062876853443799e-02
1.203467550992259535e-02
4.318879607094414097e-03
1.102913743013320298e-02
6.201980913063805285e-03
1.366422813097629627e-02
1.335009752312892907e-02
1.969470781987027810e-02
1.979806573028583538e-03
1.817394225720568232e-02
1.672511225663297560e-02
9.743002763987408665e-03
1.237111165153134511e-02
1.574795724857638857e-02
7.100215696602131012e-03
5.536085692188086197e-04
3.280932680576904154e-02
5.365695016438208620e-03
1.963739829569307802e-02
1.060617208775964208e-02
2.694952147647700514e-03
1.927938423446657430e-03
4.699942664461551241e-03
1.317593253134773622e-02
7.105469158711065665e-03
3.953241511409162981e-03
1.448768090436165605e-02
1.528305262438606031e-02
6.839421688273391448e-03
7.177998099004417182e-03
1.706664216980237694e-02
1.475244851928184976e-02
1.772621666807857807e-02
2.536670010812075785e-02
1.516978628315365264e-02
2.825710109739709881e-03
1.190960908760353189e-02
2.752663684459374233e-02
1.232014906332911525e-02
1.105021321412798102e-01
3.246384489310077427e-03
5.951536702792409664e-03
2.420614618032642881e-04
5.691510969168455010e-03
7.623658155669344773e-03
1.866394445077754552e-02
1.747262050860731372e-02
1.541659001297048838e-02
5.851726115009688207e-03
6.581759202098536217e-03
1.737929871287858738e-02
2.982525677970897064e-03
1.387425818651304849e-02
3.051985213667777162e-03
1.572474601312832954e-02
1.103424097926027601e-02
2.126089575391449868e-02
1.060412824853894723e-02
1.248233195169661490e-02
3.615650110376034034e-03
1.439733585686389129e-02
2.626291633965120026e-02
2.666204007079531549e-03
2.277101682074473762e-02
4.528900721038633947e-03
3.813257798846759333e-02
1.333887106431638206e-03
3.792793831333148014e-02
1.317383310481334488e-02
1.506817561911979152e-02
5.613902253922700182e-03
1.435522009912739046e-02
4.333223567240755865e-03
1.893737480589807731e-02
9.652036939195134113e-03
2.015858495988092757e-03
5.061146814608051027e-03
1.589375679142106951e-02
8.100713880180517718e-03
1.167704725029224122e-01
1.910009819952548232e-02
3.118696255138071380e-04
1.005302516612585975e-02
1.212363433672355995e-02
1.130616121872967360e-02
2.025136182763289175e-02
2.812758634170076447e-02
8.279962045821151473e-02
9.930903686835228922e-03
3.684392079981433244e-03
1.416279535266137204e-05
1.160219602534345688e-02
9.098208043541552298e-03
1.475626473955912385e-02
1.092560487144908325e-02
1.532823184198800958e-03
3.899054636199246384e-03
1.044423659529138820e-02
8.678969153675598208e-03
1.424726023187908308e-02
1.128169181103852795e-02
9.842676349693523126e-04
1.606308518710275468e-02
1.383457905836725510e-02
4.642481353540126379e-03
3.912143328481294986e-03
1.469120294237592425e-02
1.454664782649395770e-02
4.215553720944550942e-02
9.842799135860580764e-03
1.198920913562766533e-01
6.083985378458105220e-03
7.979051881433310914e-03
3.930162524850313558e-04
2.993977850385007300e-03
8.902941398557178516e-04
1.025796773677522221e-02
8.672717652443985917e-03
6.669961998567188431e-04
1.071696626480189577e-03
1.739713977026307451e-02
8.093320751404453617e-03
1.363788936572843391e-02
2.588216253072935652e-02
4.127175600317632698e-03
1.779766117059385783e-02
4.253176746969554792e-03
6.895485788586426870e-03
1.390093510689823821e-02
1.495155831653304825e-02
2.512478146392182077e-03
1.930572450221589020e-02
1.332367218200533610e-02
6.950442421494461330e-04
8.298547538468949852e-03
4.150553438375471959e-04
7.237934037972724478e-03
2.473405261859427245e-02
5.581285433726623259e-03
1.572884876441209279e-02
1.763591196054397009e-03
3.046647191788478745e-02
1.296786475458400027e-02
8.536997642394447694e-03
5.681670846621236434e-03
2.201162255722068084e-03
1.380350073169868625e-03
9.918666776466205162e-03
1.546552585122824321e-02
8.185267496733886206e-03
1.329555906160594970e-02
2.427503999411572723e-03
1.066961512522313256e-02
7.512310268667267595e-03
1.173755842405484022e-02
1.048344877974828962e-02
9.108909914768618596e-03
8.351565601272283729e-03
4.251577688041835619e-03
2.852598553894761940e-02
2.608191551016289522e-02
5.727210257111256704e-03
7.174675797043141012e-02
1.039435080542182310e-02
9.385278848098008858e-03
7.399576409218215460e-03
1.262754591882873402e-02
7.132501202967666404e-03
6.962123740978135369e-03
1.465054422871523094e-03
1.530956716482039306e-02
4.428724767138306206e-03
1.247304809800412959e-02
4.210227115854984874e-03
3.915294904203300494e-03
2.223655721765185108e-03
4.853471956138817253e-03
2.209804685614135886e-03
1.264330985938299026e-02
1.229469625774087110e-02
5.856396482669993207e-03
7.766560641817839804e-03
5.877426097805641021e-03
4.370923194473556699e-03
4.768673531875939307e-03
4.100618434927714301e-02
8.304246758283943819e-03
3.286929783113146791e-02
1.104530690241009930e-02
1.817728820276541144e-03
1.365666993370562299e-02
1.347164409489121431e-02
1.640484488306916122e-02
3.963343735515428650e-04
1.229206892025064800e-02
3.671560431805338375e-03
1.312620882037184196e-02
5.404517279944398567e-03
6.424310626072468090e-04
2.000643797748775585e-02
4.591840218930380579e-03
2.592936079291516607e-02
2.613657616404675699e-03
1.782568060409613422e-02
1.096311729455870000e-02
3.243624569742385721e-03
9.859179391558019548e-03
4.953262706580574375e-03
1.028544525270645368e-02
4.941784113557323548e-03
2.110432241147876167e-03
5.830339161077794513e-02
1.272938081922682547e-02
4.907184794711438999e-04
5.367034644726999260e-02
2.521486687441160720e-03
5.590861318185079767e-03
9.471620665987267110e-03
1.402257527073669068e-03
3.335512187662393463e-02
9.157906406661834794e-03
8.958769754445794486e-02
3.149941153895549628e-02
1.114078402278066530e-02
7.554146757049553552e-04
1.581501574857358330e-02
2.705351208611665639e-03
2.476894996942240450e-03
1.034468327648587621e-02
1.036301753782904560e-02
1.862302403067214382e-02
1.569940782128126031e-02
1.532758541480527641e-02
7.540647077941751942e-04
1.989659368767409189e-02
3.476757070809939620e-02
4.068519723941591178e-03
1.962537463897581769e-02
1.873695393921587498e-03
1.377620879847772997e-02
1.772099328407783243e-03
5.044533904588522494e-03
1.565451786313439356e-02
6.944419955062713229e-03
3.042256325055889971e-02
1.570198019220614416e-02
3.464166175215528144e-03
6.454560295834980976e-02
1.492854213271138306e-02
4.845869872752986245e-03
7.626664644465931155e-03
4.637186694122623701e-03
1.384937798184169731e-03
5.239370156783286492e-02
4.839549564733662892e-03
4.633319031488135342e-04
4.293062307215441721e-03
8.091593331291689617e-03
8.291172389838251389e-03
7.787510351117288981e-03
4.406448913278055921e-03
1.752475018154166578e-02
2.554071423340910276e-03
3.299082380439830042e-02
4.967947224861420617e-03
8.438564514645903545e-04
2.617296648772159118e-03
1.324433677260077741e-03
7.663430295594302229e-03
1.368508731857874527e-01
4.568948202079745058e-03
6.531883950453814223e-03
6.831791454936139360e-03
1.969688180029958297e-02
2.553409297074702485e-03
2.319189996496159173e-03
1.235083311671379691e-02
1.479294941377901768e-02
2.660264542137761798e-02
1.780171279306309732e-03
1.039178883513099984e-02
2.356254294127553203e-02
1.119307934926497272e-03
3.844026877192078043e-03
1.085565378776013994e-02
1.308293986262339982e-02
1.271814006480921503e-03
9.903147538516569870e-02
1.233319725414131970e-02
4.914892799487599086e-03
1.188183203595602477e-02
2.404055994605952193e-02
1.685614952809324010e-02
7.059368418799092521e-03
1.607938651825227203e-02
4.646183638904297086e-02
2.668117608975454497e-02
4.901548528710953853e-03
6.953612697204015515e-03
3.546880071683502968e-03
1.182927553386183689e-02
5.118568856370270259e-03
1.405540034709247370e-02
1.104250679094612858e-02
1.069717144490959365e-02
3.908931929892780002e-03
1.946508778094518249e-02
3.464937470340207718e-03
5.777794124466111649e-05
6.092814035820343435e-03
1.326453863210267921e-04
1.099467700971171365e-02
6.852866369112646690e-03
3.512893943201735470e-03
4.173377131806375526e-03
5.460413569066978334e-03
9.751755740449971274e-03
2.717457123609975933e-02
1.328959872423541612e-02
6.168673276676978588e-03
1.399992422667514953e-02
4.101149220574489343e-03
6.365562557347055617e-03
1.384747155993057421e-02
8.030546944959972636e-04
6.947635702748907426e-03
9.087589007646583103e-03
1.402263740565581895e-02
7.696732219434108220e-04
1.014265158846380625e-02
1.717251427217598297e-02
8.782193883596913289e-03
4.352669025096062017e-02
1.316600466796653997e-02
1.412445538453518988e-03
1.269634468237889474e-02
7.585372196301586913e-03
3.098705570990033242e-03
8.158639914019150813e-03
2.016613732670309578e-02
1.491145031601180497e-02
8.591706407442014325e-04
1.501816633350271449e-02
5.492429218493744859e-03
1.067544032871587008e-02
3.287591259842529519e-04
6.027040305292063332e-03
2.301420834614454486e-02
1.016274770286316326e-02
1.008012406357109564e-02
1.214373646551368882e-02
3.993939062800919149e-02
1.240972669066466721e-02
1.946437231187263597e-02
1.148488781547858141e-02
3.780133059214727063e-03
6.785370048477122260e-03
8.917026055026198647e-03
1.077198371432374312e-02
3.275720179160972710e-03
2.635041853627850122e-03
1.433473801340490704e-02
1.604921522678931164e-02
6.767000465010324095e-03
1.734705271819134489e-02
3.458680482424690908e-03
1.414586541525945842e-03
8.215533562807440099e-03
2.438757370601381778e-03
1.107158443842906279e-02
1.976631459686504372e-04
1.017541072124332306e-02
3.932699488556490840e-03
1.339725896732366084e-02
5.065916369571017187e-03
1.533748034083973026e-02
1.115135537679447231e-02
5.498018260954462381e-03
1.346922197121567903e-02
1.865733163709941064e-02
9.190262586265969189e-03
3.421847586840452531e-03
2.350532445941573339e-04
1.685113616764825906e-02
1.126401195074728211e-02
1.173946004667164914e-04
1.402988533027927113e-03
9.857251124222603592e-03
1.087956425152526848e-03
1.300615300669785528e-02
1.240758274952769025e-02
1.715400810445969967e-02
2.631592627871497396e-04
1.488933247431224217e-02
4.835803063952644025e-03
4.815742385266229102e-03
6.841329334886620331e-03
7.006799932117112849e-03
1.497101398271997834e-02
1.326606447242410780e-03
5.197418626218144704e-03
8.160168015242413864e-03
1.797636696940815848e-02
3.906538339575268276e-03
1.175529103865208605e-02
2.068846050475807614e-03
6.977815949164146644e-03
4.853767012277180291e-03
1.125961497994087436e-02
2.156212423769912623e-02
3.379949032824501945e-03
1.892232658494506087e-02
2.802515805309668123e-03
1.240791372373658413e-02
2.052551725031110871e-02
1.237986228698026263e-02
9.544588326639395770e-03
1.064669422206269370e-03
2.613560540390794627e-03
1.879267077877573751e-03
1.854872288151793256e-03
5.179809320501529459e-03
5.098960353922521102e-03
1.002347384864069879e-01
4.265469834740748950e-02
2.608243260507446190e-02
8.294942737768672136e-03
1.827509318872922589e-02
2.367870688366521814e-02
1.106624546434702323e-02
2.312510516596813850e-02
4.229691120953514398e-03
1.509137110596807732e-02
1.809219400798334904e-02
7.233355879275295275e-03
1.809652023945328841e-02
8.123041848288086592e-03
1.138127234285599490e-02
5.743848697890192000e-03
2.300492780945455340e-03
3.905015238311491596e-03
1.801232768234481288e-03
1.018746363311380140e-05
1.826604456633218465e-02
4.097441415179393226e-02
1.773594964965330770e-02
1.756166765932674206e-02
4.336308739847980279e-03
1.049442193998706028e-03
7.732221738993236455e-03
1.349878738842715149e-02
1.386590846731068638e-02
8.114053393089092070e-03
1.510077410753069178e-02
1.790245708499265884e-02
9.212644770719070897e-03
4.170256402721683048e-03
4.359596619265491621e-03
9.831921767314604627e-03
1.937876012971511937e-03
2.113834732426815577e-02
8.142354228947150385e-03
2.315711273006833531e-03
6.030824667711987431e-04
1.511760888018388524e-02
1.493300871601389076e-03
1.581384592014349263e-02
1.824662566287611754e-02
2.382721961305396194e-02
1.465016231323095462e-02
1.108223793695554821e-01
6.585746774246686690e-03
3.336921885394199955e-02
1.982028888786179985e-02
4.014090164875589416e-03
2.966240143631623718e-03
1.446608173977706989e-02
4.306324343996183364e-03
1.600855967307210359e-02
4.730382219632263754e-03
1.964012131622231219e-02
7.952943265564909117e-03
1.399725072788843803e-02
2.395155658500256954e-02
1.023541223992992591e-02
2.253527424253089911e-02
8.236325443326754717e-03
1.552843512730037352e-02
4.175406880548007335e-03
1.203761251734271169e-02
1.654224300342059528e-02
1.281309056683630626e-02
1.239749257774257207e-02
3.436039561695554325e-03
4.100940529685566209e-03
1.323815156821488322e-02
3.505536027509928432e-02
8.080908869552527740e-02
1.682986014938967975e-02
5.651026155513676555e-03
1.611886423565056167e-02
3.220371711204031429e-02
1.166802668804681892e-02
4.191108362522569068e-03
4.326369483690777062e-02
1.202870885413753407e-02
3.169172342205248127e-03
9.191525990264732063e-03
1.108077226144869726e-01
4.698227413833645089e-02
1.434969489426056455e-02
6.204825039819280436e-03
7.350388150869592227e-03
4.897040501540937544e-04
2.471866732794682914e-02
1.001450735394143754e-02
2.282346048776114425e-02
7.110997151793911619e-02
4.534685791924232892e-03
3.435010666456277811e-03
2.510712419456913314e-02
4.883478849891514061e-03
4.348483671004807483e-03
2.720202025643907260e-03
1.032225495148768601e-01
8.282164807512744018e-03
3.570454430956334670e-03
1.974685704129253150e-02
2.522136999662370153e-03
2.693031937236867873e-02
8.066561669949104396e-02
1.199246393352000270e-02
2.682198250414587551e-02
2.150109721145529885e-03
4.722147448610659881e-02
1.735886964367554935e-02
1.790302222623203201e-03
4.070839166404497528e-03
1.217670488488339919e-02
1.512976144787105343e-03
9.648761097716017842e-04
1.867290777868076818e-02
8.184727496711544439e-03
1.314020324975878444e-02
6.850467043716870763e-02
5.933109587694194303e-04
8.704530935424210566e-03
6.253785266123189010e-03
1.018148185570838353e-02
1.071394021066119674e-02
2.511939055648241062e-02
1.603598826529641780e-02
1.270391323313698785e-02
5.970152911446584276e-03
6.410101942552490564e-04
5.515705186689559558e-02
3.164501043971276392e-03
5.191304930512445626e-03
2.242837222314954249e-02
4.215346904698259907e-03
3.170153284785863501e-02
7.252129346977590277e-03
1.794650826131963250e-02
2.932852867001848902e-03
9.298500361763377409e-03
2.261490514339396102e-02
4.641558790223575259e-02
9.111581895441377837e-04
1.336410639809702643e-02
5.131923681325120494e-03
2.606743059957217223e-02
3.974725709460680441e-03
1.651422986638908380e-02
8.546392639456631621e-03
1.076574512654857214e-02
1.127212612581443042e-02
1.216040149527934482e-02
1.380500489485995963e-02
3.833112387580419320e-04
1.535929736097064319e-02
1.941062524763071447e-03
1.394551036535247868e-03
2.028822681134948794e-03
7.628658445323756136e-04
2.016060741482265939e-02
1.716030490305303635e-02
1.757152041634119598e-04
1.602050442363799065e-02
1.020806639752564610e-02
2.215823237906110535e-02
5.178879386812767528e-03
1.070134698057762478e-02
7.267241678408355339e-03
7.374875534539831155e-03
2.456967834584597617e-03
8.036265179198314942e-03
1.292671851860910728e-02
1.533133028061746733e-05
9.507818975549229418e-03
6.217059390288828639e-03
4.091051367097051084e-02
5.763872301762918565e-02
1.714522081098599979e-02
1.074131785044595347e-02
4.518560668661356777e-03
2.166870760646366287e-02
9.549695002098845809e-03
4.098778159987154571e-03
1.665528941726263101e-04
1.493679566576027774e-02
1.572504331322562010e-02
5.240471514241425155e-02
5.398154110161029230e-03
2.074130084797054172e-02
6.571997157521221322e-02
8.058563795532403332e-03
6.196536248452024463e-03
2.200734347826718579e-03
8.666775923835596390e-03
2.216004806049150927e-02
5.612357630691022087e-03
5.228849938825385485e-02
8.090508327124894608e-03
8.466372791072977744e-03
8.559183115107624543e-03
4.207747424099415705e-03
8.375980620062538091e-04
1.050267290010209117e-02
3.829234500273189564e-03
9.781752795280289434e-04
8.237993244306322793e-02
5.904529445697929459e-03
8.212877482228587295e-03
1.510129222841738623e-02
2.168370533355714475e-02
1.519752006919691464e-02
1.573588317112659812e-02
8.400060879100433933e-03
1.973206952045531218e-02
1.116300589621142467e-02
1.704590494844605841e-02
2.193355826420009119e-02
2.263603787106459753e-03
1.263129711710467978e-02
1.721072698571488382e-02
1.056884080266653897e-01
2.746406041369980552e-02
1.942377997246055518e-02
1.057892367767676242e-02
1.368940645095040667e-02
8.824905311040553632e-03
8.580352859002727747e-03
1.926844487870279024e-02
7.627389776423632028e-02
3.109677201702945072e-03
1.062463052849217009e-03
7.137185956426560229e-03
1.445571170734017558e-02
7.814180212581792878e-03
2.433038682422218341e-03
5.766450248886556551e-03
6.737976589172242799e-03
4.143545302421346209e-04
9.594082041450978371e-03
3.519442226850723440e-04
8.211844235958821320e-03
5.353961087419100567e-03
6.570447799561923707e-02
2.109711961409927589e-02
1.852662979126752651e-02
1.212280750398532676e-02
5.425871051450129393e-03
1.551727433367156971e-03
3.020115691106742446e-03
1.045662548825247382e-02
1.651369854635352172e-02
2.379219311818525293e-02
1.009649818529262909e-02
5.256198065611117354e-03
1.124391219052681551e-01
9.766617956345678003e-03
5.954340009534590805e-03
2.834659283745629213e-03
1.275976788706215288e-02
1.089727427430164063e-02
9.121165149484815673e-03
2.048773383948451418e-03
2.609215824511007878e-03
1.344361479124937288e-02
6.769895986951032785e-03
1.076328370160968724e-02
8.787883230569237120e-03
1.649101084340320877e-02
4.036275728132513244e-03
1.739700512572218277e-02
8.787249697994011996e-03
1.153806413139243231e-02
1.371125668417249623e-02
7.903650578583089337e-03
9.902688264752454103e-03
2.037367656452514220e-02
5.055590130869033923e-03
1.524530587956259920e-03
5.668670528775124166e-03
8.194187636995746427e-03
5.056188767943245108e-03
1.580225146308040368e-02
4.852040096052786557e-03
9.683853122715854050e-03
4.030221365340552254e-05
4.328954279250074588e-02
1.336097727748168131e-02
8.209254269067224261e-03
5.207328193144983991e-02
1.938429598193903286e-02
1.479471418802015851e-03
6.423124851076681026e-03
7.108397323777418148e-05
3.103021172177193154e-03
3.887186989918136465e-02
1.497925154291403216e-02
1.815310347980596695e-03
2.391311041115014736e-03
1.190310060560232589e-03
3.378353381155758950e-02
7.882190314376943951e-02
1.317027823178357204e-02
1.979129359651671249e-02
7.410545744322483142e-03
5.786039683177980099e-03
4.687018072519013624e-03
8.573988878381524903e-03
1.033719165905694175e-02
1.099581347716386409e-02
7.502495136233603042e-03
3.626931519261636632e-03
1.626422663472014765e-02
2.942614951635218190e-03
1.085158961575485720e-01
1.778388855055730230e-02
4.974716357154553882e-03
1.259889722512348167e-04
1.304514476429351590e-03
1.855936567057095074e-02
3.836941635157085852e-04
1.022657457264446179e-02
9.890741838211826106e-03
2.292979477387403070e-02
7.389270361056903859e-03
4.784173171361620278e-03
3.201491388565224500e-02
3.190581969286230765e-03
1.300181959940482218e-03
7.626111581533153751e-03
2.797775309672395280e-02
1.123870754067493247e-02
1.108823384982434053e-02
1.255697109150921871e-02
9.208157132060091829e-03
1.038106295985949043e-02
1.368560085685282569e-02
2.097133495375389303e-02
8.194060239138201140e-02
2.367881756850357192e-03
1.474467042834371388e-03
1.726125710030448944e-03
7.608190352796263475e-03
1.254370206024847667e-01
2.653769956310341599e-02
2.787136383068843093e-03
1.592556306000669428e-02
6.591338531998605296e-03
1.656383243409634623e-02
1.115455318442286695e-02
2.099183330630647118e-02
1.845503380186781089e-02
2.524055908757985925e-02
3.661400294206153261e-02
4.489110797533878497e-03
5.943394714162245247e-03
2.629466497163432739e-02
1.237743953271494759e-05
1.607311807576430190e-02
5.877741069594683010e-03
9.608034477765497626e-04
1.063042022141847363e-02
5.853989370220039068e-03
2.280626803877213934e-02
1.676094983698138766e-02
2.329309360564960421e-02
9.861392671163135559e-03
1.341873881428488078e-03
9.115638806062158553e-03
5.135069302419404541e-03
1.528303477477783827e-03
1.066041465168826585e-02
1.968034800065170467e-02
1.087994416651332993e-02
3.147405717525159075e-02
2.638523841958872670e-02
7.318800903069964600e-03
6.933635598843959635e-02
1.300856930136822659e-02
8.844191854440465808e-03
2.264587575262595048e-02
1.374203527974954611e-02
9.861679269664721040e-03
4.135538559596457948e-03
5.717203921364125314e-03
6.627526037329205602e-03
7.158269708599869843e-03
6.743059019853997471e-02
7.840857594108189632e-04
6.729269325727823582e-03
2.459955757762185679e-03
2.707344358108441755e-03
3.545676814854990987e-06
5.715185750787906034e-03
1.220626421748095304e-02
1.200713174183233589e-02
1.462444445138626897e-02
8.559584412221229663e-03
1.282303706915150919e-04
5.407833545322782501e-03
9.587898577333908712e-02
2.506429245058978961e-02
8.914754530811582617e-03
1.645727665362580264e-02
1.067404530677194818e-02
7.177563202545812239e-03
2.690610106264096704e-02
2.615042196441250827e-02
2.267765376481804124e-02
2.384955071673465141e-03
1.716269443982641751e-02
1.231783229081790526e-02
5.791477476304159912e-03
7.110670270060820419e-03
2.186152641224741074e-03
2.429062549806563359e-02
9.127947785713595719e-03
4.828728730278862569e-03
2.107689039600034453e-02
8.470595325929930865e-04
8.589998218728795223e-03
1.486584533936578627e-02
2.692287026523053697e-02
8.456970286753604437e-04
1.083756042295530922e-02
6.966875168462459238e-03
4.851418165496978324e-02
1.053291657703744715e-02
5.708548208092616844e-03
8.686630302722665384e-03
1.030348548896061980e-04
1.553859020825777530e-02
2.286588248307058497e-03
3.413180872626520555e-03
1.403920412066775834e-02
6.800160091566027735e-03
2.913881894964429065e-02
1.110410371186502411e-02
7.199345270239353688e-03
9.596267307647027983e-03
2.702154468540175856e-03
3.781082589964095977e-05
2.072574668391977126e-02
1.707101592228886175e-02
1.266419695634353818e-02
3.495955006078083592e-03
2.784425127312972412e-02
8.476422286381891241e-03
4.296119891188173757e-03
5.773612780664970183e-03
3.102913830249522456e-03
1.090637725830796569e-05
3.656357382745026806e-04
1.653503897412384599e-02
1.810335434362203566e-02
2.955777430535217430e-03
5.914904329871822908e-03
1.799366846993941463e-02
8.479259816895836840e-03
8.167130859547743621e-03
9.026221610903625500e-03
1.293235948867978331e-02
1.786979661155564669e-02
7.909007289980915165e-03
1.018509505933527966e-02
2.042037328987358642e-03
3.247263108421803452e-03
8.941448254305860502e-03
5.906468978840613386e-03
3.628210480605286586e-02
1.226379154729069498e-01
1.088271699660180170e-02
5.543259213089487929e-03
1.431127959003700850e-02
2.357576489205060605e-02
1.322053300076117197e-02
7.349087496377508348e-03
3.445243433839163122e-02
1.197957439833815347e-03
1.256444655456449323e-02
3.333402462257162302e-03
1.707617139313648974e-02
7.971991252982025405e-03
1.663197668476871669e-03
1.788494902027116737e-02
1.578273388384731843e-02
1.004362811053721022e-02
9.861089860638914267e-03
1.161067028870899770e-02
5.273493835181553881e-03
1.143977601782346018e-02
3.797375368219700793e-03
1.126414402768815236e-02
1.616348249630037912e-02
3.271593399550222492e-03
7.984462999393803287e-03
3.321050187346346206e-03
3.337771245662502721e-03
7.949957330351807225e-03
2.412682444249839367e-03
2.091656285916497840e-03
8.784697417352977863e-03
3.467283168268473197e-03
3.959194132385728112e-04
3.181709345794099530e-03
3.479570960793576528e-02
2.974264208660657664e-03
4.411469863091725153e-03
1.352375967529567853e-02
1.636280038161944464e-02
5.983679014482558810e-03
8.008851105615522395e-03
5.096459450606459279e-04
2.333650934718829728e-03
3.801967353914858377e-02
1.002859447689173622e-02
7.881995558334603524e-03
3.932678321397273594e-03
1.365914546319664394e-03
9.964660417325365421e-03
3.943644566127933217e-03
1.564005696938161605e-02
1.244237477236591425e-03
9.239482908320562071e-02
9.764954694867865673e-03
1.299126015055257488e-02
1.603759383511250275e-02
7.367949018015414187e-03
8.074330517235484700e-03
1.867805879234168270e-02
8.306822774704418835e-03
1.955115207351319599e-03
1.300349676221374505e-02
5.818456261004014904e-03
1.589753435110604837e-02
1.457339135806032943e-02
5.276668374202848379e-03
1.531303340087222103e-02
2.050357471864980080e-04
2.733180084811317329e-02
1.196437683817371152e-02
3.688633508497431417e-03
2.511855197480983987e-02
9.341662679319110221e-03
1.475861152766321654e-02
4.027882934581394903e-03
2.435198262041560202e-02
2.031902761370828203e-02
7.542165094695121516e-03
1.906003049352955722e-04
1.578781416795011980e-02
1.695303621241395914e-02
3.932811173863470788e-02
9.993108754920659517e-03
1.838641739016880911e-02
3.860546379616695833e-02
1.058331673489876744e-02
1.174785530257801448e-02
6.900938983427768597e-03
1.927732765508594071e-02
8.852284962122342277e-04
5.324424513168936508e-03
4.100571389163480858e-03
3.936177390821715000e-02
8.632769456296206755e-04
1.260431415325360092e-02
8.953026290977519203e-03
1.657799973140181016e-02
1.588342775670081169e-02
3.606963509463057688e-02
1.492357286505434323e-03
1.227708673956068308e-02
2.190858515731026676e-02
6.913507717882663717e-02
1.171743537668380221e-02
1.292987588002839951e-02
1.102965438195876655e-02
8.062335634368264850e-03
1.503811047433865726e-02
1.980502265641837303e-02
8.027882544477980354e-04
7.491885626376842966e-03
1.272376239761492320e-02
1.128678146579203435e-02
4.280330427820896490e-03
2.419162652361790330e-02
8.576685589719409974e-02
1.278168268522786484e-02
7.742053351948315586e-03
8.613304548505481065e-03
1.878773978334738774e-03
1.298886383893399325e-02
5.585419901002370256e-03
1.151307594359553266e-02
1.549234748904798273e-02
5.595842800148769468e-03
7.972080148760656015e-03
1.821587858669623111e-02
1.914335066487049888e-02
1.068224541292553918e-02
1.683692618228846416e-02
5.831400174502172906e-02
5.369635955692359658e-03
9.083789187786220701e-03
4.149034893642302747e-03
1.335278539594346447e-02
5.658566639747039488e-03
1.135216199809032517e-01
1.499359950117289987e-03
9.158694893786277838e-03
1.887240578652420522e-02
6.125810237610749848e-04
2.569991142935048808e-02
8.421532001572567400e-03
9.752106345075013671e-03
1.329933337062730314e-02
1.581610986806909064e-02
1.039399899445366676e-02
9.323651612815704939e-03
8.832069124179831032e-03
1.711808452359760840e-02
1.416302685685288769e-02
2.206795012868748712e-02
6.015277984133471194e-03
1.521255425781846068e-02
2.854705790859067820e-03
7.517429935438191269e-03
7.071749951671220565e-03
1.539009499796936860e-02
2.829463090417720563e-03
1.987232812386899739e-03
3.521318729297626127e-02
9.394199497552775668e-03
1.336802627084885363e-02
7.981852464748194140e-03
6.579746480412112901e-03
6.518984322902478430e-03
3.356645528946807476e-03
1.252176601094960075e-02
3.635054902333344912e-02
4.085598524289711653e-03
3.316620400194054269e-03
9.279145029737374817e-03
1.156519497209551606e-02
8.626351183291310065e-03
1.235275116261522893e-02
1.199348719393286862e-02
5.206000998729271717e-03
1.353182696591294712e-03
4.490440035655385818e-03
1.476646280048086665e-02
1.754842472866224509e-02
1.628873105293364388e-03
1.038554894827303787e-02
1.255909714157907482e-02
4.395053123166440048e-03
3.298732758177039346e-03
1.922294268250528820e-02
3.571626913585593949e-03
4.757790349018628691e-03
7.688330625522862838e-03
2.310755572996314386e-02
2.841188611619380276e-03
2.962231656589993378e-02
1.785229723759522782e-02
4.174611799558341357e-04
2.291262550446861342e-03
1.724074663274972538e-02
1.633314816678340525e-02
6.422262365244637249e-04
1.340915410411934287e-02
2.076155352253657160e-02
4.275673215654603350e-03
2.656821956105985885e-02
1.026729699022920980e-02
4.066530630007306364e-03
2.465565662997263111e-02
2.990044464317780592e-04
2.323692294026609428e-02
1.110023167142753370e-02
1.337716003937695214e-02
6.014909544681182677e-03
4.192617184976850722e-03
2.954613172377504662e-02
1.751770484703412539e-03
1.794554425284134239e-02
1.651587143012450687e-02
1.880708278596292943e-02
1.305280956055531860e-03
2.814769334008987520e-03
6.001396746486682785e-04
1.960860371125088680e-02
6.380483957803008942e-03
1.325524156509372622e-02
5.220993895862910926e-03
8.722780356819408512e-03
1.531879818403660345e-02
1.326720957249717670e-02
1.584111480048102857e-02
1.041527806907345879e-02
8.653921135328378894e-03
7.899753548171989381e-03
4.156611432028138250e-03
6.237357138577605785e-03
8.927264555927769824e-03
7.724903626237872517e-04
6.820260551817418013e-03
1.384581312497797784e-02
3.056774155277712079e-03
8.440199936050100937e-03
3.356545190622273449e-03
4.888224581699321565e-03
1.569006852799610620e-03
3.597854210936133300e-03
1.875562795218959147e-02
6.595375493635812457e-03
2.017058732377766117e-02
1.688620375983374000e-02
7.929073508573128079e-03
1.295240961975405690e-02
1.100170293275371317e-02
3.153606176273417942e-03
2.496983602752483530e-02
1.124353223588344698e-02
5.004740616360689454e-02
1.434749687194740962e-02
8.828423141260068052e-03
2.210417330032048849e-02
1.362517206103467000e-02
5.471501234532209768e-02
3.474289318252652553e-02
1.144377208577594673e-02
1.106105586333606472e-03
1.138050068743911951e-02
1.922421018739053911e-02
8.752360464982513258e-03
2.661187425710208158e-03
1.064482664638036029e-02
2.984602288497385531e-03
6.754765945048669343e-04
3.770028754555508708e-03
1.226027228611644392e-02
1.145792980401148065e-04
4.316484239978348597e-03
3.262331562128910518e-03
4.120586279934734981e-03
2.965174950977324773e-03
1.083730529100306039e-02
2.641147580341499448e-02
7.937559983692854884e-03
4.208621762624555583e-03
6.123731495212550099e-03
1.966893469648994114e-02
9.392698517571861777e-03
1.821505635509734419e-02
3.374266766166425882e-04
1.632013389968486883e-02
8.691867748353529488e-02
3.321746472582592404e-03
8.777366903426921801e-03
1.708015708738232566e-02
8.635798657270695204e-04
1.206734929708292436e-01
1.700562445467546438e-02
2.294850622849893551e-02
8.253204433036757590e-03
7.327202711217676440e-03
7.216203051710961928e-03
7.808880256761317751e-03
9.029461952338953268e-03
2.774149846723282867e-02
1.779230396317920543e-02
5.362282057316999570e-03
1.326339202222913925e-02
6.442729855615299435e-03
7.598600416487238420e-03
4.012674887158243497e-02
2.947535228897796376e-03
1.015816185690831056e-02
1.098031693329982843e-02
2.600891464970392364e-02
1.746365395818677904e-03
5.057060754076568923e-03
3.370590464828997906e-04
4.447350216156353842e-02
5.432750813963088850e-03
2.157344041166002306e-03
1.256371310839058189e-02
9.880834424243277458e-03
1.884691305788024213e-02
8.185556783601173614e-03
2.779015909663833453e-02
6.844793806906979139e-02
4.492156455522773768e-03
8.771843844496373527e-03
2.417535830790942721e-03
6.205882105062287017e-04
3.416698050487726544e-03
2.186031810196848238e-02
1.199955404663446100e-02
1.167010573902264522e-02
8.066691945155544941e-02
5.456280302670168253e-02
3.785414252334489207e-03
7.154666480223501220e-03
9.171426214521782166e-03
1.090416214376219509e-02
2.195886194663873754e-03
1.126879342014547661e-03
8.404770472298563749e-03
1.164177807438196779e-02
1.569251616369947725e-03
1.378990913135151423e-02
1.423379352306069871e-02
1.414816499048151231e-02
1.013816888720620903e-02
1.041554200581297322e-02
1.592184994053819080e-02
4.877412673451265480e-03
9.081881640751455998e-04
2.028948337947156927e-02
1.492001706545202297e-02
1.259600096613140274e-03
7.163235007697437524e-04
5.932756657443561364e-03
2.454298740826272099e-02
7.242475062879133278e-03
1.109338117358384286e-02
2.776097199105770873e-03
1.126691625712167820e-02
1.195397361597848838e-02
1.319271364596475305e-03
1.629587174230081106e-02
6.437394029547699285e-03
9.820386519915334789e-02
6.528284864912950458e-02
5.058113251312095632e-03
1.284575875853010210e-02
9.950921483821357268e-04
7.439678211032104034e-03
1.396904381473388929e-03
1.989880023902129008e-02
1.701258754976809826e-02
7.077040447219788699e-03
2.352621250537668962e-02
5.666486712381607789e-03
6.718779657925560631e-03
1.726817876296889154e-02
1.220653043216333132e-02
5.673944701511187023e-04
1.445812006285665356e-02
2.568217579509243439e-02
1.203756538830613428e-03
9.774637804789310797e-04
6.906959449687087756e-03
7.585748334626710903e-04
2.250048625896946403e-02
1.157095482367403658e-02
2.780595482454481168e-02
5.879352782433654558e-04
2.124226008974383281e-02
5.452408556790858812e-03
6.321005262937547803e-03
1.317237048937319223e-02
3.032993064804870992e-03
1.220815659412452167e-02
1.178584282679849896e-02
7.979328582096361505e-03
9.696435825978951678e-03
3.101424642072518178e-03
1.296345422141932484e-02
1.136258062339413812e-03
1.199182864899473074e-02
3.855233218125930957e-04
2.080095335936835502e-02
4.351131707766044826e-03
3.331487014470415481e-03
3.285895333150926599e-03
1.448463382675500496e-02
8.887075933132872543e-03
1.040714819067855949e-03
3.824142970400662596e-03
3.300726390669367436e-03
2.333527255887057807e-03
3.269857740858514439e-02
5.542064615875663160e-03
2.102919929622807521e-03
5.670081584483800978e-04
1.218721015388776925e-02
1.790263517808868624e-02
1.510162084490082775e-02
5.417460554914712081e-03
1.133282187401933247e-02
1.598177256884318956e-02
1.896064476131599508e-02
5.029081578308555039e-03
7.893172684616010099e-03
6.658460769058960338e-04
3.351184869417930812e-02
1.397938561641690232e-02
1.342229808900860912e-03
4.686296851663392105e-03
6.303141661456805947e-03
1.594957415589258465e-02
1.147535706269301597e-02
5.386163342390832935e-03
1.991938706452566279e-02
5.247418857785892884e-03
2.140670524685330672e-03
5.471920101699047530e-03
5.303949676113256170e-03
1.357201965035914441e-02
5.160084730548012387e-03
1.276834998184218570e-03
1.740340306268169449e-02
4.476688828486425666e-03
1.070888112844441999e-02
6.010423127901689221e-03
6.555466107207793018e-04
1.723557960127882968e-02
6.546327128504715771e-03
2.672345613416430513e-03
5.765836662301153902e-03
4.872341031617903259e-03
2.465516181794982341e-03
1.853804577779927937e-02
7.783810958452510448e-03
2.067858973799200500e-02
4.057891230826887220e-03
6.427162778065240861e-03
1.332778515941734172e-03
3.213061831286107353e-03
1.333002679238708132e-02
3.533106696017324772e-03
4.576399196005230909e-04
1.163222334467127646e-02
1.557171737210837244e-02
4.009265774649940794e-04
4.456035793345509630e-03
5.424448254028076469e-03
1.968514690974704565e-02
1.003722603325442851e-02
3.306951140107614040e-02
1.637397598992606671e-03
1.549058617124947704e-02
1.562345007671069042e-02
1.697529117174011518e-02
3.095237027841251255e-03
9.463526728546979572e-03
1.118109414306816748e-02
6.653073050192106997e-04
1.539700185639119624e-02
1.972056166082739384e-02
2.334583812688155371e-03
1.853313820609812923e-02
1.370246227455369260e-02
1.604818183837144682e-02
1.134382026383008550e-02
2.208291507616205046e-02
3.888900221757157164e-03
6.798743414223408499e-03
7.576845891981845438e-02
9.716798717106254818e-04
2.339677130171862601e-02
1.030592459712789156e-02
3.462496970147641278e-03
2.886089351405735429e-02
1.374350039596169320e-03
1.390150712781090293e-02
9.582927643388326755e-03
1.137086277903802400e-02
4.031920031057194612e-03
1.303062339906459980e-03
3.684593183399077071e-02
2.973275186200549820e-03
6.729776666247883066e-03
2.562603347529808506e-02
1.305476867277553885e-03
8.934546214522491592e-03
1.022250156159286265e-02
2.844034752620200812e-04
1.564794760375785160e-02
9.393164061849076929e-03
1.801917065216675912e-02
7.943796965989119788e-03
1.475389623691281474e-02
8.193363431538975075e-03
1.968371047493081352e-02
1.266697830980833411e-03
5.113418500690337064e-03
1.003676344750639542e-02
4.740854624468205519e-03
8.012575405529770434e-03
1.877058705051703330e-02
2.245745625237336677e-03
2.083334230768603065e-02
4.160462891724251919e-03
3.622567706560334260e-03
3.627432145779957429e-03
1.805086688371403819e-02
1.177574604679288914e-02
1.698042185846932242e-02
3.484595973107955814e-03
8.065941883951556132e-03
2.331887928354907380e-02
1.685581897750362129e-02
7.484581344083646691e-03
4.311309755092930171e-03
6.357282656637601621e-03
6.083667218267355646e-03
3.669135730354131791e-03
1.755793975621998404e-02
9.126691849587385830e-03
2.384194202218370764e-02
2.570875405889991305e-02
6.043064176896096630e-03
3.857281110805726304e-03
8.083188315507900887e-03
1.932978204434793526e-02
9.120769400889414472e-03
2.102952792529739698e-02
8.511149660341178411e-03
6.493784485133040352e-03
1.618052675361830381e-02
4.402037297452214039e-03
1.552520460087358951e-02
1.873282013979116461e-03
7.884808901756572286e-03
1.701628249796726181e-02
1.641373450356710742e-02
1.683004795410932355e-02
8.697143569996979365e-03
1.403843428694519918e-02
2.023797898132737721e-02
9.697822019447931152e-03
6.092533033227705980e-02
6.314422997784852054e-02
5.163398910304946472e-03
1.058124257386816071e-02
1.325455992089792819e-03
1.322079100715814123e-02
6.362235327137051762e-03
8.709600663875367507e-03
6.535465508555276734e-03
2.184685594643102566e-03
1.800213442037039424e-02
1.225447105934837633e-02
1.173023976880927660e-02
6.552405350924785403e-04
2.462748125573814562e-02
2.748612199915744306e-02
2.911862124158880096e-03
9.987029575174260349e-03
4.137254782067160096e-03
7.334493441091527975e-03
3.992351917113799720e-03
1.628424101235383809e-02
1.029200170041145827e-02
1.635210664182898399e-02
1.572564391054371083e-02
5.996791501420452482e-03
3.253545032780097435e-02
2.962986786528448192e-03
1.514565528133359103e-02
6.194955707782403252e-03
2.219568977009062083e-02
2.827709027774577208e-02
1.689158245088261123e-02
5.644596324721579475e-03
1.352893180411558066e-02
7.288814328212306522e-03
2.337940109839068987e-03
1.331228849538582289e-02
1.013586414030787607e-02
1.777508243281785208e-02
1.523864672338557432e-03
4.495335467375904080e-03
5.656838956236915142e-03
1.545452509506805433e-02
1.435904151744211814e-03
1.516743741815674944e-02
1.065738168300108153e-02
1.442472484269990800e-02
1.845100068978206692e-02
4.681134925378194200e-03
1.541725171838370656e-02
9.425613488866790152e-03
1.018480271413592896e-02
1.359762544735157973e-02
8.038306670768031667e-03
1.012111948813605895e-02
4.708142275739264984e-03
1.224983261996230068e-02
2.314308246916449083e-02
1.876698828485220266e-02
1.323349429755604593e-02
6.449158237775937108e-02
1.340689293796918811e-03
2.532310296656668444e-02
7.693974614150940299e-03
1.947512869314650674e-02
1.382690654517256326e-02
1.386905777282177767e-03
1.019219832687933563e-02
9.680845227440039447e-03
2.344180857975517590e-02
2.300936617532471640e-02
1.845492443229762363e-03
9.882455583836579835e-03
1.036080205218037342e-02
5.476153458615340246e-03
4.072229022926711350e-02
1.806056504771203636e-02
6.856082463567161542e-03
2.388768196970123252e-03
5.998890452791762196e-03
7.740944231945276173e-04
2.764595930633691103e-03
6.887452943901277956e-03
5.091623428682789942e-02
1.200130681101300350e-03
1.752603282220769818e-02
1.253258405939797031e-02
4.054248154900630396e-03
6.103146359719630216e-03
8.576398019891753877e-03
1.235122029788082894e-02
1.314463135911416239e-02
1.317119359894686551e-02
9.449399973102800415e-03
1.321413818289647081e-02
8.032075406713095125e-03
1.745816523815836574e-02
1.028414462059988599e-02
3.154429023324454434e-02
1.164203128226877770e-01
3.685285959178109718e-03
1.483960361724058138e-02
1.102275035793107323e-02
7.088640117178492605e-04
1.421120722670138510e-02
1.027799137017597515e-02
3.603713473850319801e-03
1.434751062361173685e-03
1.947210289396541236e-03
2.287308415906838879e-02
8.450249961854126857e-02
7.188515237166950497e-03
2.959042366047745336e-03
2.351036994846062919e-02
7.358299219298349882e-03
3.904839891878213003e-03
1.420250905635675898e-03
9.606951099934400023e-03
1.089032702091521747e-02
2.124461721617143441e-03
2.118529303051672891e-02
2.408559358614990788e-03
1.853574343595158422e-02
3.245949239069777920e-02
1.889146678606538898e-02
4.369093061851968968e-03
8.893495562404695257e-03
7.080073632028259685e-03
7.445640273120372570e-03
2.954533643453807670e-03
1.300711008043802788e-03
1.034178495656676994e-02
3.086539149831134601e-03
7.834164658722185537e-03
5.296212758900937546e-03
1.373380113276398765e-02
6.716799464708712343e-03
2.541830706253298596e-03
2.665624229412739271e-02
1.286921087246259768e-02
3.325657471484378975e-03
1.503060182069390453e-02
1.865226381835926152e-03
1.125802467987491347e-02
6.240496253144518085e-02
1.043676948649233972e-02
3.387363092841258125e-03
7.522375966538219451e-04
1.010422664432912739e-02
7.206772156566665193e-03
1.518670321157104992e-02
1.252840568613108017e-02
1.068353328451668305e-02
1.206776452967896728e-02
5.389324156225819198e-04
8.548481916396684366e-03
5.247492017568142555e-03
1.736333521411651329e-03
4.344860711580873953e-03
9.779185694929005968e-03
1.025424209755830887e-02
6.004761156150115360e-03
1.613212775680472610e-02
8.695686991079526820e-03
3.876032366530718278e-03
1.122029191416971244e-01
1.687139893732630611e-02
2.807543180553999027e-02
3.849258812604035643e-04
2.834771010217910017e-02
4.778935849205189455e-03
8.797404416100848210e-03
1.444022069591639236e-02
2.645825176075882607e-02
1.086289417898845351e-03
1.334518636293643978e-02
6.646685313238955006e-02
1.332113512519191197e-02
1.973216339259636909e-02
4.236726133693058047e-03
1.720119278397362617e-02
1.436215929231314092e-03
1.352286201558221615e-02
1.766525966663244976e-02
6.835919736977835726e-03
3.822079279060037593e-03
1.211581418162635711e-02
9.838898328537140636e-03
5.166914318620307971e-03
1.833170217957537720e-02
3.111406705128643563e-03
1.727108581798868833e-03
1.840618146112391745e-02
1.668459656197090763e-03
5.775540494764145466e-03
3.996703835323074661e-02
7.208844030060041104e-03
8.187563263955392398e-03
8.423063113495070711e-03
2.716175071617147815e-02
4.340004249315512416e-03
7.894526774765327215e-03
1.098862955263422807e-02
3.891644276134215846e-03
7.094053252292111585e-04
1.653309932891858236e-02
1.196262373223372019e-02
6.090008720328905084e-03
6.254558550926277161e-02
4.149895933626763372e-03
1.170074603453409162e-01
1.119496425878068260e-02
8.760388129957169187e-03
1.938263401321746807e-02
1.237252707057551020e-02
1.767141258688643057e-03
4.856961611865375124e-03
6.120255968475071633e-03
1.046876460098247882e-03
1.628435053475107627e-02
1.206123585572337065e-02
4.766586993993175703e-03
1.306178138302109375e-02
6.638272473051774585e-03
2.197568574198821914e-02
9.530882444572622058e-04
1.693250435301605142e-02
7.717013057865293067e-04
5.093136500768771779e-03
1.634743666575279916e-03
2.182388704059996017e-03
1.357717081977607987e-02
5.017323024183418904e-03
1.916509620073076053e-04
1.845387654539809227e-02
9.260196742282495938e-03
3.418990828932488412e-03
2.032609891444851075e-02
6.643424403497569762e-03
6.301433557868007379e-03
1.098275693143579111e-02
1.563762283307940787e-02
6.787952446694355858e-03
1.337747742452868177e-02
5.833804029029260492e-03
2.195230361131939728e-02
4.309082413408579088e-02
1.248074975621332391e-02
1.372695260036224489e-02
1.200152285430785594e-02
1.023986572720250385e-02
4.096359369645054260e-02
1.310229142027005168e-02
1.013945910550841656e-01
8.294641949421803495e-03
6.305040019743967349e-03
1.135639456420812305e-03
1.076149088931127422e-02
1.288421721763696650e-03
1.387890889661880754e-02
2.926962607842774778e-04
2.543402507262120665e-02
9.161449388598490520e-03
7.227766076325059172e-03
1.395266311286508590e-02
1.819572160166924718e-02
1.755499494056274833e-03
3.001739027741635174e-04
7.401174781458886480e-04
2.621233420261230053e-03
3.936628901111673302e-03
1.057034532557952003e-02
4.324081025899365028e-04
4.211910883112120023e-03
6.434400017904724420e-03
2.293947922544684048e-02
1.118419767548772120e-01
2.042171740840316441e-02
1.743014755238720889e-02
1.048063099850750531e-02
1.892033838691686842e-02
2.579836834493787721e-03
2.479160951294231106e-03
1.725434485556944994e-02
2.526972683013334418e-03
2.749806807145706755e-04
1.214252449589613321e-02
1.303918261189731566e-02
1.082308423885304863e-02
1.935062526042917539e-03
6.935052277789462150e-03
1.045142985254284831e-03
2.423993247998416228e-03
4.580112791160599606e-03
3.355304636585932331e-03
6.179888645899757858e-03
4.873893552463912961e-03
7.144503930128559208e-03
6.279595587752900832e-03
1.206583502674378298e-02
1.590649435225056224e-02
4.936697576814698396e-02
3.960849037188216709e-03
5.295748979011747834e-03
4.844397270589812995e-03
3.144753733651126852e-04
3.511683313156594571e-02
8.190947496170202652e-03
5.586831820260462073e-02
1.403247739288584518e-02
5.066744513514347126e-03
6.942752329650527313e-03
1.074627416316476132e-02
1.556250920347835437e-02
8.354326769917756745e-03
6.050466762866859097e-03
2.818575203905755375e-03
3.326396556508449953e-02
3.284994049263965238e-02
7.901301501896544621e-03
9.131481891020608310e-03
1.245560669555354459e-02
6.641145187956041781e-04
8.671954259694285988e-03
1.761256171184518229e-02
1.684913006718721101e-02
3.453359575550648836e-03
5.346466698921673380e-03
3.505468745213211317e-03
2.555761256875932995e-03
1.928792034195741731e-02
1.147296136790206499e-02
8.440042785135647499e-03
1.718941195105331068e-02
1.215515010879481168e-02
5.220010007418837868e-03
6.686551982715722986e-02
8.685339691011253679e-03
1.452481459429321928e-02
9.412144384887841109e-02
1.245844728105537438e-02
8.932224995957699018e-03
1.176259927406903862e-02
3.407143469991798929e-02
2.800349488928776092e-03
8.542869784225351135e-03
2.436055080740473500e-02
8.631609393735249769e-02
3.813983920301130832e-03
1.249612147360147120e-02
5.342267669925408920e-03
9.672476585405234001e-03
4.840676802111642217e-03
1.327173235768759618e-02
6.253123481853186880e-03
6.621911019749426343e-03
2.657919150202008290e-03
1.678117550568606568e-03
1.683941000072342736e-02
1.725351754434842344e-02
7.959713512198433177e-03
7.751241318249762558e-04
6.827594545271375992e-03
2.024493767795029764e-02
1.066842531278156328e-02
1.962719456872881463e-02
1.293725592306828147e-02
1.208411373552620988e-01
1.304984459400241985e-02
1.044754133129587731e-02
4.909801121248464489e-03
8.039032704680730210e-03
6.140462929404840592e-03
1.091944484904355979e-02
9.943865915768386118e-03
9.763074410784493284e-03
1.140909017087862916e-02
2.580165241428320627e-03
1.306153457902749573e-02
1.456936571387492697e-02
4.923606340743046268e-03
5.143812824410398665e-02
2.102220434092012813e-02
3.132320478914411149e-02
8.254830153772482054e-03
8.321399947651282256e-03
8.704249824220687852e-04
3.687281887228179705e-02
2.325062350476521725e-02
9.601636184978204827e-03
4.444740368438815890e-03
3.880157530280101477e-03
2.357802521544319127e-05
2.460976548454770450e-03
6.740482476329020395e-03
5.004189546613319745e-03
1.182712018543725062e-02
7.643869722105695735e-03
1.545763232369436885e-02
2.067068560479013578e-02
2.785304704331702068e-03
4.644253691460682211e-03
8.528101558733168844e-03
5.335016559635401973e-03
5.779443223017087863e-03
4.925257258690906095e-03
2.406150814928052252e-03
6.010320000330629173e-03
6.869241878085577402e-02
1.377011444259155018e-02
2.675949043640243885e-02
7.728835633836945475e-03
1.631322598621056524e-02
2.686209716014385449e-02
8.994008034700402832e-02
4.503968887061267010e-03
6.595356385393359722e-02
1.410474508871013485e-02
6.139898879799544386e-03
1.189998533923021865e-02
6.519496819264222059e-03
1.722301305921252954e-02
5.201084997848330789e-03
1.153529701762672117e-02
7.012731645559007639e-03
1.157211023492276669e-01
3.435021843818953421e-03
9.481332647099786383e-04
1.827596963366694268e-03
2.124054876428513663e-02
1.438339874864393887e-02
1.194831730696164747e-03
2.226627027802231557e-03
3.355391166188115455e-03
1.130200798524862854e-01
1.170174720294746978e-02
1.075543991337702537e-02
4.382632855371451641e-03
1.314356946624607031e-02
6.751757478711392299e-04
3.240112716991537176e-03
1.056355928041051917e-03
1.587697385941820583e-02
2.871266180648427997e-03
6.629900818336630433e-03
3.798695816131875125e-02
6.025425483500454135e-03
1.229603248325574459e-02
1.925809217156897180e-02
3.001835008297890767e-02
5.450294164321533436e-03
1.014982090936007025e-02
4.402885063986102659e-02
4.861913183831387437e-03
1.114635491944217065e-02
1.094453534191581687e-02
1.252773027918574510e-04
5.035357237597269837e-03
1.170966102902084617e-02
1.241235401474002215e-02
1.052323246365683730e-02
9.743480646367650051e-04
1.370088644770495016e-02
1.687328112002286704e-02
4.182223527673221627e-03
8.573400450776785971e-05
1.945211833005561566e-02
9.022397616434012918e-03
5.963705755198317644e-03
8.421345136257321617e-03
7.220318362226652194e-03
1.422076446341927029e-02
1.689764236665079744e-02
7.618111349116474772e-03
6.477671122025065176e-02
7.628213462435226404e-03
1.148155726620810058e-02
5.381824235986704466e-03
4.347375515135731491e-03
5.605902435570690734e-02
6.812045620282045424e-03
4.050177218480261951e-03
6.248725021446496601e-03
1.058854232045939453e-02
1.597464473164057416e-02
8.190049160729030719e-02
3.561267013883600771e-03
1.189585017612830066e-02
6.587569524948784679e-03
1.050363491643473667e-02
1.134403451925025327e-02
8.047171074105166980e-03
9.224325336002344236e-03
9.211345963446703616e-03
1.234303400829243197e-02
1.080264643364658821e-02
1.500289048618579438e-02
8.608743150261770338e-03
6.283960930118231980e-02
4.826702292797313727e-03
3.205404907092621308e-03
1.102275283321928895e-01
1.145878905688290858e-02
9.172052240995893363e-03
2.812594086225767703e-03
5.418979198572270589e-03
1.037006024845441368e-02
9.998508533045618197e-04
2.708973021064546745e-03
1.065266008570529485e-02
5.069892104106516915e-04
7.083938177516145573e-04
2.923759685530016167e-03
2.159499514687390070e-02
4.055694396085331350e-05
3.984852215514538692e-02
1.276674756175720689e-02
1.582238437308218157e-02
2.950686979471569497e-03
1.280094775161905694e-02
1.472847864867933912e-02
1.054634119543359193e-02
1.225552910751900176e-02
4.754480312629625477e-02
2.728421053515068737e-02
1.381604461800073911e-03
4.994740453151198106e-03
1.870773360425341883e-02
1.807109679216872128e-02
1.331616779040722953e-02
6.073194755405245809e-03
4.899530676604793057e-03
1.500806914608261711e-02
2.572701386152085289e-03
2.725003734606766190e-02
9.588843557147205821e-02
3.114524898980296913e-02
1.344875393386610503e-02
2.846388752299583783e-02
4.264530733426680383e-03
8.942259214117223576e-02
1.438529802619652014e-02
1.384560875176991945e-02
3.377877030386674997e-03
5.141480955661548516e-03
1.137301006618174825e-03
1.248860809544163203e-02
6.369395457172990355e-03
2.516280470593262528e-02
1.457818929917826557e-02
8.572916721231799153e-02
9.236994470147828762e-03
8.692827932614256847e-03
1.196205497037096177e-04
2.891519919887282179e-03
7.116946022838021267e-03
3.586160383243560280e-03
2.060735293795005335e-02
3.515393876376291665e-02
1.277275664933044501e-02
1.878346125502277850e-02
5.181403185978600799e-03
1.211029046089438614e-02
1.791508080978536366e-02
1.187004831018532471e-02
4.616879061161970402e-03
1.852635599775210662e-03
6.638553081911168982e-03
1.062444885821042882e-03
1.551382803780465905e-02
1.372503378587740328e-03
4.327731278264314828e-03
1.139964146059277081e-02
1.535796601399398893e-02
1.673936019688000709e-02
1.839541586414447649e-02
2.217624963460912771e-02
8.414404530603158960e-03
3.431455608993114106e-03
2.266094392432580276e-02
2.135189149858908800e-02
7.539284696791539661e-03
1.212035092666881482e-02
9.356739491294645272e-02
1.919181634452510332e-02
7.647222278447596971e-03
6.617390225511614495e-03
4.463305170940623512e-03
2.226323280736720867e-03
7.889336488660213254e-03
9.498091567906732230e-03
1.729305615427833079e-02
1.281029317623107525e-02
6.954969154316020330e-04
1.191214292065444387e-02
1.503872445600403125e-02
3.986506211363853407e-03
1.234301512748074182e-02
7.311903683652409662e-03
7.464513717200408315e-03
1.660678420689744653e-02
1.762662101272605489e-02
1.076898187073072229e-02
3.846859609750600487e-03
8.307999962431160098e-04
3.242129456225342939e-03
4.090554012706011308e-04
7.412346876573581295e-03
1.116419133803563980e-02
1.344405338223785690e-02
1.376265146198101582e-03
5.045557171652197137e-02
2.283339770851896752e-03
1.483154851986125990e-02
5.745139991843153417e-03
1.286498024643355914e-02
3.276090640173019361e-03
1.209254369348668201e-02
1.028238360053927367e-02
4.239642072056897838e-03
3.772022798539256621e-04
1.340820210064406874e-02
6.411385149812725073e-03
8.657481323672758591e-03
1.205085980669211299e-02
5.319692798495208319e-03
7.750988123792536266e-02
3.078503443340910219e-03
1.302522657713669693e-02
1.326606535531362667e-03
2.093415467634073684e-02
7.659816470299432925e-04
3.822201637289734770e-03
1.557260142477201112e-02
2.429439461395920853e-03
1.746573875400474901e-02
2.196870246787531889e-03
4.200799575023794752e-02
6.547900905524190081e-03
1.162942110562210744e-02
6.352032046131652829e-03
7.757262212123915666e-03
4.238468183215656632e-03
8.601064289616142111e-03
6.140914245522287318e-03
5.008829708239980784e-03
9.244472724627961907e-03
1.259453378193365301e-02
6.657001095554132379e-03
1.320333976774305676e-03
9.158253351845845741e-03
8.707297538028648670e-03
1.424124092337304822e-03
1.386314216820137618e-03
6.178550823167980495e-03
9.484718581723733041e-03
1.630686602685642306e-02
6.020989125541752586e-04
1.589562775892762458e-02
1.011682308022265886e-02
1.301375572916776448e-02
7.825460952740032061e-03
1.987052882729991102e-02
4.848166142330234511e-03
1.805193975086073765e-02
1.320646492852340162e-02
1.543891794726718822e-03
2.849440995709597631e-03
4.147862874707314296e-02
4.163518155146189899e-03
6.250911391616319722e-03
1.064832291680403442e-01
8.504239658305377467e-03
3.204992047576554932e-03
6.786443605837182147e-03
5.518793845654207386e-03
1.272065275117305674e-02
7.255955509507329253e-03
9.352086102529562003e-03
7.077246542742235413e-03
1.553098461843225100e-02
8.749003020121413204e-03
2.084196526782622003e-02
1.110689356411993789e-02
1.484204483759918487e-02
1.163107775754481342e-02
1.485926590815925784e-02
3.930350902818998370e-03
1.673621356092390433e-02
1.038720805322834381e-02
1.608996138566214443e-02
5.294652214153208573e-03
1.123848217449904124e-02
1.920917435208929075e-02
1.056309545917816749e-02
1.589925406813613240e-03
9.415011588671154397e-03
1.606830891921957188e-02
9.942043069011015019e-03
1.127593987475818127e-02
5.000465034120727889e-03
1.537996692981752518e-02
4.326674979716410400e-03
1.557178977580946609e-02
1.695722001742915692e-03
4.879972089273296003e-03
5.929827120161178244e-02
2.127737856289298787e-03
8.299176121683583471e-03
2.489609485399619637e-03
4.562224902079784275e-03
9.248233793605180884e-05
5.565100081901310511e-04
1.796458509356403102e-03
4.195712548521809276e-02
2.956160559330269812e-03
1.437545168629420639e-02
1.687341715119826391e-02
1.344530887901961187e-02
1.390923313376935151e-02
1.566553144837120465e-02
1.943467779004504417e-02
1.919289890679909405e-02
3.009903834178857904e-03
6.325274232598304854e-03
1.453254472139708584e-02
6.436038411398820221e-03
7.501455878877111468e-03
2.762367675645564444e-02
1.536777948171038494e-02
1.671428507018417331e-02
3.322918628138634648e-03
5.256076960642683607e-03
2.633661854329090359e-03
2.059498917948981642e-02
1.835771285545726231e-02
1.716280294273962725e-02
1.188468821057515890e-02
7.878378545673049398e-05
1.465770064495263564e-02
1.925197734370242414e-02
1.688390695680345305e-02
1.645010036296432401e-02
6.422734508148870460e-03
1.548260623477866471e-02
1.005937881850988433e-04
1.477974970309995847e-02
9.560353192529394070e-03
8.782109574934009871e-03
2.175781744585780081e-03
1.313594461650400592e-02
4.708626965390599536e-03
3.907379298935897277e-02
7.582396726080418807e-03
1.116594233462586336e-02
1.096005599490341813e-02
4.422660225179834113e-03
3.701089889579200088e-03
7.945207622983743723e-03
1.310680970980078984e-02
3.544625299248297182e-03
5.012488469071606050e-03
6.983261083325757040e-03
7.177110119631660914e-03
2.325393133469438444e-03
1.284513579305933233e-02
2.702655455153236703e-03
2.938623046915256852e-03
9.005416697216160268e-03
3.399260929282222655e-03
1.859443901414360376e-03
9.613423362686406362e-03
3.273005394498546515e-03
9.446544800709933548e-03
6.394495979158622279e-02
1.290796786495023926e-02
2.651871891562128034e-03
1.080484273174816927e-02
5.604906064864580498e-03
6.196692805548037301e-03
1.495486656166693760e-02
7.559205534589756841e-04
1.260033267353929932e-04
1.406973000763975766e-02
2.085080262143642737e-03
5.686037390473807490e-03
6.967236285441255617e-03
1.231305815216135122e-02
2.787906717427862929e-04
8.990628494088988981e-03
1.477899911613756063e-02
4.933453236295850045e-03
1.072078738220275627e-02
8.006125293286040639e-03
2.588931508675444693e-02
3.241045011884495248e-03
1.636271791008528029e-02
1.163366407984747601e-02
1.198635706035752063e-02
7.308112641573726725e-03
2.301342294567258751e-02
5.349563444623966872e-03
1.196580144910902588e-02
7.648705203537097333e-03
1.166298737109041500e-02
5.241952678927527722e-04
3.762452043686894537e-02
3.547716440059810444e-03
7.355789883045878337e-03
8.977288333718943039e-03
9.431798649272763943e-03
1.279644278399677364e-02
2.785287472698467007e-02
1.300629857327184049e-03
7.041155385816948165e-03
4.281746822406061123e-03
2.046627586550680417e-02
3.030783130775370135e-02
1.522611777721054327e-02
5.430577643713047943e-03
7.748582536292102259e-03
1.017191643596954687e-01
1.558664207656903708e-02
1.623362747913725574e-04
9.881199075036765228e-03
1.202072106252124323e-02
2.726746564834356748e-03
9.507372969005296187e-03
2.168117261151555897e-02
1.592421263910065096e-02
4.617132383843324667e-02
4.726654017133802461e-03
7.935204366803148140e-03
5.259090381458031947e-03
9.980963772867341988e-03
1.046434585524290070e-02
5.834515245750148717e-03
1.282955165906150830e-02
1.157534638874736614e-02
7.637501231091273386e-03
7.772714412457725972e-03
7.351999839102222505e-04
1.058692132060739220e-02
2.515645172143143437e-03
1.380313345101838451e-02
3.461580631484394849e-03
3.818672254985140593e-03
1.748313709993129864e-02
1.275960956710597838e-02
4.676179725106850357e-03
4.503821978004789867e-03
8.646028158693681506e-03
3.022055801491313476e-03
1.205575325747556929e-02
3.754072735206643186e-03
1.211141782437973394e-02
7.905318133650460211e-03
1.025171619462039996e-01
2.259617736322193544e-03
1.581343615796134555e-02
2.846601752029587293e-03
1.488398119424206960e-02
5.838726827895466404e-03
1.020674599145367234e-02
6.896973131755559840e-04
6.320443122403009845e-03
1.146833729152209151e-02
1.708632715029593380e-02
6.230588410048827630e-02
1.603505151076861646e-02
3.479514888157805071e-03
7.204826049747474481e-03
5.204021929662636234e-04
3.142118455169344571e-02
1.459146477512631140e-03
7.488733015033954138e-03
4.208829685561603882e-03
1.078914707176506851e-02
2.179746646874783540e-03
9.806210398335207801e-03
7.793450723765589505e-02
1.580274162298752824e-02
1.460928888542163857e-02
3.137165338302479872e-02
1.204589094367551107e-02
1.497380747062620511e-03
1.575083066281980984e-02
1.015990166409181839e-05
5.264418815093074508e-03
4.469356637946550470e-03
7.625617932260876641e-02
1.408871228316836005e-02
9.186341370087822145e-02
3.741294209047404430e-03
1.114583788081514480e-03
4.077057318271321007e-03
3.017182840033381160e-03
7.390376156639314083e-03
9.577433838986636888e-03
7.925024157998091304e-03
1.740517667384238951e-02
7.777241702518953442e-03
8.116477691374140643e-03
1.809913988726407491e-02
6.134052353274242406e-03
5.696900547859858575e-03
3.105402266341421302e-03
3.310604919779823463e-03
5.546511428502843948e-03
6.733618841783543287e-03
7.060153674515025866e-03
4.170113342355672922e-03
1.082581204734542890e-01
1.204695742778214701e-02
6.786439424482387621e-03
2.385414437917195325e-03
9.819781627636726962e-03
1.814043181092177054e-03
7.339197104114902025e-03
5.954530664869831479e-03
8.395765522448337542e-03
4.356639515762970871e-02
2.365543143961688064e-04
4.624168643758445191e-02
1.290971097274846990e-02
2.584121456399683225e-03
1.622602063281345861e-02
1.732842728440816063e-02
3.710407203333015991e-03
1.885005394699357109e-03
1.211096469455999643e-02
5.277373752609787992e-03
5.202983033130752916e-03
4.178016256507093885e-03
2.129467261632671596e-02
1.635496716282784646e-02
1.179187498916557317e-02
4.818764172447032035e-03
2.180778245955623459e-02
1.153740461601623392e-02
1.020563921318624629e-03
5.603736251352017111e-03
4.238545085180358510e-05
7.120671253614334339e-02
2.153730552854707381e-02
1.074800271880147970e-02
6.774094388793014745e-03
7.874762567396201632e-03
5.159919948068727481e-03
3.298626810227298263e-03
1.098751013597996928e-02
6.411458930865309401e-03
2.047166035574066525e-02
2.069288400155845295e-02
1.527178280275625320e-02
4.814696955243918941e-03
1.896372086813166366e-02
1.923027458727702074e-02
1.203376077314541152e-02
3.283028348363217514e-03
9.603211405936052086e-04
1.172266435029958691e-02
1.527136549895784061e-02
2.024792768758185493e-02
4.054222114257475564e-03
6.991922138239111371e-03
1.049094200677670556e-02
6.301252850276105842e-03
2.072578179654867292e-02
1.939379419105664642e-03
1.355672068114064516e-02
1.044556541559094097e-03
2.812023887729582852e-03
5.138963063546097935e-03
2.325678920235177416e-03
1.861645488933625497e-02
5.611608563174044773e-02
5.347054910352373042e-02
1.225528031735748829e-03
9.377761370052210528e-04
2.080612671533863672e-02
7.791478526122668988e-03
1.532492569000848057e-02
4.064176404610397343e-03
1.410007321178743771e-02
1.252065850662284312e-02
4.064933915449617761e-03
2.854503624226934280e-02
9.712942024610587977e-02
4.932769397068972363e-03
9.520029871863368992e-03
8.765581661447231776e-03
1.188307410856848968e-02
1.180447892767757774e-03
4.745159478212871064e-05
1.395293998479137793e-02
7.972477687521737841e-03
3.667328307975398303e-03
2.074461051490189209e-02
2.234731192055278148e-02
4.534029413395868936e-03
1.739947511418402440e-02
4.774531520031261370e-03
1.377941463707420093e-02
1.528623571227457831e-02
1.194220642343184896e-02
1.620818039089201579e-02
9.091501278619976145e-03
1.307393104459383254e-02
9.161790926509988039e-03
1.653060348900671842e-02
2.117470719245201360e-02
7.511276872183202287e-03
1.239704021600306939e-02
6.704510023629234317e-03
1.278894625887677140e-02
1.096522690342275307e-02
1.827124008315582707e-02
6.487700041853311506e-03
3.197458448452808466e-02
1.618961859031005021e-02
3.985958815558767604e-03
8.774107500375801297e-03
9.590372468668201256e-03
7.626477584496562474e-04
9.869152811485010657e-04
8.045364534294517644e-03
9.809041834697912465e-02
1.023688555774407601e-02
1.501534406701430721e-02
9.682602902134166203e-03
5.052630462772903994e-03
8.955478783691199832e-03
1.492450942176798932e-02
8.071619931107871723e-03
2.609824619230547912e-02
1.052196732850298709e-02
1.180234608486400646e-02
7.524091866737797965e-03
2.823774722938208678e-02
1.003628744124988523e-02
5.055212557730493633e-03
1.079390359585990014e-02
1.311623489373885641e-03
1.317366341596365974e-02
1.383840794500457161e-02
4.530899446605160530e-03
1.356339577207587438e-02
7.923130353221348454e-03
1.129824336207663205e-02
6.643166333498503814e-03
9.968803049952573367e-03
9.918621164317642513e-02
1.022011421525573401e-02
3.152061049102987140e-03
2.681463115455609905e-02
2.628032962297772654e-02
2.778942167608277475e-03
3.357870920263441618e-03
1.446891168905935568e-02
1.733012950252608292e-02
9.630569350981345311e-02
1.303943685633383170e-02
1.326365124207019679e-02
1.893289416022705951e-02
9.572939696455716810e-03
2.989342877873900003e-02
2.355232418051437290e-03
1.319964727297994606e-02
3.966669983349182388e-03
1.056122160625433924e-02
1.665446415111200909e-02
8.060672280964530784e-03
7.528162881115342715e-03
4.261786395702939212e-03
8.323079044278524144e-03
9.828075470861129953e-03
5.116092766152637895e-03
2.862362298926896930e-03
7.224679030476441159e-03
1.063551094476122838e-02
1.794019389211398002e-02
9.036586441235663555e-03
1.718662298601216092e-05
8.991153297403398775e-03
1.864020102969355178e-02
6.418409349238820942e-03
2.407530406383285703e-03
5.755193179531067557e-03
8.619227875783422310e-02
6.541608280747392319e-03
3.455088684790796200e-02
4.830805791414570678e-03
7.365217188739858756e-02
1.535925629776078126e-04
1.673542228128661186e-02
1.031856123577596512e-02
1.504116783723899106e-02
6.804183601911359403e-03
4.012399819849751803e-02
3.221008852087757154e-03
3.594812332066546316e-03
7.223193246937586846e-03
5.993281731873938666e-03
1.556231180647334872e-02
1.575276912821564623e-02
7.010147423340437785e-03
5.549851604427384621e-02
1.131470044667881418e-02
8.638175768118368236e-02
3.083571969448310052e-03
7.134034067088973301e-03
5.547372228261818368e-03
7.996242473961391595e-03
1.223531474840358797e-03
1.819946068396825767e-02
1.351120838597513404e-02
2.910879354609838786e-03
1.734244022437450919e-02
7.121154072938864349e-03
1.416837613051548893e-02
4.846206039670580661e-04
2.005317525010337845e-02
5.844764455910376327e-02
9.045190401494341073e-03
8.549599451459499733e-03
1.584301597605907667e-03
4.718974018206657448e-03
1.610680704954337017e-02
5.810176052218350533e-03
4.794243292363060960e-03
1.021492866406683089e-03
1.725608782214027928e-02
9.924490134653567164e-03
6.790633573017913413e-03
1.588428600442101310e-02
1.592289957998244522e-03
1.282159384550875594e-02
8.184511586964821582e-04
1.220540262240118676e-02
2.383680950036634258e-02
1.306314752243880467e-02
1.453677225824414471e-02
3.243915535613022243e-03
1.126719035052256047e-02
2.449455799664809752e-02
2.033299593841112266e-02
1.371867358560534822e-01
5.170542212967436241e-02
2.170427386601932272e-03
1.597402890102180267e-03
1.810632259182456613e-02
2.274961831245933888e-02
5.565959601620345219e-03
2.467350494951054633e-03
1.083517177850245976e-02
2.502039807646565250e-02
8.815904851028438100e-03
4.628561245622291737e-02
7.500647577588902964e-03
6.486054568676118126e-03
3.173808469508024310e-02
1.419422899063155045e-02
6.012210668642891526e-03
1.359909366778989416e-02
1.791245574271577851e-02
2.221745372305194716e-03
9.451087009560519420e-03
2.253605169516799400e-02
3.307098637406013369e-02
6.776674322407967403e-03
3.522250213408414411e-03
1.437021966697901981e-03
8.025464795369917012e-03
3.113335798464620524e-02
1.655397713396579429e-02
5.200492050286034153e-03
1.886856442275424220e-02
9.618015384239658044e-03
2.318540826271527772e-02
1.877848666064459854e-02
1.289127105012185907e-02
1.168724679781120435e-02
4.790401294162528550e-04
9.428658092297443477e-03
1.715062861774633435e-02
6.829751566088068659e-02
1.890581699356371631e-02
4.594372035356267953e-02
2.849931716479229757e-02
1.944942324019154761e-02
2.472125964612385124e-02
7.697464351607025829e-03
9.353152166852153615e-03
1.038460766590791270e-02
5.546356696029803787e-03
1.743815560215412550e-02
5.424318474275960540e-03
7.184349969289164153e-03
5.746674799726027814e-03
2.893076231053371816e-03
1.745004406101030581e-02
7.174895206314486906e-03
6.354824681983748573e-04
7.254326529044907018e-03
1.307051981496308579e-01
1.495401492888762465e-02
2.475262306390493133e-02
1.053284892716658053e-02
1.859209566782659339e-03
1.107803001043172406e-02
1.271598099620276104e-05
3.537134089683876149e-03
9.775626351148765381e-03
1.486382404037964698e-02
6.795190019809992099e-02
1.438539378981357544e-02
1.544025870875925712e-03
1.145507203281943658e-02
2.564344048173847375e-03
1.406749162582032406e-02
2.668370923002703985e-03
2.528076554889610150e-03
2.141246459435795085e-02
5.964976080281921694e-02
1.126907820990423340e-03
8.135702896662761266e-03
3.697714527204040008e-02
1.120472021721145243e-03
1.400678340212646068e-03
4.236699955217125904e-04
2.007434100137082868e-03
4.156265503961266948e-03
1.098786872095719111e-02
8.066121206599097954e-03
2.171168199390839659e-02
3.466946286633076912e-03
3.278454950809366747e-02
3.396222332757102644e-03
2.969188226634552480e-03
2.629841630798702284e-03
1.523211878100843956e-02
5.278841775322256312e-03
2.421116538332190524e-02
1.738695146139502580e-03
2.031952454622242346e-02
3.947878969272265899e-03
5.958766550516911460e-03
8.989430581595098113e-03
6.469605135356372612e-03
1.024665761123774374e-02
2.499772752990447183e-02
1.387473902863789813e-02
2.224833984986063218e-02
3.802846805910122517e-04
5.235375991209079670e-04
4.875646316139603618e-04
9.642171412469591196e-03
3.184202529826483160e-03
4.695257289561514079e-03
9.306923003437736139e-03
5.290630925594725156e-03
1.964032382611890712e-02
3.471420045055084030e-03
6.443257081491037853e-03
6.859535756240837251e-03
2.298932134328429081e-03
5.223017714574114227e-03
9.509162825927877996e-03
1.665598178862740322e-02
4.922317369585265875e-03
7.248284052932915666e-03
1.908998547249752750e-02
2.023201447358578126e-02
6.442762153959520795e-03
4.111758545048405794e-03
1.596856631469752499e-02
3.013192087627438592e-02
4.498538042333504600e-03
3.027993986245714093e-03
1.729330078146389159e-03
1.466292320885245574e-02
1.754396911921702815e-02
9.458144800288266138e-03
1.319753665541771115e-03
4.107920616780721262e-03
1.641617465894663896e-02
3.478164981068178254e-03
1.107386312431571547e-02
1.499175755809635524e-02
3.485539291085951522e-03
1.748678531602896463e-02
1.137274073776151431e-02
1.629883356394871627e-02
1.654759439629990489e-02
2.610318735105224015e-03
9.444543890587022220e-03
3.310240038056415542e-03
2.432229087488296804e-02
6.454134799284125257e-02
5.240074337928948660e-03
1.469911169036870226e-02
4.519290734418372063e-03
3.932880031286451437e-03
8.492538984971228708e-03
1.316869158397284377e-02
4.588966049969604721e-03
2.245371693913840103e-02
8.048553141926522575e-03
1.391395108966313535e-02
6.335298460860011235e-03
1.188183474884977296e-02
2.152598290094510577e-02
1.335170977725135336e-03
1.575076121807922162e-03
2.157764900746516820e-03
6.692996792145764449e-03
1.772696977229087228e-02
1.356074231499204176e-02
1.153104636347830831e-03
4.729565428502802149e-02
1.256455871744560290e-02
2.238844086009409221e-02
3.591331281837922048e-03
6.908267374585789523e-03
1.818481548065341638e-02
2.153053662025249462e-02
1.088583233326382953e-02
1.497154275070745541e-02
3.350097336802985992e-02
2.706026138444541859e-02
8.310840895976520301e-03
1.604107844405820715e-02
3.285497708202494982e-02
4.526445492329981071e-03
1.855346766487371568e-02
1.434674021107369343e-02
6.137973746162229786e-03
1.755772245470110446e-02
6.433852104689110132e-03
1.781661950624229647e-03
3.356165185111618932e-02
1.363103660823328754e-02
1.743073773189407136e-02
1.721974644320799653e-03
8.416109878935059893e-03
7.124620320200022658e-03
4.829112741290308292e-02
2.245542691157384127e-02
1.168798597271260287e-02
9.648954428826687219e-03
9.158206534094905094e-02
1.935316985781989144e-02
3.308718776629634983e-02
1.503304390267922591e-02
7.758496272708460557e-04
4.539266727289359427e-02
1.178565168615628399e-02
1.123648387649769063e-02
1.167886627397727618e-02
8.710231301046150384e-03
1.660678446375123130e-02
5.761699155089552646e-03
2.504320441825747326e-02
7.111477667557798699e-03
2.012487788609769804e-02
6.271021402086259140e-03
1.046443758169969887e-02
1.253144284645584319e-02
1.578092466025830115e-02
1.908474202801780512e-02
2.057273174301643345e-02
1.277484313865024854e-02
1.245999430799255361e-02
1.511961624490704321e-02
1.239591194197370641e-02
1.960447651171150565e-02
