8.591889250064294048e-03
1.693647601290356949e-02
1.274187185604905292e-02
1.469865514423207044e-02
1.107515156848885851e-02
1.826077455658123988e-02
2.479922068291582141e-02
9.307468407335723476e-03
3.576748220735139622e-02
2.063525778200118663e-02
2.004960008193561530e-02
1.032441724617914544e-02
3.230980541993173222e-02
8.203913548800486136e-03
1.441254351166549631e-02
1.106531586715079479e-02
5.943778907361760983e-02
2.162125757038459509e-02
1.048704909229930191e-02
1.162773890926597879e-02
2.186643101591642310e-02
8.707517644414295918e-03
1.262928310338235979e-02
7.824892553372710460e-03
1.663791511928983460e-02
8.176896920331530941e-03
3.106108130693023203e-02
9.959290350001650041e-03
8.893859532193116452e-03
8.999460112274629622e-03
1.321199471574179864e-02
1.166284699559891336e-02
1.341750595537772629e-02
1.287017561963383315e-02
1.138699061336810418e-02
1.632019500104306409e-02
1.473175959425973396e-02
1.052682701422305578e-02
1.197918081283332395e-02
2.517180335068655919e-02
3.845792744389303630e-02
9.273263944915245346e-03
2.445474779684559188e-02
1.573366545748143205e-02
7.631890497972109409e-03
1.887491036353865920e-02
9.369679877765166656e-03
8.649271699329750401e-03
1.170432378171648441e-01
2.112578127134469297e-02
2.586051606897912802e-02
5.922473354353055726e-03
1.833877370893068071e-02
1.534398668850424363e-02
1.152459256248919602e-02
1.101756799093075133e-02
1.260858470559900885e-02
1.791330845012591849e-02
6.100121359561039985e-02
9.725462376293441541e-03
1.247018773520796632e-02
1.669107302392195194e-02
5.619198263395244579e-03
1.334753354663126626e-02
2.601630730250824308e-02
1.319883825871716147e-02
2.016587061073361886e-02
5.129914530442351676e-03
1.937289563229785405e-02
2.660850730466268743e-02
2.387095814844823749e-02
1.829822733411237343e-02
1.003238492318335971e-02
8.613295291440475898e-03
7.976701471494556175e-03
6.601130344102576486e-03
2.099390163160981190e-02
1.375594460586374544e-02
2.089357585004445600e-02
1.636699913978854198e-02
1.832445299631575361e-02
8.756765586459032066e-03
1.677423758448919403e-02
3.071099068584085337e-02
1.752024415651019448e-02
9.616938931314152755e-03
1.072635886663568690e-02
2.106100301756795232e-02
1.382732390873242512e-02
8.758127867325202209e-03
1.919126434344114313e-02
7.087955090234695534e-03
1.282082912004555049e-02
9.879632487193172261e-03
1.124941144109310211e-02
1.923101729786388936e-02
1.064167729687741024e-02
1.063332645242939453e-02
9.578702006561381349e-03
9.063381629467216760e-03
4.115738309379048283e-03
1.461389789357436970e-02
1.153821094492785831e-02
1.302738484284875729e-02
6.245461407472883454e-03
1.108075648741659383e-02
1.706595125236370220e-02
3.902508114695080188e-02
2.502031692567750418e-02
7.799352225985541759e-03
1.005847222396577360e-02
1.069835900330767982e-02
9.027894858567548503e-03
1.037377426902925427e-02
6.664967755131057450e-03
8.548214862476368262e-03
6.165972195582137758e-03
8.308421407372404768e-03
8.861867803969870547e-03
8.997042213566324581e-03
7.276221790667156998e-03
1.156258203659923586e-02
4.222245471985857507e-02
1.123064389109720319e-02
5.703315218574992601e-02
1.552493574494558798e-02
7.703719938326939951e-03
1.618317833944711223e-02
1.485240162460158345e-02
6.400873333247853424e-03
8.120467456195080980e-03
9.996929332879054067e-03
1.289183913165864448e-02
1.446556679274207426e-02
1.115218324351992078e-02
1.637853369891995731e-02
8.823170021787550901e-03
2.327569285608295860e-02
9.936608635227529851e-03
1.156612995757262154e-02
1.490107292652160034e-02
1.849635064298510087e-02
5.634199800502564734e-03
2.940928754936148609e-02
1.600416033321790110e-02
1.720755763987107806e-02
1.686607850619619223e-02
9.224613556028124148e-03
7.561331136899815397e-03
1.958272234994336974e-02
1.646451549040357440e-02
9.444275636696962406e-02
1.465246173573868729e-02
1.321183300072099193e-02
1.088034915282077610e-02
2.265668567324246457e-02
4.805665217028560338e-02
1.429227804532970207e-02
1.442602910637166488e-02
6.477425298402108775e-03
1.883160295468884471e-02
1.158140258014785443e-02
1.020490485321100781e-02
2.433960342607926000e-02
1.452508640677157084e-02
8.486833040728248082e-03
1.473475950081305427e-02
8.674679087972446412e-03
1.507103397463526069e-02
1.445011886471306642e-02
2.332768031985594723e-02
9.227903094887780766e-03
2.377529668286858244e-02
1.968939883737356664e-02
1.225389072095351035e-02
1.622638509967566645e-02
1.586808666583140043e-02
1.404779316218042647e-02
8.288948346824479702e-03
3.332271969408644174e-02
7.915687853193263679e-03
2.372479489062545230e-02
1.739887223325024129e-02
5.707648092531410547e-03
7.086282840245904276e-03
6.308225970565838406e-03
1.542043248546411116e-02
8.643872331799400816e-03
1.050013563877462072e-02
1.597248936060881308e-02
1.750318337007153446e-02
9.960546838411476339e-03
1.326028155695897770e-02
2.433224437235712370e-02
1.800256064517670104e-02
2.314978428473642158e-02
2.588019849760888128e-02
2.016922831771975413e-02
1.120228154009359108e-02
1.286777601629815471e-02
2.795483384562337179e-02
1.345419530028283024e-02
1.013431771148222693e-01
8.742623757462162151e-03
7.231147897668944655e-03
9.322882154501025906e-03
1.908564632616833665e-02
1.376115723106318897e-02
2.249033456376142021e-02
1.743919038044396477e-02
1.601654512813672354e-02
1.053719976240824301e-02
9.054162654182174724e-03
2.268752842347154450e-02
7.744168856598143170e-03
1.581787652405504049e-02
9.341702668858998040e-03
1.597747318485969251e-02
1.340243966482191143e-02
2.269840436372369194e-02
1.309461478652545509e-02
1.544049166973166139e-02
1.112854729231103554e-02
1.757741722482725547e-02
2.638441420595685413e-02
1.216577141614772969e-02
2.425460697356014023e-02
8.385680311716162821e-03
3.748817268987555962e-02
1.146940789920522508e-02
3.805217319344374183e-02
1.625568573049611040e-02
1.674357572774150260e-02
1.888556115661807824e-02
2.293044127310428851e-02
9.311941060122947214e-03
2.109588700058502575e-02
1.255403931713695853e-02
7.773764701339973791e-03
1.461851193753217586e-02
1.642966603968510145e-02
9.959489621581656127e-03
1.095635491615385981e-01
1.934757960919318565e-02
6.463197808660681339e-03
1.299748057796733247e-02
1.707727554979078521e-02
1.293969364217550412e-02
2.123780784522813839e-02
3.045641025700278684e-02
7.991406543248290306e-02
1.248934683107490694e-02
7.830504640344218906e-03
1.065107275263608815e-02
1.349163128632057361e-02
1.233935638286648949e-02
1.898854630452154885e-02
1.658057270781814266e-02
7.049247185629689376e-03
9.890346749126100942e-03
1.817926037133434786e-02
1.068164624875424240e-02
1.642824770178120258e-02
1.247538488830835825e-02
9.273605867425547059e-03
2.160299246392490338e-02
1.640452473124229260e-02
1.240163795745308564e-02
1.008998065529636591e-02
1.544605921641068087e-02
1.748389018429138617e-02
4.015192565567377025e-02
1.054404536801257716e-02
1.113744856648415660e-01
7.436622244422067159e-03
9.577685208338199835e-03
6.410535569767504202e-03
1.219621533155433243e-02
4.241855431406807084e-03
1.166482223565453759e-02
9.377897814246289807e-03
9.743588375246858835e-03
7.076279584094892668e-03
2.021393937245896666e-02
1.413767383169712948e-02
1.633165730065521196e-02
2.847333317102141922e-02
6.208430421345253851e-03
1.755461428748391825e-02
9.285438159199674302e-03
1.258692793235167626e-02
1.648203935207067164e-02
1.685002320563524364e-02
5.064159969050197226e-03
2.266022933977744971e-02
1.457160011438670202e-02
7.641818942287908166e-03
1.416357925208873436e-02
1.072878562419524173e-02
1.099502875506969991e-02
2.516663068558151056e-02
7.552207210622088364e-03
1.828671802397928772e-02
4.736717502367552603e-03
2.980344326485397100e-02
1.566512255812724935e-02
9.960009132711774432e-03
1.045540762972895464e-02
6.070433707165477297e-03
7.255021657925797562e-03
1.427959785819479972e-02
2.026260194249943081e-02
8.780979388468534638e-03
1.403763608292896148e-02
1.030021185363111207e-02
1.373600062271986000e-02
1.368534684035530719e-02
1.395418082598400174e-02
1.237827953837282446e-02
1.241599645486838287e-02
1.346585539566771614e-02
7.117221864529532996e-03
2.997338045559719624e-02
3.086481077664332204e-02
7.352277519742524137e-03
7.127943720063609212e-02
1.675325208353119211e-02
1.067223218356851480e-02
9.945427773511230501e-03
1.316473596692613844e-02
9.854188231088068656e-03
1.163385814617614276e-02
8.904818017232338928e-03
1.913276848110724224e-02
1.022958455488782135e-02
1.533040325861717741e-02
9.284492909854058507e-03
7.867215112175083777e-03
1.322035934378585319e-02
9.186566562267288460e-03
7.315320307949852406e-03
1.520488694545427295e-02
1.587363817746829595e-02
6.199988964745572519e-03
1.223816807956421698e-02
1.375889010953021928e-02
1.119101904389634312e-02
1.114726866914751181e-02
3.928701938041519182e-02
1.054024996450964556e-02
3.201449137243458920e-02
1.259895674020792763e-02
9.006549586492020726e-03
1.602828539694005003e-02
1.431950870967321418e-02
1.644973340865908337e-02
5.900124691355795176e-03
1.628537146769907726e-02
8.357500865594884309e-03
1.456085394814404278e-02
9.228682501693532408e-03
6.593318967970767698e-03
2.119151261557375779e-02
1.328487548045180835e-02
2.812649569952730202e-02
8.802417200828992205e-03
2.156519205227777625e-02
1.156622087250592720e-02
1.109882956948861528e-02
1.136110274703094197e-02
1.038483525303798317e-02
1.256511522533425990e-02
1.518477916570492615e-02
1.059927617932767373e-02
5.647289796841863802e-02
1.625647170384020637e-02
6.741938772749221653e-03
5.070130135254360959e-02
1.053422317194042772e-02
1.078720072580147127e-02
1.303449863780347870e-02
4.141190330351445306e-03
3.302280515169267461e-02
1.123931877312664765e-02
8.566072551611260411e-02
3.347399586473121663e-02
1.250021665479702712e-02
7.692428557482122384e-03
1.637431594764065038e-02
1.003657763330976019e-02
6.275523178919115500e-03
1.531652452311241079e-02
1.311302525091153151e-02
1.955313734397974915e-02
2.231135312638894350e-02
1.597499194063421377e-02
9.668316899507317305e-03
1.987990850766028356e-02
3.572984386977460375e-02
7.298354822712217749e-03
1.992700406320974463e-02
7.092411076422966767e-03
1.634122583422454797e-02
4.092924983380854566e-03
1.492967033593882269e-02
2.221496518845672910e-02
1.221678417714326843e-02
3.033543562164994073e-02
2.262958268034387724e-02
1.268393738106078812e-02
6.649530915720947011e-02
1.847321088371188177e-02
6.579369648064206308e-03
1.304096100740343572e-02
7.582830759963786818e-03
1.097898874310991764e-02
5.067756982807795213e-02
1.214875796150387786e-02
4.612222435097777275e-03
7.239431162727632749e-03
1.352250128108178039e-02
9.186291752184820580e-03
1.335986514699806331e-02
1.095164372733078810e-02
1.926472844901235687e-02
6.014802588575263696e-03
3.241607144158642484e-02
6.251507294099408786e-03
5.712912314279456304e-03
9.626548312614778211e-03
8.977739923529664406e-03
1.117858438932809069e-02
1.232115741768855105e-01
8.030815453417142549e-03
8.845424069082686788e-03
1.310083440096589634e-02
2.214473891066720546e-02
6.216048049731691047e-03
5.810498507153005233e-03
1.682647442960298612e-02
1.642770043819898398e-02
2.669381491613909835e-02
7.337044327249945055e-03
1.177980135494554118e-02
2.438341683669807691e-02
6.514025665260987467e-03
8.018244989017823260e-03
1.380112302337105357e-02
1.466784055566608923e-02
4.327521463085607159e-03
9.362675531189924849e-02
1.590932763373462816e-02
8.388602150944751701e-03
1.907639323845460727e-02
2.454821525685307523e-02
1.703141830953282601e-02
9.114198964426500904e-03
1.594537239886184912e-02
4.499293413230136957e-02
2.631469758855518870e-02
1.043646822872049823e-02
1.133569754923751359e-02
8.300555202392282880e-03
1.805995416167992598e-02
6.243393141073839102e-03
1.516107663835580821e-02
1.137550226500277581e-02
1.315598012244814652e-02
1.113236525412202721e-02
2.129037331936492472e-02
6.871178699999739951e-03
1.615089041433281219e-02
1.421629934864799931e-02
6.368690669670165443e-03
1.161795014647147573e-02
1.337288197473192157e-02
9.793127798582212939e-03
7.910673669560757543e-03
8.284951678425288638e-03
1.296357750810511224e-02
2.806218560990288852e-02
1.529826167201877099e-02
9.553498137818902669e-03
1.794992145582855261e-02
8.346624927682622097e-03
9.231613497401355839e-03
1.469687284800947659e-02
7.589846981932436322e-03
1.179006637422774437e-02
1.236771579697437673e-02
1.603506153915228161e-02
1.734186202929192261e-02
1.059200264648572747e-02
1.835908149142827586e-02
1.065245853931014348e-02
4.224106866324751908e-02
1.446488658909141946e-02
9.967135264459504873e-03
1.418752201000978395e-02
1.291836196020484592e-02
9.502409440983516919e-03
1.284382799272756372e-02
2.130088517299495027e-02
1.763429940886464264e-02
1.156107067830805871e-02
1.630746323112262919e-02
9.050517115087145653e-03
1.491677572834069522e-02
3.893246815132690025e-03
1.002350350322544874e-02
2.478995895759683252e-02
1.745037831082784513e-02
1.523602756447238471e-02
1.799400734665785109e-02
3.917134826043683349e-02
1.324850194874069992e-02
2.223550484711979067e-02
1.283293470626062881e-02
1.104169400933253074e-02
8.893559019019911180e-03
9.742502006831193703e-03
1.506165999478617859e-02
4.670034499303085847e-03
5.907415977783055105e-03
1.483547003452593237e-02
1.753663978771741877e-02
8.849530268545690442e-03
1.837962659896069315e-02
5.032442679085961761e-03
6.775292602091894170e-03
9.621128266179860763e-03
6.138331847738640046e-03
1.235160443548578152e-02
5.924621413976777912e-03
1.517806850640527130e-02
8.715800860934938901e-03
1.588528644188325067e-02
8.047520672593941327e-03
2.284305136920629364e-02
1.303158923924744618e-02
1.140255790231431247e-02
1.349341690659026927e-02
1.920601186087588994e-02
1.212675081202595380e-02
8.704684763882518730e-03
1.427697254310066749e-02
1.957565963398059244e-02
1.905451288228298540e-02
1.417521053728107785e-02
1.151704840305962062e-02
1.174582571271353543e-02
7.013560074943686086e-03
1.445936955105911990e-02
1.486192355878785711e-02
2.039698686649027426e-02
8.787448670657484195e-03
1.564144725632469687e-02
8.758152678074322336e-03
1.049229914848024206e-02
9.337594745716734299e-03
8.929861987536300005e-03
1.855883941533134976e-02
8.245831298985949187e-03
7.680126314753356852e-03
9.987442898056387089e-03
2.090892206017987837e-02
8.471688962016016983e-03
1.180069502859311566e-02
9.054890420479862201e-03
1.226065368506389953e-02
7.732524696846676017e-03
1.346557313616348825e-02
2.804615818573227837e-02
6.951447847143990728e-03
1.855885791234431273e-02
6.878629927600305415e-03
1.764330646474315811e-02
2.140236955247050432e-02
1.446149282901826837e-02
1.168804919700397807e-02
1.122740348247133584e-02
9.472410501706989006e-03
6.174218526115102419e-03
7.979935007321442564e-03
7.520969436664784805e-03
1.059938758879800866e-02
9.409501673940244559e-02
4.190496589361519808e-02
2.822388585454977880e-02
1.170357920341013117e-02
2.527139884868128891e-02
2.664750615780056911e-02
1.414121619316881066e-02
2.559149056730995048e-02
5.915789423749457689e-03
1.675185011431080256e-02
1.881361789715688820e-02
1.109091038022081040e-02
1.998465160406866573e-02
9.924891741961150426e-03
1.523697513326576804e-02
7.938088806086303004e-03
7.281270848040449772e-03
7.497841011452960856e-03
1.041943764137807926e-02
6.855471375412296869e-03
1.888941726643300276e-02
3.974635044876050072e-02
2.088026432862485557e-02
2.085174328346712722e-02
6.977088736799038661e-03
5.368908953421542597e-03
1.489999625324670875e-02
1.579753042244924285e-02
1.788283372318102971e-02
1.025849166280453501e-02
1.720577582659090290e-02
1.819135863335274994e-02
1.367726873385972583e-02
8.074617551106931870e-03
1.352790685860903383e-02
1.327718727148267941e-02
9.084603882282571777e-03
2.281079806470761792e-02
1.203175912006301286e-02
6.498904932902844177e-03
7.348022316664674577e-03
2.006253650327476448e-02
1.155447403268154705e-02
2.028387733893649569e-02
2.139553697643192462e-02
2.870768906923205563e-02
1.654842821567578670e-02
1.022018971076860266e-01
1.032793694064527805e-02
3.620251055438737653e-02
2.014893886435928719e-02
1.179885377000363354e-02
1.331357701924877103e-02
1.559234160340011721e-02
1.089307655184332778e-02
1.675258503756992326e-02
7.401879464180648009e-03
2.433866934994942041e-02
1.409435279182161618e-02
2.042795939511481834e-02
2.506485650470217930e-02
1.320912775475180552e-02
2.459549183503033712e-02
9.063347341832317036e-03
1.945356306685208647e-02
6.390022977383539964e-03
1.628707831224896624e-02
1.872267782460551588e-02
1.696853358322701968e-02
1.579500040733073166e-02
7.973725046382882861e-03
1.144077615583255665e-02
1.457643752821244539e-02
3.927557626245717359e-02
8.121230323206581059e-02
1.846409904629739071e-02
1.110647600068176248e-02
1.753281357050882894e-02
3.360171343556012102e-02
1.288303213017375111e-02
9.204761027360402678e-03
4.138685366239719388e-02
1.526201016656243692e-02
6.901315457813965437e-03
1.242610469416678166e-02
1.029990691824658050e-01
4.719550171051345444e-02
1.686094914265306305e-02
8.051175178292227161e-03
1.401826590949725379e-02
5.435069747854352068e-03
2.633406743281961615e-02
1.532108886652321783e-02
2.404669652561331264e-02
6.878178145120508735e-02
7.444826516787247418e-03
1.456132534636817542e-02
2.669725780361421885e-02
9.457265545921028291e-03
1.053554444628185260e-02
8.000017060004466565e-03
9.478273800149623896e-02
1.078376409680838026e-02
1.058277151081482917e-02
2.021401892103503670e-02
5.193648332620780239e-03
2.983944297767632953e-02
8.156698704267864586e-02
2.040401743110379501e-02
2.694197956897873697e-02
5.971459322062970185e-03
4.526498842790063065e-02
1.951519728704100703e-02
8.181596699556703545e-03
9.298160442977121756e-03
1.938248617802134158e-02
9.926253750471198539e-03
6.594021462820007402e-03
1.871691602531557613e-02
9.975147812179598061e-03
1.704911453149058481e-02
6.876227316937165435e-02
7.875597510730527120e-03
9.838687191235612889e-03
1.061145925607970275e-02
1.237851980106493242e-02
1.154933924920875134e-02
2.544420576972795944e-02
1.900186634018516396e-02
1.702026579418064456e-02
1.020532849872749469e-02
6.603065480224680310e-03
5.376347210026628798e-02
5.918923796296174378e-03
1.091229814608933243e-02
2.252002056308664846e-02
1.026905375784127779e-02
3.307258826217876480e-02
9.487210330101230465e-03
1.840764691350714466e-02
2.002458069608377411e-02
1.262427043486823164e-02
2.744187072985837181e-02
4.514604456446356939e-02
6.274672356110344573e-03
1.366790857665766724e-02
1.114573834967081539e-02
2.638144779452455610e-02
1.269931755414232394e-02
1.811888058875050361e-02
1.348805172877524071e-02
1.382094087823232918e-02
1.237266323434145152e-02
1.401629432806599830e-02
1.514493162721248024e-02
6.088382793773274362e-03
1.588590502071639959e-02
9.443671994608441450e-03
4.945070830562346524e-03
1.207702169282725072e-02
4.888428897602973069e-03
2.213918953824061536e-02
1.744313777771498014e-02
1.035878300371849588e-02
1.905030300050503111e-02
1.169004029108189346e-02
2.850082187558850011e-02
9.714460194894511402e-03
1.493247246038783768e-02
1.096327931217808312e-02
7.997540972343118379e-03
8.124444315082903975e-03
1.493469288585553764e-02
1.584411694936069953e-02
7.239947210642093227e-03
1.133541457304428242e-02
9.196737767713358130e-03
3.933287119754393796e-02
5.521048813745804695e-02
1.830075561577636928e-02
1.191530461903554661e-02
1.119403245862402377e-02
2.221962867528672406e-02
9.710500838847037353e-03
9.548870978771016593e-03
5.533151190386714248e-03
1.913766058715669904e-02
1.623600926875708172e-02
5.149442940779185712e-02
9.412261715619202676e-03
2.331770599941426422e-02
6.756748384634049531e-02
1.489668487794761596e-02
9.052966382992832725e-03
7.631965712379345720e-03
1.325293933735036123e-02
2.417456904060833259e-02
8.460734060940456810e-03
5.180215470248301923e-02
1.344527198697276736e-02
1.346141908209924631e-02
1.034989226892050682e-02
1.347543955493897376e-02
7.766952976923384780e-03
1.100835153691279503e-02
8.061027791987657870e-03
4.031021274513084222e-03
7.828634249857774341e-02
8.095113150823498790e-03
1.115301704532298613e-02
1.773090411702351113e-02
2.309974433140641117e-02
1.519405611142796153e-02
1.944575827733358367e-02
1.005129524197976264e-02
2.076283260138830911e-02
1.268326723874853117e-02
2.053880782278232064e-02
2.431198084998107550e-02
9.275284017469876199e-03
1.565985743499595170e-02
1.730680292350796762e-02
9.750989404222405732e-02
3.078028199227137926e-02
1.971360361942724876e-02
1.619476465027616316e-02
1.974421480449868940e-02
1.146247358072609301e-02
1.342162410100416862e-02
2.177305770279105990e-02
7.701331266432182021e-02
1.029673895684811435e-02
5.679677091596505717e-03
1.069450049124388499e-02
1.602389713247598726e-02
1.087974833380179855e-02
4.224821732006457317e-03
1.259902668471372944e-02
1.043611276631815042e-02
3.565056096261987138e-03
1.149071436319149681e-02
1.082364377700281537e-02
1.147534245309687374e-02
9.220036869930762005e-03
6.238915727287012991e-02
2.657812469079527673e-02
1.969542564700201698e-02
1.663831231903611582e-02
1.211716828342463727e-02
5.449770284186609623e-03
7.348026837426926972e-03
1.206176282504545401e-02
1.762735533701079160e-02
2.458611851482141175e-02
1.225543836120145114e-02
7.961049900812236860e-03
1.054203615575852876e-01
1.236189222153017547e-02
7.653312846599885470e-03
8.884450292801632232e-03
1.550824903909238384e-02
1.856945977173472123e-02
1.376100808368836866e-02
7.288281589985181989e-03
1.301789931143274015e-02
1.665877778718653779e-02
8.871648795322747971e-03
1.261192430742405675e-02
1.480944065930463703e-02
1.966109602060854208e-02
7.051040325207087560e-03
1.798155501799628131e-02
1.110026222501165651e-02
1.252168762086480411e-02
1.650910235514832167e-02
1.215037033544003747e-02
1.220778148167060879e-02
2.296835297799986256e-02
7.974214144335469226e-03
7.738987933849680867e-03
7.290111912143113805e-03
1.177275633772540547e-02
1.022900614074561017e-02
2.022603390386749217e-02
8.124741654425275683e-03
1.228759056164425295e-02
8.436649527930805900e-03
4.403030243296066765e-02
1.504055630213308251e-02
1.176309759746529265e-02
5.070760687031088815e-02
2.221349990224847498e-02
8.151000787321217161e-03
9.317477251168432631e-03
1.060875375341444916e-02
7.744570944412092033e-03
3.889097845098762884e-02
1.862449900167904848e-02
1.726667250189996630e-02
7.933808569492236881e-03
4.894294675035361364e-03
3.568348654280646681e-02
7.648863719913323589e-02
1.576824952231896393e-02
2.301535731723119982e-02
9.976630371219558785e-03
9.608862606658810993e-03
7.124753179681423548e-03
1.010030905257201621e-02
1.743658422608322309e-02
1.363312709180357699e-02
1.340673865179998168e-02
1.010276973629727418e-02
1.831155597713507097e-02
8.102714483969361559e-03
1.013610498302487811e-01
1.982859048403056226e-02
1.539433222647621988e-02
9.092926595519487329e-03
9.094651748196931965e-03
1.881297326108312754e-02
6.127231219230208116e-03
1.361707957503603683e-02
1.508974612632957117e-02
2.469244261844778104e-02
1.166786842375380946e-02
7.975479065831457201e-03
3.344941050098709096e-02
9.813711250940489877e-03
8.267707494340270982e-03
1.174322555504330422e-02
2.896637368958726241e-02
1.347168465646225895e-02
1.304422949821041657e-02
1.435225489554099905e-02
1.810422468004506749e-02
1.175029010081156226e-02
1.615949504601473311e-02
2.267233345740428396e-02
7.861030999811882691e-02
6.454832003642487978e-03
5.244586858979700603e-03
9.187785882169783799e-03
1.085359180538487088e-02
1.137439604074626937e-01
2.825182637970039684e-02
6.533909393318745699e-03
1.733260861086921914e-02
1.501571825660522400e-02
1.686775110825771903e-02
1.574273727131972681e-02
2.654600542452548867e-02
1.907788294948823890e-02
2.494856555792726929e-02
3.705490945275927150e-02
7.106382212724346448e-03
8.491037835257920011e-03
3.072643308887301750e-02
9.987458833243711281e-03
1.562594850391511858e-02
9.707801946543526128e-03
9.534377841141977381e-03
1.218885019458705241e-02
8.170513706939623935e-03
2.524183796738598690e-02
1.864145279063522329e-02
2.384279089786607922e-02
1.144955776613380827e-02
4.153635729042261596e-03
1.150999347419951607e-02
9.562342355554167422e-03
9.301431766029511286e-03
1.389394171846344839e-02
1.967898777741473176e-02
1.195151858557883667e-02
3.055073622814291970e-02
2.702028634780738459e-02
8.253940528668160873e-03
6.588036727178919749e-02
1.447118644434756615e-02
9.882130308352669174e-03
2.246465147030498113e-02
1.608317332818420820e-02
1.418542732343056230e-02
6.250428683308894423e-03
7.054062092226569096e-03
1.379104418444234217e-02
8.346710514743704498e-03
6.555047508567543590e-02
6.270826578426676526e-03
8.108334002359801618e-03
9.068496241978271297e-03
9.209982060716022725e-03
8.342185146527217668e-03
7.813284608045365995e-03
1.737242418425259324e-02
1.432755249090233302e-02
1.511270411866431213e-02
1.054218010276682452e-02
3.177303585337308816e-03
1.214633660846640116e-02
9.172727887369643007e-02
2.596986301962601190e-02
1.030035147782069720e-02
1.874964440383328559e-02
1.112261863625958573e-02
1.496704486367834638e-02
3.206664384205413360e-02
2.573135423685846482e-02
2.402536816091464453e-02
4.669319616406311310e-03
2.300634539677524210e-02
1.670993337012726884e-02
9.582607719756585860e-03
1.120882846188767795e-02
4.828197727946607724e-03
2.593112279672874984e-02
1.061623882898832250e-02
7.693254591754722545e-03
2.383350244837953782e-02
7.069391661319212455e-03
1.114992450149971011e-02
1.692712681611432957e-02
2.808637665077270973e-02
6.281971664205757144e-03
1.219133267697151100e-02
1.313084711887717304e-02
4.696930378837564646e-02
1.298046072540180729e-02
7.243760541708158494e-03
1.051864907448944904e-02
4.404623398220865876e-03
1.827953842396598874e-02
1.024267203282006392e-02
9.374507763720721018e-03
1.451472869574123824e-02
9.579755706637854695e-03
2.938411614332878466e-02
1.254629498595044058e-02
1.331575015856293655e-02
1.146176923640882840e-02
6.453617600280917889e-03
1.554222175534074671e-02
2.854768826230165077e-02
1.779039839771793738e-02
1.828984990129110463e-02
4.958323861723194260e-03
2.932654572982092839e-02
1.111398566930952778e-02
9.237593732901307891e-03
9.632158427164324785e-03
6.439347956426552319e-03
7.011949459256665643e-03
5.339362639797723756e-03
2.419860007828711010e-02
1.849410464540081345e-02
6.506042741102203118e-03
6.947856575390791954e-03
2.170264693875666867e-02
1.091597132875654803e-02
1.293442646330566007e-02
1.108963310568897298e-02
1.532741865005870195e-02
1.910464663829489554e-02
8.675710569149622936e-03
1.258460329392205139e-02
6.193239608778036351e-03
7.294018766181042425e-03
1.332660865674921424e-02
1.109340141039189161e-02
3.622223384799565932e-02
1.133306279183165094e-01
1.591212662907195638e-02
1.535152235638126417e-02
1.649047639621519998e-02
2.585216996525970326e-02
1.596279419312266953e-02
9.626017403418642843e-03
3.445317180137737884e-02
1.329681777254588561e-02
1.875799432095224054e-02
9.709916719644473213e-03
1.904976992410116823e-02
9.072212353564911361e-03
1.012287714242939354e-02
2.147199305597049732e-02
1.827460734762331729e-02
1.265394666109689523e-02
1.372115697469854755e-02
1.421558332159910190e-02
9.724061361316163610e-03
1.412983820473942900e-02
8.094426982949147475e-03
1.289191062545584632e-02
1.640239743793573540e-02
5.139989522183445111e-03
1.281701073356926110e-02
5.573242240705626391e-03
8.499767497625931867e-03
1.189908692056848051e-02
7.672646898665953265e-03
6.337973416747592383e-03
1.207893013484683496e-02
1.052087712644690469e-02
5.843117213586808932e-03
1.131626925954679064e-02
3.448018955804688784e-02
7.543819644192930989e-03
8.936207233712467612e-03
1.425018061160777429e-02
1.865511083534500056e-02
8.448922710103227290e-03
1.208897661428935850e-02
4.596819498829072051e-03
6.943292310569905076e-03
3.935824756387119872e-02
1.429687818536318038e-02
9.586695858120939870e-03
1.167767540124196521e-02
1.032397404515332517e-02
1.268799790956641818e-02
8.169634405582885256e-03
1.974563823339620106e-02
1.875412962480096923e-02
8.589229755256436172e-02
1.247947981363007122e-02
1.603021555869720352e-02
1.836883688348277949e-02
1.472061835013610369e-02
1.182983738214424090e-02
2.167457161529292783e-02
9.874983469807379136e-03
1.271033937549930978e-02
1.352220931891785251e-02
1.003553513240520827e-02
1.615996786507785041e-02
1.464540235834308445e-02
7.178296957766234186e-03
1.874542084797633373e-02
1.236939910642978653e-02
3.094744055815156630e-02
1.288753540274840785e-02
1.053541315987712584e-02
2.615291971866331652e-02
1.235641993440234933e-02
2.000107041924046453e-02
7.006405978938399365e-03
2.399281671721071457e-02
2.309992403963568447e-02
1.065658124076171269e-02
1.027496925598991168e-02
1.803958248681443444e-02
2.030370682857404740e-02
3.832083458362772060e-02
1.442066546456499676e-02
2.107865770703352612e-02
3.730432972507045225e-02
1.155829214455066263e-02
1.420898118311563103e-02
8.406294397606161456e-03
1.923583460804135711e-02
7.278401291949190832e-03
8.030953258397375075e-03
1.278272701272997573e-02
3.832366925790906681e-02
6.379652202361608786e-03
2.030793553336930624e-02
1.101178998046361927e-02
1.738348219759804428e-02
1.755089403499858480e-02
3.531157064840972221e-02
6.090776432273790550e-03
1.321881049306150233e-02
2.251912647339706156e-02
6.695158956200766842e-02
1.542262767996989241e-02
1.418488830525910412e-02
1.480176320723161978e-02
1.083074767990190729e-02
1.664667542978039497e-02
2.054933793942647843e-02
5.992760607656678201e-03
1.234307422913217579e-02
2.011678824126340165e-02
1.298424701310742051e-02
6.176075694614221664e-03
2.504681386429757906e-02
8.292501928068507500e-02
1.404808208770768306e-02
1.410462763411748921e-02
1.004772568839159066e-02
8.782418402716700434e-03
1.571394369058507975e-02
1.277915081966458748e-02
1.451421956348728122e-02
1.695208738233255560e-02
8.031509499502410832e-03
9.162197347528433511e-03
1.898549714000185087e-02
2.073064068672028637e-02
1.597391065179878597e-02
1.761499021351457805e-02
5.701282874681051077e-02
8.300144128431210730e-03
1.125953931534623767e-02
7.158642149252170302e-03
1.470755522237927014e-02
1.123887098716355552e-02
1.050116688358864181e-01
1.505209329728317280e-02
1.445830403106253270e-02
2.255206136463528202e-02
1.150054475743385492e-02
2.694151999807473108e-02
1.023357642771618656e-02
1.146587251271871666e-02
1.603120253743797047e-02
2.074386147808954944e-02
1.378783795414129792e-02
1.363787972868616034e-02
1.117343805989979774e-02
1.886260848073346638e-02
2.659049298409424389e-02
2.202390153264455197e-02
9.765366146724191107e-03
1.577990759553425312e-02
6.344441607155713869e-03
9.824106626690436508e-03
9.971322243248370576e-03
1.608710133419365140e-02
1.279864824087623663e-02
4.282152499377570552e-03
3.497214612887293572e-02
1.196920508778151135e-02
1.516256987180157091e-02
1.714360025555358713e-02
9.121086047839918262e-03
8.270416704311533626e-03
9.164574557460749421e-03
1.320603054873121206e-02
4.094679189426195937e-02
7.072951324789196470e-03
6.908663961128090093e-03
1.259956848662910009e-02
1.292193501368674342e-02
1.041102452437740744e-02
1.466395952539260340e-02
1.402800248105044376e-02
7.190813663225202081e-03
1.070109404447542635e-02
1.131765674284154755e-02
2.057473486264116760e-02
2.206100794766533910e-02
1.153957216907079350e-02
1.238893232096680876e-02
1.607868938036264433e-02
7.816544298121669634e-03
6.619533056350756020e-03
2.697358066127592685e-02
9.362444243204781982e-03
1.220381064467128060e-02
9.828177401247088080e-03
2.283508179316302497e-02
1.099521618306698728e-02
2.925604590106896385e-02
2.001944887309159773e-02
6.701929675024588008e-03
6.142889977481670594e-03
1.952242085182459563e-02
1.769246622900481208e-02
9.265712662611757730e-03
1.400642569286618053e-02
2.099591005337375985e-02
8.815842888096031560e-03
2.804544978394101634e-02
1.178029066808711396e-02
7.978986512902439682e-03
2.501806884484472290e-02
9.365114937475478227e-03
2.341342101346342505e-02
1.341701194017929331e-02
1.523343499334147561e-02
8.578735303042230725e-03
1.105330148063457356e-02
3.000840347172409675e-02
9.879494471019774349e-03
1.956996976241261177e-02
1.997954322033036398e-02
1.896622766182587405e-02
6.545643969716176576e-03
6.336808293687482517e-03
5.233588244685070771e-03
1.942862457422377120e-02
7.955775223131096932e-03
1.560980959239497562e-02
7.640942686165526701e-03
1.681917303524336355e-02
1.666608694210185496e-02
1.434490219185331414e-02
1.661750915266372100e-02
1.415688369514813728e-02
1.665906592419901314e-02
1.067155436728994301e-02
1.295644555309268496e-02
9.957688685881264240e-03
1.218972082217453616e-02
7.950150056743899088e-03
1.014936619255162216e-02
1.529549379184207310e-02
1.090022534630721157e-02
9.630090116966756597e-03
8.875457118361162676e-03
6.926595005956057496e-03
5.958178205491997288e-03
6.401029502383350986e-03
2.365901881086064987e-02
1.321076955021696989e-02
2.124234461217624007e-02
2.047727413328614965e-02
1.095675131943325831e-02
1.382760984102589935e-02
1.566674668299082585e-02
1.655979858913871755e-02
2.525213607636686564e-02
1.499723120616086071e-02
4.977576947377335831e-02
1.439248359099098117e-02
1.311630565415362534e-02
2.331266888873998952e-02
1.583611754293805934e-02
5.548656545137169160e-02
3.356402375408803346e-02
1.244353018509030372e-02
5.296667872666203751e-03
1.442009089046549647e-02
1.977987032892274469e-02
1.031842083039329235e-02
7.802438851951902336e-03
1.556020953926557857e-02
6.100686037638097629e-03
1.147040936320500165e-02
1.166298947773206952e-02
1.560156046608999515e-02
5.503232972030319345e-03
1.357078047284845240e-02
8.345880552565309446e-03
5.193834723410895027e-03
6.934643138580809905e-03
1.246217701155781683e-02
2.706642873762034329e-02
1.061395590743014275e-02
1.091194731891326555e-02
8.575766714208187674e-03
2.345763057687016637e-02
1.106000305044116915e-02
2.084957341205009168e-02
6.185442353851136957e-03
2.393493528778293730e-02
8.295817777012925998e-02
9.064352286706949327e-03
1.126012316394239127e-02
2.043158421025324800e-02
8.701196456400555820e-03
1.114744453925961970e-01
1.806864663974384541e-02
2.727725736228112097e-02
1.249576363574589517e-02
1.498067928370492088e-02
9.101919176931214453e-03
1.844505467997410719e-02
1.607823572144425478e-02
2.976536882370576370e-02
1.980740376710333345e-02
8.190591028637256299e-03
1.573077960719200877e-02
1.223970888989977385e-02
1.507514694238667324e-02
4.046005146698188754e-02
8.044437163562092458e-03
1.115861996013932725e-02
1.289586551222005224e-02
2.733773644117712051e-02
5.485431782414147174e-03
1.354362671405763378e-02
4.718070848810152797e-03
4.361257918144783446e-02
8.480238720736088184e-03
5.917274909738399341e-03
1.555060820231040850e-02
1.096079593913895818e-02
1.948725016350287553e-02
1.146126141664568360e-02
2.699979453961761852e-02
6.544997653668238602e-02
1.255944209688961317e-02
1.072249697770566446e-02
9.247337250127305591e-03
9.551170125857521773e-03
9.408091147202682705e-03
2.697565967026008607e-02
1.335940552347515860e-02
1.210981812575112962e-02
7.781630014676443885e-02
5.205647863040274020e-02
7.503527637383405891e-03
1.907819031012879252e-02
1.345703362475173664e-02
1.369759941268747921e-02
7.212748187916334132e-03
1.448574645114499362e-02
1.153218397942796548e-02
1.219932335099158452e-02
5.105025734072598728e-03
1.961053974641091893e-02
1.671214405248023019e-02
1.610202410116289354e-02
1.172784940460450294e-02
1.361409587019096062e-02
1.938861058173914007e-02
6.685202421639344431e-03
5.124831016504459956e-03
2.338953474762011167e-02
1.698074972033671026e-02
3.291021013431478029e-03
6.691066589993063807e-03
9.931363367851414603e-03
2.529371385835630162e-02
9.411377033465445976e-03
1.330505286077868568e-02
7.842605072341619563e-03
1.384438950851133235e-02
1.687153914440167948e-02
5.539777135343770982e-03
1.830153350430312187e-02
7.767572236423714305e-03
9.189650081679820448e-02
6.983774136091971951e-02
8.633548451027157900e-03
1.371135526220743431e-02
4.897513863815742934e-03
8.479187411974146646e-03
6.162409931486220391e-03
2.418420765847119347e-02
1.830870509696975665e-02
9.384070986218595936e-03
2.535614162698891436e-02
7.884470208752655113e-03
9.800557522833536553e-03
2.499851422639775417e-02
2.142581238335569682e-02
8.034221073909940045e-03
1.566661520741924329e-02
2.741436714102088446e-02
9.319924899242078634e-03
9.624519778137812648e-03
1.075282773976550012e-02
7.976799973426138002e-03
2.384679923518324973e-02
1.480195931057304119e-02
2.911734228941538841e-02
6.768977629789227519e-03
2.278418708213776969e-02
8.013081072176214681e-03
2.477248326786140112e-02
1.421931880626796547e-02
8.776109122584098074e-03
1.416280947419791374e-02
1.657962920384479372e-02
9.899990802975979984e-03
1.316781643207044772e-02
8.818959519288151888e-03
1.939595116241757400e-02
7.330855003442485716e-03
1.767587617775497749e-02
4.817816104301239459e-03
2.277616599209982690e-02
6.002605182979093949e-03
8.656705041576168505e-03
7.416102248267588716e-03
1.665595026141088869e-02
1.116510970104328364e-02
5.761451905813036456e-03
1.008964216841823011e-02
9.426281435820742238e-03
7.568414658248573575e-03
3.210899266435943838e-02
8.246282805126526824e-03
9.558185949267074960e-03
9.213068047284654963e-03
1.262968509725392700e-02
1.959152282408502602e-02
1.646162600229900130e-02
9.092919628071932658e-03
1.425936860461656831e-02
2.090883944357381855e-02
2.143858926445710300e-02
1.534458564027904245e-02
1.055205739636075335e-02
7.569119281045503730e-03
3.511015313840036567e-02
1.650720839030100917e-02
6.545798983984292725e-03
7.629420189698393751e-03
7.025855494267251380e-03
1.787125664839120734e-02
1.553537883364782685e-02
8.742530701712025384e-03
2.097862006482151959e-02
7.780355418174460420e-03
1.128617275042937372e-02
6.998912126620471415e-03
9.160168712050706374e-03
2.400757254258164067e-02
1.183194085749802657e-02
7.472940968700669991e-03
2.282520597903830648e-02
6.255249685951637557e-03
1.183090262318130595e-02
9.249660343908330459e-03
5.615387036602750674e-03
1.703873476617163985e-02
9.083747356865073605e-03
7.091358253405665238e-03
7.817885927065386376e-03
1.201596935914511777e-02
7.617726842237034467e-03
1.913916172008530217e-02
9.596765065328263788e-03
2.261355807637526263e-02
7.445703820220872689e-03
9.719249195670819075e-03
5.032969538629127396e-03
1.937426083616127642e-02
1.434496229012596075e-02
8.307519752394501925e-03
4.382312265563671934e-03
1.423689521694213901e-02
1.665487372831621696e-02
6.213043628530658634e-03
7.720281948760171833e-03
1.136853398730621606e-02
2.044336917227568620e-02
1.115414655975877078e-02
3.282009173032240934e-02
4.870249461239033184e-03
1.649622252960630461e-02
1.856403454871668676e-02
1.822572189964206946e-02
7.602497781439638419e-03
1.139205006905819224e-02
1.231094135872647273e-02
5.642872360398659866e-03
1.966916886849090496e-02
2.049413307169388118e-02
5.754734138745312179e-03
1.874016936617417528e-02
1.805765205597335138e-02
1.992670155921942229e-02
1.522452375155294683e-02
2.731557755667446755e-02
5.605693437954600671e-03
1.312312577898215246e-02
7.336137183303007014e-02
1.391495827807492577e-02
2.607588239406229483e-02
1.499623737095449015e-02
6.341841560457157218e-03
3.563362564950661726e-02
8.038105898931753937e-03
1.481835176290194865e-02
1.226899030332738623e-02
1.999806204894371067e-02
7.239570594655050755e-03
5.141251779225215063e-03
4.197844568888257216e-02
8.886381152115818693e-03
7.577476390926532121e-03
2.548705164919038563e-02
7.198739915948935628e-03
1.069070664688425570e-02
1.109010400480458722e-02
6.967477885206027968e-03
1.835894883136424474e-02
1.077802105416920606e-02
2.125733739255143695e-02
8.754310192196025978e-03
1.641121744990614584e-02
1.053370312161405406e-02
2.158474606992225389e-02
9.014464764869535573e-03
8.358600529359336631e-03
1.243853654496144580e-02
8.101246659633831379e-03
1.376736778404656462e-02
1.892803770354364173e-02
5.814043884892187812e-03
2.341726598022691661e-02
1.218580766670182385e-02
1.036869223133426651e-02
7.484707567582168063e-03
1.995446087176884833e-02
1.778363290409269368e-02
2.194192635425912252e-02
9.189372752429337057e-03
1.187163565729186174e-02
2.582961610464896626e-02
1.775499868965391137e-02
1.024804634360416446e-02
9.475318474962361043e-03
6.829753403360320010e-03
1.313516467185449690e-02
9.824387158129124775e-03
1.835951721055394809e-02
1.489890927944570627e-02
2.596675740219961392e-02
2.592245658948043666e-02
8.886869656012532856e-03
6.144239155016422566e-03
1.020046781991495490e-02
2.067806638396753327e-02
1.060708453607253979e-02
2.222198149658314789e-02
9.867305719460291516e-03
1.101245308082569874e-02
2.289387387679408734e-02
9.393170646076176231e-03
1.711402789619273848e-02
4.635146538132804521e-03
1.715282252578879257e-02
1.909734167446701728e-02
2.162871508099308004e-02
1.801604825019432685e-02
1.761136328333254633e-02
1.833173763835652462e-02
2.166655463585105690e-02
1.232670548000415651e-02
5.819119122065156968e-02
6.304673996516212131e-02
8.004390695548075849e-03
1.589190194399327932e-02
7.629281611726265906e-03
2.011548259002089376e-02
8.577970585192253028e-03
1.439869477873290636e-02
8.667229475121209989e-03
7.542914127637698543e-03
1.833545395461669281e-02
1.415561957408593800e-02
1.398178479301540392e-02
8.868356794976300916e-03
2.690490534779280130e-02
2.769338610395861988e-02
7.849756884378252322e-03
1.118097992472784179e-02
8.479928255764830614e-03
8.592311009611356895e-03
9.585242742432383695e-03
1.651736924289860103e-02
1.178475361585469734e-02
2.037954602122893713e-02
2.123203787246751365e-02
1.899342674803893363e-02
3.219869336994304193e-02
8.320998939416830373e-03
1.768295998676023065e-02
1.012738770075348113e-02
2.317593298249740266e-02
3.104609999686922320e-02
2.154760427308615583e-02
1.013625644828882594e-02
1.941899989833641149e-02
8.403766332674006412e-03
1.017109105946704950e-02
1.803368236194550708e-02
1.252379108010896053e-02
2.433242443909918590e-02
7.805496525356002066e-03
7.596687524815619319e-03
9.137763258342628675e-03
1.745532917819887439e-02
8.479809483269129186e-03
1.580765055319758444e-02
1.276191514078449558e-02
1.658474302597883268e-02
1.931512680548771663e-02
7.585114374872656794e-03
1.885828321959937340e-02
1.059463053656908675e-02
1.316009316119817751e-02
1.495524196450879507e-02
1.128447321558175009e-02
1.495166510260802911e-02
7.181439574949055778e-03
1.468279079411261186e-02
2.367369739620025018e-02
2.279845068552814949e-02
2.059092616347308127e-02
6.210196303111303884e-02
8.947528152648405800e-03
2.722939892888354488e-02
1.264518026595169188e-02
2.055916300989656456e-02
1.519880347047004691e-02
6.748063252000538817e-03
1.109992573919030452e-02
1.239489173180593519e-02
2.408389124518511837e-02
3.431260162451377910e-02
8.612009461445999797e-03
1.227647100888468179e-02
1.174002792856268691e-02
9.523054551130430770e-03
3.920545036684707635e-02
1.914940025365460471e-02
1.009339596893949961e-02
1.225704013959244380e-02
9.033994344588005751e-03
1.167123622107286117e-02
1.426791087481503809e-02
8.283118135816266991e-03
4.997163554071238495e-02
1.013278582085074854e-02
1.820117491380038310e-02
1.584734792266636813e-02
7.381935261469598636e-03
7.922929598137199922e-03
1.745058414046402745e-02
1.575230326952338500e-02
1.332945546477867609e-02
1.554840885143081615e-02
1.456078921352891957e-02
1.416759611648628348e-02
8.640603882737971433e-03
1.709627807555262266e-02
1.440466755312048985e-02
3.180957379475191776e-02
1.070144557772012839e-01
7.581527112625345913e-03
1.957753213822563745e-02
1.447590932925089426e-02
6.184117553298429902e-03
1.858586248036250832e-02
1.358805932247176933e-02
1.043100342633855419e-02
7.507936994337447226e-03
7.055649264163538041e-03
2.539597277017582172e-02
8.265655215558309621e-02
8.519288083744958745e-03
8.286273249744196059e-03
2.502104182220674100e-02
9.390629639901207706e-03
6.229344385871094132e-03
5.388951969703962425e-03
1.263003949047678681e-02
1.217522869493560707e-02
7.191661746328036932e-03
2.399585354798675074e-02
7.403344912745480830e-03
2.392808146007423947e-02
3.418341976930591719e-02
2.056964088470064969e-02
7.002592114779039763e-03
1.042966541750548967e-02
1.726552597443039780e-02
1.166380752967084364e-02
7.139083546098655940e-03
5.456825151524418230e-03
1.214290535892593829e-02
5.642175406505980928e-03
9.086050068470600746e-03
1.083379698638912807e-02
1.376774537618772297e-02
1.939178034556637495e-02
9.323119013811704756e-03
2.758098405863236915e-02
1.387668674061422885e-02
1.085535811237448717e-02
1.651381247879623454e-02
5.489529012590649813e-03
1.288757549437181266e-02
6.206272170694751567e-02
1.356236516256561185e-02
1.035900952750595273e-02
7.234409474735063565e-03
1.171023535568188438e-02
1.330900320246413207e-02
1.645867517049160941e-02
1.399726763123510312e-02
1.401967733314909634e-02
1.244544026392199743e-02
6.222282366790265681e-03
1.015435042598548075e-02
9.638564698127356778e-03
8.201704063382825663e-03
7.875940352830262947e-03
1.071224041163529317e-02
1.238086044402692681e-02
9.748273159100583410e-03
1.738875931176497164e-02
1.135049742716670584e-02
1.237056345738312378e-02
1.052161606136467892e-01
2.059860432955526455e-02
2.742264998793778052e-02
7.294615256890259886e-03
2.831914423165220532e-02
9.761834446319511346e-03
9.904778236324459501e-03
1.709222124784030503e-02
2.870556363173116035e-02
5.272749051447374324e-03
1.507904701933225969e-02
6.483655371172834803e-02
1.351748886272690839e-02
1.988713008063523746e-02
7.476383597264772869e-03
1.755005056670286279e-02
7.139468477483656289e-03
1.490251833974064535e-02
1.852871454588699007e-02
9.325674618666880689e-03
7.807208407388257186e-03
1.463450990996034533e-02
1.291296497416219956e-02
9.570477671237859543e-03
1.828584930219467539e-02
2.026566996779722088e-02
1.122678816481834790e-02
2.031193639595440734e-02
5.092338784199353964e-03
9.996366683048978075e-03
3.915056969978764762e-02
9.218970280043694773e-03
9.674196326673184521e-03
1.164906652193745638e-02
2.681984278152975062e-02
1.055453488799514353e-02
9.854543113640609406e-03
1.246494532254567057e-02
8.326912070122894152e-03
4.327410332126544433e-03
1.821220771594655660e-02
1.384803939597759916e-02
7.727238474475906470e-03
5.995408930277027620e-02
1.111903551015231556e-02
1.072413118239545493e-01
1.210321109234574477e-02
1.230889241146070588e-02
2.117338049022427990e-02
1.348254648416736742e-02
5.374958153890691849e-03
9.480392276145926250e-03
1.327486360180314164e-02
6.759632281886976228e-03
1.655429016181243773e-02
1.350130613688220634e-02
8.364591310600388505e-03
1.509783340237831964e-02
1.041075936162944894e-02
2.569924637540089984e-02
1.291477434821264141e-02
1.705133721762900137e-02
1.420691535644830888e-02
7.952711405101052858e-03
7.385934959949845557e-03
9.486210577389410717e-03
1.664029495741427972e-02
9.244290425529299790e-03
1.137072467890488242e-02
1.886410116983795043e-02
1.082750572384299712e-02
1.798209969083041510e-02
2.137712716480100542e-02
8.788605020663885214e-03
7.795909709571831152e-03
1.175280795198249684e-02
1.645147477901659147e-02
1.064788362420012943e-02
1.515420281732583058e-02
9.154335834211909176e-03
2.491630348118136287e-02
4.176829673422115252e-02
1.436504589520820434e-02
1.511928727162447327e-02
1.278154616288552752e-02
1.489097956039751869e-02
4.099499483381222747e-02
1.927958533476153286e-02
9.446272416956447149e-02
1.040399612994497014e-02
1.201967309699513743e-02
5.959277499718952653e-03
1.572872646058881899e-02
9.189596556834446137e-03
1.605789533693351839e-02
7.462796823788074053e-03
2.617287181621398562e-02
1.171388727265335397e-02
1.453549405999538663e-02
1.669803514658854682e-02
2.365998241855900644e-02
1.022106905369175346e-02
6.917435401834117620e-03
1.317105181132086425e-02
9.463298107898426501e-03
5.989171013566726466e-03
1.082836900580878316e-02
7.215228042985306033e-03
1.006344897481907183e-02
6.821229468211663718e-03
2.853215995861740559e-02
1.044889153805761417e-01
2.144064513317605128e-02
1.865460568680532213e-02
1.342428332850351645e-02
2.248246101393299931e-02
1.108364488451840137e-02
9.656492439522755891e-03
1.988899327751137563e-02
8.285287969596880769e-03
5.915899616006571778e-03
1.340439900096501713e-02
1.929791923711222240e-02
1.852431367961603764e-02
5.998578557606253775e-03
1.539877711067918001e-02
1.015051502146355894e-02
9.076882226632377454e-03
6.984998063589037756e-03
1.116210091717270356e-02
9.646091615309351081e-03
8.651307106942758909e-03
8.011558527392515297e-03
9.215282450559605237e-03
1.260297620611852860e-02
2.098794416870338950e-02
4.841248477723228416e-02
5.607797897627024228e-03
1.526538355092824442e-02
6.381389882549215464e-03
5.449060712581259118e-03
3.880581932780575311e-02
1.125398877249746826e-02
5.322519412953657242e-02
1.493389962809770974e-02
8.974137146315126767e-03
7.946868432819153075e-03
1.524098591991712888e-02
1.634458559418329113e-02
1.136511261891908972e-02
1.046586912753196333e-02
6.914119867535720165e-03
3.466321284329268448e-02
3.222456365417562807e-02
1.071466079720911381e-02
1.010514198547447090e-02
1.517117662944641836e-02
4.280582945918399822e-03
1.031687274115147129e-02
1.736303769015176690e-02
1.834552005780192008e-02
1.128636435510049080e-02
1.117101280669501040e-02
1.445812894644106332e-02
5.052550365303306971e-03
2.018280667993337107e-02
2.087982716348527751e-02
1.060206316750988975e-02
1.869126505712905006e-02
1.821976172017475762e-02
7.695329530176261285e-03
6.339776833770315034e-02
1.672205718827517867e-02
1.681335071911346096e-02
9.164683221044934991e-02
1.273400644254995759e-02
1.071834936135536778e-02
1.522595859218622491e-02
3.391955066625597370e-02
8.215622386164947791e-03
1.110638159847596521e-02
3.041042948139502725e-02
8.392851386450939088e-02
1.162501609539958250e-02
1.320859528209421437e-02
1.550386606651556198e-02
1.312449908540459613e-02
8.163391868568060233e-03
1.328751951662531829e-02
9.847429764245687125e-03
1.677557526245770578e-02
5.525818036882950736e-03
5.639876013574750095e-03
1.996265756329439894e-02
1.895078916563355115e-02
1.045850248542226288e-02
6.478682981398072548e-03
7.092376389254459457e-03
2.349596100128731324e-02
1.192204904082789022e-02
2.634923522139775987e-02
1.629246595237929252e-02
1.096628636501585236e-01
1.336734893269108347e-02
1.533993232790976588e-02
8.432552312367107283e-03
1.209694978240248228e-02
1.487364179207182995e-02
1.464166081944676644e-02
1.488155995117744490e-02
1.781102825363962278e-02
1.310490050075071265e-02
6.142242556293094936e-03
1.672921262947263399e-02
1.663313575324063334e-02
8.830006060521788588e-03
4.913028302964737859e-02
2.303099089778275557e-02
3.472260225203118583e-02
1.456059988884147310e-02
1.623183850566055006e-02
1.420720802434524352e-02
3.599280111276573907e-02
2.577618644399078465e-02
1.245603303656805244e-02
6.564317822347858281e-03
1.407919798622135100e-02
6.769097354664709021e-03
9.104136124032099348e-03
9.212162067057161341e-03
1.784334763916727365e-02
1.347091102598937766e-02
1.355324451818559935e-02
1.563828818296069539e-02
2.576602625967360644e-02
7.511123816349371540e-03
9.592553668647144788e-03
1.351136977085529330e-02
7.928016075178342253e-03
1.137665343857978406e-02
1.328809078730633191e-02
1.014083227215953863e-02
1.096900590073023214e-02
6.505388264393562048e-02
1.431946613460156892e-02
2.963082651785427929e-02
1.746608008373423324e-02
1.744070280020619187e-02
2.773490364242040679e-02
8.638954862636180621e-02
1.246128455300261548e-02
6.850676963653239138e-02
1.781749241016368154e-02
1.055443185903212275e-02
1.479743694636930992e-02
7.046106268629850032e-03
2.236478673436492412e-02
1.060543711333070301e-02
1.166817179122938732e-02
1.134181516655712388e-02
1.066902547291343761e-01
6.568761986706770327e-03
6.288999509113698226e-03
1.382303873458631815e-02
2.250883561806020505e-02
1.672418016685876460e-02
4.538585058935892119e-03
6.215570065466576727e-03
7.628795384482201132e-03
1.051584427586286369e-01
1.239934616188616799e-02
1.266220266550820671e-02
8.366304483751550725e-03
1.435224434987105759e-02
4.989303170497763097e-03
9.010583241511917196e-03
8.571359937548836058e-03
1.929346970591165958e-02
6.196154775022821685e-03
8.613578338869859463e-03
3.778029413499101041e-02
8.568215175687423496e-03
1.943419231682639095e-02
2.117514543619302553e-02
3.214051390926171703e-02
7.779427773201724218e-03
1.609594516268316247e-02
4.265925069627140437e-02
9.040007400622494457e-03
1.672726985815540385e-02
1.398452088973961387e-02
4.221963634498307645e-03
1.518347754842483410e-02
1.310792750808828511e-02
1.521152329943955064e-02
1.074162556937078780e-02
7.304653303499595608e-03
1.461654516048376158e-02
1.838577354779319731e-02
8.075797424946979525e-03
1.583705158137223984e-02
1.980922392737259272e-02
1.159624082629767163e-02
1.355586407986018524e-02
1.164192076730486726e-02
9.123020393834413780e-03
1.526783747600078157e-02
1.762059588079805533e-02
1.519400128923395661e-02
6.043593138627646050e-02
1.118325350695622070e-02
1.340808488358336686e-02
8.165737431184719175e-03
1.299639589934997036e-02
5.475793347220402063e-02
9.106250514123540377e-03
9.995378627989343762e-03
1.538460666645362872e-02
1.155289665987456124e-02
1.811985961780331403e-02
7.991500217207943291e-02
1.084111401369813356e-02
1.563155248539727094e-02
8.018867238058278654e-03
1.495694496889407241e-02
1.205358413292111769e-02
1.406545178205553803e-02
1.067096666634600663e-02
1.199150455611213729e-02
1.234159173042824117e-02
1.465600208512023855e-02
1.564043949770369674e-02
1.273034981020899556e-02
6.112519991542050835e-02
7.417330807102773260e-03
1.134865166938376670e-02
1.031530317830396393e-01
1.503780496389377566e-02
9.874833080486115564e-03
9.981169812299286667e-03
1.072021290841331138e-02
1.560342748866196810e-02
6.970786100216222123e-03
1.054664200411790584e-02
1.315353402661705376e-02
6.830313854596924660e-03
7.752170858666483470e-03
5.278073392627443024e-03
2.188932467835400658e-02
7.089140990842440065e-03
3.873644104539004235e-02
1.496205675655544291e-02
1.641883763515593342e-02
6.576966854140139755e-03
1.514328761074624184e-02
1.556057679210459850e-02
1.446016804392402828e-02
1.501920373563810952e-02
4.909986349328380323e-02
2.851747448751419320e-02
6.477303147428064775e-03
8.733159022207682629e-03
1.947596283319111277e-02
2.058313160814917442e-02
1.344759381153961923e-02
8.157554137153072774e-03
8.476426355979768679e-03
1.754464380727720207e-02
9.398081701194431481e-03
3.034097408204341692e-02
8.985684380787165026e-02
3.151525216962996340e-02
1.422758097352368883e-02
2.976877685551260894e-02
7.738573145051373149e-03
8.316762893606152729e-02
1.906513834029025661e-02
1.440939441760775291e-02
9.057200595803364604e-03
9.022567374819772876e-03
9.210932643643471654e-03
1.423042493355286021e-02
1.213411869692175397e-02
2.575295506983813279e-02
1.857538411465418926e-02
8.223623625678017079e-02
1.053227750900456380e-02
1.079403297047692827e-02
9.000487482499427289e-03
1.288688272926058129e-02
8.866556880911187141e-03
1.026482652078149899e-02
2.555897265555503312e-02
3.499419937163084776e-02
2.117000375046610913e-02
1.885364352759469689e-02
7.573586486560163027e-03
1.531528422317595360e-02
2.615143408618521986e-02
1.499804745772908426e-02
6.662075398849417844e-03
8.389136222150702510e-03
7.756778110517814281e-03
8.036612131195568567e-03
1.637665416930722886e-02
9.074462150344875591e-03
6.570935406867419067e-03
1.343177199488017164e-02
2.214759866138498942e-02
2.028447216970106007e-02
1.891432145043387553e-02
2.321508410410244236e-02
8.967533517486721631e-03
6.290238156163070402e-03
2.320383788406140194e-02
2.314896449903810702e-02
1.084978843047162446e-02
1.428913260228328527e-02
9.096956537259255626e-02
2.101645681523510098e-02
8.170830850112206778e-03
8.828399323303117580e-03
5.973266755746065200e-03
8.449778377586873029e-03
9.226305107149829557e-03
1.057477290305165220e-02
2.187826482817437773e-02
1.402925817925516731e-02
1.278773829179473409e-02
1.899485111803961984e-02
1.712891799588152006e-02
6.374637882699396921e-03
1.272662834951829303e-02
1.056246192916223715e-02
9.687788158894832316e-03
1.926437944785742984e-02
1.773760374707863616e-02
1.387550813268840187e-02
1.030343544195426106e-02
1.131990999094933774e-02
8.240533343231284946e-03
1.537199915349386943e-02
1.297303684880867121e-02
1.166628872995002439e-02
1.436227834411966595e-02
1.332642258756810104e-02
4.858402092348217127e-02
6.083385265155179245e-03
1.862142153960913080e-02
1.122704192814536102e-02
1.814373086275511762e-02
9.488672953263672938e-03
1.476955671549354081e-02
1.477830164744244924e-02
6.877023341700191916e-03
8.785775925875947967e-03
2.007945753872775185e-02
8.873386106148555691e-03
1.090164027946137829e-02
1.448480303980356071e-02
6.808705729227710300e-03
7.481889393761027851e-02
7.217731326554660716e-03
1.471932871799216426e-02
7.148270489633298287e-03
2.273029900904124587e-02
7.629339949231710334e-03
1.255050427039938049e-02
2.011382127058139804e-02
7.434073182734081582e-03
2.062803694578809952e-02
1.347756748413484092e-02
4.151048713944792412e-02
9.535710860986826298e-03
1.247666715076391729e-02
1.139276565124215136e-02
1.004180508743744010e-02
1.124675830982649685e-02
9.924873723288103744e-03
9.305308773643643921e-03
1.154497576485897202e-02
1.191026933236789993e-02
1.478639516454402676e-02
9.804768044988766348e-03
6.338066674234473646e-03
1.405020125553702905e-02
1.436811218778119570e-02
1.189854290238021375e-02
6.665522993963116788e-03
1.235419187879010887e-02
1.140871591002896521e-02
1.666699103247210045e-02
8.652767788431764764e-03
1.769923160533601325e-02
1.127739860071810298e-02
1.516667098483979320e-02
1.278869812812694594e-02
2.164128741336501099e-02
6.419428979133727682e-03
2.145104692044565511e-02
1.707512135527914504e-02
6.137676679336573002e-03
5.812098755151922681e-03
4.089486816608280118e-02
1.228715636442006924e-02
1.102801532870967965e-02
1.012301940214660328e-01
1.205992498167860957e-02
8.104840772429577206e-03
1.054989562374230097e-02
9.645465095162715150e-03
1.416457882773264169e-02
8.176582207158139548e-03
1.031474624588462480e-02
1.232797688278364223e-02
1.773703284242473741e-02
1.088580381850122979e-02
2.409918209282375934e-02
1.419489771536352855e-02
1.812774018803017112e-02
1.285079142921716558e-02
1.703156450888114806e-02
5.866562766540214628e-03
1.720336360327033229e-02
1.094012626857939104e-02
1.881359543644616633e-02
7.003338536443846386e-03
1.491830208275774471e-02
2.008827476115833052e-02
1.176354512721168935e-02
7.316316118024607240e-03
1.018146601298547740e-02
1.758205302323903249e-02
1.093575268288401493e-02
1.456740743457278844e-02
1.157846095412295995e-02
1.636679418160087024e-02
8.297931606411571709e-03
2.297762341868085992e-02
7.831363452779250764e-03
8.815527595338969180e-03
5.837645849381800645e-02
5.524535820548841236e-03
1.259653252717094288e-02
8.028012931494967266e-03
8.672256368686454345e-03
4.983802550288302623e-03
4.596732073747859457e-03
1.097826835881455035e-02
4.105090356607030144e-02
8.439761917554567533e-03
1.544852850035573731e-02
1.801448913509013858e-02
1.358041559802617912e-02
1.673076326370921685e-02
1.859691691749162240e-02
2.452468510997290324e-02
1.969851666403143672e-02
1.007447385229695395e-02
7.329260496336243574e-03
1.694891530474273642e-02
7.788274495207388529e-03
1.142114616630092797e-02
2.745545562049060001e-02
1.865363325667541983e-02
2.082471363487542124e-02
5.648421849316315017e-03
7.828274593128936240e-03
8.549348569618597099e-03
2.269060334611533794e-02
1.814711625122901462e-02
1.852742243019742802e-02
1.364041758241427496e-02
1.104164698048939498e-02
1.522380376137577249e-02
2.183445672788835931e-02
2.223446274191894986e-02
1.766341831286509165e-02
2.016083688775160629e-02
1.689009371772136336e-02
5.296106696600882957e-03
1.586907459411340815e-02
1.490672992518880802e-02
1.167573735921442410e-02
9.778427492121309975e-03
1.611020289989841328e-02
1.293333454236247904e-02
3.872608330569267399e-02
1.063181862824010698e-02
1.290440082564076399e-02
1.871638857992987542e-02
1.071281182419026902e-02
8.060832647487078256e-03
1.130509487033998402e-02
1.975715940781130192e-02
1.086823238807447384e-02
8.657040782660949466e-03
9.258032191496724100e-03
1.038198359945701615e-02
4.982893155338442154e-03
1.915151535960694928e-02
7.716594939586888559e-03
7.189812972156172689e-03
1.538146534605858151e-02
8.509435378860411014e-03
4.927446147428868849e-03
1.383638204285526224e-02
5.396672038872765177e-03
1.452878144144437167e-02
6.225412572142138834e-02
2.168645188263098461e-02
5.696427462924988708e-03
1.240295435291938198e-02
6.448624354465769259e-03
1.056309527106860310e-02
1.980137147688628904e-02
6.497566284448003104e-03
6.113602161056904891e-03
1.613408763538011839e-02
1.539710319122372315e-02
8.517087032474711730e-03
8.255485712654464861e-03
1.277306637764553596e-02
4.878103386894387140e-03
1.079547308985950860e-02
1.755100301896846474e-02
8.119355330776430527e-03
1.344044219968860976e-02
9.069580332813109366e-03
3.036152351182284589e-02
1.147084253672283477e-02
1.620660431494090614e-02
1.511593658054072309e-02
1.420698768406820738e-02
8.489652765199673032e-03
2.313967608055958122e-02
7.655216057938204859e-03
1.714213510896427789e-02
9.338456298973495454e-03
1.677054963120797743e-02
1.015598261621085407e-02
3.721783782605132124e-02
5.102285939059459340e-03
1.161317557047006864e-02
1.050248338388419002e-02
1.029366242910656828e-02
1.445703272687479286e-02
3.048238244047251494e-02
5.315280032563714230e-03
8.705812388218974601e-03
7.121935524689213329e-03
2.056060419281076704e-02
3.251760770767821163e-02
1.590052735416655830e-02
6.999071353514028752e-03
8.694414545377976422e-03
9.546654347547106623e-02
1.552820509227783793e-02
1.621436994750694374e-02
1.874250231425340571e-02
1.287234837163046125e-02
6.112688841731668543e-03
1.110991546601019370e-02
2.562447273874417231e-02
2.196398591658059452e-02
4.621200186974588897e-02
1.079986256504718994e-02
9.216098626118692308e-03
6.626977997875666687e-03
1.442477559484333510e-02
1.139984894640719108e-02
8.502349554064687551e-03
1.390281494904898815e-02
1.827169785770818913e-02
1.248652133194531715e-02
1.138857400469353576e-02
1.462785935263849479e-02
1.136165421277601610e-02
7.805406659546756595e-03
1.759618504579401471e-02
1.048415638563162354e-02
9.668241226649425951e-03
2.326423368803344494e-02
1.702787728573957465e-02
7.933647693421639821e-03
1.185189622478113013e-02
1.137951078292977897e-02
5.370315417606811616e-03
1.966066228590939574e-02
7.513242246703263558e-03
1.440764782039400359e-02
1.264723454414388992e-02
9.521899688099881576e-02
5.932068368838139261e-03
1.924709988411608952e-02
5.173994563848928821e-03
1.513061319495396552e-02
9.401464504475588041e-03
1.143881505928553630e-02
3.331396600351583474e-03
8.399714576077596181e-03
1.313526925620366395e-02
1.994637728888791484e-02
6.013337540502731310e-02
1.945813566061570243e-02
6.756285602081173007e-03
8.275799650686142470e-03
8.431122458464234554e-03
3.231994337008141371e-02
4.990712682920461947e-03
8.262312959378360563e-03
6.799002622013538936e-03
1.179219411535785411e-02
5.472446049976244231e-03
1.211476193610395123e-02
7.663358495552120841e-02
1.774744814198616488e-02
1.500651472267563839e-02
3.026235162154281011e-02
1.307799647684372221e-02
6.187409815547591750e-03
1.851327488895619655e-02
1.227471730878643315e-02
8.237474126150884715e-03
7.849566121384470713e-03
7.603674907542065653e-02
1.608071812615180507e-02
8.609902546514924815e-02
6.630834820368102824e-03
5.120582650406858838e-03
9.365568291853976213e-03
4.799199420170693030e-03
9.116646356813438989e-03
1.222711886214475699e-02
9.723319785585370426e-03
2.680617822101322156e-02
9.130987502650751014e-03
1.140717929730215158e-02
1.893621839172471982e-02
8.832226988349520594e-03
9.638289929329269326e-03
9.058577539507086523e-03
7.651117246798704551e-03
8.658554979237464283e-03
2.507832166965147033e-02
9.388608390558364838e-03
7.514345491225467820e-03
1.001455574436602575e-01
1.386328909387770682e-02
7.725252786690888808e-03
6.346181757127817256e-03
1.277049283333727032e-02
1.696519809430436718e-02
1.337058043220518480e-02
8.355729286028326999e-03
9.447715279821029821e-03
4.274058195304359514e-02
7.671064440928173321e-03
4.539591211093650658e-02
1.357742629493009605e-02
1.162050907108645725e-02
1.920763312241135709e-02
1.789383131851687847e-02
6.300923497764359185e-03
6.653154656861771238e-03
1.294118905173163164e-02
7.517725320178875875e-03
1.147845562862651048e-02
8.267760968920453285e-03
2.513587161096428324e-02
2.011219091063148889e-02
1.458031907263621779e-02
7.111580584184191631e-03
2.253152910962484545e-02
1.286920461947334456e-02
6.177168743728590240e-03
7.169934834188354013e-03
6.349836015763722988e-03
7.308894866111007027e-02
2.131835426081579721e-02
1.411443086412540217e-02
1.372323578229973050e-02
1.253923009125007537e-02
8.441070846743869635e-03
8.476228170014627958e-03
1.264459349817623028e-02
8.975822092805214522e-03
2.198757783495297602e-02
2.431625102376307537e-02
2.451233471365809116e-02
6.997983029263893547e-03
2.477851238732462283e-02
2.005722493016079758e-02
1.408652214708508259e-02
6.661516759732873973e-03
7.709420561867473369e-03
1.509308325522202079e-02
1.832036091573802442e-02
2.475292256304713334e-02
1.138411203830761581e-02
9.134948418116033489e-03
1.461997658431327812e-02
1.084958016243782811e-02
2.056474240533866932e-02
5.758787893076014637e-03
1.923749732197201426e-02
1.382094100711483455e-02
1.032131081782860886e-02
9.340168890040391469e-03
8.415494312107899347e-03
1.897104204060312549e-02
5.311867680764422589e-02
5.215895080475797113e-02
1.038245710592809734e-02
6.475197287770255786e-03
2.481503903462879343e-02
8.860550236128276677e-03
1.865224060251581203e-02
1.023642004755906214e-02
1.492553573994237666e-02
1.949496991600515455e-02
5.498863769337030381e-03
3.091531296985295871e-02
9.091639638664741896e-02
9.656331778759049203e-03
1.193691159484543997e-02
1.258810517552286755e-02
1.595492325080706889e-02
8.333900102553895919e-03
5.432102716474384446e-03
1.710354177296263475e-02
2.362569333582808725e-02
6.162733953025737420e-03
2.074814590266661415e-02
2.286259523847294223e-02
6.384216367811731442e-03
1.738652967810953159e-02
7.141803318370873455e-03
1.402097386569272665e-02
1.668882028919391539e-02
1.332789971124141194e-02
1.876710895863370129e-02
9.529891107424288618e-03
1.588438074906660738e-02
1.487513128055741908e-02
1.721764104676376528e-02
2.225929955400595545e-02
1.127015604148174331e-02
1.603437290913280883e-02
1.718385524150546975e-02
1.597399021374344003e-02
1.460262426155207495e-02
2.193619907971246924e-02
8.264502800463783758e-03
3.095236316737049256e-02
1.637398044949332429e-02
5.803298870996674227e-03
1.377750924511539181e-02
9.831060518341545873e-03
4.860222620787862935e-03
4.955806810020013838e-03
9.695952103846199738e-03
9.315907098887735160e-02
1.217102637877037589e-02
1.683168522102119688e-02
1.025443632719250618e-02
9.476987857419391648e-03
1.001461973902686292e-02
1.703162197671805045e-02
1.452386032812968443e-02
2.609349210987234671e-02
1.485357573284937921e-02
1.273110872824580707e-02
1.040211228011771009e-02
2.887653730260553858e-02
1.318237344434424266e-02
7.438254281574141653e-03
1.362224971039792051e-02
9.226436706204403301e-03
1.526816497098127355e-02
1.560202792849991159e-02
8.422139488328140439e-03
1.534866959334499174e-02
9.024216590613986372e-03
1.377158392625645912e-02
1.102509365894136298e-02
1.252927004185507530e-02
9.367284012614034150e-02
1.099009862063594391e-02
7.812395698672409614e-03
3.451091947909314811e-02
2.559781631317716369e-02
8.863760876994209933e-03
8.364152630114540105e-03
1.542421155971713913e-02
1.975960369547283269e-02
9.130451524094926330e-02
1.718807491611382479e-02
1.637718413244233784e-02
2.013855968090402446e-02
1.487959465654922590e-02
2.961616478858127705e-02
6.926550054126475939e-03
1.442060862824706517e-02
7.007356657853639793e-03
1.165495605010690230e-02
1.985859218292737247e-02
1.035861159792085540e-02
1.399206297756265018e-02
6.521885838278501137e-03
1.803870175179219174e-02
1.142507503378672497e-02
7.972119569041398804e-03
9.730846043253277289e-03
1.215684687219505643e-02
1.651446148509362263e-02
2.757885533101710543e-02
1.102945134548242480e-02
7.291951542463796614e-03
1.001723756087140142e-02
1.986936880086286744e-02
8.855522451000645903e-03
3.231238865547641798e-03
1.066037673107234941e-02
8.332925199655004389e-02
9.534089043764761712e-03
3.401807261462541643e-02
7.269124414457748574e-03
7.153984173254486489e-02
9.247960338093377461e-03
2.106383686537897232e-02
1.228117011502720748e-02
1.645386111545499991e-02
8.800186556386537309e-03
3.977762729328933322e-02
7.094412443524405164e-03
6.229603925513076991e-03
8.205514439979751107e-03
1.031237569399021461e-02
1.648581595071812664e-02
1.646546040630065752e-02
1.031527504125563481e-02
5.459955939722287849e-02
1.277514218438565580e-02
8.327160359000655709e-02
1.353174234407530582e-02
9.565140470386682484e-03
8.222592795099122748e-03
9.753914345682075659e-03
5.788594476819362844e-03
2.060989745008097104e-02
1.683148918282647080e-02
7.962372771518398326e-03
1.887406743823589333e-02
1.323058321307449617e-02
1.897775845765644481e-02
6.388050389511031220e-03
2.209598663290589932e-02
5.537449582787791480e-02
1.100372857621691527e-02
1.157987376284428521e-02
8.061070879827676033e-03
6.905841332685914644e-03
1.757893426934425268e-02
7.979020310965138918e-03
7.265396501854706583e-03
1.061081572750968878e-02
1.889877448264375495e-02
1.299985772393470393e-02
9.310997947755099771e-03
1.811122527384237055e-02
1.625560278118712287e-02
1.424551362550196057e-02
1.303725402542989936e-02
1.352085570566901630e-02
2.613539134462256053e-02
1.669296351758608674e-02
2.015118719936219785e-02
8.246379490876644749e-03
1.574602762695054281e-02
2.460314485821681746e-02
2.290962255734889375e-02
1.248524786525503916e-01
4.980978376186163958e-02
4.316873950498010745e-03
6.663161904045930041e-03
2.523408850574909018e-02
2.669525366809888389e-02
9.802872365948601951e-03
5.097895607390795503e-03
1.371489578025735651e-02
2.489937248205862166e-02
1.148751109474133517e-02
4.442431698278838381e-02
8.685894583707503766e-03
9.445016146190922737e-03
3.220211036877238669e-02
2.025999705535271034e-02
8.370731106313289080e-03
1.813577508551868570e-02
2.000703846362192340e-02
7.503435901557585670e-03
1.445447268673176640e-02
2.650738803668880803e-02
3.273120089260282695e-02
8.274019668381465270e-03
1.220045727489313392e-02
8.276572070089244573e-03
9.876207524374937263e-03
3.016491350397357621e-02
1.788900724952346977e-02
7.642178557247916552e-03
2.171192920160787757e-02
1.071060313389170411e-02
2.364542631677612333e-02
1.904733874683545852e-02
1.777547837956476237e-02
1.520870588918906037e-02
5.999157414160303028e-03
1.361841649694680266e-02
1.850174565292175485e-02
6.553018268128411872e-02
2.035241009688890448e-02
4.538451056758221330e-02
2.949446673788054876e-02
2.099467543692799115e-02
2.867568336347095861e-02
1.433543952549478848e-02
1.120956970348312848e-02
1.299137922121346329e-02
8.485199537254304106e-03
1.984345409485961664e-02
7.145051330661124703e-03
1.292845730806982917e-02
9.755106078164932359e-03
1.005291693976650795e-02
1.839301776762964497e-02
1.004675229343931185e-02
1.088132134421088658e-02
8.508407817162588413e-03
1.201400744792559677e-01
2.130105115247429501e-02
2.439568320807727897e-02
1.129362671950113681e-02
5.570473822287821432e-03
1.366217628111704961e-02
1.146603524327458046e-02
1.019845913334027979e-02
1.167294643168031651e-02
1.956985361272995869e-02
6.786647681764711171e-02
1.538677153666854862e-02
1.419035538046301698e-02
1.735662795673063863e-02
6.239524016890479231e-03
1.675667044059609562e-02
5.513521441276509651e-03
1.239860719712453270e-02
2.261802951004328668e-02
5.909685637462101099e-02
5.458491988191703156e-03
1.207553723293824759e-02
3.717807411417464042e-02
9.650809535696323882e-03
1.468897188769092282e-02
7.122924160554096155e-03
7.424875800010105088e-03
7.695113505057959817e-03
1.339768247804212949e-02
1.325375044990155342e-02
2.678239430295425993e-02
1.108081440706653112e-02
3.591830201581946297e-02
1.280370946550020428e-02
8.250704401028926410e-03
1.089961651918368475e-02
1.832863883707998992e-02
1.069119056375142547e-02
2.675863074291107147e-02
6.668856899531648737e-03
2.192912504929782000e-02
9.490583044058673728e-03
9.544110198231847350e-03
1.450228550609839948e-02
9.205787788478476952e-03
1.265687826162002934e-02
2.609967843055845116e-02
1.547664814919616147e-02
2.299902849133862379e-02
8.303174847546026388e-03
9.669527930992832115e-03
5.882063257696044933e-03
1.176682870762422138e-02
9.040916707949760850e-03
1.471967942998381532e-02
1.354530174799120981e-02
1.257889458184431250e-02
2.027863063176008063e-02
5.793605667088148024e-03
9.013869519998378432e-03
1.045487019792114801e-02
1.267508624923557869e-02
1.154235244039407068e-02
2.207056152394525420e-02
1.788689032384862404e-02
7.415060041364938612e-03
8.485175457104022351e-03
2.048272238444687893e-02
2.078841358352431085e-02
1.217290010765090247e-02
7.065036142616923712e-03
1.673068149366023494e-02
3.113772314187493104e-02
1.030630871839545090e-02
9.216583884134928878e-03
9.447424792462761484e-03
1.504178258761098425e-02
1.774532574566150753e-02
1.242111261246852012e-02
7.445004243303070257e-03
9.982681186629496772e-03
1.766362952992650906e-02
6.373027882889300590e-03
1.404853064446786107e-02
1.659133248607615185e-02
5.536294340130565837e-03
2.005216262411779748e-02
1.947736384750887659e-02
1.800407067018095983e-02
1.763624654748822268e-02
6.660292422698464720e-03
1.439716189832514724e-02
6.479794602676324303e-03
2.629452135136467472e-02
6.543102711401105331e-02
9.219236980595195766e-03
1.559640913592796364e-02
7.924399938061999979e-03
7.080769761301628287e-03
1.441767597897466308e-02
1.484879020068353289e-02
9.882608920779280270e-03
2.487563662984073470e-02
9.098975232469401833e-03
1.554562545179988264e-02
8.118164287735110674e-03
1.411033839962582033e-02
2.145875796724392576e-02
1.027125559360675226e-02
8.588726398375941262e-03
6.391665836500307757e-03
8.145664762338748061e-03
1.732521017871243435e-02
2.024758717054856924e-02
7.720457494485796074e-03
4.849478013013363425e-02
1.326492020107628705e-02
2.393101017545127412e-02
7.254963581971919998e-03
1.175203596389581308e-02
1.912799237748289902e-02
2.257342825347848081e-02
1.316877217171356397e-02
1.679954248410738329e-02
3.548378161917523782e-02
2.915777780790140480e-02
1.183988233809367234e-02
1.711578287405977547e-02
3.353645723868768636e-02
5.632775541358678827e-03
1.859052263166908678e-02
1.552156665175087949e-02
9.788086936242277811e-03
1.915879263186820100e-02
7.531667592345140522e-03
6.464970992339244202e-03
3.608026031577809406e-02
1.540961328421429008e-02
2.498290698860686568e-02
8.039669829499431972e-03
9.205168081860323759e-03
9.654786877824598004e-03
4.721910966850730029e-02
2.592141312978454501e-02
1.722877222003640560e-02
1.561485195726798267e-02
8.792556461353027986e-02
2.302496610839402380e-02
3.781884373560931434e-02
1.710978454825022241e-02
6.840786623820333673e-03
4.401295238049748176e-02
1.335974594337296581e-02
1.399384750712279538e-02
1.767028095448481759e-02
1.005164863980045550e-02
1.955715974999794673e-02
1.011407646801919247e-02
2.526166698749510164e-02
9.439473273585607602e-03
2.290670492103576150e-02
9.051724009894349804e-03
1.185555398388648055e-02
1.385547169098045629e-02
1.854323994144571955e-02
2.065615803895278629e-02
2.230909456640662453e-02
1.566370535879404308e-02
1.277232414440485943e-02
2.010628171580855841e-02
1.501330320464224974e-02
2.136302454114438754e-02
