   1.6516400e+02   2.9999623e-02
   1.8085500e+02   2.0000020e-02
   1.9803700e+02   2.9999487e-02
   2.1685100e+02   0.0000000e+00
   2.3745300e+02   1.9999997e-02
   2.6001200e+02   2.9999838e-02
   2.8471400e+02   9.9999883e-03
   3.1176300e+02   1.0000085e-02
   3.4138200e+02   2.0000199e-02
   3.7381500e+02   3.9999002e-02
   4.0932800e+02   1.0000010e-02
   4.4821600e+02   3.0000405e-02
   4.9079900e+02   3.0000036e-02
   5.3742700e+02   1.0000067e-02
   5.8848500e+02   3.9999658e-02
   6.4439300e+02   2.0000023e-02
   7.0561300e+02   9.9999612e-03
   7.7264900e+02   2.0000000e-02
   8.4605400e+02   3.0000095e-02
   9.2643300e+02   0.0000000e+00
   1.0144500e+03   1.9998606e-02
   1.1108200e+03   3.0001961e-02
   1.2163600e+03   3.0000300e-02
   1.3319200e+03   9.9994002e-03
   1.4584500e+03   2.0000166e-02
   1.5970100e+03   2.0000897e-02
   1.7487400e+03   1.9999062e-02
   1.9148700e+03   3.9999842e-02
   2.0967900e+03   2.0000684e-02
   2.2960000e+03   3.0000073e-02
   2.5141300e+03   9.9998852e-03
   2.7529800e+03   1.9999650e-02
   3.0145200e+03   0.0000000e+00
   3.3009200e+03   2.9999917e-02
   3.6145200e+03   1.9999755e-02
   3.9579100e+03   1.0000064e-02
   4.3339300e+03   0.0000000e+00
   4.7456700e+03   0.0000000e+00
   5.1965300e+03   1.9999925e-02
   5.6902200e+03   2.0000200e-02
   6.2308200e+03   0.0000000e+00
   6.8227700e+03   9.9999512e-03
   7.4709600e+03   1.9999899e-02
   8.1807300e+03   0.0000000e+00
   8.9579400e+03   0.0000000e+00
   9.8089800e+03   1.0000247e-02
   1.0740900e+04   9.9997261e-03
   1.1761300e+04   2.0000454e-02
   1.2878700e+04   0.0000000e+00
   1.4102200e+04   2.0000534e-02
   1.5442000e+04   0.0000000e+00
   1.6909000e+04   3.9999360e-02
   1.8515400e+04   1.0000308e-02
   2.0274500e+04   0.0000000e+00
   2.2200700e+04   0.0000000e+00
   2.4309800e+04   9.9998579e-03
   2.6619300e+04   2.0000419e-02
   2.9148300e+04   0.0000000e+00
   3.1917500e+04   0.0000000e+00
   3.4949800e+04   1.0000082e-02
   3.8270200e+04   0.0000000e+00
   4.1906000e+04   0.0000000e+00
   4.5887200e+04   0.0000000e+00
   5.0246700e+04   0.0000000e+00
   5.5020400e+04   0.0000000e+00
   6.0247500e+04   0.0000000e+00
   6.5971300e+04   0.0000000e+00
   7.2238800e+04   0.0000000e+00
   7.9101800e+04   0.0000000e+00
   8.6616800e+04   0.0000000e+00
   9.4845800e+04   0.0000000e+00
   1.0385700e+05   0.0000000e+00
   1.1372300e+05   0.0000000e+00
   1.2452800e+05   0.0000000e+00
   1.3635800e+05   1.0000314e-02
   1.4931300e+05   9.9997725e-03
   1.6349800e+05   0.0000000e+00
   1.7903100e+05   0.0000000e+00
   1.9604000e+05   0.0000000e+00
   2.1466400e+05   0.0000000e+00
   2.3505800e+05   0.0000000e+00
   2.5739000e+05   0.0000000e+00
   2.8184300e+05   0.0000000e+00
   3.0861900e+05   0.0000000e+00
   3.3793900e+05   0.0000000e+00
   3.7004500e+05   0.0000000e+00
   4.0520100e+05   0.0000000e+00
   4.4369700e+05   0.0000000e+00
   4.8585000e+05   9.9998217e-03
   5.3200700e+05   0.0000000e+00
   5.8255000e+05   0.0000000e+00
   6.3789500e+05   0.0000000e+00
   6.9849800e+05   0.0000000e+00
   7.6485800e+05   0.0000000e+00
   8.3752200e+05   0.0000000e+00
   9.1709100e+05   0.0000000e+00
   1.0042200e+06   0.0000000e+00
   1.0996200e+06   0.0000000e+00
   1.2040900e+06   1.0000551e-02
