   1.5538000e+02   9.9997284e-03
   1.6762900e+02   3.0000032e-02
   1.8084400e+02   1.0000145e-02
   1.9510100e+02   2.0000376e-02
   2.1048200e+02   9.9998378e-03
   2.2707500e+02   9.9997850e-03
   2.4497600e+02   2.0000350e-02
   2.6428900e+02   1.9999871e-02
   2.8512400e+02   2.0000295e-02
   3.0760200e+02   2.0000260e-02
   3.3185200e+02   2.9999604e-02
   3.5801300e+02   3.0000136e-02
   3.8623700e+02   2.0000091e-02
   4.1668600e+02   9.9999254e-03
   4.4953500e+02   2.0000035e-02
   4.8497400e+02   3.0000173e-02
   5.2320700e+02   1.9999608e-02
   5.6445300e+02   1.0000127e-02
   6.0895200e+02   4.9999209e-02
   6.5695800e+02   2.0000361e-02
   7.0875000e+02   9.9999933e-03
   7.6462400e+02   1.0000045e-02
   8.2490300e+02   9.9998582e-03
   8.8993300e+02   3.0000192e-02
   9.6009100e+02   2.0000137e-02
   1.0357800e+03   0.0000000e+00
   1.1174300e+03   1.0000848e-02
   1.2055300e+03   0.0000000e+00
   1.3005600e+03   2.0000117e-02
   1.4030900e+03   1.0000679e-02
   1.5137100e+03   9.9997824e-03
   1.6330400e+03   9.9999825e-03
   1.7617800e+03   1.0000052e-02
   1.9006700e+03   3.0000216e-02
   2.0505100e+03   9.9999276e-03
   2.2121600e+03   0.0000000e+00
   2.3865500e+03   0.0000000e+00
   2.5747000e+03   0.0000000e+00
   2.7776700e+03   2.0000276e-02
   2.9966500e+03   1.0000016e-02
   3.2328900e+03   9.9998654e-03
   3.4877500e+03   2.0000315e-02
   3.7627100e+03   0.0000000e+00
   4.0593400e+03   1.0000113e-02
   4.3793600e+03   1.9999684e-02
   4.7246000e+03   9.9999178e-03
   5.0970600e+03   1.0000102e-02
   5.4988900e+03   2.9999761e-02
   5.9323900e+03   1.0000027e-02
   6.4000700e+03   1.0000030e-02
   6.9046200e+03   9.9999204e-03
   7.4489400e+03   0.0000000e+00
   8.0361800e+03   0.0000000e+00
   8.6697100e+03   0.0000000e+00
   9.3531800e+03   3.9998135e-02
   1.0090500e+04   1.0000231e-02
   1.0886000e+04   0.0000000e+00
   1.1744200e+04   0.0000000e+00
   1.2670100e+04   0.0000000e+00
   1.3668900e+04   0.0000000e+00
   1.4746500e+04   9.9996971e-03
   1.5909000e+04   0.0000000e+00
   1.7163200e+04   0.0000000e+00
   1.8516300e+04   0.0000000e+00
   1.9976000e+04   9.9999957e-03
   2.1550800e+04   0.0000000e+00
   2.3249700e+04   0.0000000e+00
   2.5082600e+04   1.0000107e-02
   2.7060000e+04   2.0000306e-02
   2.9193300e+04   0.0000000e+00
   3.1494700e+04   1.0000103e-02
   3.3977600e+04   0.0000000e+00
   3.6656200e+04   0.0000000e+00
   3.9546000e+04   1.0000014e-02
   4.2663600e+04   0.0000000e+00
   4.6026900e+04   1.0000204e-02
   4.9655500e+04   0.0000000e+00
   5.3570000e+04   1.0000073e-02
   5.7793200e+04   9.9999561e-03
   6.2349300e+04   0.0000000e+00
   6.7264600e+04   0.0000000e+00
   7.2567400e+04   0.0000000e+00
   7.8288200e+04   0.0000000e+00
   8.4460100e+04   0.0000000e+00
   9.1118400e+04   0.0000000e+00
   9.8301700e+04   9.9996192e-03
   1.0605100e+05   1.0000592e-02
   1.1441200e+05   0.0000000e+00
   1.2343100e+05   0.0000000e+00
   1.3316200e+05   0.0000000e+00
   1.4366000e+05   0.0000000e+00
   1.5498500e+05   0.0000000e+00
   1.6720400e+05   9.9996734e-03
   1.8038500e+05   0.0000000e+00
   1.9460600e+05   0.0000000e+00
   2.0994700e+05   1.9999897e-02
   2.2649800e+05   1.0000039e-02
   2.4435400e+05   1.0000212e-02
   2.6361800e+05   9.9998828e-03
