   1.6793300e+02   1.0000123e-02
   1.8056500e+02   2.0000038e-02
   1.9414700e+02   9.9995649e-03
   2.0875000e+02   3.9999746e-02
   2.2445200e+02   0.0000000e+00
   2.4133600e+02   0.0000000e+00
   2.5948900e+02   2.0000339e-02
   2.7900800e+02   9.9995982e-03
   2.9999400e+02   3.0000820e-02
   3.2256000e+02   2.0000136e-02
   3.4682300e+02   2.0000104e-02
   3.7291100e+02   3.9999861e-02
   4.0096100e+02   9.9999702e-03
   4.3112100e+02   4.0000199e-02
   4.6355000e+02   5.0000015e-02
   4.9841800e+02   1.9999565e-02
   5.3590800e+02   1.0000030e-02
   5.7621900e+02   1.0000010e-02
   6.1956200e+02   4.0000633e-02
   6.6616600e+02   3.9999413e-02
   7.1627400e+02   2.0000052e-02
   7.7015200e+02   3.0000206e-02
   8.2808300e+02   1.9999992e-02
   8.9037100e+02   2.9999819e-02
   9.5734400e+02   0.0000000e+00
   1.0293600e+03   9.9990253e-03
   1.1067800e+03   1.9999564e-02
   1.1900300e+03   2.0001364e-02
   1.2795500e+03   1.0000279e-02
   1.3758000e+03   1.9998648e-02
   1.4792800e+03   1.9999781e-02
   1.5905500e+03   1.9999860e-02
   1.7101900e+03   9.9999848e-03
   1.8388300e+03   2.0000519e-02
   1.9771500e+03   3.9999880e-02
   2.1258700e+03   1.0000164e-02
   2.2857800e+03   1.9999413e-02
   2.4577100e+03   2.0000161e-02
   2.6425800e+03   0.0000000e+00
   2.8413600e+03   9.9997237e-03
   3.0550800e+03   0.0000000e+00
   3.2848800e+03   0.0000000e+00
   3.5319700e+03   1.0000248e-02
   3.7976500e+03   0.0000000e+00
   4.0833000e+03   1.0000190e-02
   4.3904500e+03   0.0000000e+00
   4.7207000e+03   1.9999490e-02
   5.0757800e+03   0.0000000e+00
   5.4575800e+03   0.0000000e+00
   5.8681000e+03   2.0000187e-02
   6.3095000e+03   1.0000059e-02
   6.7841000e+03   0.0000000e+00
   7.2943900e+03   1.9999935e-02
   7.8430700e+03   3.0000351e-02
   8.4330300e+03   1.0000022e-02
   9.0673600e+03   0.0000000e+00
   9.7494000e+03   9.9993521e-03
   1.0482700e+04   0.0000000e+00
   1.1271300e+04   9.9998010e-03
   1.2119100e+04   0.0000000e+00
   1.3030700e+04   0.0000000e+00
   1.4010800e+04   0.0000000e+00
   1.5064700e+04   0.0000000e+00
   1.6197900e+04   0.0000000e+00
   1.7416300e+04   0.0000000e+00
   1.8726300e+04   0.0000000e+00
   2.0134900e+04   0.0000000e+00
   2.1649400e+04   0.0000000e+00
   2.3277900e+04   0.0000000e+00
   2.5028900e+04   0.0000000e+00
   2.6911500e+04   1.0000123e-02
   2.8935800e+04   0.0000000e+00
   3.1112300e+04   0.0000000e+00
   3.3452600e+04   1.0000028e-02
   3.5968900e+04   0.0000000e+00
   3.8674500e+04   9.9997166e-03
   4.1583500e+04   1.0000021e-02
   4.4711400e+04   0.0000000e+00
   4.8074600e+04   0.0000000e+00
   5.1690800e+04   0.0000000e+00
   5.5578900e+04   0.0000000e+00
   5.9759600e+04   0.0000000e+00
   6.4254600e+04   0.0000000e+00
   6.9087900e+04   9.9998539e-03
   7.4284600e+04   0.0000000e+00
   7.9872300e+04   0.0000000e+00
   8.5880200e+04   0.0000000e+00
   9.2340100e+04   0.0000000e+00
   9.9285900e+04   0.0000000e+00
   1.0675400e+05   0.0000000e+00
   1.1478400e+05   0.0000000e+00
   1.2341800e+05   0.0000000e+00
   1.3270200e+05   0.0000000e+00
   1.4268300e+05   0.0000000e+00
   1.5341600e+05   0.0000000e+00
   1.6495600e+05   0.0000000e+00
   1.7736400e+05   0.0000000e+00
   1.9070500e+05   0.0000000e+00
   2.0505000e+05   0.0000000e+00
