   1.6825600e+02   1.9999779e-02
   1.8117300e+02   1.0000126e-02
   1.9508200e+02   2.9998725e-02
   2.1005800e+02   0.0000000e+00
   2.2618500e+02   1.9999508e-02
   2.4354900e+02   1.0000270e-02
   2.6224700e+02   1.0000041e-02
   2.8238000e+02   1.9999494e-02
   3.0405800e+02   1.0000071e-02
   3.2740100e+02   3.0000131e-02
   3.5253600e+02   3.9999239e-02
   3.7960000e+02   0.0000000e+00
   4.0874300e+02   3.9999125e-02
   4.4012200e+02   5.0000624e-02
   4.7391100e+02   0.0000000e+00
   5.1029300e+02   1.0000066e-02
   5.4946900e+02   0.0000000e+00
   5.9165300e+02   1.9999684e-02
   6.3707400e+02   1.0000032e-02
   6.8598300e+02   2.0000155e-02
   7.3864700e+02   0.0000000e+00
   7.9535300e+02   1.9999959e-02
   8.5641300e+02   0.0000000e+00
   9.2216100e+02   2.9999948e-02
   9.9295600e+02   0.0000000e+00
   1.0691900e+03   3.9998815e-02
   1.1512700e+03   0.0000000e+00
   1.2396500e+03   2.0000166e-02
   1.3348200e+03   1.0000429e-02
   1.4373000e+03   4.9998695e-02
   1.5476400e+03   9.9996674e-03
   1.6664500e+03   2.0000732e-02
   1.7943900e+03   3.0000684e-02
   1.9321500e+03   0.0000000e+00
   2.0804800e+03   3.9999957e-02
   2.2402000e+03   2.9999503e-02
   2.4121800e+03   0.0000000e+00
   2.5973700e+03   1.9999820e-02
   2.7967700e+03   1.9999914e-02
   3.0114800e+03   1.0000232e-02
   3.2426800e+03   9.9998700e-03
   3.4916200e+03   1.9999613e-02
   3.7596700e+03   0.0000000e+00
   4.0483100e+03   0.0000000e+00
   4.3591000e+03   9.9999109e-03
   4.6937500e+03   0.0000000e+00
   5.0541000e+03   1.0000065e-02
   5.4421100e+03   0.0000000e+00
   5.8599000e+03   0.0000000e+00
   6.3097700e+03   1.0000063e-02
   6.7941800e+03   9.9998713e-03
   7.3157700e+03   0.0000000e+00
   7.8774100e+03   2.0000078e-02
   8.4821700e+03   2.0000194e-02
   9.1333600e+03   0.0000000e+00
   9.8345300e+03   9.9995022e-03
   1.0589500e+04   1.0000388e-02
   1.1402500e+04   1.0000219e-02
   1.2277900e+04   0.0000000e+00
   1.3220500e+04   0.0000000e+00
   1.4235400e+04   2.0000616e-02
   1.5328300e+04   1.0000270e-02
   1.6505100e+04   9.9999279e-03
   1.7772200e+04   0.0000000e+00
   1.9136600e+04   9.9997817e-03
   2.0605700e+04   0.0000000e+00
   2.2187600e+04   0.0000000e+00
   2.3891000e+04   9.9998250e-03
   2.5725100e+04   1.9999615e-02
   2.7700000e+04   0.0000000e+00
   2.9826600e+04   9.9999230e-03
   3.2116400e+04   0.0000000e+00
   3.4582000e+04   0.0000000e+00
   3.7236900e+04   9.9999327e-03
   4.0095600e+04   2.0000112e-02
   4.3173800e+04   0.0000000e+00
   4.6488300e+04   0.0000000e+00
   5.0057300e+04   0.0000000e+00
   5.3900200e+04   0.0000000e+00
   5.8038200e+04   0.0000000e+00
   6.2493800e+04   1.0000198e-02
   6.7291600e+04   0.0000000e+00
   7.2457600e+04   0.0000000e+00
   7.8020200e+04   0.0000000e+00
   8.4009900e+04   0.0000000e+00
   9.0459500e+04   0.0000000e+00
   9.7404100e+04   0.0000000e+00
   1.0488200e+05   0.0000000e+00
   1.1293400e+05   0.0000000e+00
   1.2160400e+05   9.9992786e-03
   1.3093900e+05   0.0000000e+00
   1.4099200e+05   9.9999256e-03
   1.5181600e+05   0.0000000e+00
   1.6347100e+05   0.0000000e+00
   1.7602100e+05   0.0000000e+00
   1.8953400e+05   0.0000000e+00
   2.0408500e+05   0.0000000e+00
   2.1975300e+05   0.0000000e+00
   2.3662300e+05   0.0000000e+00
