   1.1930200e+02   9.9997321e-03
   1.2663700e+02   0.0000000e+00
   1.3442300e+02   1.0000071e-02
   1.4268800e+02   0.0000000e+00
   1.5146100e+02   0.0000000e+00
   1.6077300e+02   0.0000000e+00
   1.7065800e+02   2.0000288e-02
   1.8115100e+02   0.0000000e+00
   1.9228900e+02   1.0000177e-02
   2.0411200e+02   2.0000433e-02
   2.1666200e+02   1.9999483e-02
   2.2998300e+02   0.0000000e+00
   2.4412300e+02   2.0000225e-02
   2.5913300e+02   0.0000000e+00
   2.7506600e+02   9.9998457e-03
   2.9197800e+02   9.9999462e-03
   3.0993000e+02   2.0000225e-02
   3.2898600e+02   3.0000754e-02
   3.4921400e+02   9.9999250e-03
   3.7068500e+02   2.9999565e-02
   3.9347600e+02   2.0000305e-02
   4.1766900e+02   9.9999718e-03
   4.4334900e+02   0.0000000e+00
   4.7060800e+02   4.0000033e-02
   4.9954300e+02   1.9999943e-02
   5.3025700e+02   2.9999513e-02
   5.6285900e+02   0.0000000e+00
   5.9746700e+02   2.9999299e-02
   6.3420100e+02   1.0000128e-02
   6.7319500e+02   0.0000000e+00
   7.1458600e+02   3.0000072e-02
   7.5852200e+02   1.9999904e-02
   8.0515900e+02   0.0000000e+00
   8.5466400e+02   0.0000000e+00
   9.0721200e+02   3.0000325e-02
   9.6299200e+02   9.9998167e-03
   1.0222000e+03   3.0000316e-02
   1.0850500e+03   1.9998924e-02
   1.1517600e+03   1.0000634e-02
   1.2225800e+03   0.0000000e+00
   1.2977500e+03   9.9998413e-03
   1.3775400e+03   0.0000000e+00
   1.4622400e+03   0.0000000e+00
   1.5521400e+03   0.0000000e+00
   1.6475700e+03   9.9999916e-03
   1.7488700e+03   1.0000139e-02
   1.8564000e+03   1.0000022e-02
   1.9705400e+03   1.0000195e-02
   2.0917000e+03   4.0000925e-02
   2.2203100e+03   1.9999398e-02
   2.3568200e+03   1.0000152e-02
   2.5017300e+03   0.0000000e+00
   2.6555500e+03   1.9999432e-02
   2.8188200e+03   9.9997964e-03
   2.9921300e+03   1.0000020e-02
   3.1761000e+03   0.0000000e+00
   3.3713800e+03   2.0000251e-02
   3.5786700e+03   9.9998794e-03
   3.7987000e+03   2.0000763e-02
   4.0322700e+03   0.0000000e+00
   4.2801900e+03   1.9999634e-02
   4.5433500e+03   0.0000000e+00
   4.8227000e+03   0.0000000e+00
   5.1192200e+03   9.9999537e-03
   5.4339700e+03   9.9998803e-03
   5.7680700e+03   1.0000102e-02
   6.1227200e+03   0.0000000e+00
   6.4991700e+03   2.0000140e-02
   6.8987700e+03   1.0000062e-02
   7.3229400e+03   1.9999706e-02
   7.7731800e+03   0.0000000e+00
   8.2511100e+03   0.0000000e+00
   8.7584300e+03   9.9998912e-03
   9.2969300e+03   1.0000092e-02
   9.8685500e+03   9.9997861e-03
   1.0475300e+04   1.0000490e-02
   1.1119400e+04   0.0000000e+00
   1.1803000e+04   0.0000000e+00
   1.2528700e+04   2.0002049e-02
   1.3299100e+04   1.0000144e-02
   1.4116800e+04   2.9997922e-02
   1.4984700e+04   9.9996981e-03
   1.5906000e+04   0.0000000e+00
   1.6884000e+04   0.0000000e+00
   1.7922100e+04   0.0000000e+00
   1.9024000e+04   0.0000000e+00
   2.0193700e+04   0.0000000e+00
   2.1435300e+04   0.0000000e+00
   2.2753300e+04   9.9994911e-03
   2.4152200e+04   0.0000000e+00
   2.5637200e+04   1.0000063e-02
   2.7213500e+04   0.0000000e+00
   2.8886700e+04   0.0000000e+00
   3.0662800e+04   2.0000205e-02
   3.2548100e+04   0.0000000e+00
   3.4549300e+04   0.0000000e+00
   3.6673500e+04   0.0000000e+00
   3.8928400e+04   0.0000000e+00
   4.1321900e+04   9.9998016e-03
