   1.6667000e+02   1.9999746e-02
   1.8205300e+02   1.0000037e-02
   1.9885600e+02   0.0000000e+00
   2.1721000e+02   3.0000228e-02
   2.3725800e+02   0.0000000e+00
   2.5915600e+02   9.9998881e-03
   2.8307500e+02   2.0000036e-02
   3.0920200e+02   3.0000768e-02
   3.3774100e+02   3.9999599e-02
   3.6891300e+02   4.0000578e-02
   4.0296300e+02   6.9999807e-02
   4.4015500e+02   5.0000031e-02
   4.8078000e+02   3.9999611e-02
   5.2515400e+02   2.9999973e-02
   5.7362400e+02   5.0000314e-02
   6.2656800e+02   2.9999891e-02
   6.8439800e+02   3.0000126e-02
   7.4756600e+02   4.0000004e-02
   8.1656400e+02   4.9999839e-02
   8.9193000e+02   0.0000000e+00
   9.7425200e+02   9.9996909e-03
   1.0641700e+03   4.0000095e-02
   1.1623900e+03   1.0000458e-02
   1.2696800e+03   9.9993795e-03
   1.3868600e+03   2.0001050e-02
   1.5148700e+03   0.0000000e+00
   1.6546900e+03   3.9999353e-02
   1.8074100e+03   1.0000125e-02
   1.9742300e+03   9.9997395e-03
   2.1564400e+03   0.0000000e+00
   2.3554700e+03   0.0000000e+00
   2.5728800e+03   0.0000000e+00
   2.8103400e+03   1.0000159e-02
   3.0697300e+03   1.0000132e-02
   3.3530600e+03   2.9999372e-02
   3.6625300e+03   2.0000001e-02
   4.0005700e+03   1.0000016e-02
   4.3698100e+03   9.9999967e-03
   4.7731300e+03   1.0000133e-02
   5.2136800e+03   0.0000000e+00
   5.6948800e+03   1.0000026e-02
   6.2205000e+03   0.0000000e+00
   6.7946400e+03   9.9999301e-03
   7.4217600e+03   9.9999040e-03
   8.1067600e+03   0.0000000e+00
   8.8549900e+03   0.0000000e+00
   9.6722800e+03   9.9999816e-03
   1.0565000e+04   0.0000000e+00
   1.1540100e+04   0.0000000e+00
   1.2605200e+04   0.0000000e+00
   1.3768700e+04   9.9999760e-03
   1.5039500e+04   0.0000000e+00
   1.6427500e+04   0.0000000e+00
   1.7943800e+04   0.0000000e+00
   1.9599900e+04   1.9999942e-02
   2.1408900e+04   1.0000121e-02
   2.3384900e+04   0.0000000e+00
   2.5543200e+04   0.0000000e+00
   2.7900800e+04   1.0000171e-02
   3.0476000e+04   0.0000000e+00
   3.3288800e+04   9.9998325e-03
   3.6361200e+04   0.0000000e+00
   3.9717300e+04   0.0000000e+00
   4.3383100e+04   0.0000000e+00
   4.7387200e+04   0.0000000e+00
   5.1760900e+04   9.9998921e-03
   5.6538200e+04   9.9999848e-03
   6.1756500e+04   0.0000000e+00
   6.7456400e+04   0.0000000e+00
   7.3682500e+04   0.0000000e+00
   8.0483100e+04   0.0000000e+00
   8.7911400e+04   0.0000000e+00
   9.6025400e+04   0.0000000e+00
   1.0488800e+05   0.0000000e+00
   1.1456900e+05   9.9996626e-03
   1.2514300e+05   0.0000000e+00
   1.3669400e+05   0.0000000e+00
   1.4931000e+05   0.0000000e+00
   1.6309100e+05   0.0000000e+00
   1.7814400e+05   9.9999422e-03
   1.9458600e+05   0.0000000e+00
   2.1254600e+05   9.9998638e-03
   2.3216300e+05   0.0000000e+00
   2.5359100e+05   0.0000000e+00
   2.7699600e+05   0.0000000e+00
   3.0256200e+05   0.0000000e+00
   3.3048800e+05   0.0000000e+00
   3.6099100e+05   0.0000000e+00
   3.9430900e+05   0.0000000e+00
   4.3070200e+05   0.0000000e+00
   4.7045500e+05   0.0000000e+00
   5.1387600e+05   0.0000000e+00
   5.6130600e+05   0.0000000e+00
   6.1311200e+05   0.0000000e+00
   6.6970100e+05   0.0000000e+00
   7.3151200e+05   0.0000000e+00
   7.9902800e+05   0.0000000e+00
   8.7277600e+05   0.0000000e+00
   9.5333000e+05   0.0000000e+00
