   1.5888500e+02   3.0000211e-02
   1.7476300e+02   0.0000000e+00
   1.9222700e+02   1.0000015e-02
   2.1143700e+02   1.0000153e-02
   2.3256700e+02   1.9999787e-02
   2.5580800e+02   3.0000121e-02
   2.8137200e+02   2.0000342e-02
   3.0949100e+02   9.9998265e-03
   3.4041900e+02   4.9999425e-02
   3.7443800e+02   3.0000010e-02
   4.1185700e+02   2.0000311e-02
   4.5301600e+02   2.9999688e-02
   4.9828700e+02   5.0000164e-02
   5.4808300e+02   3.0000048e-02
   6.0285500e+02   5.9999562e-02
   6.6310000e+02   2.0000007e-02
   7.2936600e+02   2.0000231e-02
   8.0225500e+02   1.9999948e-02
   8.8242700e+02   1.9999955e-02
   9.7061100e+02   2.0000515e-02
   1.0676100e+03   1.0000022e-02
   1.1743000e+03   0.0000000e+00
   1.2916500e+03   1.0000073e-02
   1.4207300e+03   0.0000000e+00
   1.5627100e+03   2.9998648e-02
   1.7188700e+03   2.0000861e-02
   1.8906500e+03   0.0000000e+00
   2.0795900e+03   2.9999856e-02
   2.2874100e+03   0.0000000e+00
   2.5159900e+03   0.0000000e+00
   2.7674300e+03   5.0000112e-02
   3.0439900e+03   1.9999580e-02
   3.3481800e+03   1.0000123e-02
   3.6827800e+03   0.0000000e+00
   4.0508100e+03   1.9999881e-02
   4.4556200e+03   1.0000096e-02
   4.9008900e+03   1.9999839e-02
   5.3906500e+03   2.0000094e-02
   5.9293600e+03   9.9999421e-03
   6.5219000e+03   0.0000000e+00
   7.1736600e+03   0.0000000e+00
   7.8905500e+03   1.9999960e-02
   8.6790800e+03   2.9999991e-02
   9.5464100e+03   2.9999456e-02
   1.0500400e+04   2.0001039e-02
   1.1549800e+04   9.9999195e-03
   1.2704000e+04   9.9995849e-03
   1.3973500e+04   9.9998299e-03
   1.5369900e+04   1.0000174e-02
   1.6905900e+04   2.0000301e-02
   1.8595400e+04   9.9999769e-03
   2.0453700e+04   9.9999430e-03
   2.2497700e+04   0.0000000e+00
   2.4746000e+04   0.0000000e+00
   2.7218900e+04   0.0000000e+00
   2.9939000e+04   0.0000000e+00
   3.2930900e+04   0.0000000e+00
   3.6221800e+04   0.0000000e+00
   3.9841600e+04   0.0000000e+00
   4.3823100e+04   1.0000010e-02
   4.8202500e+04   0.0000000e+00
   5.3019600e+04   0.0000000e+00
   5.8318000e+04   0.0000000e+00
   6.4146000e+04   9.9999398e-03
   7.0556300e+04   0.0000000e+00
   7.7607200e+04   2.0000064e-02
   8.5362800e+04   9.9999958e-03
   9.3893400e+04   0.0000000e+00
   1.0327700e+05   0.0000000e+00
   1.1359700e+05   0.0000000e+00
   1.2494900e+05   0.0000000e+00
   1.3743600e+05   0.0000000e+00
   1.5117100e+05   0.0000000e+00
   1.6627800e+05   0.0000000e+00
   1.8289400e+05   0.0000000e+00
   2.0117200e+05   0.0000000e+00
   2.2127500e+05   0.0000000e+00
   2.4338800e+05   0.0000000e+00
   2.6771100e+05   0.0000000e+00
   2.9446400e+05   0.0000000e+00
   3.2389100e+05   0.0000000e+00
   3.5625900e+05   0.0000000e+00
   3.9186100e+05   0.0000000e+00
   4.3102100e+05   0.0000000e+00
   4.7409500e+05   0.0000000e+00
   5.2147300e+05   0.0000000e+00
   5.7358500e+05   0.0000000e+00
   6.3090600e+05   0.0000000e+00
   6.9395400e+05   0.0000000e+00
   7.6330300e+05   0.0000000e+00
   8.3958300e+05   0.0000000e+00
   9.2348600e+05   0.0000000e+00
   1.0157700e+06   0.0000000e+00
   1.1172800e+06   0.0000000e+00
   1.2289400e+06   0.0000000e+00
   1.3517500e+06   0.0000000e+00
   1.4868300e+06   0.0000000e+00
   1.6354200e+06   0.0000000e+00
   1.7988500e+06   1.0000246e-02
