   1.8987700e+02   2.9999392e-02
   2.0337000e+02   1.9999834e-02
   2.1782200e+02   1.0000529e-02
   2.3330200e+02   3.9999490e-02
   2.4988100e+02   0.0000000e+00
   2.6763800e+02   2.9999620e-02
   2.8665700e+02   6.0000540e-02
   3.0702800e+02   2.0000495e-02
   3.2884700e+02   4.0000016e-02
   3.5221600e+02   0.0000000e+00
   3.7724500e+02   1.0000266e-02
   4.0405400e+02   2.9999630e-02
   4.3276700e+02   1.0000032e-02
   4.6352100e+02   0.0000000e+00
   4.9646000e+02   9.9999749e-03
   5.3174000e+02   3.0000611e-02
   5.6952800e+02   4.9999514e-02
   6.1000000e+02   3.0000239e-02
   6.5334900e+02   9.9999709e-03
   6.9977800e+02   2.9999659e-02
   7.4950600e+02   0.0000000e+00
   8.0276900e+02   2.9999762e-02
   8.5981600e+02   3.0000288e-02
   9.2091800e+02   9.9999522e-03
   9.8636100e+02   2.0001418e-02
   1.0564600e+03   1.9998573e-02
   1.1315300e+03   1.9999897e-02
   1.2119400e+03   1.0000640e-02
   1.2980700e+03   9.9994617e-03
   1.3903100e+03   1.0000042e-02
   1.4891100e+03   9.9998948e-03
   1.5949300e+03   9.9998975e-03
   1.7082700e+03   6.0002193e-02
   1.8296700e+03   0.0000000e+00
   1.9596900e+03   9.9998428e-03
   2.0989500e+03   1.0000104e-02
   2.2481100e+03   2.0000195e-02
   2.4078700e+03   9.9999251e-03
   2.5789800e+03   9.9999443e-03
   2.7622500e+03   2.0000614e-02
   2.9585500e+03   0.0000000e+00
   3.1687900e+03   2.0000453e-02
   3.3939800e+03   9.9997087e-03
   3.6351600e+03   2.0000244e-02
   3.8934900e+03   0.0000000e+00
   4.1701700e+03   3.0000400e-02
   4.4665200e+03   0.0000000e+00
   4.7839300e+03   1.9999915e-02
   5.1238900e+03   0.0000000e+00
   5.4880100e+03   1.9999701e-02
   5.8780000e+03   1.9999955e-02
   6.2957100e+03   0.0000000e+00
   6.7431100e+03   0.0000000e+00
   7.2223000e+03   9.9999682e-03
   7.7355400e+03   9.9999395e-03
   8.2852500e+03   0.0000000e+00
   8.8740300e+03   0.0000000e+00
   9.5046500e+03   1.0000240e-02
   1.0180100e+04   0.0000000e+00
   1.0903500e+04   9.9994913e-03
   1.1678300e+04   0.0000000e+00
   1.2508200e+04   0.0000000e+00
   1.3397100e+04   1.0000573e-02
   1.4349200e+04   0.0000000e+00
   1.5368900e+04   0.0000000e+00
   1.6461000e+04   0.0000000e+00
   1.7630800e+04   0.0000000e+00
   1.8883700e+04   0.0000000e+00
   2.0225700e+04   0.0000000e+00
   2.1663000e+04   0.0000000e+00
   2.3202400e+04   0.0000000e+00
   2.4851200e+04   0.0000000e+00
   2.6617200e+04   0.0000000e+00
   2.8508800e+04   0.0000000e+00
   3.0534700e+04   0.0000000e+00
   3.2704600e+04   1.0000021e-02
   3.5028700e+04   0.0000000e+00
   3.7517900e+04   0.0000000e+00
   4.0184100e+04   0.0000000e+00
   4.3039700e+04   0.0000000e+00
   4.6098200e+04   0.0000000e+00
   4.9374100e+04   0.0000000e+00
   5.2882800e+04   0.0000000e+00
   5.6640900e+04   0.0000000e+00
   6.0665900e+04   1.0000173e-02
   6.4977100e+04   0.0000000e+00
   6.9594600e+04   0.0000000e+00
   7.4540200e+04   0.0000000e+00
   7.9837300e+04   0.0000000e+00
   8.5510800e+04   0.0000000e+00
   9.1587400e+04   0.0000000e+00
   9.8095900e+04   0.0000000e+00
   1.0506700e+05   0.0000000e+00
   1.1253300e+05   0.0000000e+00
   1.2053000e+05   0.0000000e+00
   1.2909600e+05   0.0000000e+00
   1.3827000e+05   0.0000000e+00
   1.4809600e+05   0.0000000e+00
   1.5862000e+05   0.0000000e+00
