   1.4816900e+02   9.9998450e-03
   1.5973600e+02   0.0000000e+00
   1.7220600e+02   0.0000000e+00
   1.8565000e+02   9.9998222e-03
   2.0014300e+02   1.0000188e-02
   2.1576800e+02   0.0000000e+00
   2.3261200e+02   4.0001032e-02
   2.5077200e+02   0.0000000e+00
   2.7034900e+02   2.9999280e-02
   2.9145400e+02   2.0000720e-02
   3.1420800e+02   0.0000000e+00
   3.3873700e+02   1.9999677e-02
   3.6518100e+02   5.0000225e-02
   3.9369000e+02   1.0000155e-02
   4.2442500e+02   0.0000000e+00
   4.5755900e+02   2.9999549e-02
   4.9327900e+02   2.9999859e-02
   5.3178800e+02   3.0000375e-02
   5.7330400e+02   2.9999634e-02
   6.1806000e+02   3.0000252e-02
   6.6631100e+02   1.9999860e-02
   7.1832800e+02   2.0000295e-02
   7.7440700e+02   1.9999933e-02
   8.3486300e+02   1.0000019e-02
   9.0003900e+02   2.0000015e-02
   9.7030300e+02   1.9999405e-02
   1.0460500e+03   2.9998944e-02
   1.1277100e+03   0.0000000e+00
   1.2157500e+03   3.9999535e-02
   1.3106600e+03   2.9999815e-02
   1.4129800e+03   2.0000306e-02
   1.5232900e+03   1.0000007e-02
   1.6422100e+03   4.0001905e-02
   1.7704200e+03   1.9999678e-02
   1.9086300e+03   1.9999674e-02
   2.0576300e+03   2.0000644e-02
   2.2182700e+03   0.0000000e+00
   2.3914400e+03   1.9999540e-02
   2.5781300e+03   2.0000099e-02
   2.7794000e+03   0.0000000e+00
   2.9963900e+03   1.9999926e-02
   3.2303100e+03   1.9999791e-02
   3.4824900e+03   0.0000000e+00
   3.7543600e+03   0.0000000e+00
   4.0474500e+03   1.0000135e-02
   4.3634300e+03   0.0000000e+00
   4.7040700e+03   1.0000092e-02
   5.0713100e+03   1.9999720e-02
   5.4672100e+03   9.9999449e-03
   5.8940200e+03   2.0000307e-02
   6.3541600e+03   9.9999216e-03
   6.8502100e+03   1.0000012e-02
   7.3849900e+03   1.9999999e-02
   7.9615200e+03   1.0000019e-02
   8.5830600e+03   0.0000000e+00
   9.2531200e+03   0.0000000e+00
   9.9754900e+03   0.0000000e+00
   1.0754300e+04   9.9992845e-03
   1.1593800e+04   0.0000000e+00
   1.2498900e+04   0.0000000e+00
   1.3474700e+04   1.9999249e-02
   1.4526600e+04   0.0000000e+00
   1.5660700e+04   1.0000061e-02
   1.6883300e+04   0.0000000e+00
   1.8201300e+04   0.0000000e+00
   1.9622200e+04   0.0000000e+00
   2.1154100e+04   0.0000000e+00
   2.2805500e+04   0.0000000e+00
   2.4585900e+04   0.0000000e+00
   2.6505300e+04   0.0000000e+00
   2.8574500e+04   0.0000000e+00
   3.0805200e+04   0.0000000e+00
   3.3210100e+04   0.0000000e+00
   3.5802800e+04   9.9998671e-03
   3.8597800e+04   0.0000000e+00
   4.1611100e+04   9.9997446e-03
   4.4859500e+04   0.0000000e+00
   4.8361600e+04   0.0000000e+00
   5.2137100e+04   0.0000000e+00
   5.6207300e+04   0.0000000e+00
   6.0595300e+04   0.0000000e+00
   6.5325800e+04   0.0000000e+00
   7.0425700e+04   0.0000000e+00
   7.5923600e+04   1.0000016e-02
   8.1850800e+04   0.0000000e+00
   8.8240700e+04   0.0000000e+00
   9.5129500e+04   0.0000000e+00
   1.0255600e+05   0.0000000e+00
   1.1056200e+05   0.0000000e+00
   1.1919400e+05   0.0000000e+00
   1.2849900e+05   0.0000000e+00
   1.3853000e+05   0.0000000e+00
   1.4934500e+05   9.9999709e-03
   1.6100400e+05   0.0000000e+00
   1.7357400e+05   0.0000000e+00
   1.8712400e+05   9.9997749e-03
   2.0173200e+05   1.0000143e-02
   2.1748100e+05   0.0000000e+00
   2.3445900e+05   0.0000000e+00
