   1.5200500e+02   9.9995296e-03
   1.6239000e+02   9.9999457e-03
   1.7348500e+02   1.0000746e-02
   1.8533900e+02   1.0000034e-02
   1.9800200e+02   9.9998976e-03
   2.1153000e+02   9.9997001e-03
   2.2598200e+02   2.0000204e-02
   2.4142200e+02   4.0000540e-02
   2.5791700e+02   2.9998695e-02
   2.7553800e+02   2.0000366e-02
   2.9436400e+02   1.0000008e-02
   3.1447600e+02   1.9999921e-02
   3.3596200e+02   9.9999560e-03
   3.5891600e+02   2.0000493e-02
   3.8343900e+02   1.0000065e-02
   4.0963700e+02   1.9999454e-02
   4.3762400e+02   0.0000000e+00
   4.6752400e+02   5.0000378e-02
   4.9946700e+02   1.9999809e-02
   5.3359200e+02   3.0000137e-02
   5.7004900e+02   4.0000375e-02
   6.0899700e+02   2.0000115e-02
   6.5060600e+02   9.9998748e-03
   6.9505700e+02   4.0000270e-02
   7.4254600e+02   1.9999913e-02
   7.9327900e+02   2.0000179e-02
   8.4747900e+02   2.0000102e-02
   9.0538200e+02   2.9999645e-02
   9.6724000e+02   0.0000000e+00
   1.0333300e+03   9.9999252e-03
   1.1039300e+03   9.9994853e-03
   1.1793500e+03   0.0000000e+00
   1.2599300e+03   2.9999138e-02
   1.3460100e+03   9.9995465e-03
   1.4379700e+03   1.0000278e-02
   1.5362200e+03   0.0000000e+00
   1.6411800e+03   2.9999709e-02
   1.7533100e+03   9.9998176e-03
   1.8731000e+03   4.0001045e-02
   2.0010800e+03   0.0000000e+00
   2.1378000e+03   9.9998664e-03
   2.2838600e+03   9.9999170e-03
   2.4399000e+03   0.0000000e+00
   2.6066100e+03   0.0000000e+00
   2.7847000e+03   0.0000000e+00
   2.9749600e+03   1.0000026e-02
   3.1782200e+03   2.0000297e-02
   3.3953700e+03   9.9998691e-03
   3.6273500e+03   2.9999574e-02
   3.8751800e+03   1.0000178e-02
   4.1399500e+03   9.9998223e-03
   4.4228000e+03   9.9999823e-03
   4.7249800e+03   0.0000000e+00
   5.0478100e+03   0.0000000e+00
   5.3926900e+03   1.0000065e-02
   5.7611400e+03   9.9999948e-03
   6.1547600e+03   0.0000000e+00
   6.5752800e+03   0.0000000e+00
   7.0245200e+03   1.0000030e-02
   7.5044600e+03   0.0000000e+00
   8.0171900e+03   9.9999613e-03
   8.5649500e+03   1.0000078e-02
   9.1501400e+03   1.0000032e-02
   9.7753100e+03   0.0000000e+00
   1.0443200e+04   9.9997739e-03
   1.1156700e+04   0.0000000e+00
   1.1919000e+04   0.0000000e+00
   1.2733300e+04   0.0000000e+00
   1.3603300e+04   9.9997864e-03
   1.4532700e+04   9.9997938e-03
   1.5525600e+04   0.0000000e+00
   1.6586400e+04   0.0000000e+00
   1.7719600e+04   1.0000273e-02
   1.8930300e+04   0.0000000e+00
   2.0223700e+04   1.0000349e-02
   2.1605500e+04   0.0000000e+00
   2.3081600e+04   0.0000000e+00
   2.4658600e+04   2.0000429e-02
   2.6343400e+04   1.0000172e-02
   2.8143300e+04   0.0000000e+00
   3.0066100e+04   9.9999072e-03
   3.2120300e+04   0.0000000e+00
   3.4314900e+04   0.0000000e+00
   3.6659400e+04   1.0000015e-02
   3.9164100e+04   0.0000000e+00
   4.1839900e+04   0.0000000e+00
   4.4698600e+04   0.0000000e+00
   4.7752500e+04   0.0000000e+00
   5.1015100e+04   0.0000000e+00
   5.4500700e+04   0.0000000e+00
   5.8224300e+04   0.0000000e+00
   6.2202400e+04   0.0000000e+00
   6.6452300e+04   0.0000000e+00
   7.0992500e+04   0.0000000e+00
   7.5843000e+04   0.0000000e+00
   8.1024900e+04   0.0000000e+00
   8.6560700e+04   0.0000000e+00
   9.2474900e+04   0.0000000e+00
   9.8793100e+04   0.0000000e+00
