   1.5480900e+02   1.9999821e-02
   1.6593200e+02   0.0000000e+00
   1.7785500e+02   3.0000236e-02
   1.9063400e+02   9.9999332e-03
   2.0433100e+02   9.9998457e-03
   2.1901200e+02   1.9999827e-02
   2.3474800e+02   2.0000383e-02
   2.5161500e+02   5.9997990e-02
   2.6969300e+02   0.0000000e+00
   2.8907100e+02   4.0000320e-02
   3.0984100e+02   2.9999826e-02
   3.3210300e+02   0.0000000e+00
   3.5596500e+02   3.9999585e-02
   3.8154100e+02   3.0000237e-02
   4.0895500e+02   1.9999627e-02
   4.3833800e+02   5.0000517e-02
   4.6983300e+02   2.0000197e-02
   5.0359100e+02   9.9999681e-03
   5.3977400e+02   1.0000003e-02
   5.7855700e+02   1.9999760e-02
   6.2012600e+02   1.0000150e-02
   6.6468300e+02   0.0000000e+00
   7.1244000e+02   9.9999759e-03
   7.6362900e+02   1.0000005e-02
   8.1849600e+02   0.0000000e+00
   8.7730600e+02   9.9999029e-03
   9.4034000e+02   9.9994205e-03
   1.0079000e+03   5.0001230e-02
   1.0803200e+03   0.0000000e+00
   1.1579400e+03   0.0000000e+00
   1.2411400e+03   1.0000378e-02
   1.3303200e+03   0.0000000e+00
   1.4259000e+03   9.9998474e-03
   1.5283500e+03   4.0002594e-02
   1.6381700e+03   9.9997567e-03
   1.7558700e+03   3.0000091e-02
   1.8820300e+03   2.9998963e-02
   2.0172500e+03   1.9999981e-02
   2.1621900e+03   3.0001104e-02
   2.3175500e+03   1.0000192e-02
   2.4840700e+03   0.0000000e+00
   2.6625500e+03   1.9999458e-02
   2.8538500e+03   1.9999982e-02
   3.0589000e+03   1.9999716e-02
   3.2786800e+03   1.0000230e-02
   3.5142600e+03   9.9999848e-03
   3.7667600e+03   0.0000000e+00
   4.0374000e+03   2.0000081e-02
   4.3274900e+03   1.9999888e-02
   4.6384200e+03   0.0000000e+00
   4.9717000e+03   0.0000000e+00
   5.3289100e+03   1.0000168e-02
   5.7118000e+03   0.0000000e+00
   6.1221900e+03   0.0000000e+00
   6.5620700e+03   0.0000000e+00
   7.0335600e+03   9.9999121e-03
   7.5389200e+03   0.0000000e+00
   8.0806000e+03   0.0000000e+00
   8.6611900e+03   1.9999985e-02
   9.2835000e+03   1.0000114e-02
   9.9505300e+03   0.0000000e+00
   1.0665500e+04   0.0000000e+00
   1.1431800e+04   0.0000000e+00
   1.2253200e+04   0.0000000e+00
   1.3133600e+04   9.9994236e-03
   1.4077200e+04   0.0000000e+00
   1.5088700e+04   9.9997601e-03
   1.6172800e+04   0.0000000e+00
   1.7334800e+04   9.9999078e-03
   1.8580300e+04   0.0000000e+00
   1.9915300e+04   2.0001087e-02
   2.1346300e+04   0.0000000e+00
   2.2880000e+04   9.9997944e-03
   2.4523900e+04   0.0000000e+00
   2.6286000e+04   9.9997026e-03
   2.8174600e+04   1.0000212e-02
   3.0199000e+04   0.0000000e+00
   3.2368800e+04   0.0000000e+00
   3.4694500e+04   0.0000000e+00
   3.7187300e+04   0.0000000e+00
   3.9859200e+04   0.0000000e+00
   4.2723100e+04   0.0000000e+00
   4.5792800e+04   9.9999049e-03
   4.9083000e+04   0.0000000e+00
   5.2609700e+04   0.0000000e+00
   5.6389700e+04   0.0000000e+00
   6.0441300e+04   0.0000000e+00
   6.4784000e+04   0.0000000e+00
   6.9438800e+04   0.0000000e+00
   7.4428000e+04   0.0000000e+00
   7.9775700e+04   0.0000000e+00
   8.5507600e+04   0.0000000e+00
   9.1651300e+04   0.0000000e+00
   9.8236500e+04   0.0000000e+00
   1.0529500e+05   0.0000000e+00
   1.1286000e+05   0.0000000e+00
   1.2096900e+05   0.0000000e+00
   1.2966100e+05   0.0000000e+00
   1.3897700e+05   1.0000480e-02
