   1.4515600e+02   1.0000006e-02
   1.5965700e+02   0.0000000e+00
   1.7560700e+02   0.0000000e+00
   1.9315000e+02   2.9999287e-02
   2.1244500e+02   1.9999876e-02
   2.3366800e+02   6.0001784e-02
   2.5701200e+02   3.9999596e-02
   2.8268700e+02   0.0000000e+00
   3.1092700e+02   2.9999615e-02
   3.4198800e+02   2.0000328e-02
   3.7615300e+02   6.9999187e-02
   4.1373000e+02   0.0000000e+00
   4.5506200e+02   3.9999708e-02
   5.0052200e+02   3.0000100e-02
   5.5052400e+02   1.9999989e-02
   6.0552100e+02   4.9999925e-02
   6.6601200e+02   2.9999914e-02
   7.3254600e+02   1.0000037e-02
   8.0572700e+02   1.0000085e-02
   8.8621900e+02   3.9999731e-02
   9.7475100e+02   3.0000620e-02
   1.0721300e+03   1.9999104e-02
   1.1792300e+03   4.0001796e-02
   1.2970400e+03   2.9999213e-02
   1.4266100e+03   4.0000661e-02
   1.5691300e+03   0.0000000e+00
   1.7258800e+03   0.0000000e+00
   1.8983000e+03   0.0000000e+00
   2.0879400e+03   2.9999436e-02
   2.2965200e+03   4.9999795e-02
   2.5259400e+03   1.0000007e-02
   2.7782800e+03   2.0000114e-02
   3.0558300e+03   0.0000000e+00
   3.3611000e+03   2.0000467e-02
   3.6968800e+03   1.9999725e-02
   4.0661900e+03   2.0000034e-02
   4.4724000e+03   1.0000009e-02
   4.9191900e+03   9.9999056e-03
   5.4106100e+03   1.0000052e-02
   5.9511300e+03   0.0000000e+00
   6.5456400e+03   2.0000164e-02
   7.1995500e+03   1.0000030e-02
   7.9187800e+03   0.0000000e+00
   8.7098600e+03   1.0000000e-02
   9.5799700e+03   0.0000000e+00
   1.0537000e+04   0.0000000e+00
   1.1589600e+04   3.0000103e-02
   1.2747400e+04   0.0000000e+00
   1.4020900e+04   0.0000000e+00
   1.5421600e+04   0.0000000e+00
   1.6962200e+04   0.0000000e+00
   1.8656700e+04   0.0000000e+00
   2.0520500e+04   0.0000000e+00
   2.2570500e+04   0.0000000e+00
   2.4825200e+04   1.0000309e-02
   2.7305300e+04   0.0000000e+00
   3.0033000e+04   0.0000000e+00
   3.3033300e+04   9.9999900e-03
   3.6333300e+04   0.0000000e+00
   3.9963000e+04   0.0000000e+00
   4.3955300e+04   0.0000000e+00
   4.8346400e+04   9.9998456e-03
   5.3176100e+04   0.0000000e+00
   5.8488400e+04   0.0000000e+00
   6.4331400e+04   0.0000000e+00
   7.0758000e+04   0.0000000e+00
   7.7826700e+04   0.0000000e+00
   8.5601500e+04   0.0000000e+00
   9.4153100e+04   0.0000000e+00
   1.0355900e+05   9.9995494e-03
   1.1390400e+05   0.0000000e+00
   1.2528300e+05   0.0000000e+00
   1.3779900e+05   0.0000000e+00
   1.5156500e+05   0.0000000e+00
   1.6670600e+05   0.0000000e+00
   1.8336000e+05   0.0000000e+00
   2.0167800e+05   0.0000000e+00
   2.2182500e+05   0.0000000e+00
   2.4398500e+05   0.0000000e+00
   2.6835900e+05   0.0000000e+00
   2.9516800e+05   0.0000000e+00
   3.2465500e+05   0.0000000e+00
   3.5708800e+05   0.0000000e+00
   3.9276100e+05   0.0000000e+00
   4.3199800e+05   0.0000000e+00
   4.7515400e+05   0.0000000e+00
   5.2262100e+05   0.0000000e+00
   5.7483100e+05   0.0000000e+00
   6.3225600e+05   0.0000000e+00
   6.9541800e+05   1.0000008e-02
   7.6489000e+05   0.0000000e+00
   8.4130200e+05   0.0000000e+00
   9.2534700e+05   0.0000000e+00
   1.0177900e+06   0.0000000e+00
   1.1194700e+06   0.0000000e+00
   1.2313000e+06   0.0000000e+00
   1.3543100e+06   0.0000000e+00
   1.4896000e+06   0.0000000e+00
   1.6384100e+06   1.0000242e-02
