   1.6773200e+02   2.0000819e-02
   1.8097100e+02   2.9999299e-02
   1.9525400e+02   0.0000000e+00
   2.1066500e+02   1.9998917e-02
   2.2729100e+02   3.0001241e-02
   2.4523100e+02   1.9999909e-02
   2.6458600e+02   2.0000255e-02
   2.8546900e+02   2.9998695e-02
   3.0799900e+02   1.0000332e-02
   3.3230900e+02   4.0000323e-02
   3.5853700e+02   2.9999065e-02
   3.8683400e+02   3.0000652e-02
   4.1736600e+02   1.9999963e-02
   4.5030700e+02   0.0000000e+00
   4.8584800e+02   9.9999849e-03
   5.2419400e+02   1.9999721e-02
   5.6556600e+02   2.0000011e-02
   6.1020400e+02   3.9999974e-02
   6.5836500e+02   2.0000299e-02
   7.1032800e+02   1.9999859e-02
   7.6639100e+02   1.9999934e-02
   8.2687900e+02   1.0000119e-02
   8.9214200e+02   9.9999838e-03
   9.6255500e+02   2.0001103e-02
   1.0385300e+03   9.9992020e-03
   1.1204900e+03   7.0003090e-02
   1.2089300e+03   9.9993496e-03
   1.3043400e+03   3.0000968e-02
   1.4072900e+03   1.9999597e-02
   1.5183600e+03   1.0000121e-02
   1.6382000e+03   2.0000512e-02
   1.7675000e+03   9.9998762e-03
   1.9070000e+03   9.9998543e-03
   2.0575100e+03   2.9999766e-02
   2.2199000e+03   2.0000222e-02
   2.3951100e+03   4.0000675e-02
   2.5841500e+03   3.0000476e-02
   2.7881100e+03   9.9997982e-03
   3.0081600e+03   9.9998930e-03
   3.2455800e+03   9.9999485e-03
   3.5017400e+03   1.0000036e-02
   3.7781200e+03   1.0000256e-02
   4.0763200e+03   0.0000000e+00
   4.3980400e+03   0.0000000e+00
   4.7451600e+03   0.0000000e+00
   5.1196800e+03   0.0000000e+00
   5.5237600e+03   1.0000018e-02
   5.9597300e+03   0.0000000e+00
   6.4301100e+03   0.0000000e+00
   6.9376100e+03   1.0000034e-02
   7.4851700e+03   9.9999047e-03
   8.0759400e+03   0.0000000e+00
   8.7133500e+03   0.0000000e+00
   9.4010600e+03   9.9993480e-03
   1.0143000e+04   1.0000615e-02
   1.0943600e+04   1.9999146e-02
   1.1807300e+04   9.9999393e-03
   1.2739200e+04   0.0000000e+00
   1.3744700e+04   0.0000000e+00
   1.4829500e+04   0.0000000e+00
   1.5999900e+04   0.0000000e+00
   1.7262800e+04   0.0000000e+00
   1.8625200e+04   1.0000561e-02
   2.0095300e+04   0.0000000e+00
   2.1681300e+04   0.0000000e+00
   2.3392500e+04   0.0000000e+00
   2.5238800e+04   9.9999994e-03
   2.7230800e+04   9.9999052e-03
   2.9380000e+04   0.0000000e+00
   3.1698900e+04   0.0000000e+00
   3.4200700e+04   0.0000000e+00
   3.6900100e+04   1.0000075e-02
   3.9812500e+04   9.9998630e-03
   4.2954700e+04   0.0000000e+00
   4.6344900e+04   0.0000000e+00
   5.0002800e+04   0.0000000e+00
   5.3949300e+04   0.0000000e+00
   5.8207300e+04   1.0000069e-02
   6.2801400e+04   0.0000000e+00
   6.7758100e+04   0.0000000e+00
   7.3105900e+04   0.0000000e+00
   7.8875900e+04   0.0000000e+00
   8.5101300e+04   0.0000000e+00
   9.1818000e+04   0.0000000e+00
   9.9064800e+04   0.0000000e+00
   1.0688400e+05   0.0000000e+00
   1.1532000e+05   0.0000000e+00
   1.2442100e+05   0.0000000e+00
   1.3424100e+05   0.0000000e+00
   1.4483600e+05   0.0000000e+00
   1.5626800e+05   0.0000000e+00
   1.6860100e+05   0.0000000e+00
   1.8190900e+05   0.0000000e+00
   1.9626600e+05   0.0000000e+00
   2.1175600e+05   0.0000000e+00
   2.2846900e+05   0.0000000e+00
   2.4650200e+05   0.0000000e+00
   2.6595700e+05   0.0000000e+00
   2.8694800e+05   1.0000134e-02
