   1.5821900e+02   3.0000207e-02
   1.7179400e+02   0.0000000e+00
   1.8653400e+02   0.0000000e+00
   2.0253800e+02   9.9998032e-03
   2.1991500e+02   3.0001144e-02
   2.3878400e+02   0.0000000e+00
   2.5927100e+02   7.0000344e-02
   2.8151600e+02   9.9998009e-03
   3.0566900e+02   3.0000184e-02
   3.3189500e+02   3.0000036e-02
   3.6037100e+02   1.9999955e-02
   3.9129000e+02   2.0000083e-02
   4.2486200e+02   1.9999864e-02
   4.6131400e+02   2.0000091e-02
   5.0089400e+02   1.9999706e-02
   5.4386900e+02   6.0000219e-02
   5.9053200e+02   6.0000368e-02
   6.4119900e+02   9.9998780e-03
   6.9621200e+02   0.0000000e+00
   7.5594600e+02   0.0000000e+00
   8.2080500e+02   9.9999252e-03
   8.9122800e+02   2.0000141e-02
   9.6769400e+02   9.9999835e-03
   1.0507200e+03   0.0000000e+00
   1.1408700e+03   9.9995187e-03
   1.2387500e+03   1.0000699e-02
   1.3450400e+03   5.9999345e-02
   1.4604400e+03   9.9997920e-03
   1.5857400e+03   2.9999297e-02
   1.7217900e+03   6.0001426e-02
   1.8695200e+03   9.9999455e-03
   2.0299200e+03   2.9999408e-02
   2.2040800e+03   0.0000000e+00
   2.3931900e+03   9.9999611e-03
   2.5985200e+03   0.0000000e+00
   2.8214700e+03   1.9999485e-02
   3.0635400e+03   2.0000309e-02
   3.3263900e+03   1.0000074e-02
   3.6117900e+03   0.0000000e+00
   3.9216700e+03   0.0000000e+00
   4.2581400e+03   1.0000013e-02
   4.6234800e+03   1.0000119e-02
   5.0201700e+03   3.9999976e-02
   5.4508900e+03   0.0000000e+00
   5.9185600e+03   0.0000000e+00
   6.4263700e+03   0.0000000e+00
   6.9777300e+03   2.0000163e-02
   7.5764100e+03   0.0000000e+00
   8.2264500e+03   9.9999867e-03
   8.9322600e+03   9.9999789e-03
   9.6986300e+03   1.0000603e-02
   1.0530800e+04   1.9999605e-02
   1.1434300e+04   9.9996273e-03
   1.2415300e+04   0.0000000e+00
   1.3480500e+04   0.0000000e+00
   1.4637100e+04   0.0000000e+00
   1.5893000e+04   0.0000000e+00
   1.7256500e+04   0.0000000e+00
   1.8737100e+04   0.0000000e+00
   2.0344700e+04   0.0000000e+00
   2.2090300e+04   0.0000000e+00
   2.3985600e+04   0.0000000e+00
   2.6043500e+04   0.0000000e+00
   2.8277900e+04   2.0000089e-02
   3.0704100e+04   0.0000000e+00
   3.3338500e+04   0.0000000e+00
   3.6198900e+04   0.0000000e+00
   3.9304600e+04   0.0000000e+00
   4.2676900e+04   0.0000000e+00
   4.6338500e+04   9.9998794e-03
   5.0314200e+04   0.0000000e+00
   5.4631100e+04   0.0000000e+00
   5.9318300e+04   0.0000000e+00
   6.4407700e+04   1.0000086e-02
   6.9933800e+04   1.0000053e-02
   7.5934000e+04   1.0000004e-02
   8.2449000e+04   0.0000000e+00
   8.9522900e+04   0.0000000e+00
   9.7203800e+04   0.0000000e+00
   1.0554400e+05   1.9999054e-02
   1.1459900e+05   0.0000000e+00
   1.2443100e+05   0.0000000e+00
   1.3510700e+05   0.0000000e+00
   1.4669900e+05   1.0000384e-02
   1.5928600e+05   0.0000000e+00
   1.7295200e+05   0.0000000e+00
   1.8779100e+05   0.0000000e+00
   2.0390300e+05   0.0000000e+00
   2.2139800e+05   0.0000000e+00
   2.4039300e+05   0.0000000e+00
   2.6101900e+05   0.0000000e+00
   2.8341300e+05   0.0000000e+00
   3.0773000e+05   0.0000000e+00
   3.3413200e+05   0.0000000e+00
   3.6280000e+05   0.0000000e+00
   3.9392800e+05   0.0000000e+00
   4.2772600e+05   0.0000000e+00
   4.6442400e+05   0.0000000e+00
   5.0427100e+05   0.0000000e+00
