   1.5973300e+02   9.9999725e-03
   1.7284000e+02   1.9999173e-02
   1.8702200e+02   1.0000443e-02
   2.0236900e+02   1.9999228e-02
   2.1897400e+02   4.0001869e-02
   2.3694300e+02   2.9999200e-02
   2.5638500e+02   1.0000035e-02
   2.7742300e+02   2.9999765e-02
   3.0018700e+02   3.9999658e-02
   3.2481900e+02   1.0000234e-02
   3.5147300e+02   9.9998374e-03
   3.8031300e+02   3.0000007e-02
   4.1152000e+02   1.0000089e-02
   4.4528800e+02   2.0000243e-02
   4.8182700e+02   3.9999362e-02
   5.2136300e+02   3.0000005e-02
   5.6414400e+02   5.0000452e-02
   6.1043600e+02   1.0000018e-02
   6.6052600e+02   3.9999925e-02
   7.1472600e+02   9.9999000e-03
   7.7337300e+02   1.0000027e-02
   8.3683300e+02   1.0000121e-02
   9.0550100e+02   4.9999446e-02
   9.7980200e+02   1.9999806e-02
   1.0602000e+03   1.0000476e-02
   1.1472000e+03   0.0000000e+00
   1.2413300e+03   2.0000211e-02
   1.3431900e+03   4.0001153e-02
   1.4534100e+03   2.9999853e-02
   1.5726700e+03   9.9994644e-03
   1.7017100e+03   0.0000000e+00
   1.8413500e+03   1.9999481e-02
   1.9924400e+03   0.0000000e+00
   2.1559400e+03   9.9995732e-03
   2.3328400e+03   1.0000322e-02
   2.5242700e+03   9.9999257e-03
   2.7314000e+03   2.0000196e-02
   2.9555300e+03   1.0000045e-02
   3.1980500e+03   0.0000000e+00
   3.4604600e+03   0.0000000e+00
   3.7444200e+03   2.9999798e-02
   4.0516700e+03   0.0000000e+00
   4.3841300e+03   2.0000301e-02
   4.7438800e+03   0.0000000e+00
   5.1331400e+03   0.0000000e+00
   5.5543500e+03   9.9998302e-03
   6.0101100e+03   2.0000164e-02
   6.5032800e+03   9.9999594e-03
   7.0369100e+03   9.9999905e-03
   7.6143300e+03   1.0000147e-02
   8.2391400e+03   1.0000022e-02
   8.9152100e+03   9.9999323e-03
   9.6467500e+03   0.0000000e+00
   1.0438300e+04   0.0000000e+00
   1.1294900e+04   9.9998940e-03
   1.2221700e+04   0.0000000e+00
   1.3224500e+04   2.0000887e-02
   1.4309700e+04   1.0000039e-02
   1.5483900e+04   0.0000000e+00
   1.6754400e+04   9.9999927e-03
   1.8129200e+04   0.0000000e+00
   1.9616800e+04   1.0000132e-02
   2.1226500e+04   1.0000214e-02
   2.2968300e+04   0.0000000e+00
   2.4853000e+04   0.0000000e+00
   2.6892300e+04   0.0000000e+00
   2.9099000e+04   0.0000000e+00
   3.1486700e+04   0.0000000e+00
   3.4070400e+04   0.0000000e+00
   3.6866100e+04   0.0000000e+00
   3.9891200e+04   0.0000000e+00
   4.3164500e+04   0.0000000e+00
   4.6706400e+04   0.0000000e+00
   5.0538900e+04   9.9999514e-03
   5.4685900e+04   0.0000000e+00
   5.9173200e+04   0.0000000e+00
   6.4028800e+04   0.0000000e+00
   6.9282700e+04   1.0000091e-02
   7.4967800e+04   0.0000000e+00
   8.1119300e+04   0.0000000e+00
   8.7775700e+04   0.0000000e+00
   9.4978200e+04   1.0000381e-02
   1.0277200e+05   9.9999357e-03
   1.1120500e+05   0.0000000e+00
   1.2033000e+05   0.0000000e+00
   1.3020400e+05   0.0000000e+00
   1.4088800e+05   0.0000000e+00
   1.5244800e+05   0.0000000e+00
   1.6495800e+05   0.0000000e+00
   1.7849300e+05   0.0000000e+00
   1.9314000e+05   0.0000000e+00
   2.0898800e+05   0.0000000e+00
   2.2613700e+05   0.0000000e+00
   2.4469300e+05   0.0000000e+00
   2.6477100e+05   0.0000000e+00
   2.8649700e+05   0.0000000e+00
   3.1000600e+05   0.0000000e+00
   3.3544400e+05   0.0000000e+00
   3.6296900e+05   1.0000067e-02
