   1.8863500e+02   1.0000410e-02
   2.0319700e+02   0.0000000e+00
   2.1888200e+02   0.0000000e+00
   2.3577800e+02   2.0000533e-02
   2.5397900e+02   1.9999453e-02
   2.7358400e+02   8.0000462e-02
   2.9470300e+02   3.0001107e-02
   3.1745300e+02   0.0000000e+00
   3.4195800e+02   3.0000190e-02
   3.6835500e+02   0.0000000e+00
   3.9678900e+02   2.0000349e-02
   4.2741900e+02   1.0000052e-02
   4.6041300e+02   2.9999350e-02
   4.9595300e+02   6.0001018e-02
   5.3423800e+02   3.9999438e-02
   5.7547700e+02   3.9999980e-02
   6.1990000e+02   0.0000000e+00
   6.6775200e+02   2.0000003e-02
   7.1929800e+02   1.0000177e-02
   7.7482400e+02   2.9999882e-02
   8.3463500e+02   9.9999343e-03
   8.9906300e+02   3.0000125e-02
   9.6846500e+02   1.9998906e-02
   1.0432200e+03   2.0000028e-02
   1.1237500e+03   1.0000453e-02
   1.2105000e+03   0.0000000e+00
   1.3039400e+03   1.0000430e-02
   1.4046000e+03   9.9994790e-03
   1.5130200e+03   1.0000393e-02
   1.6298200e+03   1.9999764e-02
   1.7556300e+03   9.9997769e-03
   1.8911500e+03   4.0001552e-02
   2.0371400e+03   9.9997791e-03
   2.1943900e+03   0.0000000e+00
   2.3637800e+03   3.0000258e-02
   2.5462500e+03   3.0000953e-02
   2.7428100e+03   1.9999389e-02
   2.9545300e+03   1.9999983e-02
   3.1826000e+03   1.0000183e-02
   3.4282800e+03   9.9999781e-03
   3.6929200e+03   1.0000056e-02
   3.9779900e+03   2.9999572e-02
   4.2850600e+03   2.0000117e-02
   4.6158400e+03   0.0000000e+00
   4.9721500e+03   2.0000131e-02
   5.3559700e+03   1.9999747e-02
   5.7694100e+03   0.0000000e+00
   6.2147800e+03   0.0000000e+00
   6.6945100e+03   1.0000158e-02
   7.2112900e+03   0.0000000e+00
   7.7679500e+03   9.9999096e-03
   8.3675800e+03   0.0000000e+00
   9.0135100e+03   9.9999589e-03
   9.7092900e+03   0.0000000e+00
   1.0458800e+04   0.0000000e+00
   1.1266100e+04   0.0000000e+00
   1.2135800e+04   0.0000000e+00
   1.3072600e+04   0.0000000e+00
   1.4081700e+04   0.0000000e+00
   1.5168700e+04   0.0000000e+00
   1.6339700e+04   0.0000000e+00
   1.7601000e+04   1.0000154e-02
   1.8959700e+04   0.0000000e+00
   2.0423200e+04   1.0000405e-02
   2.1999800e+04   0.0000000e+00
   2.3698000e+04   9.9998502e-03
   2.5527300e+04   1.0000302e-02
   2.7497900e+04   0.0000000e+00
   2.9620500e+04   0.0000000e+00
   3.1907000e+04   2.9999833e-02
   3.4370000e+04   0.0000000e+00
   3.7023200e+04   0.0000000e+00
   3.9881100e+04   0.0000000e+00
   4.2959700e+04   0.0000000e+00
   4.6275900e+04   0.0000000e+00
   4.9848000e+04   0.0000000e+00
   5.3696000e+04   0.0000000e+00
   5.7840900e+04   1.0000127e-02
   6.2305900e+04   0.0000000e+00
   6.7115500e+04   0.0000000e+00
   7.2296400e+04   1.0000012e-02
   7.7877200e+04   0.0000000e+00
   8.3888800e+04   0.0000000e+00
   9.0364400e+04   0.0000000e+00
   9.7339900e+04   0.0000000e+00
   1.0485400e+05   0.0000000e+00
   1.1294800e+05   0.0000000e+00
   1.2166700e+05   0.0000000e+00
   1.3105900e+05   0.0000000e+00
   1.4117600e+05   0.0000000e+00
   1.5207300e+05   0.0000000e+00
   1.6381200e+05   0.0000000e+00
   1.7645800e+05   0.0000000e+00
   1.9007900e+05   0.0000000e+00
   2.0475200e+05   0.0000000e+00
   2.2055700e+05   0.0000000e+00
   2.3758300e+05   0.0000000e+00
   2.5592300e+05   0.0000000e+00
   2.7567800e+05   1.0000219e-02
