78.5734	0.00135815
85.9364	0
93.9893	0.00340616
102.797	0.00103811
112.43	0
122.965	0.00173568
134.488	0.00238045
147.091	0.001451
160.874	0.00132668
175.95	0.000606505
192.438	0.00166362
210.471	0
230.193	0.000927171
251.764	0.000423866
275.357	0.000775099
301.16	0.000708689
329.381	0.00161992
360.247	0.000888677
394.005	0.000812536
430.926	0.000990558
471.307	0
515.473	0.00103511
563.777	0.000189285
616.607	0.000519201
674.388	0
737.584	0.000723405
806.701	0.00026457
882.296	0.000120951
964.974	0.000110588
1055.4	0.000202225
1154.3	0.000184899
1262.47	0
1380.77	7.72861e-05
1510.16	0.000141329
1651.67	0
1806.45	0.000236296
1975.73	0
2160.87	0.00029631
2363.36	0
2584.83	0
2827.05	3.77477e-05
3091.96	3.45135e-05
3381.7	3.15564e-05
3698.6	2.88527e-05
4045.19	7.91418e-05
4424.25	0
4838.84	0
5292.28	2.01642e-05
5788.21	0
6330.61	3.37138e-05
6923.84	3.08252e-05
7572.66	0
8282.28	0
9058.4	0
9907.24	0
10835.6	1.96969e-05
11851	9.00466e-06
12961.6	0
14176.2	7.52774e-06
15504.6	0
16957.5	0
18546.5	0
20284.5	0
22185.3	0
24264.3	4.39801e-06
26538	0
29024.8	3.67666e-06
31744.7	3.36164e-06
34719.4	3.07362e-06
37972.9	0
41531.3	0
45423.1	2.34934e-06
49679.6	0
54335	0
59426.7	1.79573e-06
64995.4	0
71086	0
77747.3	0
85032.9	1.25498e-06
93001.2	0
101716	0
111248	0
121673	8.77062e-07
133074	0
145544	0
159183	0
174100	0
190414	0
208258	0
227773	0
249117	0
272462	0
297994	0
325918	0
356459	0
389862	0
426396	0
466352	0
510053	2.09222e-07
557849	0
