46.6601	0.00226628
51.0726	0
55.9024	0
61.1889	0
66.9754	0
73.3091	0
80.2418	0
87.83	0.00120397
96.1359	0.0021999
105.227	0.00200983
115.178	0
126.07	0.000838774
137.993	0
151.042	0.0007001
165.326	0.00255845
180.96	0
198.073	0.00213546
216.805	0.000487741
237.307	0.000445602
259.749	0.000814207
284.313	0.00111579
311.199	0.000339797
340.629	0.00031044
372.841	0.000567237
408.1	0.00103646
446.693	0.00118364
488.935	0.000432551
535.173	0.00019759
585.783	0.000361037
641.179	0.000164922
701.813	0.000301347
768.182	0
840.827	0
920.342	0.000114897
1007.38	0.000209941
1102.64	0
1206.92	0.000262847
1321.05	8.00459e-05
1445.98	7.31301e-05
1582.72	0.000133624
1732.39	0.000183119
1896.22	5.57659e-05
2075.54	0.000101896
2271.82	9.30923e-05
2486.66	4.25247e-05
2721.82	7.77014e-05
2979.22	0
3260.95	3.24275e-05
3569.33	2.96259e-05
3906.88	0
4276.34	7.41835e-05
4680.74	2.25914e-05
5123.39	4.12792e-05
5607.9	5.65691e-05
6138.22	3.44545e-05
6718.7	4.72166e-05
7354.07	0
8049.52	3.94103e-05
8810.74	1.20018e-05
9643.95	0
10556	1.00175e-05
11554.2	0
12646.9	0
13842.8	0
15151.9	0
16584.8	6.37599e-06
18153.2	1.74754e-05
19869.9	0
21748.9	4.86206e-06
23805.7	0
26056.9	0
28521.1	3.7076e-06
31218.2	3.38727e-06
34170.4	0
37401.9	2.82726e-06
40938.9	2.58299e-06
44810.3	0
49047.9	0
53686.3	1.96968e-06
58763.3	0
64320.4	0
70403	0
77060.8	0
84348.2	0
92324.8	0
101056	0
110612	9.55993e-07
121073	8.73398e-07
132522	0
145055	0
158772	0
173787	6.08474e-07
190221	0
208210	0
227900	0
249452	0
273042	0
298863	0
327125	0
358061	0
