56.4569	0.00205725
61.3177	0
66.5971	0
72.331	0
78.5586	0
85.3224	0
92.6685	0.00125335
100.647	0.00115399
109.313	0
118.724	0.00195656
128.946	0.00090073
140.049	0.00248798
152.107	0
165.203	0.00210915
179.426	0.00129464
194.875	0.000596003
211.653	0.00109751
229.876	0.00202102
249.668	0.00279121
271.164	0.00214161
294.511	0.000394368
319.868	0.000726211
347.408	0.000334321
377.32	0.000615636
409.807	0.000850249
445.09	0.000521898
483.412	0.000240263
525.033	0.000442433
570.238	0.000611039
619.334	0.000187533
672.658	0.000345334
730.573	0.000158979
793.475	0.000292753
861.792	0.000269545
935.991	0.000248177
1016.58	0.000114252
1104.1	0.000210389
1199.17	0.000484278
1302.41	0.000178355
1414.55	0.000164216
1536.34	7.55991e-05
1668.62	6.96061e-05
1812.28	0
1968.32	0.000177023
2137.79	5.433e-05
2321.85	0
2521.75	9.21152e-05
2738.87	0
2974.69	3.90448e-05
3230.8	0.000107849
3508.97	3.30997e-05
3811.09	3.04758e-05
4139.22	5.61197e-05
4495.6	2.58355e-05
4882.66	4.75748e-05
5303.05	0
5759.64	0
6255.54	0
6794.13	0
7379.09	1.57399e-05
8014.42	0
8704.45	1.33433e-05
9453.9	1.22855e-05
10267.9	0
11151.9	1.04149e-05
12112.1	0
13154.9	0
14287.5	8.12918e-06
15517.7	0
16853.7	0
18304.8	6.34511e-06
19880.8	0
21592.5	0
23451.6	4.95258e-06
25470.8	0
27663.8	4.19849e-06
30045.6	0
32632.5	0
35442.1	0
38493.6	0
41807.8	0
45407.4	0
49316.9	0
53563	2.1684e-06
58174.7	0
63183.5	0
68623.5	0
74531.9	0
80949	0
87918.6	0
95488.3	0
103710	0
112639	0
122337	0
132870	0
144310	0
156735	0
170230	0
184886	6.28203e-07
200804	0
