82.3179	0.00134289
89.7645	0
97.8848	0.00338798
106.74	0
116.395	0.000949728
126.925	0.000870941
138.407	0
150.927	0.000732433
164.58	0.000671673
179.468	0
195.703	0.000564855
213.407	0.00258998
232.712	0.00285015
253.764	0.00130685
276.72	0.00079896
301.752	0
329.049	0.00033595
358.816	0.000616161
391.275	0.000847569
426.67	0.00103634
465.267	0.00118796
507.356	0.000435765
553.253	0.000199808
603.301	0
657.876	0.000672127
717.389	0.000462277
782.285	0.000282618
853.052	0.00038876
930.22	0.000118836
1014.37	0.000108978
1106.13	0.000499688
1206.19	9.1647e-05
1315.31	8.40442e-05
1434.29	0.000231216
1564.04	7.06784e-05
1705.53	0
1859.81	0.000237753
2028.05	5.45074e-05
2211.52	9.99713e-05
2411.57	9.1678e-05
2629.73	0
2867.62	0
3127.03	0
3409.9	3.24185e-05
3718.37	5.94584e-05
4054.74	0.000136315
4421.54	2.50013e-05
4821.52	0
5257.68	0
5733.3	0
6251.94	0
6817.5	1.62147e-05
7434.23	1.48696e-05
8106.74	0
8840.09	0
9639.78	0
10511.8	1.05162e-05
11462.7	0
12499.7	8.84376e-06
13630.4	0
14863.4	0
16208	0
17674.2	0
19273	0
21016.5	0
22917.7	4.82352e-06
24990.9	4.42338e-06
27251.6	0
29716.8	0
32405.1	0
35336.5	6.25665e-06
38533.1	0
42018.8	0
45819.9	0
49964.9	2.21244e-06
54484.8	0
59413.6	1.86059e-06
64788.2	0
70649.1	1.56469e-06
77040.1	0
84009.3	1.31586e-06
91608.9	0
99896	1.10659e-06
108933	0
118787	0
129533	0
141250	0
154028	0
167962	0
183156	0
199725	0
217792	0
237494	0
258978	0
282405	0
307952	0
335810	0
366188	0
399314	0
435437	0
