108.215	0.0017775
119.466	0.00241513
131.888	0.00145845
145.601	0.00132108
160.74	0.00179499
177.453	0.000541977
195.904	0.00245466
216.274	0.00177878
238.761	0.000805622
263.587	0.000364873
290.994	0.00165254
321.25	0.00029938
354.652	0.000542366
391.528	0.000982568
432.238	0.00155755
477.18	0.0004031
526.795	0.000547702
581.57	0.000165373
642.039	0.000449392
708.796	0.000135689
782.494	0.000368727
863.855	0.000111333
953.676	0.000100847
1052.84	9.13492e-05
1162.31	0.000165491
1283.16	7.49524e-05
1416.58	0.000135786
1563.87	0
1726.47	0.000111413
1905.98	0.00010092
2104.16	0
2322.94	8.2805e-05
2564.47	7.50061e-05
2831.12	0.000101913
3125.49	3.07714e-05
3450.47	8.36197e-05
3809.23	5.04961e-05
4205.3	4.57402e-05
4642.56	2.07161e-05
5125.27	0
5658.18	3.39953e-05
6246.5	3.07935e-05
6895.98	2.78932e-05
7613	0
8404.58	1.14433e-05
9278.45	0
10243.2	0
11308.2	0
12484	7.7039e-06
13782.1	6.97832e-06
15215.1	0
16797.1	0
18543.6	0
20471.7	0
22600.3	0
24950.2	0
27544.4	0
30408.4	3.16281e-06
33570.1	0
37060.6	5.19019e-06
40914	0
45168.1	0
49864.5	0
55049.3	0
60773.1	0
67092.1	0
74068.1	0
81769.4	0
90271.5	0
99657.6	0
110020	0
121459	0
134088	0
148030	0
163421	0
180413	0
199172	0
219881	0
242744	0
267983	0
295847	3.25085e-07
326609	0
360568	0
398059	2.41612e-07
439447	0
485140	0
535583	0
591271	0
652749	0
720619	0
795547	0
878265	0
969583	0
1.0704e+06	0
1.18169e+06	0
1.30456e+06	0
1.4402e+06	0
1.58995e+06	0
1.75527e+06	5.47926e-08
1.93778e+06	0
