36.6946	0.00579172
40.1478	0.00264678
43.9259	0.00241912
48.0597	0
52.5824	0
57.5308	0
62.9448	0
68.8683	0.00154298
75.3493	0.00141026
82.4402	0.00128896
90.1984	0
98.6866	0.00215353
107.974	0.00098415
118.135	0.0044975
129.252	0
141.416	0.00150284
154.724	0.00137357
169.284	0.000627715
185.215	0.00401607
202.645	0.00209751
221.715	0.00143782
242.58	0.00043805
265.409	0.000800745
290.385	0.00146374
317.713	0.0016723
347.612	0.000305693
380.324	0.000558799
416.115	0.000510735
455.274	0
498.119	0
544.995	0
596.283	0.000356416
652.397	0.00016288
713.792	0
780.965	0.000136065
854.459	0.000248724
934.869	0.000113665
1022.85	0.000103889
1119.1	0
1224.42	8.67859e-05
1339.64	7.93212e-05
1465.71	0.000144997
1603.65	6.62628e-05
1754.56	0
1919.68	0
2100.33	0.000101186
2297.99	9.24829e-05
2514.25	8.45282e-05
2750.85	3.86289e-05
3009.73	7.06126e-05
3292.96	0
3602.85	2.94939e-05
3941.9	0
4312.86	9.85538e-05
4718.73	2.25192e-05
5162.8	2.05823e-05
5648.65	0
6180.23	0
6761.83	4.71451e-05
7398.17	0
8094.38	2.62558e-05
8856.12	1.19987e-05
9689.54	0
10601.4	2.00469e-05
11599.1	0
12690.6	0
13884.9	7.6531e-06
15191.5	0
16621.2	1.27864e-05
18185.3	0
19896.7	0
21769.1	0
23817.7	8.92296e-06
26059.1	4.07774e-06
28511.5	0
31194.6	0
34130.2	0
37342.1	0
40856.2	2.60088e-06
44701.1	0
48907.8	0
53510.3	3.97166e-06
58546	0
64055.6	0
70083.6	0
76679	0
83895	0
91790.1	1.15767e-06
100428	0
109879	9.67084e-07
120219	0
131533	0
143911	0
157454	0
172272	0
188483	0
206221	0
225628	0
246861	0
270092	0
