47.9088	0.00271673
51.5897	0
55.5534	0
59.8217	0
64.4178	0
69.3671	0.00375266
74.6967	0
80.4357	0.00161813
86.6157	0.00150268
93.2705	0
100.437	0.0012959
108.153	0
116.463	0.00111757
125.411	0.00207567
135.046	0.000963785
145.422	0.000895019
156.595	0.00083116
168.626	0.000771858
181.582	0.00215036
195.533	0.00199693
210.556	0.000618151
226.734	0.00114809
244.154	0
262.912	0.000990105
283.112	0.000919462
304.864	0.00170772
328.287	0.00118941
353.51	0
380.67	0.000683822
409.918	0.000317516
441.412	0.000294861
475.326	0.000273823
511.846	0.000762859
551.172	0.000944572
593.519	0.000438589
639.12	0.000610944
688.225	0.000189118
741.102	0.00122937
798.041	0.000163094
859.356	0.000151457
925.381	0.000140651
996.479	0
1073.04	0.000363888
1155.48	0.000112642
1244.26	0.000104605
1339.86	0
1442.8	0
1553.65	0.000167548
1673.02	7.77966e-05
1801.56	7.22459e-05
1939.98	6.70912e-05
2089.03	0.000186913
2249.53	0.000115718
2422.37	0
2608.48	9.97941e-05
2808.89	4.63369e-05
3024.7	4.30308e-05
3257.09	0
3507.34	3.71095e-05
3776.81	3.44617e-05
4066.99	3.20029e-05
4379.46	0
4715.94	2.7599e-05
5078.27	5.12597e-05
5468.44	4.76024e-05
5888.59	2.2103e-05
6341.02	0
6828.21	0
7352.82	1.77014e-05
7917.75	0
8526.08	1.52656e-05
9181.15	0
9886.55	1.31649e-05
10646.1	0
11464.1	2.27066e-05
12344.9	1.05433e-05
13293.4	0
14314.7	0
15414.5	8.44368e-06
16598.9	7.84123e-06
17874.2	0
19247.5	0
20726.3	6.27974e-06
22318.7	0
24033.5	0
25880	0
27868.4	0
30009.5	0
32315.2	0
34798	3.74031e-06
37471.6	0
40350.6	0
43450.7	0
46789.1	0
50384	0
54255	0
58423.5	0
62912.3	0
67745.9	1.92123e-06
72950.9	0
