59.8596	0.00193092
65.0384	0.00177716
70.6654	0
76.7792	0
83.4219	0
90.6393	0
98.4812	0.00117367
107.001	0
116.259	0
126.317	0.000915028
137.246	0.000842166
149.12	0.000775106
162.022	0.000713386
176.039	0
191.27	0.000604298
207.818	0.000556179
225.798	0.00102378
245.333	0
266.559	0
289.62	0
314.678	0.00110193
341.903	0.000676122
371.483	0
403.623	0.000572732
438.543	0.000263563
476.485	0.00121288
517.709	0.000446521
562.499	0.000410965
611.165	0.000378241
664.042	0
721.493	0
783.914	0.000442334
851.736	0.000135704
925.426	0.000249796
1005.49	0.000574763
1092.48	0.000317398
1187	0
1289.7	0.000358483
1401.28	0
1522.51	7.59165e-05
1654.24	0.000139743
1797.36	6.43077e-05
1952.86	0.000118374
2121.82	0.000108948
2305.39	0
2504.85	0.000138432
2721.56	8.49395e-05
2957.02	0
3212.85	0.000107926
3490.82	9.93324e-05
3792.84	6.09485e-05
4120.98	2.80477e-05
4477.52	0
4864.9	2.37587e-05
5285.8	0
5743.11	0
6239.99	5.55693e-05
6779.86	5.11444e-05
7366.43	1.56906e-05
8003.76	1.44412e-05
8696.22	2.65826e-05
9448.59	0
10266.1	0
11154.2	1.03623e-05
12119.3	0
13167.8	0
14307.1	0
15544.9	0
16889.8	0
18351	6.29851e-06
19938.7	5.79697e-06
21663.7	0
23538	0
25574.5	4.51951e-06
27787.1	0
30191.1	0
32803.2	3.52356e-06
35641.2	3.24298e-06
38724.8	2.98475e-06
42075.2	0
45715.4	2.52834e-06
49670.6	2.32701e-06
53968	4.28343e-06
58637.1	3.94235e-06
63710.2	0
69222.3	1.66975e-06
75211.2	1.53679e-06
81718.2	0
88788.3	0
96470	0
104816	1.10273e-06
113885	0
123738	0
134443	0
146075	7.91265e-07
158713	0
172444	0
187364	6.16896e-07
203574	5.67774e-07
221186	0
