41.8664	0.00305244
45.1424	0.00283092
48.6748	0
52.4837	0
56.5905	0.00225823
61.0188	0
65.7935	0
70.9419	0
76.4932	0.00501201
82.4788	0
88.9328	0.00287396
95.8918	0
103.395	0.00123598
111.486	0
120.21	0.00425238
129.616	0
139.759	0.00274318
150.695	0.0025441
162.487	0.00235947
175.202	0.00218824
188.912	0.00202944
203.694	0.000627386
219.633	0.000581855
236.82	0.000539629
255.351	0.00250234
275.332	0.000464147
296.877	0.000860927
320.108	0.00119767
345.156	0.00111075
372.165	0.000343382
401.287	0.000955386
432.688	0.0011814
466.546	0.000273916
503.054	0
542.418	0.000706806
584.862	0.000218504
630.628	0
679.975	0
733.184	0.000174301
790.555	0.000646607
852.417	0.000599682
919.119	0.000278081
991.04	0.0005158
1068.59	0.000119592
1152.21	0.000221826
1242.37	0
1339.58	9.53988e-05
1444.41	8.84755e-05
1557.43	0
1679.3	7.60998e-05
1810.71	7.05772e-05
1952.4	0
2105.17	0
2269.91	5.62996e-05
2447.53	0
2639.05	0
2845.55	0
3068.22	0
3308.31	0
3567.19	3.58251e-05
3846.32	6.64504e-05
4147.3	0
4471.82	2.85778e-05
4821.75	0
5199.05	2.45804e-05
5605.88	2.27965e-05
6044.54	0
6517.53	0
7027.53	1.81849e-05
7577.44	1.68652e-05
8170.38	4.69237e-05
8809.71	0
9499.08	1.34534e-05
10242.4	0
11043.9	1.15716e-05
11908	0
12839.9	0
13844.6	0
14927.9	0
16096	0
17355.6	1.47267e-05
18713.7	0
20178	6.33337e-06
21756.9	0
23459.4	0
25295.1	5.05214e-06
27274.5	0
29408.7	4.34547e-06
31710	0
34191.3	0
36866.8	0
39751.7	0
42862.2	0
46216.2	0
49832.7	0
53732.1	0
57936.7	0
62470.2	0
67358.6	1.89723e-06
72629.4	0
