57.928	0.00185997
63.3044	0
69.1799	0
75.6006	0.00142517
82.6173	0.00130413
90.2852	0
98.6648	0
107.822	0
117.829	0
128.765	0.000836746
140.717	0.00153136
153.777	0.00280261
168.049	0.000641145
183.646	0.00117339
200.691	0.000536865
219.318	0
239.673	0.00179818
261.918	0.00164546
286.227	0.000376428
312.793	0.00137783
341.824	0.00157602
373.549	0.0008653
408.219	0.000263937
446.107	0.000966082
487.512	0.00110504
532.759	0.000404476
582.205	0.000185062
636.241	0.000508034
695.293	0.000309924
759.825	0.000425403
830.346	0.000389274
907.412	0.000237475
991.632	0.000434613
1083.67	9.94253e-05
1184.25	0
1294.16	0.000166508
1414.27	0.000304733
1545.54	0.000139426
1688.98	0.000191377
1845.74	0.000116749
2017.05	5.34167e-05
2204.25	4.888e-05
2408.84	0
2632.41	4.09298e-05
2876.73	7.49073e-05
3143.72	3.42727e-05
3435.5	0
3754.36	0
4102.81	0
4483.6	2.40307e-05
4899.74	0
5354.5	0
5851.46	1.84132e-05
6394.55	1.68494e-05
6988.04	1.54183e-05
7636.62	0
8345.4	1.29106e-05
9119.95	3.54423e-05
9966.4	1.08107e-05
10891.4	0
11902.3	9.05239e-06
13006.9	0
14214.2	0
15533.4	6.93627e-06
16975.1	0
18550.6	0
20272.3	0
22153.9	0
24210	0
26457	0
28912.6	3.72655e-06
31596	0
34528.5	0
37733.2	0
41235.3	0
45062.5	0
49244.8	2.18792e-06
53815.4	0
58810.1	0
64268.5	0
70233.4	0
76751.9	0
83875.5	0
91660.2	1.17547e-06
100167	0
109464	0
119624	0
130726	0
142859	0
156119	0
170608	0
186443	0
203747	0
222658	0
243323	0
265906	0
290586	0
317556	0
347029	3.10475e-07
379238	0
