37.6145	0.00628236
40.798	0
44.2509	0
47.9961	0
52.0583	0
56.4643	0
61.2431	0.00192926
66.4265	0
72.0485	0
78.1464	0
84.7603	0.00139398
91.9341	0.0012852
99.7149	0
108.154	0.00109246
117.308	0
127.236	0
138.005	0.00171231
149.685	0.0015787
162.354	0.00145551
176.095	0
190.999	0
207.164	0.00114068
224.697	0.00210334
243.715	0.00145441
264.342	0.0017879
286.714	0.000824192
310.981	0.00151976
337.301	0.000700585
365.848	0.00129183
396.812	0.000595515
430.396	0.000549047
466.823	0.000506204
506.333	0.000233352
549.186	0.000860573
595.667	0.000198355
646.082	0
700.763	0
760.072	0.000466352
824.402	0.000286641
894.175	0.000132137
969.854	0.000243653
1051.94	0.00033696
1140.97	0.000103556
1237.54	0
1342.28	8.8025e-05
1455.88	0.000243469
1579.1	7.48236e-05
1712.75	0
1857.7	0
2014.93	5.86391e-05
2185.47	5.40634e-05
2370.44	0
2571.06	4.59553e-05
2788.66	8.47388e-05
3024.68	0
3280.68	3.60151e-05
3558.34	0
3859.5	0
4186.15	0.0001129
4540.44	0
4924.73	0
5341.53	4.42397e-05
5793.62	0
6283.96	3.76049e-05
6815.81	0
7392.67	0
8018.35	4.42063e-05
8696.99	1.35856e-05
9433.06	2.5051e-05
10231.4	0
11097.4	0
12036.6	0
13055.3	9.05024e-06
14160.3	8.34404e-06
15358.7	0
16658.6	0
18068.5	0
19597.8	0
21256.4	1.1117e-05
23055.5	0
25006.8	4.72487e-06
27123.3	0
29418.8	0
31908.7	0
34609.3	6.82786e-06
37538.5	0
40715.6	0
44161.6	0
47899.2	0
51953.2	0
56350.3	2.09677e-06
61119.5	3.86632e-06
66292.4	1.78231e-06
71903	0
77988.6	0
84589.2	1.3968e-06
91748.4	1.2878e-06
99513.6	0
107936	0
117071	0
