86.3796	0.00281717
93.479	0
101.162	0.00120276
109.476	0.00222282
118.474	0
128.211	0
138.748	0
150.151	0.000810335
162.492	0
175.847	0.000691926
190.299	0.000639377
205.939	0.00118164
222.865	0.000545949
241.182	0.00100897
261.004	0.000466173
282.455	0
305.669	0.000796108
330.792	0
357.979	0
387.4	0.000628151
419.239	0
453.696	0.000268182
490.984	0.000495629
531.337	0.000457988
575.006	0.000634809
622.264	0.000586598
673.407	0.000180683
728.752	0.000667842
788.647	0.000308561
853.463	0.000285127
923.608	0.000131737
999.517	0
1081.66	0.000112487
1170.56	0.000207888
1266.77	0.000288149
1370.88	8.87552e-05
1483.55	8.20146e-05
1605.48	0.000303144
1737.43	0.000210091
1880.23	0.000129424
2034.76	5.97972e-05
2201.99	0.000110512
2382.97	5.10594e-05
2578.82	0
2790.76	0.000130795
3020.13	0
3268.35	0.000148911
3536.96	3.44004e-05
3827.66	6.35756e-05
4142.24	0.000146868
4482.69	0
4851.11	5.0163e-05
5249.81	2.31766e-05
5681.28	0
6148.21	0
6653.51	0
7200.35	3.37964e-05
7792.13	0
8432.54	1.4429e-05
9125.59	1.33332e-05
9875.6	0
10687.3	0
11565.6	1.05202e-05
12516.2	0
13544.8	0
14658.1	8.30075e-06
15862.8	7.67035e-06
17166.5	1.41756e-05
18577.4	0
20104.2	1.81564e-05
21756.5	5.59249e-06
23544.6	5.16776e-06
25479.7	0
27573.8	4.41263e-06
29840	0
32292.5	0
34946.5	3.48169e-06
37818.7	0
40926.9	0
44290.6	0
47930.8	2.53851e-06
51870.1	0
56133.2	0
60746.6	2.00296e-06
65739.2	0
71142.2	0
76989.2	1.58039e-06
83316.7	0
90164.3	1.34946e-06
97574.7	1.24697e-06
105594	0
114273	0
123664	0
133828	0
144827	0
156730	0
169611	0
183551	0
198637	0
214962	0
