39.331	0.00221309
43.8496	0
48.8873	0
54.5037	0
60.7654	0
67.7465	0.00256967
75.5296	0.00115243
84.2069	0.00206736
93.8811	0.000927162
104.667	0.00249486
116.691	0.00223777
130.098	0.000669059
145.044	0.000600114
161.707	0.000538274
180.285	0.000965613
200.998	0.00086611
224.089	0.00155372
249.834	0.00104521
278.536	0.00125001
310.536	0.00168179
346.212	0
385.987	0.000225507
430.332	0.000404539
479.771	0.000362852
534.89	0.000813654
596.341	0.000437885
664.852	0.000392763
741.234	0
826.391	0.000315987
921.332	0.00018895
1027.18	0.000254219
1145.19	0.000228023
1276.75	0.000204526
1423.43	0.00018345
1586.97	0
1769.29	4.91966e-05
1972.55	8.82541e-05
2199.17	7.91598e-05
2451.82	0.000177507
2733.5	3.1843e-05
3047.55	0
3397.66	5.12369e-05
3788.01	0
4223.2	2.06107e-05
4708.38	3.69736e-05
5249.31	4.97454e-05
5852.38	1.48731e-05
6524.73	0
7274.33	0
8110.05	0
9041.78	1.92535e-05
10080.6	8.63474e-06
11238.7	0
12529.8	6.94686e-06
13969.3	0
15574.2	0
17363.5	5.013e-06
19358.3	0
21582.3	0
24061.8	0
26826.1	0
29908	0
33344.1	0
37174.8	0
41445.7	2.10017e-06
46207.2	0
51515.7	0
57434.2	0
64032.5	0
71389	0
79590.5	1.09363e-06
88734.3	0
98928.7	8.79856e-07
110294	0
122965	0
137092	0
152842	0
170402	0
189978	0
211804	0
236138	0
263266	0
293512	0
327232	0
364827	2.38587e-07
406740	0
453469	0
505566	0
563648	0
628403	0
700598	0
781087	0
870822	0
970868	0
1.08241e+06	0
1.20676e+06	0
1.3454e+06	0
1.49997e+06	0
1.67229e+06	0
1.86441e+06	0
