36.9694	0.0090287
40.2922	0.0110455
43.9135	0.00253366
47.8604	0.00697416
52.162	0.00213301
56.8502	0
61.9598	0.00359143
67.5286	0
73.5979	0.00302351
80.2128	0.00138709
87.4221	0.00509079
95.2794	0.00116774
103.843	0.00214289
113.176	0
123.348	0.00270605
134.434	0.00082763
146.517	0.00379689
159.686	0.00209027
174.038	0.00127859
189.68	0.00234631
206.728	0.00107641
225.309	0.00148146
245.559	0.00135929
267.629	0.00166293
291.683	0.000762896
317.899	0.00174996
346.471	0.00128452
377.611	0.000589294
411.55	0.000540697
448.54	0
488.853	0.000227598
532.791	0.000208829
580.677	0.000191607
632.867	0.000527419
689.747	0.000161308
751.741	0
819.305	0.0001358
892.943	0
973.199	0.000114326
1060.67	0
1156	0
1259.9	0
1373.13	8.10278e-05
1496.55	7.43457e-05
1631.06	0
1777.65	0.000125179
1937.42	0
2111.55	5.2692e-05
2301.34	0
2508.18	0
2733.61	0
2979.3	0
3247.07	3.42653e-05
3538.91	6.28792e-05
3856.98	0
4203.64	0
4581.45	0
4993.22	2.22826e-05
5442	0
5931.12	0
6464.2	0
7045.19	3.15853e-05
7678.39	0
8368.51	1.32953e-05
9120.66	0
9940.4	1.11929e-05
10833.8	0
11807.5	0
12868.8	0
14025.4	7.93289e-06
15286	0
16659.9	0
18157.2	0
19789.1	0
21567.7	0
23506.2	9.4666e-06
25618.9	0
27921.5	0
30431	0
33166.1	0
36147	0
39395.8	0
42936.6	0
46795.7	0
51001.6	0
55585.5	2.00164e-06
60581.4	0
66026.3	0
71960.6	1.54615e-06
78428.3	0
85477.3	1.30166e-06
93159.8	1.19431e-06
101533	0
110658	0
120604	0
131444	8.46461e-07
143258	0
156133	0
170166	0
185460	0
