45.7232	0.00230545
50.0608	0
54.8098	0.00192324
60.0094	0
65.7022	0
71.9351	0
78.7592	0
86.2307	0.00122245
94.411	0
103.367	0
113.173	0
123.91	0.00170144
135.664	0
148.534	0.00212906
162.625	0
178.052	0.00118406
194.943	0.0016222
213.437	0.00197553
233.685	0.00135327
255.853	0.00164802
280.125	0.000752611
306.699	0.000687401
335.794	0.000941761
367.649	0.000860161
402.526	0.000785632
440.712	0.000239187
482.521	0.000655387
528.295	0.000399067
578.412	0.000182245
633.283	0.000499362
693.36	0.000760157
759.136	0.000277717
831.151	0.000253654
909.999	0.000115838
996.326	0.000105801
1090.84	9.6634e-05
1194.33	0
1307.63	0.000161227
1431.68	0.000294515
1567.49	0
1716.19	0.000245689
1879	5.61003e-05
2057.25	5.12395e-05
2252.41	0
2466.09	0
2700.04	0
2956.18	7.13168e-05
3236.61	6.51375e-05
3543.66	5.94936e-05
3879.83	8.15081e-05
4247.89	0
4650.87	2.26651e-05
5092.07	0
5575.13	1.89076e-05
6104.02	0
6683.08	3.15461e-05
7317.08	1.44064e-05
8011.21	1.31581e-05
8771.2	2.40361e-05
9603.28	0
10514.3	0
11511.7	0
12603.8	8.36354e-06
13799.5	7.63888e-06
15108.6	0
16541.8	6.37248e-06
18111.1	5.82033e-06
19829.2	0
21710.3	4.85541e-06
23769.9	4.43471e-06
26024.8	0
28493.7	0
31196.7	0
34156.2	0
37396.5	0
40944.1	2.57455e-06
44828.3	0
49080.9	2.14773e-06
53737	1.96164e-06
58834.8	1.79167e-06
64416.2	0
70527	0
77217.6	0
84542.9	0
92563.1	0
101344	1.04014e-06
110958	0
121484	0
133009	0
145627	0
159442	0
174567	0
191128	0
209259	0
229111	0
250845	0
274642	0
300696	0
329221	0
360453	0
