41.3571	0.0026254
45.1661	0.002404
49.3258	0
53.8687	0
58.8299	0
64.248	0
70.1652	0
76.6273	0.00141698
83.6846	0
91.3918	0.00118806
99.8089	0.00217574
109.001	0
119.04	0.000912123
130.003	0.00250561
141.977	0.000764768
155.052	0.00140055
169.333	0.000641218
184.928	0.00117429
201.96	0.00161288
220.56	0.00196916
240.873	0.00135232
263.057	0.00206379
287.284	0.00037795
313.743	0.00138431
342.638	0.000633783
374.195	0.00203117
408.658	0
446.294	0.000486581
487.397	0.000445547
532.286	0.00122392
581.309	0.000186784
634.847	0.000342064
693.315	0.000313217
757.169	0.000143402
826.903	0.000262616
903.06	0.000480939
986.23	0.000330285
1077.06	0
1176.26	9.23091e-05
1284.59	8.45245e-05
1402.9	0
1532.1	7.08694e-05
1673.21	6.48929e-05
1827.31	5.94203e-05
1995.6	5.44093e-05
2179.39	0
2380.11	0.000136858
2599.32	0
2838.71	3.82495e-05
3100.15	0
3385.67	3.20702e-05
3697.49	0
4038.02	5.37784e-05
4409.92	4.92432e-05
4816.06	0
5259.62	0
5744.02	1.8903e-05
6273.04	1.73089e-05
6850.78	0
7481.72	0
8170.78	0
8923.3	0
9745.12	1.11419e-05
10642.6	1.02023e-05
11622.8	0
12693.3	8.55408e-06
13862.3	0
15139	0
16533.3	6.56731e-06
18056	6.01348e-06
19718.9	0
21535	0
23518.3	4.61679e-06
25684.3	0
28049.8	0
30633.2	0
33454.4	0
36535.6	5.94375e-06
39900.4	0
43575.2	0
47588.4	0
51971.3	0
56757.7	3.82606e-06
61985.1	0
67693.8	0
73928.3	1.46871e-06
80737	0
88172.8	1.23144e-06
96293.4	0
105162	0
114847	0
125424	0
136976	0
149591	0
163368	0
178414	0
194846	0
212791	0
232389	0
253792	0
