37.1536	0.00295625
40.5363	0.00270956
44.2269	0.00248345
48.2536	0
52.6468	0
57.4401	0
62.6697	0.00525782
68.3755	0.00481907
74.6008	0
81.3928	0
88.8033	0
96.8884	0.00113363
105.71	0
115.334	0
125.835	0.000872856
137.291	0.00320007
149.791	0
163.429	0.00134414
178.308	0.00369592
194.542	0.00282292
212.254	0.00258735
231.579	0.000948578
252.663	0.00130413
275.667	0.00159374
300.765	0.000365186
328.149	0.00133885
358.025	0.000613563
390.622	0.000562362
426.186	0.0015463
464.988	0.000472423
507.323	0.000433
553.512	0.000595301
603.907	0.000181875
658.89	0.000333395
718.879	0.000458362
784.329	0.000420112
855.739	0.000385055
933.65	0.000235282
1018.65	0
1111.4	0
1212.59	0
1322.99	0
1443.44	0
1574.86	0.000139486
1718.24	0
1874.68	0.000117178
2045.36	0
2231.58	0
2434.75	4.51116e-05
2656.42	8.26942e-05
2898.28	7.57936e-05
3162.15	0
3450.05	0
3764.16	0
4106.87	2.67443e-05
4480.78	2.45125e-05
4888.74	2.2467e-05
5333.83	0
5819.46	0
6349.29	0
6927.36	1.58553e-05
7558.07	0
8246.19	1.33195e-05
8996.97	1.2208e-05
9816.1	1.11893e-05
10709.8	0
11684.9	0
12748.7	0
13909.5	0
15175.8	0
16557.5	6.63356e-06
18065	0
19709.8	0
21504.2	0
23462.1	0
25598.2	0
27928.8	3.93269e-06
30471.6	0
33245.9	0
36272.8	0
39575.2	0
43178.4	0
47109.6	2.33149e-06
51398.7	0
56078.3	0
61183.9	0
66754.4	0
72832.1	1.50806e-06
79463.1	0
86697.9	1.26688e-06
94591.3	0
103203	0
112600	0
122851	0
134036	0
146240	0
159554	0
174081	0
189930	5.78294e-07
207222	0
