36.673	0.00262178
40.4872	0.00237479
44.6981	0
49.3469	0
54.4793	0
60.1455	0
66.4009	0
73.307	0
80.9314	0.00237605
89.3487	0.00215221
98.6414	0.000974728
108.901	0
120.227	0
132.731	0.00144877
146.536	0.00131229
161.777	0.00178299
178.602	0.00215336
197.178	0.00146287
217.686	0.00176674
240.326	0.0016003
265.322	0.00181193
292.916	0.000328246
323.381	0.00148661
357.015	0.00107725
394.147	0.000731824
435.14	0.00044192
480.397	0.000400288
530.361	0.000181289
585.522	0.00016421
646.419	0.00014874
713.65	0.000134728
787.874	0.000488142
869.817	0.000331616
960.283	0.000100125
1060.16	9.06927e-05
1170.42	8.21487e-05
1292.15	0.000148819
1426.54	6.73998e-05
1574.91	0
1738.71	5.52988e-05
1919.55	0.000100178
2119.19	0.000136111
2339.6	4.10962e-05
2582.93	3.72246e-05
2851.57	0
3148.15	0
3475.57	0
3837.05	2.50579e-05
4236.13	0
4676.71	0
5163.11	5.58666e-05
5700.11	0
6292.95	0
6947.45	2.76788e-05
7670.03	0
8467.75	1.13547e-05
9348.45	1.0285e-05
10320.7	9.31606e-06
11394.2	0
12579.2	1.52869e-05
13887.5	0
15331.9	1.88134e-05
16926.5	0
18687	0
20630.5	0
22776.2	0
25145	3.82376e-06
27760.3	3.46353e-06
30647.5	3.13724e-06
33835	0
37354.1	2.57398e-06
41239.1	2.33149e-06
45528.2	0
50263.4	1.9129e-06
55491	0
61262.4	0
67634.1	0
74668.4	0
82434.3	0
91008	1.05649e-06
100473	0
110923	0
122460	0
135196	0
149257	6.4418e-07
164781	0
181919	0
200840	0
221728	0
244789	0
270249	0
298356	0
329387	2.91902e-07
363645	0
401466	0
443221	0
489319	0
540210	0
596395	1.61216e-07
658424	0
