142.746	0.00320994
155.208	0.000738056
168.757	0.0013576
183.489	0.0012486
199.506	0.00172253
216.923	0.00105615
235.859	0.000485679
256.449	0.000893369
278.836	0.00205411
303.178	0.00113351
329.644	0.000695003
358.421	0.000639203
389.71	0.000293941
423.73	0.000270341
460.721	0.000745909
500.94	0.000457348
544.67	0.000210314
592.218	0.000386857
643.917	0.000711594
700.129	0.000490846
761.248	0.000300958
827.702	0.000138397
899.958	0
978.521	0.000117066
1063.94	0.000107667
1156.82	0.000594137
1257.81	9.10726e-05
1367.61	0.000335042
1487	7.70356e-05
1616.81	0.000141701
1757.95	0.000130324
1911.41	0.000119861
2078.27	0.000110237
2259.7	5.06934e-05
2456.97	0.000186493
2671.45	8.576e-05
2904.66	0.000157749
3158.23	0
3433.93	3.33588e-05
3733.7	6.1361e-05
4059.64	2.82172e-05
4414.03	0
4799.36	0
5218.33	2.19518e-05
5673.88	2.01893e-05
6169.19	0
6707.74	1.70776e-05
7293.3	4.71194e-05
7929.98	1.44454e-05
8622.24	0
9374.93	1.2219e-05
10193.3	2.24758e-05
11083.2	0
12050.7	0
13102.7	8.74262e-06
14246.5	0
15490.2	0
16842.4	0
18312.7	0
19911.4	0
21649.6	0
23539.5	0
25594.4	0
27828.7	0
30258.1	3.78583e-06
32899.5	0
35771.5	0
38894.3	0
42289.6	0
45981.3	0
49995.4	0
54359.8	0
59105.2	0
64264.9	0
69875	0
75974.9	0
82607.2	0
89818.6	0
97659.4	0
106185	0
115454	0
125533	0
136492	0
148407	0
161363	0
175449	0
190765	0
207418	5.52275e-07
225525	0
245213	0
266619	0
289894	0
315201	0
342717	0
372635	0
405165	0
440534	0
478991	0
520806	0
566270	0
