106.854	0.00192688
117.233	0
128.621	0
141.115	0.00218858
154.822	0
169.861	0
186.361	0
204.464	0
224.325	0.000458919
246.115	0.000418288
270.022	0
296.251	0
325.028	0.000316732
356.601	0.00028869
391.24	0.00052626
429.244	0.000479667
470.94	0.000437198
516.686	0.000199245
566.875	0
621.94	0.000496577
682.353	0.000150871
748.635	0.000137513
821.356	0.000250676
901.14	0
988.674	0.000208253
1084.71	0.000189815
1190.08	8.65045e-05
1305.68	0.000394228
1432.51	0.000215595
1571.66	0.000196506
1724.33	0.000179108
1891.82	0.000108834
2075.59	4.9599e-05
2277.21	0.000226038
2498.41	8.24101e-05
2741.1	0.000112671
3007.36	3.42317e-05
3299.48	9.36028e-05
3619.99	5.6877e-05
3971.62	0
4357.42	4.72514e-05
4780.68	0.00010767
5245.07	1.96274e-05
5754.56	1.78896e-05
6313.54	9.78345e-05
6926.82	0
7599.68	0
8337.89	2.46938e-05
9147.81	3.37612e-05
10036.4	1.02574e-05
11011.3	9.34921e-06
12080.9	8.52146e-06
13254.4	0
14541.9	7.07933e-06
15954.5	0
17504.3	0
19204.6	1.07211e-05
21070.1	9.77187e-06
23116.8	8.9067e-06
25362.3	0
27825.9	0
30528.8	3.37213e-06
33494.3	3.07357e-06
36747.8	0
40317.4	0
44233.8	0
48530.5	0
53244.6	1.93347e-06
58416.7	0
64091.1	1.60626e-06
70316.8	0
77147.1	1.33442e-06
84641	0
92862.8	0
101883	0
111780	0
122638	1.67888e-06
134551	0
147621	0
161960	0
177692	0
194953	0
213890	0
234667	0
257462	0
282471	0
309909	0
340013	0
373041	0
409277	0
449033	2.29264e-07
492651	0
540506	0
593009	0
650613	0
713812	0
783149	0
859222	0
942685	0
1.03425e+06	0
