82.1325	0.00149428
88.8247	0
96.0621	0.0025552
103.889	0.00236269
112.354	0.00109234
121.509	0
131.41	0
142.117	0.00259073
153.697	0.00239554
166.22	0
179.763	0
194.411	0.00252515
210.251	0.00291863
227.383	0.00215899
245.91	0.000998162
265.947	0.000461479
287.616	0.00213355
311.051	0.00157825
336.396	0.000364835
363.805	0.000674695
393.448	0.000935794
425.507	0.00057686
460.177	0.000800098
497.673	0
538.223	0.000228026
582.078	0.000210846
629.506	0.000194961
680.798	0.000180272
736.27	0.00016669
796.261	0.000154131
861.141	0
931.307	0.000131781
1007.19	0
1089.26	0.000338017
1178.01	0.00031255
1273.99	0.000289002
1377.8	0.000267228
1490.06	0.00016473
1611.47	7.61594e-05
1742.78	0.000140843
1884.78	0
2038.35	0
2204.44	0
2384.06	0.000102958
2578.31	9.5201e-05
2788.39	4.40142e-05
3015.59	4.06981e-05
3261.3	0
3527.04	6.95933e-05
3814.42	3.2175e-05
4125.22	5.95018e-05
4461.34	0
4824.86	2.54368e-05
5217.99	2.35204e-05
5643.15	0
6102.96	0
6600.23	0
7138.02	0
7719.63	3.17966e-05
8348.62	0
9028.87	0
9764.55	0
10560.2	0
11420.6	2.14925e-05
12351.2	9.93662e-06
13357.5	0
14445.9	8.49575e-06
15623	7.85567e-06
16896	0
18272.6	0
19761.5	6.21051e-06
21371.7	0
23113	5.30994e-06
24996.3	0
27033	0
29235.7	8.39583e-06
31617.8	0
34194	3.58919e-06
36980.2	0
39993.3	0
43252	0
46776.2	0
50587.6	0
54709.4	2.24329e-06
59167.2	0
63988.2	0
69201.9	0
74840.5	0
80938.6	0
87533.5	0
94665.7	0
102379	0
110721	1.10845e-06
119743	0
129499	0
140051	0
151462	0
163804	0
177150	6.92795e-07
191585	0
