79.4755	0.00150498
86.1201	0.00138887
93.3202	0
101.122	0.00118282
109.577	0.00109156
118.738	0.00201468
128.665	0.000929617
139.422	0.000857892
151.079	0.00237511
163.71	0.00219185
177.397	0.00471973
192.228	0.00124445
208.299	0
225.714	0.000529914
244.585	0
265.034	0.00270779
287.192	0.000832956
311.203	0.000384344
337.222	0.000709381
365.415	0.000654649
395.966	0
429.071	0.000278763
464.944	0.000514511
503.816	0
545.937	0.000876359
591.581	0
641.04	0.000746345
694.635	0.000516571
752.71	0
815.641	0.000586578
883.833	0.000541321
957.726	0.000374666
1037.8	0.000230506
1124.56	0.000106361
1218.58	0
1320.46	0.000181163
1430.86	8.35925e-05
1550.49	0
1680.12	0.000142382
1820.59	0.000197095
1972.8	0.000303146
2137.73	0
2316.46	5.16345e-05
2510.13	0
2719.99	8.79483e-05
2947.4	0.000121744
3193.81	7.49006e-05
3460.84	0
3750.18	0
4063.72	0
4403.47	0
4771.62	2.50668e-05
5170.55	0
5602.84	0
6071.27	1.97009e-05
6578.86	0
7128.89	1.67781e-05
7724.91	0
8370.75	1.4289e-05
9070.59	0
9828.94	0
10650.7	0
11541.2	0
12506.1	0
13551.6	0
14684.6	1.62904e-05
15912.3	0
17242.7	0
18684.3	0
20246.4	0
21939.1	5.45187e-06
23773.3	0
25760.9	1.39291e-05
27914.7	0
30248.5	0
32777.5	0
35517.8	0
38487.3	0
41705.1	0
45191.8	0
48970.1	0
53064.3	2.25404e-06
57500.8	0
62308.2	0
67517.5	0
73162.3	0
79279.1	0
85907.3	0
93089.6	0
100872	2.3715e-06
109306	0
118444	0
128347	0
139078	0
150705	0
163305	0
176958	0
191753	0
207785	5.75641e-07
225157	0
