112.225	0.00280723
122.911	0.000854385
134.616	0.0015602
147.435	0.000712273
161.474	0.000650344
176.851	0.00237519
193.691	0
212.136	0.000990061
232.337	0.000903979
254.461	0.00123807
278.692	0.000376809
305.231	0.00103214
334.297	0.00157067
366.13	0.0014341
400.995	0.000523765
439.18	0
481.002	0.000873292
526.805	0.000199341
576.971	0.000728035
631.913	0.000664735
692.087	0
757.992	0.000277084
830.172	0.000252993
909.226	0.000461992
995.807	0.000105456
1090.63	0.000385148
1194.49	0.000263745
1308.24	8.02712e-05
1432.81	7.3292e-05
1569.25	0
1718.69	0.000183303
1882.35	0.000111577
2061.6	0.000101876
2257.92	4.65091e-05
2472.93	0
2708.41	0
2966.32	3.5402e-05
3248.79	0
3558.16	2.95135e-05
3896.99	2.69474e-05
4268.08	4.92088e-05
4674.51	0
5119.65	2.05119e-05
5607.17	1.87285e-05
6141.12	1.71001e-05
6725.91	1.56133e-05
7366.39	0
8067.86	1.30163e-05
8836.12	3.56538e-05
9677.55	0
10599.1	9.9078e-06
11608.4	0
12713.8	8.25981e-06
13924.5	0
15250.5	0
16702.7	0
18293.2	5.74058e-06
20035.2	5.24146e-06
21943.1	0
24032.6	0
26321.2	0
28827.6	3.64282e-06
31572.7	0
34579.3	3.0369e-06
37872.1	0
41478.5	0
45428.3	0
49754.3	0
54492.1	0
59681.2	1.75958e-06
65364.4	0
71588.7	0
78405.8	0
85872	0
94049.3	0
103005	0
112814	0
123557	8.49924e-07
135322	0
148209	1.41711e-06
162322	0
177779	0
194708	0
213249	0
233556	4.49629e-07
255797	0
280155	0
306833	0
336051	0
368052	0
403100	0
441486	2.37864e-07
483526	0
529571	0
579999	0
635230	0
695720	0
761971	0
834530	0
913998	0
