92.4882	0.00206659
102.166	0.000935414
112.856	0
124.666	0
137.71	0.000693975
152.12	0.000628237
168.038	0.000568727
185.621	0.00257427
205.044	0.00233042
226.499	0.00168773
250.2	0.000381965
276.38	0.000691566
305.3	0.000626056
337.246	0.00141688
372.535	0
411.516	0.000464465
454.576	0.000840937
502.142	0.00019032
554.685	0.000689165
612.727	0.000311942
676.841	0.000705981
747.665	0.000511285
825.899	0.000231427
912.319	0.000314257
1007.78	0
1113.24	8.58466e-05
1229.72	7.77147e-05
1358.4	0.000140706
1500.54	0.000127378
1657.55	5.76558e-05
1830.99	0.000104389
2022.59	4.72501e-05
2234.23	4.27743e-05
2468.01	0
2726.26	7.01089e-05
3011.53	6.34677e-05
3326.65	8.61835e-05
3674.75	5.20131e-05
4059.26	7.06292e-05
4484.02	0
4953.22	3.8588e-05
5471.51	3.49327e-05
6044.04	0
6676.48	1.43141e-05
7375.09	0
8146.81	2.34613e-05
8999.27	0
9940.94	1.9227e-05
10981.1	1.74057e-05
12130.2	7.87848e-06
13399.5	7.13218e-06
14801.6	0
16350.4	1.16899e-05
18061.2	5.2913e-06
19951.1	0
22038.8	4.33633e-06
24344.9	0
26892.3	0
29706.3	0
32814.7	0
36248.3	0
40041.3	0
44231.1	0
48859.4	0
53971.9	0
59619.5	0
65857.9	0
72749.2	0
80361.5	0
88770.4	0
98059.2	0
108320	8.82271e-07
119654	0
132175	0
146005	0
161283	0
178159	0
196801	4.85603e-07
217394	0
240142	0
265270	0
293028	0
323689	0
357560	0
394974	0
436303	0
481957	0
532388	0
588097	0
649634	0
717610	0
792700	0
875646	0
967272	0
1.06849e+06	0
1.18029e+06	0
1.30379e+06	0
1.44022e+06	0
1.59092e+06	0
1.75739e+06	0
