116.92	0.00103969
126.538	0.000960662
136.947	0.000887642
148.213	0.00164034
160.406	0.000757829
173.601	0.00210068
187.882	0.000647001
203.338	0.00119564
220.066	0
238.169	0.000510394
257.762	0.0014148
278.966	0.000871504
301.915	0.00040263
326.752	0.000372026
353.632	0.00137499
382.723	0.000952858
414.207	0.00088043
448.281	0.00108468
485.159	0.000501115
525.07	0.000231512
568.264	0.000213915
615.011	0.00039531
665.605	0.000182631
720.36	0.000674997
779.619	0.000467767
843.754	0
913.164	0.000266239
988.284	0.000123001
1069.58	0.000227303
1157.57	0.000315039
1252.8	0.000388123
1355.86	8.96554e-05
1467.4	0.000165681
1588.11	0.000229632
1718.76	0
1860.15	0.0001307
2013.17	0.000120765
2178.78	5.57927e-05
2358.01	5.15519e-05
2551.99	0.0001429
2761.93	4.40127e-05
2989.14	4.06673e-05
3235.04	7.51523e-05
3501.16	3.47199e-05
3789.18	6.41617e-05
4100.89	2.96423e-05
4438.25	5.47784e-05
4803.36	0
5198.5	2.33837e-05
5626.15	6.48188e-05
6088.98	0
6589.88	1.84465e-05
7131.99	0
7718.69	0
8353.66	0
9040.86	0
9784.6	0
10589.5	0
11460.7	0
12403.5	0
13423.8	9.05556e-06
14528.1	8.36724e-06
15723.2	7.73124e-06
17016.7	7.14358e-06
18416.5	0
19931.6	0
21571.2	0
23345.7	0
25266.3	0
27344.7	4.44546e-06
29594.2	0
32028.8	3.79534e-06
34663.6	0
37515.1	0
40601.3	0
43941.3	2.76642e-06
47556.1	0
51468.2	0
55702.2	0
60284.5	0
65243.7	0
70610.9	0
76419.6	1.59069e-06
82706.2	0
89509.9	0
96873.3	1.25484e-06
104842	0
113467	0
122801	0
132904	0
143837	0
155669	0
168475	0
182335	0
197334	0
213568	0
231137	0
250151	0
270729	0
293000	0
