91.3587	0.00120957
99.6261	0
108.642	0
118.473	0
129.194	0
140.885	0
153.634	0.000719274
167.537	0
182.698	0.00181455
199.231	0.00110931
217.26	0.00203452
236.921	0.000932843
258.361	0.000427716
281.741	0
307.237	0.00107902
335.04	0.000329827
365.359	0.00090737
398.421	0.000277358
434.476	0.000763024
473.793	0
516.668	0.000427761
563.423	0.000588395
614.409	0.000539568
670.009	0.000329861
730.641	0.000453732
796.759	0
868.861	0.000127184
947.487	0.000349889
1033.23	0.000427805
1126.73	0.000196152
1228.69	0
1339.88	8.2474e-05
1461.13	7.563e-05
1593.35	0.000208062
1737.54	0.000190796
1894.78	0.000174963
2066.24	0.000106962
2253.22	0.000196173
2457.12	8.99467e-05
2679.48	8.24826e-05
2921.95	3.78189e-05
3186.37	0.000138722
3474.72	0.00012721
3789.16	0
4132.05	2.67434e-05
4505.98	7.35724e-05
4913.74	2.2489e-05
5358.4	0
5843.3	0
6372.08	1.73421e-05
6948.71	1.5903e-05
7577.52	2.91666e-05
8263.24	1.33731e-05
9011.01	1.22633e-05
9826.45	1.12457e-05
10715.7	0
11685.4	0
12742.8	8.67195e-06
13896	0
15153.5	0
16524.8	0
18020.1	6.13231e-06
19650.9	0
21429.1	5.15677e-06
23368.3	0
25483	0
27789.1	0
30303.8	0
33046.1	0
36036.5	0
39297.6	2.81201e-06
42853.8	2.57866e-06
46731.8	0
50960.7	0
55572.3	0
60601.2	0
66085.3	0
72065.5	0
78587	1.40615e-06
85698.6	1.28946e-06
93453.8	0
101911	0
111133	0
121190	0
132157	0
144116	0
157158	0
171379	0
186888	5.9129e-07
203800	5.42223e-07
222243	0
242354	0
264286	0
288202	0
314282	0
342723	0
373737	0
407558	0
444439	0
484658	0
