136.249	0.00203904
146.057	0.000951055
156.572	0
167.843	0
179.926	0.000772028
192.879	0.00216055
206.765	0
221.65	0.000626702
237.606	0.00175385
254.711	0.000545356
273.048	0.00101746
292.705	0.000949136
313.777	0.00132809
336.365	0.000412968
360.58	0.000770471
386.538	0.000359365
414.365	0.00167616
444.195	0.000938156
476.173	0.000291718
510.453	0.000544255
547.2	0.000761558
586.593	0.000236805
628.822	0
674.091	0.000412135
722.619	0.000576687
774.64	0.000537959
830.406	0.000167277
890.187	0
954.272	0.000291129
1022.97	0.000271578
1096.61	0.000886692
1175.56	0.000118164
1260.19	0.000110228
1350.91	0
1448.16	0
1552.41	0.000357916
1664.17	8.347e-05
1783.97	0.000155729
1912.4	0.000217906
2050.08	6.77576e-05
2197.66	0
2355.87	5.89626e-05
2525.47	5.5003e-05
2707.28	5.13092e-05
2902.17	9.5727e-05
3111.1	4.46492e-05
3335.07	4.16508e-05
3575.16	3.88537e-05
3832.54	0
4108.44	0
4404.21	0
4721.27	5.88436e-05
5061.15	5.4892e-05
5425.5	2.56028e-05
5816.08	4.77669e-05
6234.78	6.68387e-05
6683.63	4.15667e-05
7164.78	0
7680.57	0
8233.5	0
8826.22	0
9461.62	1.46812e-05
10142.8	1.36953e-05
10872.9	0
11655.7	1.19176e-05
12494.8	1.11173e-05
13394.3	0
14358.5	0
15392.2	9.02459e-06
16500.3	0
17688.1	0
18961.5	0
20326.5	0
21789.9	6.37491e-06
23358.5	0
25040.1	0
26842.7	0
28775.1	0
30846.6	0
33067.3	0
35447.8	3.91867e-06
37999.7	0
40735.3	3.41002e-06
43667.8	0
46811.5	0
50181.4	0
53794	0
57666.6	0
61818	0
66268.3	0
71038.9	0
76153	0
81635.3	0
87512.2	0
93812.2	0
100566	0
107805	0
115566	0
123886	0
132805	0
