134.512	0.00163792
146.722	0
160.041	0.00137664
174.569	0.000631036
190.416	0.00057852
207.702	0.00159112
226.557	0.000972469
247.123	0.000891538
269.556	0.000817342
294.025	0.00149864
320.716	0.00103044
349.83	0.00157447
381.587	0.00115475
416.226	0.000264663
454.01	0.000727911
495.224	0
540.179	0.000203932
589.215	0.00056088
642.702	0
701.045	0.000314273
764.684	0.000720295
834.1	0.00026414
909.818	0.000121079
992.408	0.000444009
1082.5	0.000101764
1180.76	0.000186591
1287.95	0.000171062
1404.87	7.84129e-05
1532.4	0.000143774
1671.5	0.000197714
1823.24	0.000181259
1988.75	0.000110783
2169.28	5.07817e-05
2366.2	9.3111e-05
2581	0
2815.29	0
3070.86	3.58726e-05
3349.62	3.28872e-05
3653.69	6.03004e-05
3985.37	0
4347.15	2.53407e-05
4741.77	2.32318e-05
5172.21	0
5641.73	0
6153.88	3.58017e-05
6712.51	1.64111e-05
7321.85	1.50453e-05
7986.51	1.37932e-05
8711.5	2.52906e-05
9502.31	1.15929e-05
10364.9	1.06281e-05
11305.8	9.74364e-06
12332.1	8.93274e-06
13451.6	0
14672.7	7.5078e-06
16004.6	6.88298e-06
17457.5	0
19042.2	1.157e-05
20770.8	5.30357e-06
22656.4	4.86219e-06
24713.1	4.45755e-06
26956.4	8.17316e-06
29403.5	0
32072.6	0
34984.1	0
38159.9	0
41623.9	0
45402.4	0
49524	0
54019.6	0
58923.4	0
64272.3	0
70106.7	0
76470.8	0
83412.7	0
90984.6	0
99244	0
108253	0
118080	0
128799	0
140491	0
153244	0
167156	0
182330	0
198881	5.53898e-07
216935	0
236628	0
258108	0
281538	0
307096	0
334973	0
365381	0
398549	0
434728	0
474192	0
517238	0
564191	0
615407	0
671272	1.64106e-07
732208	0
