134.096	0.00205391
143.833	0
154.278	0.00178522
165.481	0.00249654
177.497	0
190.387	0.00216995
204.212	0.00202304
219.041	0.00188608
234.947	0.000586131
252.008	0.00054645
270.308	0.00152837
289.937	0.00189986
310.991	0.00265686
333.574	0.000825663
357.797	0.000769765
383.779	0.000717652
411.648	0.000669067
441.54	0.000311885
473.603	0.000581541
507.994	0.000542171
544.883	0.000252733
584.451	0
626.891	0.000659013
672.414	0.000614398
721.242	0.000572803
773.616	0.000534024
829.794	0.000165957
890.05	0.000618886
954.683	0.000288493
1024.01	0.000268962
1098.37	0.000125377
1178.13	0.000233777
1263.68	0.000108975
1355.44	0.000406391
1453.87	0.000284158
1559.45	8.83069e-05
1672.69	8.23285e-05
1794.15	7.67549e-05
1924.44	7.15585e-05
2064.18	0
2214.08	6.21974e-05
2374.85	5.79867e-05
2547.31	5.40609e-05
2732.28	0
2930.69	0
3143.51	0
3371.78	4.08419e-05
3616.63	0
3879.25	3.54991e-05
4160.95	0
4463.1	3.08552e-05
4787.2	2.87663e-05
5134.83	2.68188e-05
5507.7	0
5907.65	6.99313e-05
6336.64	0
6796.79	4.0522e-05
7290.35	1.88893e-05
7819.75	0
8387.59	0
8996.66	0
9649.97	0
10350.7	1.33044e-05
11102.3	1.24037e-05
11908.6	0
12773.3	0
13700.9	0
14695.8	0
15762.9	0
16907.6	0
18135.4	0
19452.3	0
20864.8	0
22380	6.15326e-06
24005.1	0
25748.3	0
27618	0
29623.6	0
31774.7	0
34082.1	4.04054e-06
36557	0
39211.6	0
42059.1	0
45113.2	0
48389.2	0
51903	0
55672.1	0
59714.8	0
64051	0
68702.2	0
73691.1	0
79042.3	0
84782.1	0
90938.6	0
97542.3	0
104625	0
112223	0
120372	0
129113	1.06658e-06
138489	0
