167.668	0.000714279
181.668	0
196.837	0.00060843
213.273	0
231.081	0.000518267
250.376	0.000478327
271.282	0.000441465
293.934	0.000814888
318.477	0.000376044
345.07	0.00173532
373.883	0.000960955
405.102	0.000295633
438.927	0.00027285
475.578	0.00100729
515.288	0.00116208
558.314	0.000214506
604.933	0.0007919
655.444	0.000182718
710.173	0.000505911
769.472	0.000155641
833.723	0.00043094
903.338	0
978.766	0.000244719
1060.49	0
1149.04	0.000208454
1244.99	0.00038478
1348.94	8.87818e-05
1461.58	0.00024582
1583.62	7.56252e-05
1715.85	0.000348986
1859.12	0.000128837
2014.36	0.000118908
2182.55	0
2364.8	0.00015193
2562.26	9.34813e-05
2776.2	0.000129416
3008.01	3.98142e-05
3259.18	7.34918e-05
3531.32	3.39141e-05
3826.18	3.13005e-05
4145.66	8.66651e-05
4491.82	5.33242e-05
4866.89	0
5273.27	4.54221e-05
5713.58	0
6190.66	1.93455e-05
6707.58	0
7267.66	1.64787e-05
7874.5	4.56263e-05
8532.02	1.40367e-05
9244.44	0
10016.3	0
10852.7	0
11758.9	0
12740.7	0
13804.6	8.67549e-06
14957.3	0
16206.2	0
17559.4	6.82037e-06
19025.6	0
20614.2	0
22335.5	5.36194e-06
24200.5	0
26221.2	0
28410.6	0
30782.9	0
33353.3	0
36138.2	0
39155.8	3.05859e-06
42425.2	0
45967.7	0
49806	0
53964.7	0
58470.8	2.04823e-06
63353	0
68643	1.7447e-06
74374.6	0
80584.8	0
87313.6	1.37163e-06
94604.2	0
102504	0
111063	0
120336	9.95224e-07
130384	9.18528e-07
141271	0
153067	0
165848	0
179696	0
194701	0
210958	0
228573	0
247659	0
268338	0
290744	0
315021	0
341325	3.50872e-07
369826	3.23832e-07
400706	0
434165	2.75844e-07
470417	0
