104.097	0.00117312
112.622	0
121.844	0
131.822	0
142.616	0
154.295	0
166.93	0.00146311
180.599	0.00135237
195.388	0.000625004
211.388	0
228.698	0.000533972
247.425	0.000987112
267.687	0.0013686
289.607	0.000843338
313.322	0.000779506
338.979	0.000360253
366.738	0.000332985
396.769	0.000923345
429.26	0.000853458
464.411	0.000525906
502.44	0.000486101
543.584	0.000673962
588.097	0.00062295
636.255	0.000383866
688.356	0.000177406
744.724	0.000491933
805.708	0.000606265
871.686	0.000560377
943.067	0.000258981
1020.29	0.000239379
1103.84	0.00011063
1194.23	0
1292.03	0.000189034
1397.83	0.000349452
1512.29	0
1636.13	0.000149277
1770.11	6.89891e-05
1915.06	0.000127535
2071.88	5.89408e-05
2241.54	0
2425.1	5.0356e-05
2623.68	4.65446e-05
2838.53	8.60433e-05
3070.97	0.000119296
3322.45	3.67555e-05
3594.52	0.00010192
3888.86	0
4207.31	0
4551.84	0
4924.58	2.47977e-05
5327.84	4.58415e-05
5764.13	0
6236.14	3.91647e-05
6746.81	0
7299.29	3.34603e-05
7897.01	4.63916e-05
8543.68	0
9243.3	1.32115e-05
10000.2	0
10819.1	0
11705.1	0
12663.6	0
13700.6	1.78268e-05
14822.5	0
16036.3	7.61514e-06
17349.4	0
18770.1	1.3012e-05
20307.2	6.01355e-06
21970.1	0
23769.2	0
25715.6	4.74881e-06
27821.4	4.38937e-06
30099.6	0
32564.4	0
35231	3.46621e-06
38116	3.20386e-06
41237.2	0
44614.1	0
48267.4	0
52219.9	0
56496.1	0
61122.5	0
66127.6	0
71542.7	0
77401.2	1.57773e-06
83739.4	0
90596.6	0
98015.4	1.24591e-06
106042	0
114725	0
124120	0
134284	0
145280	0
157177	0
170047	0
183972	0
199037	0
215336	0
232969	5.24182e-07
252047	0
