174.539	0.00071835
188.46	0
203.491	0
219.721	0
237.246	0.000528484
256.168	0.00146834
276.599	0
298.66	0
322.48	0.000388801
348.2	0
375.971	0
405.958	0
438.336	0
473.296	0.00105964
511.045	0
551.805	0
595.815	0.000631305
643.336	0
694.647	0.000721981
750.05	0.000167163
809.872	0.000154815
874.465	0.000286759
944.21	0.000531155
1019.52	0.000368941
1100.83	0.000227792
1188.63	0.000105483
1283.43	9.76915e-05
1385.8	0.000542853
1496.32	0.000167585
1615.67	0.000155206
1744.53	0.000215612
1883.66	0.000266248
2033.9	0
2196.12	0.000171275
2371.28	5.28747e-05
2560.4	9.79381e-05
2764.61	4.53519e-05
2985.11	0.000126006
3223.19	0.000116698
3480.27	0.000144104
3757.84	6.673e-05
4057.56	0
4381.18	2.8618e-05
4730.61	0
5107.91	4.90927e-05
5515.3	2.27332e-05
5955.19	0
6430.16	1.94988e-05
6943.01	5.41755e-05
7496.77	0
8094.69	3.09785e-05
8740.3	2.86902e-05
9437.4	1.32855e-05
10190.1	1.23041e-05
11002.8	0
11880.4	1.05536e-05
12827.9	2.9322e-05
13851.1	0
14955.8	0
16148.6	0
17436.6	0
18827.3	1.99785e-05
20328.9	6.1676e-06
21950.3	1.1424e-05
23701	0
25591.3	0
27632.4	0
29836.3	0
32215.9	7.78376e-06
34785.4	0
37559.7	0
40555.4	0
43790	2.86322e-06
47282.6	0
51053.7	0
55125.6	2.27445e-06
59522.3	2.10645e-06
64269.6	0
69395.6	0
74930.4	0
80906.6	0
87359.5	1.43522e-06
94327	0
101850	0
109974	0
118745	0
128216	0
138442	0
149483	0
161406	7.76803e-07
174279	0
188179	0
203188	0
219393	0
236892	0
255786	0
276186	0
298214	0
321999	0
347681	0
