147.261	0.00183172
158.18	0
169.908	0
182.506	0.00147799
196.038	0
210.573	0.000640493
226.186	0.000596282
242.957	0
260.971	0.00103361
280.321	0.00096226
301.105	0.000447919
323.43	0.000834001
347.411	0.00116465
373.17	0.000361419
400.839	0.00100941
430.559	0.000626491
462.483	0.000583246
496.774	0.000542986
533.607	0.000505505
573.171	0.000705918
615.669	0.000438127
661.318	0
710.352	0.000379729
763.021	0.000176759
819.595	0
880.364	0.000306397
945.639	0.000142624
1015.75	0.000398337
1091.07	0.000123614
1171.96	0.000115081
1258.86	0.000321412
1352.2	9.97419e-05
1452.46	0
1560.15	0.000432237
1675.83	0
1800.08	7.49248e-05
1933.55	6.9753e-05
2076.91	0.000129876
2230.9	0.000120911
2396.31	0
2573.99	5.23975e-05
2764.84	9.75614e-05
2969.84	4.54135e-05
3190.04	8.45575e-05
3426.56	7.87207e-05
3680.62	0.00010993
3953.52	3.4114e-05
4246.66	3.17592e-05
4561.53	2.9567e-05
4899.74	5.50521e-05
5263.03	2.5626e-05
5653.26	0
6072.42	0
6522.67	0
7006.29	3.84999e-05
7525.77	1.79212e-05
8083.77	0
8683.14	3.10649e-05
9326.96	0
10018.5	4.03865e-05
10761.3	1.25329e-05
11559.2	1.16678e-05
12416.3	2.17248e-05
13336.9	2.02252e-05
14325.8	0
15387.9	8.7647e-06
16528.9	0
17754.4	7.59645e-06
19070.8	7.07209e-06
20484.8	6.58393e-06
22003.7	0
23635.1	5.70636e-06
25387.6	0
27269.9	0
29291.9	9.20874e-06
31463.7	4.28654e-06
33796.6	0
36302.5	0
38994.1	0
41885.3	0
44990.9	0
48326.8	0
51910	0
55758.9	0
59893.1	0
64333.9	0
69103.9	0
74227.6	0
79731.3	0
85642.9	0
91993	1.4661e-06
98813.8	0
106140	0
114010	0
122463	0
131543	0
141297	0
151773	0
163027	0
175114	0
