183.783	0.000705475
197.958	0.000654959
213.226	0
229.672	0
247.386	0
266.466	0.000973139
287.018	0.000903457
309.156	0.000838765
333	0
358.684	0.00144589
386.348	0.00134236
416.147	0
448.243	0.00028925
482.816	0.000537076
520.054	0.000249309
560.165	0
603.37	0.000214884
649.906	0
700.032	0.000370424
754.025	0
812.181	0.000638549
874.823	0
942.296	0.000137594
1014.97	0.000255483
1093.26	0.000118595
1177.58	0.00044041
1268.4	0.000511093
1366.23	0.000189799
1471.61	0.000264312
1585.11	0.000327181
1707.37	7.59383e-05
1839.05	0.000141001
1980.89	0.000196357
2133.68	0.000121531
2298.24	0
2475.5	5.2375e-05
2666.43	0
2872.09	0.000180571
3093.61	4.19104e-05
3332.21	0
3589.22	7.22465e-05
3866.05	3.35367e-05
4164.23	0.000124541
4485.41	2.89058e-05
4831.36	2.6836e-05
5204	2.49144e-05
5605.37	0
6037.7	0
6503.38	0
7004.97	3.70178e-05
7545.25	6.87343e-05
8127.2	3.19063e-05
8754.04	0
9429.22	1.37503e-05
10156.5	2.55314e-05
10939.8	1.18516e-05
11783.6	1.1003e-05
12692.4	0
13671.4	0
14725.8	8.80455e-06
15861.6	1.63482e-05
17085	0
18402.7	0
19822.1	0
21350.9	0
22997.7	0
24771.5	1.57021e-05
26682	0
28740	0
30956.6	4.18826e-06
33344.3	0
35916	7.21986e-06
38686.2	0
41670	0
44883.9	2.88866e-06
48345.7	0
52074.5	0
56090.9	0
60417.1	0
65077	1.99232e-06
70096.3	0
75502.6	0
81326	0
87598.5	0
94354.9	0
101632	0
109471	0
117914	0
127009	0
136805	1.89547e-06
147356	0
158722	0
170963	0
184150	0
198353	0
213651	0
230130	0
247879	0
266998	4.85601e-07
287591	0
