146.68	0.00154583
159.618	0
173.697	0.000652692
189.019	0.00239915
205.691	0.00110234
223.834	0.000506495
243.578	0
265.063	0.000427713
288.443	0
313.886	0.000361185
341.572	0.000663818
371.701	0.000610011
404.487	0
440.165	0.000515129
478.991	0.00118344
521.241	0
567.217	0.000199872
617.249	0.000183671
671.694	0.000337567
730.942	0.000155103
795.415	0.00014253
865.576	0.000392932
941.925	0.000481444
1025.01	0
1115.42	0.00010164
1213.81	0.000186802
1320.87	0
1437.38	0.000157747
1564.17	7.24801e-05
1702.14	0.000466236
1852.27	0.000122413
2015.66	0.000224981
2193.45	0
2386.92	9.49933e-05
2597.47	4.36467e-05
2826.58	0.000200544
3075.9	7.37156e-05
3347.21	0
3642.46	6.22497e-05
3963.74	5.7204e-05
4313.37	5.25672e-05
4693.83	4.83063e-05
5107.86	6.65862e-05
5558.4	2.03963e-05
6048.69	0
6582.22	3.44476e-05
7162.81	1.58277e-05
7794.61	1.45448e-05
8482.15	2.67317e-05
9230.32	0
10044.5	0
10930.5	1.0372e-05
11894.6	9.53128e-06
12943.8	0
14085.5	1.60975e-05
15327.9	0
16680	0
18151.2	0
19752.3	0
21494.5	0
23390.5	0
25453.7	0
27698.8	0
30142.1	3.76122e-06
32800.8	0
35694	0
38842.4	5.83748e-06
42268.6	5.36431e-06
45996.9	0
50054.1	2.26497e-06
54469.2	0
59273.7	0
64502	1.75763e-06
70191.4	0
76382.8	2.96849e-06
83120.2	0
90451.9	0
98430.3	1.15179e-06
107112	0
116560	0
126842	8.93798e-07
138030	8.2135e-07
150205	0
163454	0
177872	0
193561	0
210634	0
229213	0
249431	0
271433	0
295375	0
321429	0
349781	0
380633	0
414208	0
450743	0
490502	0
533767	0
580848	0
632083	0
