130.476	0.00105483
139.956	0
150.126	0.000916767
161.033	0
172.734	0.000796776
185.284	0.000742804
198.747	0.000692489
213.188	0.000645582
228.677	0
245.293	0.000561085
263.115	0.000523079
282.233	0.00243824
302.74	0.000909231
324.736	0.000423821
348.331	0.000395113
373.64	0.000368349
400.789	0.000686797
429.909	0.000640275
461.146	0
494.652	0.000278236
530.593	0.00129695
569.145	0.000241819
610.498	0.000901756
654.856	0.000210169
702.437	0.000195932
753.475	0.000182661
808.221	0.000340575
866.945	0.000158753
929.936	0.000295999
997.504	0.000275949
1069.98	0.000257257
1147.72	0.000359747
1231.12	0.000558965
1320.57	0.000521102
1416.52	0
1519.44	0.000271738
1629.84	0.000168888
1748.26	0
1875.29	0.000146783
2011.54	6.84201e-05
2157.7	6.37856e-05
2314.47	0
2482.64	0
2663.03	0
2856.52	0
3064.07	0
3286.7	0
3525.51	0
3781.66	3.63941e-05
4056.43	0
4351.17	6.32612e-05
4667.32	5.89761e-05
5006.44	0
5370.2	2.56285e-05
5760.39	2.38925e-05
6178.93	0
6627.88	0.000103827
7109.45	3.87175e-05
7626.02	1.80474e-05
8180.11	0
8774.47	1.56853e-05
9412.01	0
10095.9	1.36323e-05
10829.4	1.27089e-05
11616.3	0
12460.3	0
13365.6	0
14336.8	9.5998e-06
15378.5	0
16495.8	0
17694.4	1.55564e-05
18980	0
20359.1	6.76013e-06
21838.4	1.26044e-05
23425.1	5.87533e-06
25127.1	0
26952.8	5.10633e-06
28911.2	0
31011.8	8.87597e-06
33265.1	0
35682.1	3.85712e-06
38274.7	0
41055.7	0
44038.7	3.12521e-06
47238.5	2.91351e-06
50670.8	0
54352.5	0
58301.7	2.36066e-06
62537.8	0
67081.7	0
71955.7	0
77183.9	0
82792	0
88807.5	0
95260.2	0
102182	0
109606	0
117570	0
126112	0
135275	0
