170.993	0.000739517
184.515	0.00205596
199.107	0
214.853	0.000588554
231.843	0.000545421
250.178	0.0010109
269.962	0.000468407
291.311	0
314.349	0.000402268
339.208	0.000745575
366.033	0.00138187
394.979	0.0012806
426.214	0.00148344
459.92	0.000549889
496.291	0.00050959
535.538	0.000236122
577.889	0.000437635
623.589	0.000405563
672.903	0.00018792
726.117	0.000174149
783.54	0.000484158
845.503	0.000448676
912.366	0.000554393
984.517	0.000256882
1062.37	0.000238056
1146.39	0.000330915
1237.05	0.000102221
1334.87	0.00018946
1440.44	0.000175575
1554.35	0.000244062
1677.27	7.53919e-05
1809.91	6.98667e-05
1953.04	6.47465e-05
2107.49	0
2274.15	0.000333626
2453.99	0
2648.05	9.55058e-05
2857.47	4.42533e-05
3083.44	4.10102e-05
3327.28	7.60094e-05
3590.4	3.52195e-05
3874.34	0
4180.73	3.02465e-05
4511.34	0
4868.1	7.7927e-05
5253.08	0
5668.5	2.23079e-05
6116.77	4.13461e-05
6600.49	1.9158e-05
7122.47	3.5508e-05
7685.72	0
8293.52	0
8949.38	0
9657.11	2.61884e-05
10420.8	0
11244.9	0
12134.2	0
13093.7	0
14129.2	0
15246.6	0
16452.3	2.3058e-05
17753.3	7.12274e-06
19157.3	0
20672.3	0
22307.1	0
24071.1	0
25974.7	0
28028.8	0
30245.4	0
32637.2	0
35218.2	7.18108e-06
38003.3	3.3274e-06
41008.6	0
44251.6	0
47751.1	0
51527.3	2.45408e-06
55602.2	0
59999.3	0
64744.1	0
69864.1	0
75389.1	0
81350.9	0
87784.2	0
94726.3	0
102217	0
110301	0
119024	0
128436	9.84554e-07
138593	0
149553	0
161380	0
174142	7.26145e-07
187913	0
202774	0
218809	0
236113	0
254785	0
274934	0
296676	0
320138	0
