157.46	0.000453099
179.53	0.000397398
204.694	0.000697089
233.385	0.00122279
266.097	0.00107247
303.394	0.00117578
345.919	0.00103124
394.404	0.000180893
449.686	0.00126924
512.715	0.00111321
584.58	0.000610225
666.517	0.000107042
759.938	0.000281648
866.454	0.000411706
987.9	0.000288875
1126.37	0.000126681
1284.24	0.000111108
1464.25	0.000292348
1669.48	0.000128204
1903.49	0.000149925
2170.29	9.86206e-05
2474.48	0.000115329
2821.32	2.52878e-05
3216.76	0
3667.64	7.78103e-05
4181.71	0
4767.83	1.49638e-05
5436.11	0
6198.06	1.15109e-05
7066.8	1.00958e-05
8057.32	8.85468e-06
9186.66	0
10474.3	6.81143e-06
11942.4	1.19482e-05
13616.3	0
15524.8	0
17700.9	0
20181.9	0
23010.7	3.10052e-06
26235.9	0
29913.3	4.77012e-06
34106	0
38886.5	0
44336.9	0
50551.4	0
57636.9	0
65715.5	0
74926.4	0
85428.4	8.35143e-07
97402.4	0
111055	0
126621	0
144368	0
164604	0
187675	0
213980	3.33419e-07
243973	0
278169	0
317158	0
361612	0
412297	0
470086	0
535976	1.33112e-07
611100	0
696754	0
794414	0
905763	0
1.03272e+06	0
1.17747e+06	0
1.34251e+06	0
1.53068e+06	0
1.74522e+06	0
1.98984e+06	0
2.26875e+06	0
2.58674e+06	0
2.94931e+06	0
3.3627e+06	0
3.83403e+06	0
4.37142e+06	0
4.98413e+06	0
5.68273e+06	0
6.47924e+06	0
7.3874e+06	0
8.42285e+06	0
9.60343e+06	0
1.09495e+07	0
1.24842e+07	0
1.4234e+07	0
1.62291e+07	0
1.85039e+07	0
2.10975e+07	0
2.40546e+07	0
2.74262e+07	0
3.12703e+07	0
3.56533e+07	0
4.06506e+07	0
4.63484e+07	0
5.28447e+07	0
6.02517e+07	1.18412e-09
6.86968e+07	0
