128.411	0.00092717
139.197	0.00085533
150.888	0
163.562	0.000727916
177.299	0.000671515
192.191	0.000619483
208.334	0.000571483
225.832	0.0010544
244.8	0.000972705
265.361	0.000448668
287.649	0.00165561
311.81	0.0011455
337.999	0.00140899
366.388	0.000324953
397.162	0.00059955
430.52	0.000276547
466.68	0.000765357
505.878	0.00117676
548.367	0.000868462
594.426	0.000600878
644.353	0.000369546
698.473	0.000852281
757.139	0.000786243
820.733	0.000725322
889.668	0
964.393	0.00024691
1045.39	0.000227778
1133.2	0.000315194
1228.38	0.000290771
1331.55	0
1443.39	0
1564.62	0
1696.04	0.000210595
1838.49	6.4759e-05
1992.91	0.000119482
2160.3	0
2341.75	0.000101684
2538.44	0
2751.65	0
2982.76	3.99157e-05
3233.29	3.68229e-05
3504.86	6.79394e-05
3799.24	9.40129e-05
4118.34	2.89095e-05
4464.25	0
4839.21	4.9206e-05
5245.67	0
5686.26	2.0938e-05
6163.86	0
6681.58	0
7242.77	0
7851.11	1.51646e-05
8510.54	1.39896e-05
9225.35	1.29056e-05
10000.2	1.19057e-05
10840.1	3.29495e-05
11750.6	0
12737.6	0
13807.4	0
14967.2	0
16224.3	0
17587	0
19064.1	0
20665.4	5.76128e-06
22401.1	0
24282.6	0
26322.2	0
28533	4.17268e-06
30929.5	0
33527.4	0
36343.4	3.27595e-06
39396	0
42704.9	0
46291.8	0
50179.9	0
54394.6	0
58963.3	0
63915.8	0
69284.2	0
75103.5	1.58527e-06
81411.6	1.46243e-06
88249.5	0
95661.7	0
103697	0
112406	0
121847	0
132082	0
143175	0
155201	0
168237	0
182367	0
197684	0
214288	0
232287	0
251797	0
272946	0
295871	0
320722	0
347660	0
376861	0
