166.67	0.00130012
182.053	0.000595134
198.856	0
217.21	0.00149642
237.258	0
259.156	0.000418073
283.075	0.000765493
309.202	0.00105122
337.741	0.00128319
368.913	0.00117476
402.963	0.00188212
440.155	0.00123077
480.78	0.00090142
525.154	0.000618939
573.624	0.0009444
626.568	0.00051876
684.398	0.000474926
747.566	0.000579727
816.564	0.000663427
891.93	0
974.252	0.000111209
1064.17	0.00040725
1162.39	9.32096e-05
1269.68	8.53335e-05
1386.86	0.000156246
1514.87	0
1654.69	0.000261913
1807.41	5.99456e-05
1974.23	5.48803e-05
2156.44	0
2355.47	0
2572.88	0
2810.34	3.85526e-05
3069.73	3.5295e-05
3353.06	9.69379e-05
3662.53	5.91646e-05
4000.57	2.70827e-05
4369.81	2.47942e-05
4773.13	2.26992e-05
5213.68	0
5694.88	1.90252e-05
6220.5	0
6794.64	1.59458e-05
7421.76	1.45984e-05
8106.76	0
8854.99	0
9672.28	1.12017e-05
10565	0
11540.1	0
12605.2	0
13768.7	7.86904e-06
15039.5	0
16427.5	0
17943.8	0
19599.9	1.10558e-05
21408.9	5.06079e-06
23384.9	0
25543.2	0
27900.8	3.88326e-06
30476	0
33288.8	3.25473e-06
36361.2	0
39717.3	0
43383.1	0
47387.2	0
51760.9	2.09321e-06
56538.2	1.91633e-06
61756.5	0
67456.4	0
73682.5	0
80483.1	0
87911.4	0
96025.4	0
104888	0
114569	9.45684e-07
125143	0
136694	0
149310	0
163091	0
178144	6.08195e-07
194586	0
212546	5.09755e-07
232163	0
253591	0
276996	0
302562	0
330488	0
360991	0
394309	0
430702	0
470455	0
513876	0
561306	0
613112	0
669701	0
731512	0
799028	0
872776	0
953330	0
1.04132e+06	0
