164.139	0.00212608
178.25	0.00261037
193.573	0
210.214	0.00276681
228.285	0.00101911
247.91	0.00140766
269.222	0.00129623
292.366	0.000795744
317.5	0.00109913
344.794	0.00101212
374.435	0.000931999
406.624	0
441.58	0.000790283
479.541	0.00145545
520.766	0.000446744
565.534	0
614.151	0.000378814
666.947	0.000348826
724.282	0.000160606
786.547	0.000147893
854.163	0.000680926
927.593	0.000250809
1007.33	0.000230955
1093.93	0
1187.97	0.000293755
1290.1	0.000180334
1401	0.000166059
1521.44	0.000152913
1652.24	7.04042e-05
1794.27	6.48309e-05
1948.52	0.000119398
2116.03	5.4973e-05
2297.94	5.06212e-05
2495.48	4.6614e-05
2710.01	4.2924e-05
2942.98	0
3195.98	0.000109191
3470.72	3.35159e-05
3769.09	0
4093.11	0
4444.98	2.61699e-05
4827.1	2.40982e-05
5242.06	2.21906e-05
5692.71	0
6182.09	0
6713.54	1.73268e-05
7290.68	0
7917.43	2.93844e-05
8598.07	0
9337.21	0
10139.9	1.14719e-05
11011.6	2.11276e-05
11958.2	9.72757e-06
12986.2	0
14102.6	0
15315	0
16631.5	0
18061.3	0
19614	1.18614e-05
21300.1	0
23131.2	0
25119.7	0
27279.2	4.26422e-06
29624.2	0
32170.9	3.61582e-06
34936.6	0
37939.9	6.13203e-06
41201.5	5.64661e-06
44743.4	0
48589.9	0
52767	0
57303.2	0
62229.3	0
67579	0
73388.5	0
79697.5	0
86548.8	0
93989.1	0
102069	0
110843	0
120372	0
130720	0
141958	0
154161	0
167414	6.9483e-07
181806	0
197435	0
214408	0
232840	0
252857	4.60041e-07
274594	4.23623e-07
298200	0
323835	0
351674	0
381906	0
414737	0
450391	0
489109	0
531156	0
576818	0
