154.809	0.00179806
165.932	0
177.855	0.00234762
190.634	0.000730082
204.331	0.000681142
219.012	0.00127096
234.748	0.00118577
251.615	0.00331884
269.693	0
289.071	0.00192587
309.841	0.00134758
332.103	0
355.965	0.00156395
381.541	0.00109434
408.955	0.000680653
438.338	0.00158757
469.833	0.000592458
503.591	0.000276372
539.774	0.000257845
578.557	0.000481122
620.126	0.000224435
664.683	0
712.44	0.000195354
763.629	0.000182259
818.496	0
877.306	0.000158643
940.34	0.000148008
1007.9	0.000690434
1080.32	0
1157.94	0
1241.14	0.000112137
1330.32	0
1425.9	9.76071e-05
1528.35	0.000364256
1638.17	8.49597e-05
1755.87	0.000237794
1882.03	0.000221853
2017.25	0.000137988
2162.19	0.000193107
2317.55	6.0054e-05
2484.07	0
2662.55	0.000104545
2853.85	9.75371e-05
3058.9	9.09988e-05
3278.68	4.24494e-05
3514.26	3.96039e-05
3766.76	0
4037.4	6.89444e-05
4327.49	6.43228e-05
4638.42	0
4971.7	0
5328.91	2.61176e-05
5711.8	0
6122.19	0
6562.07	0
7033.56	1.97877e-05
7538.92	0
8080.6	0
8661.19	3.21383e-05
9283.5	1.4992e-05
9950.53	0
10665.5	0
11431.8	0
12253.2	0
13133.6	1.05971e-05
14077.2	0
15088.7	9.22402e-06
16172.8	0
17334.8	8.02883e-06
18580.3	0
19915.3	1.3977e-05
21346.3	0
22880	6.08297e-06
24523.9	0
26286	5.29477e-06
28174.6	4.93984e-06
30199	0
32368.8	0
34694.5	0
37187.3	0
39859.2	0
42723.1	0
45792.8	3.0393e-06
49083	0
52609.7	0
56389.7	0
60441.3	0
64784	0
69438.8	0
74428	0
79775.7	0
85507.6	0
91651.3	0
98236.5	0
105295	0
112860	0
120969	0
129661	0
138977	1.00145e-06
148963	0
