188.635	0.000686747
203.197	0
218.882	0
235.778	0.00109887
253.979	0.00102012
273.584	0.00378808
294.703	0.00131873
317.453	0
341.958	0.0011365
368.355	0
396.789	0.000652966
427.419	0.000303087
460.413	0.000844101
495.953	0.00156722
534.238	0.000969942
575.477	0.000900434
619.9	0
667.752	0.000388003
719.298	0.000180099
774.824	0.000501578
834.635	0.000155211
899.063	0.000432266
968.465	0.000267526
1043.22	0.000248355
1123.75	0.000115279
1210.5	0
1303.94	9.93486e-05
1404.6	9.22291e-05
1513.02	8.56198e-05
1629.82	0.000158968
1755.63	7.37882e-05
1891.15	0.000274002
2037.14	6.35916e-05
2194.39	0
2363.78	0.000164412
2546.25	0.00015263
2742.81	9.44615e-05
2954.53	8.76923e-05
3182.6	4.07041e-05
3428.28	3.77871e-05
3692.92	3.50793e-05
3977.99	9.76962e-05
4285.06	6.04635e-05
4615.84	0
4972.15	5.21081e-05
5355.97	4.8374e-05
5769.41	0
6214.78	0
6694.51	1.93509e-05
7211.29	0
7767.95	1.66768e-05
8367.58	0
9013.51	1.43723e-05
9709.29	0
10458.8	0
11266.1	0
12135.8	0
13072.6	0
14081.7	0
15168.7	0
16339.7	0
17601	7.36009e-06
18959.7	0
20423.2	6.34302e-06
21999.8	0
23698	5.46649e-06
25527.3	5.07475e-06
27497.9	0
29620.5	0
31907	1.21802e-05
34370	0
37023.2	0
39881.1	0
42959.7	0
46275.9	0
49848	0
53696	0
57840.9	2.23967e-06
62305.9	0
67115.5	0
72296.4	1.79186e-06
77877.2	0
83888.8	0
90364.4	0
97339.9	0
104854	0
112948	0
121667	0
131059	0
141176	0
152073	0
163812	0
176458	0
190079	0
204752	0
220557	0
237583	0
255923	0
275678	4.69913e-07
296959	0
