1.264460105601957797e-02
1.044613373904301895e-01
1.574238715850521594e-02
2.020137599339166118e-02
1.412048046723072062e-02
1.860916475595849121e-02
2.348655573047577980e-02
8.296711397863946666e-03
1.906530795161464065e-01
1.813800969180680983e-02
1.849428357574416787e-02
8.592646105566582176e-03
2.821702194841199662e-02
6.072007438102652171e-03
4.535838603119785040e-02
8.232989542962837470e-03
2.363035553619995954e-01
2.659089253581749246e-02
1.173973084570078401e-02
1.259200861095943237e-02
4.449479746962748533e-02
1.280098025314425209e-02
1.853179912902381751e-02
8.847875878470454203e-03
1.394701863410162911e-02
6.319953342671881004e-03
2.863487470780311933e-02
1.366659089951132583e-02
6.498593252135421473e-03
1.344344487309182684e-02
7.844504884002489672e-03
9.817353467168755954e-03
1.424591193914301335e-02
1.221299401066284172e-02
4.933285221003180093e-02
1.227200169877163891e-02
1.252661920123919470e-01
1.325808601398093256e-01
1.714048611173267858e-02
2.303527601090880894e-02
1.956838017125444862e-01
7.603463562668801717e-03
1.992428834817485186e-02
1.126188186914311995e-02
1.839807483242211078e-02
1.540671692669876892e-02
1.088496270801896787e-02
9.927372683827448419e-02
2.977235661723628968e-01
1.669417145785642362e-02
2.226032967760279563e-02
6.684950008407384431e-03
1.186765837406881553e-02
1.220032922584814161e-02
2.443323661729579835e-02
8.987871324889580224e-03
9.191020947330080099e-03
2.851143582302638133e-02
2.294091711228709307e-01
1.150442665539755209e-02
7.233289434674101959e-02
2.265140749845889409e-02
5.543766323196363220e-03
8.707894811359855047e-03
1.761149174316038180e-01
1.026855691839062383e-02
3.918856048995646851e-02
5.648191167812997328e-03
9.686564531205181516e-02
2.566334649821689490e-02
2.092227721377528174e-02
1.364935647907723759e-02
1.263773146462540339e-02
2.170090970298622218e-02
6.472680243647070675e-02
7.964642399323691724e-02
1.768202314275330381e-02
6.942848944687569912e-02
1.848678086843387816e-02
2.583885690910476401e-02
4.342132657599175050e-02
9.310559258402822946e-03
1.151394451042120869e-02
2.525905138985466702e-02
1.473088156833432180e-02
8.875930890784592547e-03
1.189027085425994369e-02
1.970835402129534480e-02
1.219537508998359485e-02
8.262263211057779486e-03
1.383904701567266193e-01
7.184176775643373765e-03
3.737707487052063099e-02
6.997165802307298357e-03
5.696091891526833609e-03
1.876675420823718105e-02
8.358239849315933501e-03
3.326730785671393187e-02
1.000476407267469545e-02
2.121601370350465615e-02
9.981333984401846715e-02
2.042570133626290738e-02
1.142187567051764809e-02
1.029770027007865206e-02
8.238658266122267718e-03
9.702819178236787856e-03
1.277097609417947033e-01
1.979618253328266075e-01
1.449516680068946017e-01
8.961181507018422393e-03
9.348662594569366602e-03
8.585761378164355473e-02
9.389501163343223766e-02
9.236144301194526562e-02
7.523020187092138711e-03
1.086028006375146931e-02
9.003462821474570929e-03
1.282104638161027203e-02
7.606366006882442354e-03
1.054586398738408502e-02
1.153839942383469083e-02
1.455649867998658545e-02
2.147071898660881106e-01
6.758104159872248273e-02
2.401581254307452451e-01
1.926105789103507021e-02
6.955524331519806654e-03
1.442648751589056984e-02
1.355124888898994427e-02
5.702144731856459252e-03
7.228207620959808261e-03
6.266197593042134757e-03
4.266787226037364877e-02
9.586684540308318750e-03
1.200905792754392541e-02
1.372270640232299034e-02
8.444608090754063268e-03
1.912148417178974671e-02
8.949203526365100136e-02
8.029602776105063122e-02
1.064271926828760408e-02
1.439173458402910610e-02
7.825816780147792917e-03
2.627086890341083850e-02
7.632700972536361761e-02
1.620700659275686045e-02
1.373701530620433375e-01
5.773621625629954401e-02
9.876735402253088159e-02
1.354960512884886663e-02
1.456021281385084729e-02
2.717878614154058958e-01
1.338559256544690802e-02
8.705283818635676032e-03
9.316848453519932516e-03
5.686896891570694668e-02
2.057513424377146738e-01
1.189921049283183818e-02
4.442940300016860050e-02
7.883454464417629162e-03
1.064347431821172259e-02
8.028733178461982742e-03
9.627649251567206579e-03
1.988380276917748116e-02
8.992693500152205976e-02
1.024981698653976668e-02
6.188512833133718444e-02
1.223984612936441889e-02
1.330026364707838707e-02
1.200789288014790512e-01
1.393691174358457074e-01
9.889250477870427727e-03
2.063660777664168625e-02
1.559939684346053554e-02
6.808507967014139350e-02
1.502478579136001628e-02
9.709920824428452946e-02
7.538837064646572439e-02
1.113230657668320966e-02
3.022671419777577320e-02
6.086814258841363560e-03
2.348556906442314518e-02
2.426212020473450873e-02
3.196892011466589273e-02
8.600930194272150137e-03
6.506021199246191447e-03
1.289529964570621488e-02
5.191164898011339617e-03
1.079940695172042914e-01
1.064189709133460220e-02
1.316779888314612290e-01
6.320063640243917674e-03
1.375345055592084621e-02
2.703175967129963983e-02
5.298009492579262847e-02
1.885057217989072331e-02
1.081265099910276167e-01
1.688919289524968073e-02
1.551805878674691365e-02
9.496938255395822454e-03
2.438158369869435418e-02
1.171761413176205906e-02
2.816566837777769172e-01
7.604150278637498983e-02
5.328778554044745486e-02
1.087548113664172852e-02
1.787253848332014464e-02
1.251584018878271372e-02
1.783276438657695889e-02
1.670743679642469962e-02
1.072352773227059838e-02
1.344544087405799733e-02
7.556378722779683206e-03
1.911991098945607995e-02
1.301976664883663579e-02
1.346450919964699983e-02
1.055490904001935015e-02
1.173649640988757570e-01
1.086455928661255593e-02
3.267562302519474299e-02
1.283086588420982027e-02
1.154180261834401693e-02
1.261863598170977901e-02
1.290398018152853592e-02
1.731592202539635472e-01
1.395247510118026099e-02
1.755577905117531451e-02
5.483336959543481937e-02
1.809347289108589607e-01
1.022841259818093804e-02
1.958653585858536883e-01
1.408163575409547737e-02
1.722508176087115053e-02
1.996856654783906240e-02
2.678681967783794887e-02
8.207778999909088463e-03
1.639659050875248020e-02
1.083512751136555229e-02
9.979371303424184117e-03
1.343328185947825250e-02
9.513539381027871777e-02
1.111650650208156482e-01
2.966144271558983636e-01
1.896287293197630383e-02
7.135635261966610278e-03
9.262717801149907004e-03
6.008519408648457794e-02
9.213401889114986032e-03
1.480692475599596457e-02
3.160648464632136168e-02
2.557591053152746818e-01
1.120470435959435886e-02
1.236308788158098707e-02
1.111056241375718047e-02
1.310592236933183496e-01
4.273682067743506119e-02
2.283604384266687756e-02
1.619637263106524575e-02
9.536233686842688489e-03
1.054454385083234552e-02
1.424629234490290899e-02
1.609481424895916474e-02
5.290574586817051866e-02
1.019406497717867746e-02
9.863686856406730930e-02
2.043376922514828983e-02
4.302341028770973602e-02
1.721536840385723063e-02
1.388205581761598785e-02
1.480260308094972534e-02
1.605007641280504008e-02
2.084711132047689930e-01
1.102142354801786128e-01
2.949876889508721289e-01
7.422196997365361135e-03
7.450783985113450768e-03
6.396031642494531474e-03
1.272078978473953521e-02
6.025789753420498010e-03
4.211270277599608869e-02
8.750856679397523916e-03
8.535830735367479910e-03
8.054136959184890476e-02
3.875106781358909902e-02
1.464093797591784277e-02
1.430635052636649272e-02
4.007006236102994556e-02
5.911502920873151073e-03
1.421370450323946322e-01
1.343380388212789094e-02
1.344938670984776111e-02
1.446905659417165903e-02
9.710297803793750682e-02
1.637337469184797084e-02
2.035249812355972507e-02
1.146583730002727168e-02
8.909100307351905737e-03
9.397449368901536482e-03
1.441354156166355614e-02
1.046717667791187412e-01
2.113884897865919710e-02
3.547791153667970154e-02
1.384204043393440220e-02
3.997997691586696427e-03
1.803734651922134224e-01
3.560525809962988147e-02
8.347881789841011743e-03
1.211294086745104762e-02
1.153606942038268475e-02
8.636829017140350284e-03
1.579688144420735366e-02
1.664931901236736331e-02
2.706822328545725048e-02
4.884090797607703455e-02
1.443606361961192498e-02
1.184792199052610816e-02
1.458712556230156582e-02
9.620176815921734070e-03
1.882117575777690621e-02
1.276434719960695408e-01
9.413542630245462159e-03
1.217746909570866128e-02
2.655263638996652187e-02
2.473240955615357145e-02
4.693571379569490970e-03
2.505603620336143145e-01
1.334008483879313249e-02
4.401760191002598854e-02
1.164698680509049754e-02
1.673920801633202102e-02
7.450878997568625983e-03
1.127406954233296787e-02
1.727059331295801442e-02
1.517965604641650090e-01
9.660004482828410746e-03
1.096339871410990062e-02
6.777042097098560577e-03
6.984699582322332310e-03
1.464424640816191885e-02
7.670099525490614231e-03
7.103684201173694757e-03
1.219849067413533855e-01
1.161209371257984971e-02
4.302684253340209250e-03
1.274381757863814538e-02
3.713555727415018826e-02
1.070126161178175557e-02
1.207462439326782710e-02
2.039490516913153584e-01
7.921245741674472207e-03
1.927528637912967469e-01
1.279258223648572224e-01
1.091105831325574031e-02
1.070796444149350879e-02
1.435942807027090241e-02
1.161388829682532577e-02
9.503820100920261360e-03
1.138515332244982060e-02
9.071505521747428788e-03
1.059027342161921251e-02
1.165034997636423507e-02
6.512461691820270113e-03
1.720603540531700712e-02
1.576917325301358669e-02
2.775672937145343827e-02
1.000685531713905313e-02
1.131346610175871931e-01
4.964216010889230951e-02
1.150564289227759725e-02
2.912392433118837429e-02
1.258097918729511600e-02
8.948935758502906193e-03
1.800624661212930563e-02
9.480830312109295860e-03
2.227493115315862526e-01
1.091039373312777984e-02
8.952199921359154863e-03
2.249318342136081006e-01
1.191193814861057042e-02
1.196269567246548149e-02
1.814882501339745713e-02
4.558779683702828510e-03
1.829203364881742955e-01
1.020341843429047393e-02
2.724520631761622735e-01
1.781123632028296377e-01
6.676163749351317692e-03
8.423195010439152655e-03
1.287737691718088273e-02
9.862583034913108282e-03
7.888451651014205535e-03
1.076062886618316672e-01
5.184469972554702627e-02
8.339803818447082129e-02
2.711311684151963136e-02
1.203558126176620946e-01
8.613605439116246709e-02
1.437046890259131571e-01
1.989812377391533826e-01
7.592773691251403917e-03
1.526055071872647328e-01
8.103043540711953388e-03
1.110810537875564670e-02
5.550152327763458772e-03
1.570219927775364302e-02
2.600750670538457682e-02
1.215537898082180018e-02
1.714905242137901298e-01
1.806589056286961315e-02
4.735392410340232699e-02
2.501787291020236004e-01
1.529605011171161419e-02
6.672962924438000272e-03
1.273964301076072232e-02
7.893380440964338149e-03
1.287160148140172392e-02
2.184648390959343656e-01
1.818239133552778525e-02
8.879500850060622827e-03
5.863303714280241122e-03
1.184888970686844532e-02
8.327677116536879448e-03
1.445709330459103194e-02
1.321980730597995500e-02
1.683649263701278084e-02
1.292891293237407452e-02
1.704933715459608645e-01
5.888144928714467846e-03
6.752135859089442201e-03
1.148187696509733215e-02
1.029694637076756895e-02
4.968772144875791691e-03
3.082315736294113928e-01
9.798065232197074315e-02
7.621911363313368416e-03
1.241896484319734463e-02
2.806641485490203244e-02
4.211704695508802082e-02
9.068793659752610523e-03
6.586162231279710233e-02
2.585549644107726017e-02
1.586572999998901168e-01
8.939132310826807676e-03
4.753582128605545604e-02
1.631535787894084211e-01
1.068864262000269842e-02
7.442887466384659652e-03
1.150705558155886918e-02
1.245427740114303516e-02
5.059711735156428511e-03
2.828196991248361769e-01
1.144683703799595324e-02
7.185711481611893603e-03
1.601700079781365540e-02
2.201280021326920688e-02
1.402369706062696064e-01
7.682363075055169757e-03
1.484724869360601503e-02
2.117058256980350051e-01
1.714327302736299019e-01
1.781713722275828776e-02
8.688063121723463983e-03
9.983617935437371846e-03
1.529618961435807306e-02
7.987125820450332106e-03
9.417386150189055449e-03
8.351369930530067043e-03
1.130584939370668854e-02
1.031797769638400676e-02
1.887781164420632846e-02
1.031207665327493229e-02
1.709303063161209460e-02
1.377840174570675244e-02
8.132044950025374072e-03
7.873493809032575119e-02
1.454981368064984550e-02
9.537253142049327906e-03
9.502374488399048524e-02
8.538632115192549069e-03
8.889517077933700717e-03
1.699333198921331722e-01
1.269489793066455249e-02
6.693453816237625482e-03
2.156332576734236450e-02
1.827450563229207278e-02
1.117812596763481797e-01
1.673875369909168520e-01
1.017079719749099803e-02
1.192813557068272273e-02
9.106876768927338328e-02
2.399291540969418837e-02
1.635334621254057666e-02
1.168393086206964970e-01
1.076795116620440362e-01
6.575281328521662139e-02
2.060955622324470438e-01
1.689799512179510077e-02
1.227339555538492673e-02
1.992212130373000739e-02
1.158858475265023454e-02
8.846895580027779732e-03
3.900088932346081755e-02
1.697865372330966197e-02
4.794913003580549005e-02
1.141970995428688053e-02
1.551825614223207861e-01
8.291118108115957258e-03
1.235266484504771688e-02
4.963586968292914466e-03
5.027034583788179273e-02
2.085265169260043863e-02
1.619084804726305185e-02
1.164220265955389633e-01
2.000757898898124221e-02
2.079179909155100814e-01
4.613261268424971584e-02
2.178581656186086291e-02
1.111360652177561734e-02
1.180231177383825325e-02
1.585722031608210666e-02
7.444360445714739982e-03
1.357724684045051589e-01
4.364467651489755719e-03
8.361391107490102892e-03
1.594277388066548395e-01
1.495339486450311950e-01
1.300139909367028501e-01
3.270424617707732434e-02
4.587288338162291701e-03
2.372595197658577612e-02
1.060464148356058817e-01
5.905095648767605399e-02
1.152547322966302606e-01
4.991864742228159513e-03
1.085906041580015843e-02
1.101073428007345693e-02
1.454495190198382831e-02
1.311166077890959548e-02
3.215076872601391883e-02
7.486514959028267580e-02
1.104360284558457417e-02
1.358530207834594827e-01
1.283379044904503219e-01
4.898023179689817846e-02
5.914560939962488183e-03
1.338627035809220392e-02
1.735893828939101893e-02
1.601443751029482665e-02
1.564420692846699157e-02
1.304962851590432960e-01
6.788827775776362303e-03
8.151813196411634294e-03
9.714357864776420465e-03
4.941577659750882173e-02
1.410723598249955246e-01
1.292242343927895408e-02
9.779090566058948678e-03
9.492404307314458028e-03
1.148633145045333155e-02
1.390785606858750169e-02
1.135089619525289986e-02
1.393150147026821738e-02
1.259372578864324105e-02
9.257735409322920619e-03
9.731174973459121025e-03
2.067616379035323512e-02
9.526462346122569272e-03
1.250729204323157255e-02
8.779733306618520139e-03
9.260252915634417659e-02
5.772649531965791218e-03
1.248211180014595079e-01
2.228235279918308956e-02
1.053394400720312173e-02
5.889268791810606252e-02
8.474016499781258926e-03
1.296309104786399179e-02
1.657098028169511905e-01
1.134138120992255888e-01
1.135890991826645283e-02
1.370763637974886130e-02
1.184795317513377688e-02
9.071944636315281904e-03
3.066007050893394814e-02
1.122474634064970882e-02
7.500043857528196529e-03
2.795806661180882946e-01
1.941889601794435927e-01
5.290684995208860819e-02
1.535739165266968714e-02
2.249423708353008936e-02
5.912442426030930370e-02
8.695171775925211038e-03
2.772049913370172591e-02
4.888958684824682571e-02
1.583181389883530146e-02
2.280398817105363726e-02
8.923129760395755172e-03
1.628248425724557538e-02
3.931991739845300954e-02
7.417023449915752242e-02
8.144622468306168817e-03
7.678568909899513573e-03
5.297331199295105333e-03
9.348605309485567838e-02
7.897252480185362397e-03
1.912419657138494933e-02
2.056044647607411791e-01
1.370772005357466516e-01
1.811135080933568356e-02
6.945059316929800067e-03
9.198967385445809553e-03
1.594559067068507946e-02
2.395278058358990547e-02
1.220039462280582757e-02
9.041353983356998497e-03
1.193194888234234106e-02
1.281693955506014657e-02
3.512386484010720372e-02
1.235915882826495865e-02
1.630788954737640364e-02
7.956510758923590609e-03
7.978184523813880435e-03
2.322193851682177387e-02
1.170213932098059656e-02
4.936103340673868300e-03
8.389595596472726804e-03
6.922359614203109357e-02
1.074503091401268762e-02
3.521520764407957277e-02
3.446223445392219281e-02
2.246814504781326910e-02
5.683000001038668314e-02
2.847085127122784276e-01
7.853932747462656974e-03
4.902937770069549367e-02
1.382505450363600008e-01
8.190888497009544966e-03
1.999490132823138894e-02
1.153144870994390718e-02
1.145997817727095053e-02
1.692156842015650475e-01
1.138284257977344033e-01
1.654738558833981077e-01
1.227524196650602722e-02
6.090506321826054392e-02
2.175425061337105462e-02
8.819940660358089463e-03
2.219034560418710333e-02
3.414129527788505036e-02
1.051720947327708378e-01
4.667089721013806258e-02
1.640039040701529727e-02
1.447395676724236024e-01
1.472459632380976151e-02
1.278895595846964335e-02
7.119981220110553968e-03
1.258260914702038699e-02
1.261038360493605022e-02
3.387365907260476289e-02
2.642833259484185793e-01
1.621340303610723302e-02
1.112365464347025469e-02
1.526130994070034295e-02
2.834306111832047073e-02
3.181823168238911287e-02
9.247960690449903362e-03
1.996912572786090079e-01
1.481130207145563149e-02
4.359677392877428677e-03
9.279562390187706677e-03
2.912661550157221169e-01
2.016747662555586074e-01
1.467887361986358781e-02
3.520392580624578244e-02
4.528046825972711215e-02
5.819232950287226216e-03
4.072973307592630404e-02
1.832425759047368041e-02
2.041477269261941091e-02
2.476428437369542213e-01
5.387831940122417458e-03
1.678403334305682629e-02
2.173326583283297087e-02
2.290021354835873948e-02
1.481954935960781532e-02
1.299376142633542654e-02
2.811398743662870681e-01
1.356557484427473384e-02
1.242078946045609839e-02
1.190053837386558094e-01
5.610754668651014680e-03
2.503732475715317665e-02
2.630343648631817133e-01
2.230316423745122567e-02
1.465799100405431876e-01
1.602374061937624633e-02
2.081774607718038794e-01
2.529629774189362870e-02
8.130906625407198496e-03
3.731748625177791490e-02
1.590250713193351248e-02
1.252135856528271106e-02
8.422607288924756005e-03
1.662224442234850885e-01
1.354020204847865977e-02
1.760195390506583135e-02
2.457326106815777844e-01
1.082859626942748663e-02
6.226282754171780232e-03
1.037365914360842932e-02
7.519535070927475633e-03
1.119560761203571182e-02
2.422076686271840140e-02
2.590928055700177438e-02
1.967035184959105981e-02
9.832289412122430933e-03
7.335390713557776027e-03
2.272302092181526512e-01
5.774595332772440234e-03
1.972198300809060306e-02
8.410960945748756357e-02
1.885771158738678774e-02
1.407819329688461130e-01
3.059763245509327517e-02
4.514620788873598828e-02
2.405523893475854449e-02
9.115453887249281781e-03
2.653109731921842948e-02
2.070271161969801099e-01
9.365959053672311477e-03
9.687674897666568100e-03
1.307403266286740091e-02
6.268627255180780899e-02
1.628166535553930011e-02
2.633447749943832947e-02
1.660865772376303798e-02
1.075507983322934735e-02
1.315240543254180688e-02
6.679838294265005860e-02
1.301700428846289982e-02
7.639177556861271971e-03
1.740071844229504339e-02
1.270525435025069913e-02
7.020509437473091037e-03
1.694386909893342771e-02
7.908628243014583295e-03
1.534911518848639245e-01
1.894820163762573478e-02
9.259208943427585728e-03
1.464714551494242060e-02
6.768752765384894628e-03
5.694130530722652656e-02
1.172303398047824102e-02
1.480265379118487351e-02
7.757501857499606891e-03
7.241234873855643961e-02
1.167477720873284774e-02
1.812956523061096462e-02
1.443046541565276564e-02
6.675925521732676247e-03
1.090857460405164105e-02
1.379756674265023714e-02
1.987653972708965933e-01
2.336664471353796790e-01
1.313269707262140935e-02
4.097561244700371336e-02
1.020107398798094159e-02
1.493660745385034794e-01
9.292243074671584224e-02
9.285206320391956730e-03
6.602054817967423390e-03
1.650605359543780293e-02
6.573435835931594473e-02
2.172656863280481576e-01
1.088671931672520292e-02
1.526994045967175473e-01
2.499317768788785754e-01
5.187641620471963172e-02
7.717175163011590067e-03
7.899302182729916674e-03
9.985278433427018444e-03
2.543333795086391222e-02
1.145220563256466907e-02
2.275996520860750494e-01
1.067602853413176546e-02
1.190266014145051690e-02
1.509863163099948134e-02
1.862251528291485048e-02
1.088047092542453881e-02
7.738714683803371401e-03
6.825921245694665553e-03
1.169211817144817644e-01
2.566013060411458380e-01
4.592548738396086579e-03
8.246607786922436484e-03
1.584762468362678131e-02
2.002360779153154746e-02
1.140261911640064185e-02
1.534395832446098541e-02
3.219960077918809088e-02
1.363278361675417279e-02
7.171322862002712205e-03
1.885840912868472913e-02
1.665667037000870265e-01
1.258956042945827761e-02
1.027067599967106636e-02
1.522914241260448220e-01
2.827715476455879839e-01
6.503504900298805180e-02
1.591849824064770630e-02
1.992710904882419656e-02
2.208590122142316606e-02
7.020683303074314041e-02
1.113513636725708619e-02
1.623571472246355396e-01
2.597464345022138521e-01
1.122576271057128781e-02
5.252033227305929856e-03
1.127137549195366371e-02
1.702952472241480580e-02
1.058382470542512319e-02
6.032359492480976297e-03
5.869800229807882463e-02
6.781764388203932563e-03
6.486274545684689481e-03
1.049871793991127324e-02
1.565309527406929038e-02
1.453284168135159440e-02
6.613270142106644246e-03
2.345091426679090374e-01
2.460395106576028154e-02
1.482748020163156960e-02
6.901289960928572165e-02
1.185038964204170216e-02
7.072185148326625218e-03
1.201223233657752569e-02
1.395215250005137249e-02
1.433943415554739427e-02
1.906497020187585684e-02
2.977348464750883064e-02
8.144165488895951585e-03
2.842724728288170688e-01
7.778414086509143587e-03
6.278576396301914150e-03
3.473142362501596692e-02
1.669733260309572490e-02
1.736850644169363536e-02
1.338821018719501578e-02
6.532662127829733621e-03
1.344066261099551018e-02
2.261031054979970381e-02
8.222182298461869557e-03
7.179209968841784341e-03
1.450609789085996644e-02
1.899883348267349809e-02
7.417091026235719982e-03
1.326175425261277852e-01
5.588254805496641053e-02
1.309972372152450049e-01
1.785946990953195951e-02
9.806973560858271363e-03
9.431719013420438238e-03
1.827616304684687165e-02
1.321939613060927297e-02
1.045813944173026172e-02
9.402749373730306948e-02
8.779979704562580756e-02
8.332155432183414867e-03
2.319104894543271705e-02
5.917331030647611685e-03
8.040221807612135327e-03
1.381140416351460051e-02
1.899928276859777221e-01
1.026510986426539505e-02
8.767774723158493905e-03
2.225697310134094886e-01
2.085436558549231059e-02
8.424801908105995774e-03
1.111887819506143620e-02
8.064843368764396114e-02
8.406362387195434258e-03
1.958248277984498409e-01
1.863622040524167897e-02
1.897264003080597131e-02
7.682315667214466293e-03
5.933740460107693980e-03
3.102337844425493915e-02
2.636150332715384015e-01
1.498147693846774847e-02
1.368925485422605726e-01
7.606838618576750033e-02
2.055833548068874625e-02
1.029070664943576921e-02
8.288278837831692530e-03
1.499926065840133903e-02
2.193928012224586818e-02
3.602878020592787528e-02
7.879987936958295427e-03
1.604798284301588857e-02
7.629798915646092070e-03
2.871977738462062613e-01
4.478769304252493838e-02
4.719725317684996674e-02
5.729293852184785124e-02
7.919020044629025007e-03
1.642391144186725743e-02
5.962401788871649413e-03
9.965093265236282111e-03
1.794581591665031159e-02
1.015697323864828555e-01
8.547571877339347340e-03
1.171020388758794474e-02
1.640489181775143523e-01
1.183306843304347475e-02
1.375485022758253864e-02
1.200688508454148852e-02
1.561792191303069399e-01
9.461117759088972026e-03
8.372842076645525822e-02
9.804959063521832136e-03
2.306519736227672854e-02
9.221083718134910623e-03
9.875898384755631143e-03
2.400810547363949402e-02
2.564064844399240317e-01
5.734395887374012929e-02
6.018189036501739309e-03
1.320954547261978841e-02
6.310306886922279444e-03
3.018241057852309450e-01
2.214764770427080434e-02
1.001311579102300009e-02
1.620811111406906396e-02
1.815059226939032613e-02
9.106047516641267714e-02
7.093774650838468795e-03
2.435827476973166997e-02
2.608242275254747319e-02
1.915003521290081778e-02
1.769246599531353326e-01
7.237447865252645725e-03
8.369262097167783077e-03
2.476322746834125690e-02
1.450987076428720823e-01
1.185937383685523733e-02
7.423908806721723173e-03
9.595226749768533819e-03
9.091037150565287397e-03
6.582203738909647023e-03
4.161632921148997188e-02
1.539438190061011985e-02
1.916977007571244590e-02
1.035324653249383026e-02
6.906936481752221253e-03
1.214976179520477068e-01
1.237936948458516311e-02
1.027376510310753360e-02
1.137178134890007818e-02
1.901470965870081381e-02
1.273621750837332887e-02
1.586560837546670821e-01
2.262959140013659845e-02
7.124678637975524753e-02
2.435640846979950369e-01
1.420466432778235040e-02
1.059160597195289363e-02
1.646251820762740029e-02
1.400314373104470933e-01
1.396327808493116190e-02
9.270126559381336451e-03
6.978696462103852957e-03
1.410924743708541311e-02
5.695412030373529604e-03
2.491747379316361644e-01
9.090095917527393765e-03
6.576206364390017531e-03
9.496399318155565247e-03
7.328605484406202838e-03
9.500110774282505277e-03
5.410711925846005237e-03
5.889918429997384464e-02
3.039451718191279669e-02
1.237912358512583029e-02
6.262956363705802533e-03
3.808816249503622648e-03
1.198954987707761578e-02
2.671066558492112830e-01
5.679761962170733203e-02
6.481363862604624416e-03
5.674790799545815362e-02
9.270629058292184296e-03
1.175494264870847322e-02
4.373932007332226313e-02
1.716846244552664713e-01
1.895760562146800790e-02
5.795234111774343923e-03
2.034531368539576821e-02
2.863179943080408629e-02
8.396189309428304243e-03
6.106088594324817626e-02
6.159092294317916085e-03
1.495305471415369347e-01
1.019155873366333481e-02
6.945184087864947169e-03
1.913965353698851221e-02
6.522564501382857767e-03
1.510938128447217831e-02
1.224289250937148424e-02
1.425134434349798473e-01
7.473742428510937036e-03
1.664705456871581890e-02
1.048483237557656933e-02
2.231351204241422415e-01
1.080856961735621527e-02
4.133686217365531435e-02
8.132255625393578630e-03
5.666609808789991980e-03
1.271203290762637668e-02
4.437370456121508128e-02
1.015955769074020944e-02
1.447531664943510488e-01
1.249531621787522070e-02
2.386005487372431372e-02
8.991155182040458035e-03
9.945386819651689039e-03
7.340100962660481287e-02
1.064104708156405656e-02
1.790070361939528204e-02
3.225130253847278972e-02
1.333013224154180366e-02
1.870387817138650585e-02
6.527059179922312278e-03
2.722581533324227795e-02
7.771917469587626137e-02
9.431977759665423691e-03
7.753946739668637379e-03
8.458285298293153481e-03
8.480908371129856557e-03
5.971563833124388099e-03
8.751647623187239211e-02
1.498299932945044294e-02
5.007455408346124341e-03
3.310043566709215679e-02
1.689724693183997789e-02
7.780471994209624091e-03
1.434570116347150433e-02
1.100771162893128541e-01
9.985732241534243936e-02
9.017913420309640882e-02
8.219388651506184806e-02
1.467390864623858461e-02
8.684601878539069744e-03
7.544555732485065322e-03
9.615964672142662123e-03
9.272845823437403379e-02
1.948427034606221298e-01
3.046526242826534392e-01
1.065942707050703507e-02
2.094080632590586757e-02
5.385318291345355529e-02
2.027438303185431778e-02
1.218536403300478181e-02
1.292078191302309213e-02
2.018635614552633517e-01
1.745532374041198695e-02
1.556795460943620132e-02
1.260737631382119646e-02
7.882600084096055837e-02
5.120275468894833204e-02
1.029008198205388046e-02
1.617914892211215136e-02
1.434257719261695756e-02
7.979675058368621010e-03
1.282363338320850754e-02
5.791551643568075558e-02
9.675454789135553776e-03
4.050573879786229653e-02
7.703926348383813814e-03
2.829630940695087096e-02
1.258698665935222283e-01
4.374702966534005887e-03
1.060248750484249838e-02
5.497740403025860173e-03
7.904575370871688711e-02
9.055966234463917394e-03
9.252043702380982962e-03
8.540366507873325616e-03
3.233818339494747701e-02
1.116238003604738682e-02
7.826765992014310391e-02
8.779606102420921265e-03
1.866503899798540034e-01
8.624254842097986429e-03
7.780672542478704948e-03
9.380109801031660463e-03
1.152256667236159354e-01
9.540512512556496502e-03
5.284092804638432922e-02
8.042548674603661185e-03
8.331533995058022432e-03
1.906023905156717380e-01
1.344103144303196440e-02
7.865132837080724554e-03
1.421616701190543675e-02
1.089419362635330596e-02
8.416541020759275848e-03
4.970419210442488661e-02
9.792620147243905060e-02
6.818938415269165665e-02
2.745304953532001768e-01
1.440898985338946205e-02
1.576016036858249661e-02
1.489185389626797133e-02
4.664868510695865250e-02
1.356665743482808432e-02
1.810790021202741615e-02
8.090882196098870410e-03
1.484140426253657136e-02
1.012753681373174987e-02
1.293017328209059014e-02
1.375849953299138062e-01
9.523326127893005574e-03
5.113355769763003322e-03
1.172197812963769216e-02
1.415049971749086748e-02
2.501866132763324452e-02
2.465674196636368984e-02
1.218191095160927814e-02
1.473754373872352974e-01
7.793700606456542730e-03
3.311456207074992691e-02
6.359645485861168714e-03
1.926732623067479652e-02
1.740010475426016431e-02
2.317813869280775652e-02
1.066827247111991339e-02
1.273367911343619742e-02
2.326301178940757414e-02
2.090832131066760191e-01
1.610306619813881707e-02
1.771892521670486234e-02
2.092813494076024017e-01
7.983120406335647221e-03
1.069785510032313959e-02
7.517220382100350297e-03
1.598069605014830474e-02
5.252209231707469228e-02
5.501933383988000768e-03
3.839230827992304307e-02
1.991821033418686160e-01
8.326268788963969714e-02
2.008681970365597605e-02
1.179512797251894805e-02
4.078651614863335051e-02
1.110101292974841752e-02
1.953758930404386474e-01
9.160725934630063738e-02
1.214673310501558461e-02
1.845222065869846911e-02
2.371575673368314374e-01
1.575892537394622123e-02
9.278718300091621726e-03
1.406929522773796119e-02
1.416856137891920886e-01
2.337471037371753949e-02
1.501796007219860854e-02
2.400300179885381247e-02
1.112616035636350420e-02
2.200551640067984274e-02
7.116104251319277374e-02
6.618531889497168176e-03
1.716038531422787450e-01
2.605047555109409885e-01
1.215946661310658983e-01
2.054577564931504841e-02
5.476540957721789254e-02
9.838508962921065082e-03
1.918237283400021920e-02
1.270398998224647052e-02
1.675738171258825751e-02
1.291894739135588180e-02
7.186642588266232631e-03
1.403241838794361263e-01
1.553210505028465582e-01
8.732757766997525928e-02
1.532648847798369872e-02
1.318598137484798816e-01
2.315833083616262167e-01
6.374882174509739242e-03
8.545225439368801801e-03
6.883905658822785448e-03
1.332760597899544132e-02
2.798460764510023527e-02
2.951550452762793375e-01
1.790550530572442012e-02
1.059844659872250308e-02
1.757703386688526728e-02
1.455488104466291614e-02
1.703019254323776266e-01
8.465534187856024392e-03
9.145502705372022742e-03
1.466996607121176348e-02
1.202287214556578415e-01
1.075905365752332851e-02
1.122091065743978204e-02
6.390733027465509905e-03
4.784229576662075989e-02
2.946784133770210742e-02
2.884649045599918527e-02
2.797150271349287121e-02
1.097398453088302417e-02
6.438463342566126679e-03
6.273268933189734935e-03
8.438650491893838826e-03
1.512019886710902657e-02
1.551899510193840807e-02
6.118224950122770622e-03
1.917001181252302455e-01
6.120935039996912991e-02
1.104646777886354389e-02
1.623326218862733081e-02
8.800937834236674528e-03
1.057339286291634518e-02
8.301155569522074631e-03
1.026301488857911740e-02
4.057526525569535997e-02
1.734666078104616510e-02
6.581225282812558537e-03
9.366793567552232636e-03
1.074084134568490008e-02
1.015077186840830994e-02
9.404422623956225358e-02
1.210288369057659769e-02
1.309797648116972982e-02
1.080002806757257919e-02
1.274543272467944521e-01
2.006749412684662864e-02
1.700822181671287833e-02
1.256260717951317163e-02
1.350852407423778698e-02
2.255165283754757485e-02
8.397751703460113251e-03
7.476866052567805558e-03
2.269805550876072275e-02
1.076947858092069596e-02
1.366959670249762518e-02
1.037135568725897489e-01
1.327965634890852509e-01
8.566775911295300069e-03
2.042295127750715367e-01
4.643995694752599268e-02
7.937091408231795875e-03
5.988703805896521994e-03
1.455230615457116586e-02
1.551698562254561972e-02
1.793976630838247169e-02
1.164303388733906319e-01
1.577663413719792018e-01
6.755457988876394267e-03
2.585563092124622611e-02
1.065799517565321937e-02
9.482241999810228292e-03
1.917712310986445165e-02
8.166809505785599735e-03
1.344618839781011044e-01
1.506513218323886003e-02
2.056893736747475790e-02
7.959320796319388491e-02
1.419835331058032918e-02
1.791106354252560429e-01
1.283224031974424667e-02
1.553214381145644196e-01
1.648358720719102222e-02
1.481603311171715842e-01
4.493031814542638308e-02
5.913957242332319210e-03
6.916945738582557825e-03
4.595230018157127339e-02
9.710345709716296583e-03
1.919590650094611661e-02
7.223227387619968708e-03
2.002828491270066888e-02
1.174602697130291556e-01
1.130246253024158598e-02
1.550999838877809879e-02
1.173034316702009500e-01
4.029909116482701531e-02
1.126863932075108411e-02
9.610310415724040989e-02
6.398463811413166759e-03
1.502013480899064800e-02
1.255625625406829420e-02
8.000000778659357645e-03
1.087370513089778133e-02
1.367919368378919288e-02
1.068812758157591455e-02
1.181818820684778920e-02
9.883880879872663713e-03
7.474868678662120736e-02
1.440808121620231787e-02
1.971188255821661531e-02
1.204760304771140475e-02
1.808786576042715338e-02
1.684134555505026679e-02
1.018469733111426051e-02
8.743488697886946798e-03
1.265503572740275633e-02
1.554529779270978976e-02
1.535532305844939382e-01
1.419536711260325872e-02
2.266269796551050320e-01
1.259708907329307528e-02
1.562782463371309438e-02
1.545316258680637551e-02
1.695002272058806006e-02
2.277949106429578707e-01
1.809181181042371356e-01
9.422020827924898478e-02
7.685120202542769161e-03
1.387104142965022227e-02
1.631308537780050069e-02
6.231255654126875709e-03
9.070000424325768903e-03
1.857191038094700361e-02
9.528704039449640423e-03
1.448208864691012329e-02
1.702572055792063790e-02
1.583511209481796092e-02
9.119908913827190489e-03
1.205274825822197360e-02
6.110525832973292236e-03
3.061487388440545243e-02
1.019302695639355202e-02
9.366660935829894397e-02
1.768312624640552000e-01
1.355364751716740292e-02
4.210677745885516715e-02
1.109945188902135005e-01
2.568709537193048301e-02
9.441688094293923528e-02
7.141330926514528887e-02
7.302452291002339488e-03
2.452458132858255715e-02
2.598773934878948477e-01
7.701319487998457489e-03
8.299912216796533071e-02
1.473866369373930986e-02
1.135710458133353841e-02
2.979654326761100869e-01
1.491291004911650918e-02
2.270205290393548583e-02
4.629665399088452732e-02
1.287809613647736100e-02
8.921644122040182923e-03
2.292223087326038591e-02
1.454984290278114600e-01
1.407433209744442248e-01
1.304671751962813674e-02
9.734267057369650269e-03
1.129890764465797497e-02
1.035133768552339191e-02
1.518156737245580055e-02
2.065631114342152963e-01
9.278114122404167163e-03
1.486610012153306674e-02
8.534921308961466654e-03
2.639943868155684298e-02
9.268509974754137945e-03
1.852619176948375190e-02
7.003436052319583598e-03
2.175161932904090267e-01
6.676203042225654742e-03
4.446328301238567336e-03
7.709264674611008943e-03
6.508641747004787793e-03
2.351068026106304526e-02
1.612489418557076781e-02
1.759886359368000031e-01
2.370379943724207628e-01
1.323362980856682657e-02
7.473462595692246559e-03
7.189269049164074589e-03
1.119563674942986378e-02
4.223843220667510001e-02
2.461705392962945660e-02
1.357247434706261059e-02
5.660809739072057180e-03
2.576526008079798591e-01
2.294503247348284036e-01
5.668509794519435013e-03
2.298029916284848734e-02
1.283127159096730287e-02
1.899965959832523171e-02
7.971502055205068049e-03
1.847234666154071517e-02
8.674974929972193230e-03
1.072656198850052006e-01
5.861955846138477283e-03
3.901376369565216079e-02
1.225130295001087416e-02
2.163053780248287358e-02
6.403654706588752729e-03
1.178340189550314970e-02
1.398579634325394089e-02
8.247965479122970622e-02
8.274840507544590010e-03
3.459415857643722420e-02
1.137938244382331703e-02
4.931721736336310523e-03
9.110772987445239779e-03
1.309596886126157371e-02
1.952604953478492139e-02
4.036250804491005838e-03
1.933465713040325579e-02
8.070390887289405346e-03
1.218883726723171863e-02
2.165726943708991964e-02
5.956615955661304085e-02
9.914966731797571209e-02
8.002088571953658996e-03
2.744204797111565730e-01
2.501373610108840184e-01
9.029797776436086429e-03
1.462356130936269712e-02
5.369292167574118979e-03
1.044459621551858605e-02
2.983445622817823897e-02
2.684927785779212331e-02
1.192599830026830066e-01
6.061262053594390631e-03
1.326932711711067414e-01
1.003247633379968605e-02
8.219727890837497108e-03
2.247375338748948403e-02
2.473024922072379270e-02
9.941112080643606588e-03
1.498995679203275755e-02
2.486595052590929653e-02
1.367603982943592887e-02
1.098697061609831688e-02
9.100547929953449813e-03
1.054291181332092653e-02
2.120842660255288503e-02
1.461550707981512931e-01
2.235171069554884801e-02
8.256149998492882947e-03
1.565399515148057363e-01
1.001578802468787791e-02
2.478745132858042530e-02
1.068221748106527869e-02
1.222603171649284601e-02
1.058901215586249139e-02
1.572112454210068330e-02
8.037811365157888910e-03
1.083927424432084077e-02
9.945685296751971202e-03
2.579371575586878254e-02
4.574988916265925604e-02
3.638705080905282191e-02
5.685356581365615287e-03
1.415559614268808997e-01
4.744234770631813522e-03
8.592946889648204675e-03
5.357168326260531438e-03
3.402169227717789790e-02
9.708641713823219777e-03
7.067274490283202183e-03
1.116794433783165064e-02
8.319694226122550246e-03
7.919992681262866263e-03
2.015386916244148729e-01
7.026052801750420039e-03
1.112553598956433389e-02
8.528815122870800347e-02
1.279354393359292963e-02
1.984947407063549288e-02
1.242159591730729665e-02
9.372524877189208556e-03
1.137999697501061169e-01
2.400567978854260126e-02
1.448781446051553186e-02
4.727140857636092514e-02
8.299739543432920613e-03
9.240990849032014107e-03
2.016774855740493533e-01
1.251924117615791157e-02
8.239154894126580336e-03
6.513294209711765516e-03
5.354880398142864394e-03
4.506306478713202612e-02
6.744803993896889005e-02
1.060587754890118459e-02
1.648727850259248257e-02
6.377864904590291144e-03
1.386571770973453639e-02
5.720119744745378286e-03
8.806179809060468711e-03
2.165652706246343207e-02
1.620522404323038179e-02
7.974682067978224043e-03
3.646457212758948824e-02
1.097607184763187659e-02
9.777951377913429720e-02
1.359711502963838366e-02
3.312138353632917975e-02
1.238384973955821283e-01
6.464679297499375914e-03
4.113151394415589385e-02
3.648421595963532299e-02
1.099568984687829959e-02
1.151267593195260362e-02
1.697106309112370384e-02
7.424359280329648550e-03
6.298721099019403968e-02
1.109609048611476939e-02
3.577621687827777647e-02
6.712399295832109647e-03
2.193805371802960008e-02
1.372743805882458701e-01
7.046931244838099649e-03
6.025311525945960603e-03
1.201623828641984991e-02
1.050907685878572570e-02
5.887367957102877976e-03
6.202806068305961526e-03
1.227161839596776008e-02
1.420238729082358778e-02
1.011403438051199609e-02
1.947015664629315468e-01
1.136232856443862918e-02
1.274647075761379048e-02
2.438650641126382385e-02
2.112398054432333347e-02
9.987861397392050478e-03
7.290358909875330716e-03
6.744916383791386798e-03
8.316700490283419553e-03
6.071124257744418135e-02
1.950714545113292619e-02
6.255941406690176433e-03
1.615700747876641086e-01
4.104378566937962741e-02
4.313132065350864380e-02
1.011269016463350184e-02
2.647487846100513020e-02
3.171545913522604791e-03
1.393981170519712105e-02
2.558219006487748026e-01
1.168645634292311136e-02
2.361375047154617296e-02
1.580420010542614440e-02
7.583648831119136312e-03
4.453663202752004835e-02
6.859064146187308919e-02
1.423475547350209862e-02
1.127111452973464552e-02
3.758290941416041891e-02
6.467159469848829216e-03
6.559522288865360373e-03
3.848558341905468361e-02
9.129319465826683105e-03
1.053513015273486834e-02
1.783279129533005547e-01
3.555169109060824645e-02
6.822181053244623199e-03
8.583091108008816458e-03
8.331509467882299708e-03
1.286581422048565029e-02
9.374452943802784322e-02
1.855397814975343410e-02
9.709308280302021699e-02
1.339131681054158730e-02
1.240173873408789013e-02
2.292533521440107830e-02
8.100483753835877737e-03
9.529383098057474244e-03
1.081645692176950724e-01
2.709541355047287436e-02
3.802219388804820022e-02
1.622630178503633308e-02
4.133775151269479704e-03
1.924913466008628185e-02
1.222920460659995823e-02
1.200557062084969991e-02
7.008559377968112680e-03
2.079960616290937522e-02
7.228359175546643367e-02
2.027475002047556679e-02
9.942139776883091723e-03
9.821128552642265433e-03
2.034292345540341176e-02
1.123785351203630996e-02
7.878607577644807999e-03
8.593357101524418465e-03
1.052436088129039479e-02
1.323609171220794037e-02
8.991900180180759788e-03
1.678954955564732412e-02
6.663828321867885929e-02
7.969743238371708449e-02
3.021374882295621220e-02
6.905310853101088477e-03
6.222886706570917616e-03
1.025235338881892375e-02
1.785298652768387354e-02
8.439584363418651050e-03
1.567776791948530257e-02
1.194596351708913061e-02
9.479075998615024007e-03
6.219756728292870351e-02
1.767522058713528674e-02
1.601803068266695329e-02
8.032911057150048800e-03
1.778430827099181794e-02
1.549590598128753813e-02
1.911600592146560709e-02
1.756771422608509325e-02
1.645460279547959065e-02
1.324689153376921169e-01
1.770644686175860683e-01
1.173870736996626522e-02
2.340579686623208699e-01
2.369164184178419730e-01
4.774189674971751618e-02
1.808198808635752206e-02
1.032428805596447181e-02
7.095582421784103755e-02
5.542842904761401297e-03
1.086437373185410726e-01
4.382429254189978973e-02
9.495198705977628620e-03
1.476779788139210951e-02
2.120631907440612834e-02
1.065705585063334362e-02
9.198764121325231011e-03
6.883879163857531402e-02
1.785715873966146616e-01
1.127142982859083084e-02
1.286325580715015973e-02
2.246952138369225083e-02
4.685490202427146367e-02
1.015416625340496287e-02
1.215636879763521902e-02
5.928034526985336006e-03
1.511161513996523049e-02
5.935242719124377009e-02
1.292045552866402935e-01
2.002222954424119905e-01
1.114215369539360220e-02
1.442552196330153073e-02
5.147004746104964779e-02
1.591460535155653500e-01
2.988984176725735867e-02
1.449726093941444173e-02
1.391709539223723313e-02
1.214868535109762115e-01
1.022849214615256241e-01
1.346317593748046909e-02
5.906033289056039637e-02
3.552445854941936598e-02
3.802981552890120909e-02
1.407141628485563713e-02
8.916492865121665445e-02
1.173241648512615004e-02
2.401953182027499745e-02
1.306406868059709070e-02
1.155742232992032492e-02
9.758632579102900773e-03
8.013356801383213213e-02
1.900233017185148574e-02
7.805782580692695143e-03
1.356836534558111540e-01
6.878369518504277337e-03
1.349708908382255684e-02
7.644357231025764032e-02
9.469125619423361673e-03
8.722923860447985567e-02
9.715199632012642972e-02
1.103325051835781986e-02
3.148221821899942208e-02
2.071571118393750188e-02
1.924310065443857187e-02
2.280630637887952894e-01
9.104425147536863994e-03
2.346107694803054727e-02
1.085353745731105490e-01
1.451661046271757460e-01
1.427178075142972874e-02
9.107175132525414593e-03
8.292453724055379866e-03
1.631661130208852603e-02
2.350018560266662476e-02
3.783418417243392118e-02
9.459433075211113109e-03
1.208902684472308413e-02
7.674927184143946410e-03
9.056287280247795127e-03
2.069554778852714383e-01
1.518107368791666266e-02
5.161599058257962391e-02
8.761895369936470446e-02
4.805220051150431437e-02
1.012561247176153693e-02
1.762294387619168720e-02
6.994000380262587260e-03
2.213064659595598838e-01
1.250882123646836208e-02
1.610022434404242142e-01
1.177004151514169095e-01
7.672078164371667897e-03
5.799551610544866065e-02
4.766974338279032081e-02
1.524275145100240786e-02
1.085053327157876023e-02
1.068448715608924689e-02
5.250351723373671009e-02
8.512137091048754822e-03
6.232766081355364980e-03
1.574454003880784714e-02
1.055003686220462762e-02
2.581069339089201581e-02
2.865775644815798384e-01
1.013670083455442406e-02
1.800398517363897832e-02
1.406373171719406748e-02
9.101029784572507719e-03
4.280021628688747415e-02
6.388343362919871038e-02
1.721553046908446891e-02
1.036967352864712373e-02
1.347557958182034159e-02
2.554021463627206140e-02
2.639957429165583624e-01
1.339746557383451192e-02
5.928020637946887147e-03
2.830572368588989834e-02
1.368322108339660968e-02
4.440000568748906848e-03
5.840393194563980525e-03
1.183391928006553503e-02
7.669814904962805706e-03
1.079740917908431595e-02
5.757006259172595120e-02
1.120003249215250837e-02
5.579605802631201067e-02
1.870352593405261721e-01
8.844945903334827664e-02
1.506595692121564557e-02
1.107121812316999299e-01
1.509237026420563559e-02
1.037604502538881993e-02
3.634270006163468208e-02
1.423145964286793609e-02
1.423477114417654593e-02
6.210621856844096914e-03
5.715257797679209641e-03
1.276881802011706028e-02
9.760594783511112801e-03
1.879598473899825317e-02
1.819167118177433123e-02
1.413846626114010352e-01
3.317803667242400639e-02
9.413722866697976643e-03
1.416745243719812024e-02
6.203802939496761218e-03
9.361853058702154090e-03
2.377703686215303369e-01
1.338066676143368113e-02
1.093153420717841127e-02
7.769215490394910766e-03
6.883388123654838806e-03
1.801974920797294599e-02
1.308249640238508538e-01
1.683485888674281228e-02
1.911081648794519042e-02
8.971837204850880917e-03
5.898779198702742456e-03
7.976016234247283732e-03
1.061945564520999294e-02
1.083314447541369394e-02
2.311769176797618189e-02
9.131560554677941102e-03
4.451898897153478557e-02
1.346168921715727197e-02
2.499292660403612878e-02
1.116088052732236609e-02
1.481015488565455736e-02
2.814492079821559467e-01
2.008055382724203974e-02
1.889772763883831586e-01
1.815605703854063224e-02
1.795042227093264497e-01
7.587891326498640010e-03
1.265466489973481566e-02
1.846340672165945607e-02
1.840764735421605569e-01
8.671018706280277100e-02
8.085017839606770118e-02
2.379346262528935496e-01
1.744302531207195597e-02
1.021402854986006720e-01
1.703359063921798186e-02
1.003564774959352091e-01
8.127572510213745827e-03
1.008507278251921484e-02
1.213560750093230049e-02
5.621705795083206149e-03
9.163476112967072762e-02
2.028645251127325633e-02
1.291800978805936022e-02
1.279731504114555753e-02
1.772482268609198719e-01
4.134976784666254124e-02
1.186570836078013058e-02
1.080994080289952586e-01
4.244901384274197241e-03
3.075740381070419041e-02
1.843072034067756715e-01
7.241875120714592884e-03
4.332536462839553515e-02
9.278493105912458128e-03
1.649643819613856588e-01
1.048782305442884540e-02
8.684156760273785067e-03
1.118929020688094467e-01
8.756889748102351240e-03
5.127879341397609085e-03
1.631202362780320367e-02
1.468861323416779767e-02
6.124917581861529133e-03
2.335548349404427126e-01
9.308156489248839427e-02
2.919499240687402630e-01
6.641808776871139380e-03
1.096024956875993675e-02
1.087839123574238925e-01
1.001395888081795665e-01
8.282240874688996321e-03
8.732297657101956156e-03
1.828560680972644847e-02
1.038496720751417787e-02
1.434683583551800597e-02
9.695376758210671672e-03
7.703498636846072001e-03
2.728562517603319582e-02
7.098991039659171588e-03
1.797382496998764512e-02
1.641969064996466263e-02
1.159065156748092899e-02
1.582947857676149025e-02
6.966026430275634729e-03
1.120354963066354584e-02
9.007927598765562080e-03
1.574542713776369215e-02
1.026397743201946239e-02
1.050449477293980381e-02
6.272297566737480845e-02
5.212834319608256745e-02
1.999052080912763416e-02
1.604529458362654107e-02
1.163997609869539401e-01
5.792637671638245674e-03
9.322145456033484323e-02
1.711208298815017348e-02
6.204508369127041505e-03
1.182922534186768918e-02
8.438262838869028254e-03
7.227518419649479886e-02
2.138666333607392445e-01
1.546071227783517299e-01
9.363673536828910626e-03
9.953240291258755312e-03
1.733416210925017853e-02
2.000980268859404165e-01
1.224222932924056741e-02
2.770251370403181701e-01
3.835288409893434364e-02
2.279825017342575547e-02
5.493859991396099138e-03
1.564367981889334264e-02
1.316702880556673907e-02
9.522397653108081658e-03
8.563080986530599223e-03
6.148084987668810120e-02
8.509535605461788707e-03
3.525955868593889236e-02
1.890244584152378504e-02
1.974119704747846066e-02
1.544868026557516538e-02
9.919443666252185376e-03
1.615346640251288240e-02
1.144323886630590169e-02
4.851332018002803975e-03
1.469029742552431794e-01
8.154015113433936424e-03
1.363516091758161346e-02
4.973283732262565905e-03
2.368071160216963025e-02
2.848195466725529368e-01
1.047714215466094834e-01
2.467587051103554280e-02
9.825290743352700987e-03
3.679562150442906160e-02
1.140496621071822314e-02
4.269430585317537941e-02
2.238292611618619352e-02
8.901230781787367041e-03
5.754734187909065976e-03
7.048377581925273361e-02
2.072196790893936907e-02
2.293556449941301992e-02
9.239014313562233724e-03
9.633466345483908400e-02
1.382375548425514647e-02
1.332711449790346774e-02
1.366676815398717992e-02
3.691228200806718346e-02
8.880299082978970401e-03
4.086429262928738954e-02
8.979159842976450201e-02
7.753965198198694252e-03
2.312791170635183219e-02
1.400242043141027709e-02
2.179565069243832587e-01
7.723050211376616264e-03
1.756457301630653597e-02
4.236042266756652117e-03
5.426269430194622170e-03
3.326636098697455246e-02
4.594733658964468559e-02
2.251134489686571205e-01
1.351445726255490719e-02
3.358415660609419262e-02
5.167544775625469711e-03
1.160554363131961406e-02
2.035124192764142803e-02
9.702007076968742483e-03
1.021796127042667174e-02
2.716650696927352948e-02
3.489836142102476640e-02
2.064286072577240505e-01
7.073522189684666901e-03
9.657604836583666419e-02
1.052831278293790349e-02
2.143384217061410774e-02
4.847215663525160367e-02
1.325992264439384560e-01
1.891622573200093388e-02
1.249523384582042554e-02
1.495835912644146587e-02
1.579364396769912179e-02
5.309958694907773724e-03
8.868826444366116613e-02
2.211059120100009392e-02
7.679928661320086294e-03
1.184211440558319561e-01
5.877925625051460407e-02
6.584036154786106383e-03
2.383709455242808140e-01
1.749295693245554034e-02
6.468506204636602364e-02
2.765616320586974930e-01
9.163787031827979115e-03
7.600568682639014147e-03
1.158985295905172984e-02
2.004220165384920094e-01
1.705647974971444616e-02
1.049016086976678475e-02
2.745023017928560627e-02
2.653756857848970085e-01
1.310098269056989700e-02
1.513288558936353168e-01
7.033761346192776709e-02
1.491349089066015300e-02
8.590364577279826011e-03
7.235322791064670300e-02
8.089012622753652057e-03
2.126053329580467055e-02
1.134651475446608326e-01
9.084130568559098395e-03
5.557749130020743500e-02
1.490020894520689421e-01
2.332315810801400754e-02
5.332534184639920426e-03
4.589831264268392705e-03
1.877885904976890272e-02
9.188844898162481720e-03
2.352841449372201563e-02
1.021272355788263933e-02
2.970498986189228363e-01
1.255659162157310091e-02
2.143828237290355473e-02
8.714794012104973286e-02
3.771559061338949220e-02
1.738960938748438864e-02
1.114220373952631848e-02
1.891044705315344729e-02
6.890273492009278689e-02
1.274004620541452186e-02
6.006471517269401997e-03
1.769093380899651111e-02
1.136135776966139960e-02
5.762977426489701571e-02
2.223860055862255380e-01
1.731634030300373620e-02
3.022747203271897859e-02
1.840179457117103665e-02
1.819138172039313009e-02
1.600585147451021734e-02
1.912211574360988264e-01
2.249455432388204265e-02
1.057686935849841414e-01
6.107141710019483270e-03
1.619121796279307177e-02
1.092467884519287072e-02
1.467678742633594761e-02
6.055870576788168966e-03
2.149479541575329000e-02
1.178105129402925132e-02
1.452380540667870187e-02
9.779429463711552736e-03
1.388618984158217495e-01
1.021678848355906007e-02
8.213601270345946212e-03
1.083746964049926535e-02
7.449887490393558749e-03
6.772036905145185741e-03
1.356648095872295227e-02
9.875125574491963598e-02
1.611896834871214337e-02
2.363096848406011641e-01
1.333046058482147134e-02
1.650257940182328631e-01
1.725981636207757353e-02
4.461248680774768105e-02
1.464050701155561462e-01
2.672793244330051721e-01
1.300746508409147441e-02
2.482607504877386850e-01
1.417737041381981200e-01
1.080173392402498239e-02
1.913389562922491322e-02
1.039795743610409939e-01
8.194141367998160341e-02
2.871276347452899474e-02
1.160593003245660552e-02
9.802815589499313392e-03
2.900837091355357167e-01
1.289001570143854733e-02
7.360219397245671563e-03
1.519434816894775844e-02
1.903889009064469590e-02
1.235628010273724132e-02
9.198764357685521725e-03
6.933133127266959302e-03
6.534402712326831120e-03
2.928682142566523816e-01
8.414715954967056516e-03
1.065019501236284805e-02
4.797379611467277039e-03
1.130915761561392813e-02
5.033254186309332572e-03
7.725131494566388375e-03
2.847392892067095865e-02
2.145462546923916636e-02
3.076899673486785045e-02
1.429636674906574201e-01
2.031443989955708518e-01
7.256792152498538727e-03
1.798281306782632816e-02
1.481246336687043752e-01
1.680780032010049663e-01
5.656792889382987292e-03
1.686629964374146418e-02
1.980532510486350817e-01
4.829337431358752403e-02
1.945636045369738762e-02
1.134725376720440229e-02
4.832559797531623368e-03
1.815651266937891306e-02
5.005977811997323890e-02
1.383127256616017153e-01
5.358027118643624714e-02
8.157726442598685693e-03
1.457635946674398775e-01
7.978501115133132537e-02
1.069992373752851229e-02
1.680454782856658641e-02
1.293822613432397961e-02
1.191271534827660628e-02
1.067820346887120818e-02
1.842570840756668771e-02
7.244604847058129342e-03
1.801027370280044657e-02
1.548666001570222495e-01
1.550615825374667030e-02
2.362841079588727522e-01
7.228641031731431778e-03
8.049066949212712457e-03
1.581858498515262973e-02
9.817097004410303696e-02
2.283425897190026754e-01
7.646580381335200960e-02
9.597359585876182389e-03
1.462408809462715890e-02
8.666355976446554407e-03
1.718460703394491043e-02
2.598631459843966374e-01
1.432984184166153328e-02
1.491243194534522531e-01
5.223477557225160786e-03
8.516456638549617375e-02
7.497981131752355470e-03
1.355482230405340681e-02
8.259039183951355154e-03
1.055111661296860570e-02
9.959269926897334688e-03
1.647255990212065022e-02
1.600463322015418244e-01
1.257016141696230827e-02
2.321056058451897719e-01
5.147092544940558637e-03
1.401529209431717944e-02
2.813175924805696448e-01
3.177877486735808388e-02
1.192886975655535892e-01
1.066557242777083775e-02
9.288012211115552128e-03
1.422151367851942801e-02
2.091425910996030230e-02
1.907522054405543302e-02
1.111171709862924378e-01
3.544711429256676427e-02
1.628261171121483941e-02
3.824564728772001862e-03
1.921592159149060688e-02
8.250051904276568121e-03
1.974867824554546458e-01
1.369405553967145139e-01
1.408905612811660150e-02
1.061145822006279334e-02
1.064157638240560352e-02
1.222386848400447423e-02
1.743953918361802746e-02
4.660040939868634324e-02
2.308924610397831145e-01
1.756156105898854514e-01
8.025141733466863159e-03
8.985627066120183484e-03
1.622204794901165731e-02
2.282204448641369718e-02
1.111738242316529131e-02
5.351293712310714774e-03
5.718757590171911001e-03
1.326553160032851453e-01
9.722935098615223884e-03
1.574201568394764661e-01
2.806386952832715664e-01
1.635809772657151606e-01
1.002978475374684819e-01
1.759237722356137568e-01
9.587968603561682068e-03
2.761234440458484873e-01
1.423475505834916922e-02
1.399244528638726205e-02
8.861594737248226425e-03
1.341082982670946042e-02
1.002197406069893146e-02
7.549204285510028277e-03
8.983671634868489742e-03
1.722400510311839494e-01
1.831176119207787376e-02
2.569399629466741497e-01
1.251688748063314871e-01
1.414038261716656260e-02
2.634288389921124462e-02
1.565407359396185638e-02
1.021385573121446136e-02
1.863644572365960594e-02
3.198864432396237439e-02
1.847584347327947685e-01
2.102928750398086466e-02
1.772277932873517897e-02
1.162351446687102594e-02
2.661312219910848959e-02
2.154335101024820731e-02
1.153583152751055940e-01
9.556282827961237042e-03
8.387948142989898673e-03
1.015183806569547667e-02
1.170112441607364107e-02
1.649558910458541472e-02
6.310662886018136852e-02
8.007360820914331129e-03
1.477564536640093261e-02
1.952524701507860408e-02
1.905199011573868381e-02
1.384642574559649397e-01
2.544972381060758848e-02
4.992640831734270444e-03
7.880488829791563316e-03
2.623596285057722133e-02
2.243135089978607125e-02
1.556489098967146247e-02
2.145112442161193136e-02
2.655559078955623820e-01
1.739039655657990610e-02
4.660503784480266205e-03
7.641656539095500154e-03
4.784803453209560825e-03
6.670319399139704002e-03
1.241229803670983525e-02
6.282886351582056550e-02
5.411259614666787121e-02
1.270118597931203623e-02
1.452562788736278844e-02
2.222205336715994337e-02
1.223939069119078099e-02
9.275467202182335891e-03
1.243018046536139773e-02
1.270417172701016409e-02
1.034380700115261446e-02
1.742018513550524367e-02
1.354353993866917565e-02
7.754922768308412581e-03
9.004441782276155493e-03
1.399087221409578419e-02
7.304358390044319270e-03
1.687165364504339057e-02
1.656162690696519335e-02
9.979388851810680472e-02
1.014215377991775462e-02
1.500226596162678068e-02
2.162694378589399835e-01
1.607635886003450434e-02
2.695842782907328580e-02
1.025133528143655146e-02
1.379401121375288357e-02
9.919612880541177694e-03
9.534684780222998923e-02
1.260986586146163775e-02
3.836300346620433697e-03
1.169628775756471201e-02
4.439028547379170880e-02
1.046178150864902900e-02
7.576548652378983957e-03
1.044692631557682209e-02
1.312327292577005269e-02
2.551872310767148155e-01
7.077459248674118977e-03
8.324763089048575759e-02
1.935302563676113627e-02
1.635209889616955903e-01
6.980613546855311130e-03
9.416601394721260676e-02
1.494537741108938923e-02
1.011174846981008867e-02
1.381449813046269591e-02
1.277281354064753634e-02
2.088833899566930330e-01
5.483820994498658265e-03
1.018415763626757606e-02
1.305364267992168044e-02
8.920370596724807102e-03
1.389849159417177321e-02
1.608643534244484294e-02
1.701922531407092792e-02
1.090756186530252199e-02
8.083233998296496248e-03
1.430362080855508422e-01
3.272900009707523095e-02
9.568740392743090711e-03
1.182341593522473651e-02
1.086399033782615986e-02
3.339870235160197903e-02
3.017689884918959772e-02
1.702449908260080663e-02
5.783698270886703657e-02
1.471410787954916810e-01
9.792453156891256505e-03
1.372513574543245823e-02
6.919216469935172975e-02
1.477835906481953995e-02
9.753121851692811428e-02
1.110829522341871545e-01
1.095274646330175912e-02
1.922066613774581212e-02
1.531097835409970381e-02
1.232356183520777991e-02
6.000706738856902492e-03
1.982633499969067847e-01
1.284191277542892987e-02
9.370523062377627763e-03
2.919248928762217532e-01
1.108205314035455025e-01
6.741981613246516257e-03
7.507165931227622463e-03
7.271587401955689756e-02
3.257754446238991103e-02
4.809998883574806428e-03
5.930958502584585991e-03
1.152228659828350224e-02
6.393560093324850147e-02
7.634943740622869394e-03
1.934416250312956387e-02
1.159742983909519201e-02
1.203246974183890955e-01
1.890103318115131034e-02
1.405319374136396009e-02
5.586930439536370342e-03
4.427409728027632135e-02
7.579726274889706655e-03
1.328676373388893404e-02
1.073275708245356869e-01
1.194941140135519358e-01
1.517355141046201339e-01
8.015441137581796535e-03
6.385868406925999247e-03
1.325608887408102031e-02
1.325393291670980307e-02
7.686780637708565470e-03
1.315494280623818665e-02
1.436341699226463195e-02
1.402821362337776552e-02
9.397418367739551748e-03
1.013119175976490288e-01
1.040858259732057971e-02
5.275590483754529630e-02
2.416142248490765199e-01
6.010080524337251678e-02
1.209187661097883490e-02
1.259208071346754748e-02
1.141884702941801076e-02
5.304071105644307151e-03
8.264372494418886772e-03
1.396349620167976376e-02
2.014080761586111157e-01
9.918190403718890255e-03
1.183903233185087528e-01
1.399550614598970427e-02
1.108700953458797468e-02
1.599288563998431043e-02
1.639297289883645536e-02
2.090886999775882701e-02
9.830770295149186822e-02
8.934946129799496706e-03
7.165179640210597896e-03
1.743473514008253566e-02
5.742177527395898005e-03
1.380929478841764341e-02
1.659953588934102997e-01
1.558993170928483010e-02
6.305236958917284640e-02
3.308219635394058639e-02
6.440618906758068321e-03
1.183710040632965366e-02
2.093187452459058240e-02
1.660785487675892416e-02
1.680911711706293415e-02
9.719655051560043349e-03
3.645892556993374223e-02
1.283950834116900745e-02
2.426565859471202166e-02
1.191418050368736881e-01
4.083897237209275360e-02
1.883634908247170878e-02
1.997946630250008876e-02
7.218976638978489256e-03
1.315109348229076894e-02
1.752357877882801396e-02
1.253620349307913578e-02
1.063645734957662306e-02
1.192611494930821171e-02
1.214221124324554174e-02
1.984928490029142512e-01
1.013204275868346584e-02
1.422419062363352096e-02
1.568369410245170140e-02
1.071220406067508249e-02
2.919236675598668729e-02
7.268952235640842308e-03
1.475025445159037878e-02
9.470050755064589668e-03
4.830505166394854187e-03
8.254085639163223631e-03
1.695215719390172002e-02
8.207893779100186582e-02
1.576630670080833574e-02
8.507316968949775460e-03
6.450067522549280188e-03
1.318986525185859848e-02
8.281271653938155133e-03
4.941060086080283249e-03
1.176745008452322917e-02
7.435584828643706026e-03
2.897897885763690840e-02
2.328724483550398405e-01
2.128127837224677923e-02
9.020791868967190097e-02
9.402051564944766127e-03
1.118723968515825812e-01
6.470063909863290469e-03
6.453038095627586235e-02
7.993736493474255800e-03
3.477616628589697695e-02
1.250210120061205112e-02
1.783100332165294191e-02
7.615581277869823244e-03
7.773061609203731244e-03
9.792012112073325558e-03
5.311649917384691534e-03
7.919175239912210409e-03
1.010959315904342778e-02
3.692749903553894236e-02
1.775988981944194578e-02
6.464388210806647043e-03
8.984150028653267728e-02
1.481672095002914587e-02
1.334136730202007681e-01
1.140082901234575410e-02
1.153149017150483999e-02
6.832378784740577270e-03
1.287475743770444270e-01
6.667133522685517177e-02
6.559302187506320381e-02
1.577635846296095504e-02
1.665729525789249807e-02
1.179280143168248349e-02
2.044612833790729889e-01
9.128329932773038627e-03
4.022448607340144144e-02
7.833002944821391630e-03
7.633558766601941659e-02
1.490804678864340038e-01
3.018603660334173711e-02
6.984474685598353327e-02
3.446993117277988988e-02
5.596512078870673548e-03
1.681541997780733322e-02
2.469179641296420993e-02
1.334668366811821855e-02
4.241491657108204666e-03
7.403165866700452472e-03
2.827711552122058047e-01
1.064523167930109780e-02
1.840890414036529948e-02
1.575914566456390262e-02
3.437516259547112457e-02
5.301065181391540447e-03
6.819356992105687909e-03
2.015585306677882341e-02
1.996262721352927427e-02
2.129005388650217490e-01
7.391850115291224987e-02
8.494873368963505589e-02
3.869415965353720753e-03
2.420453489850746612e-02
2.706181030098925647e-02
8.448741607390460040e-03
9.713904416686050883e-03
6.731979339544706675e-02
1.512157091267822551e-02
8.456002743773975358e-03
8.483437003980907887e-02
1.136930039683238351e-02
1.003162853662890874e-02
1.716944167278563679e-02
1.367522066351349423e-02
1.279921236456415222e-02
3.617914347185890306e-02
1.536231180269933411e-02
1.306081172908056878e-02
1.203620522489717327e-02
8.546963479432758554e-03
5.545098742758909974e-03
1.758027733505713314e-02
6.280920041573524737e-03
1.018905979119029588e-02
9.470202169055827110e-03
2.717104645076373060e-01
1.050640305206674771e-02
2.297059095404715631e-02
5.156107452133306540e-02
1.228855037106612626e-02
5.790727590197804892e-02
1.612234929033612083e-02
4.118821164822126374e-03
1.006141088175063064e-02
1.227123960778304067e-02
6.756862222836546028e-02
2.381372564126349456e-01
1.087797253055227883e-02
8.002947889627737635e-03
7.888683867939646002e-03
9.908061968090213154e-03
2.723335296889309309e-02
7.708518277741609366e-03
7.594380404385620009e-03
7.844560581574512928e-03
8.685908335517980583e-03
8.483843395459799916e-03
9.420233716282828962e-02
2.591976771443578187e-01
1.463784255132428297e-02
1.053719005299732364e-02
1.969540914715477153e-01
8.776701525216279789e-03
7.053849028192247204e-03
1.124521904203972522e-01
1.724047876151368897e-02
7.350668725170199369e-03
7.076912116331332547e-02
2.524263322875265336e-01
1.548424595161142052e-02
2.796485707978951796e-01
8.094904775903823124e-02
8.765214196551900094e-03
7.156444188768583750e-03
4.657764519435547527e-03
7.253812247462469026e-03
8.305873873698185750e-02
9.096235953150622056e-03
2.953917426198521615e-02
3.557980210492968365e-02
1.685440829100792390e-02
1.484505745223277662e-01
1.396423050049330587e-02
1.249350161462962905e-02
8.261031195112795988e-03
1.122294480227122027e-02
7.971620154186259688e-03
2.709508385055776902e-02
8.261613911976205607e-03
1.178518346918219252e-02
2.876671941123182252e-01
1.236831810626162070e-02
2.150148801922976277e-02
9.201812149041699307e-02
8.209877041038515441e-03
1.854681742193108052e-02
1.652749032398336676e-02
1.209247317695807088e-02
4.547319277827095718e-02
2.125445610172567446e-01
1.256266017886667127e-02
1.911667111740521507e-01
7.507517233226976283e-02
1.201729547764694185e-02
1.429962732385736505e-02
1.442097830389262314e-01
3.736948359902272226e-02
8.145180703005582695e-03
9.775683988411750305e-03
6.350130488057103249e-03
1.525020274274417782e-02
9.770497876550317956e-03
2.381980754928235064e-02
1.803275360989379378e-02
1.340944877736663723e-02
2.640004719771878866e-02
1.603572548052726032e-01
9.264965155872086078e-03
7.012165169767484683e-03
3.944456877501033472e-03
9.471871717144532757e-03
2.526453168852366149e-01
1.779046326223583316e-02
1.116367947852758002e-01
9.890854221537298194e-03
1.733205768574711675e-02
8.583377837104869471e-03
7.251273656236972842e-02
1.092932844874239078e-02
5.792357874506894044e-02
1.920526820334661836e-02
2.350423289421304726e-02
2.322916480332962164e-02
6.752596647081535522e-03
6.882106834640608350e-02
1.400654427505318156e-01
2.060150941443631561e-02
1.225622068356068024e-02
1.082422453351118696e-02
1.562591419418056515e-02
9.262780854677582498e-02
1.851264940408130222e-02
9.673973521117784982e-03
1.038725035315796186e-01
9.937634573052281720e-03
9.530868036646104879e-02
1.384861633411679505e-01
6.182770928907314542e-03
1.580902023824027336e-01
1.557314034326475784e-02
1.156201985272938687e-02
5.560675119523146755e-03
8.572192947612865960e-03
3.832391707271141923e-02
2.167142832479376779e-01
2.261384578097128395e-01
1.224628714165377531e-02
8.061716535912238218e-03
1.478314339357745810e-01
1.199688479077888614e-01
1.334130511736338065e-02
1.368873260037161733e-02
4.984659819530632557e-02
1.717532678398124568e-02
6.274171887020178057e-03
2.764014558906869451e-02
2.712609503519461951e-01
6.904812678983163199e-02
7.255136720094547062e-03
7.779088129940933682e-02
8.872382883463746442e-03
8.841154470845630220e-03
8.497453971857436839e-03
1.168474286483231483e-02
2.492656572684624067e-02
4.041287862910336245e-03
1.416940527122352023e-01
1.680140371569275107e-02
5.524252106554830392e-03
1.650890342725737717e-02
8.694881384039629749e-03
1.513129382461374066e-02
1.414860544385998509e-02
1.161688059706355997e-01
1.823050240703366284e-02
9.447988810672438079e-03
1.973374646858173584e-02
1.380825156989499460e-02
1.018370356984058395e-01
3.449892997880885104e-02
3.165892359310048393e-02
1.159708788164592712e-02
1.519013416594201457e-02
1.089075365200805889e-01
7.471109584731773501e-02
1.408104584457560426e-01
5.471744681227010132e-02
3.143537298133831231e-02
1.685841021022192743e-01
1.721871674064897814e-02
1.000840312451713177e-02
8.554918114309502733e-03
2.974562210358422734e-02
4.754866080391968210e-03
8.311595968086582867e-03
2.771837892774683398e-01
7.945575620644596340e-03
1.669716850583156248e-02
6.809565196140725252e-02
1.280477197792225658e-02
6.630278523726284429e-03
1.681260639362769718e-02
1.554962273161881840e-02
1.579036792592085903e-01
1.455615904248178799e-02
9.234588886487291731e-03
8.017624140415811895e-03
1.668674021050592371e-01
1.585229118611228630e-02
1.114780298762487187e-01
5.297357471693533992e-02
1.137220259313877213e-02
1.325926461702657197e-02
6.848394382784084300e-02
4.910075389876569774e-02
1.446532515101179306e-01
4.850643302853230310e-03
1.214576319313608217e-02
9.190206831015199085e-02
1.360183806968557306e-02
2.757263484072604576e-01
1.933256320008723203e-02
1.035153060536051113e-02
3.130318083534548712e-02
1.609978842841969238e-01
9.242929051694503267e-03
1.011255970195107552e-02
3.759631063860833372e-02
1.933195244614652891e-02
2.759547555750408443e-01
1.445471106519597392e-02
4.780960980398213378e-02
2.514472932135806624e-02
1.012062849766854657e-02
1.837492195729781563e-01
7.334234451742434498e-03
1.497046200930449433e-01
7.769846665826948655e-03
1.248342538662793738e-01
1.616407101504871158e-01
8.781454159060163647e-03
1.714873414873967564e-02
1.211773823684690089e-02
1.138078435307538910e-01
7.056492503439581836e-03
1.194973270078280268e-02
1.155834317859741507e-02
9.463877157083177075e-03
1.355399962850132450e-02
2.518437430360009194e-02
9.859223987207814052e-03
5.943776828882760613e-03
6.868579547704750134e-03
1.694686100625675262e-01
1.371150890878110665e-02
6.341462821535558125e-02
4.121607841665468619e-02
2.705485010830968040e-01
7.816282378760202806e-03
1.941344833392635305e-01
1.254329804794158953e-02
2.572737453177281197e-01
9.680443233962898741e-02
1.443368018682163190e-01
1.077950096950672926e-02
1.201998422555841835e-02
6.431121314625178921e-03
2.068745115676771107e-01
6.769701022179664719e-03
8.676965105543684928e-03
5.864858269072792396e-02
1.459532936476316128e-02
6.882747681782129534e-02
1.234826846520677840e-02
6.900678336460025139e-03
2.155736982951578784e-01
1.019767468427158069e-02
2.690006522834659242e-01
1.199216401781355752e-02
1.008622701109706948e-01
6.401465673451997573e-03
8.274551694621930936e-03
7.302349311967004826e-03
1.463355832680481548e-02
8.582945141493721064e-02
7.163928510767170708e-03
1.263601208224456908e-02
6.964225669729891266e-02
1.546365032239551962e-01
7.532934748137811061e-03
6.048494781822888466e-02
2.285016486864100138e-01
1.613149396246361250e-02
9.978164290381565452e-03
8.899920259360722535e-03
1.082310720371947900e-02
1.589410307712326928e-02
8.064460366348091477e-03
7.387495993708143027e-02
1.125421956033469985e-02
1.763372795265369039e-02
9.865912726978131458e-03
7.189108173291303139e-02
1.155992917496516045e-02
1.909457120334164676e-02
9.245710507191000002e-03
1.324088335395058255e-02
5.376185800828672812e-02
2.325242334064495445e-02
1.889285430836687082e-02
6.594609364762504811e-02
9.948983653929398263e-03
4.472422169208241371e-02
1.130244953134704605e-01
1.229238949797087366e-01
3.089883380312164474e-01
2.210581668716527504e-01
7.569749554873814179e-03
7.612144482431575099e-03
2.201567161273872489e-02
4.097982952001593543e-02
4.058446862191941035e-02
1.099751458860926678e-01
1.382397767911617593e-02
1.717886582501058357e-01
7.453002342762238275e-02
2.061040538473483119e-01
6.442331753147648339e-03
5.941360162327298869e-03
2.041200289495728182e-01
1.620929276173334668e-02
7.811619449279281861e-03
1.526716093836155003e-02
2.536047493635712816e-02
1.162109580105402384e-01
2.112755479737201542e-02
2.802802850036765006e-02
1.979654741484986602e-01
1.022923426477226512e-02
1.272666746398066519e-02
9.608832634266782635e-03
8.327782073033253643e-03
1.766786973997309662e-01
3.232710216450340041e-02
7.052025582848966100e-03
1.641543883679907889e-02
9.342474445820187975e-03
1.506897141508626858e-01
1.458827547546553416e-01
1.677260765397275630e-02
8.796838106866963769e-02
7.653635918075595360e-03
1.322004788803904374e-02
1.191152409272542567e-01
2.417152867746100442e-01
2.000092115573998824e-02
2.132623102201687271e-01
1.664298263319739790e-01
2.013521552555656152e-02
4.329225532311311436e-02
1.180482875057831983e-02
7.643306371654579046e-02
1.271353750312151192e-02
6.472976439927387131e-03
1.400932219332120254e-01
5.858482669235603492e-03
9.414946891221542824e-02
5.663766583200685600e-02
1.141645680729476940e-02
1.447618415743146536e-01
5.874371976462952789e-03
8.590681851748748973e-03
9.629436062084269915e-03
3.057534608938443643e-01
1.860990661063335536e-02
2.151555541406539179e-02
1.052438507709434028e-02
8.827954249955959412e-03
1.100706965904414344e-02
2.363691839280025048e-02
1.041079115505941233e-02
6.283436418358660097e-03
1.600537851448986110e-02
2.410736330983556108e-01
1.386241910527742302e-02
1.265240381409286907e-02
1.456668311241486602e-02
7.818978274696398306e-03
2.681458330529239154e-02
4.569047559345880069e-03
1.409070923554907317e-02
1.853836986070892326e-02
2.137507099832446633e-01
3.091116076079775468e-02
5.467382155798190119e-02
1.924967472642087341e-01
7.364060786024058392e-02
1.602765591080093990e-02
9.975800958523311016e-03
8.046477787690896680e-03
5.163823575852471287e-03
1.255356839269885505e-01
1.213388136754202894e-02
2.475478798260722854e-02
9.242144564820378716e-03
8.688335278625843039e-02
1.087586775771734737e-01
1.170537085100922456e-02
8.814796496862901259e-03
1.425950905981918093e-01
1.026787052455642966e-02
3.598095943330212321e-02
5.341393397423997193e-03
1.562335135344752324e-01
7.394048746112181006e-03
1.403457353776677886e-02
1.290428677230946730e-02
6.993274617484829606e-03
1.120609749175861987e-02
1.808372660617463823e-01
8.608056537526611110e-03
1.323944079397612328e-01
9.772375418614963685e-03
1.399863284556437243e-02
6.322462702759256217e-03
1.835810763793745484e-02
8.496704726672736629e-03
1.361323245894018562e-02
9.490864813173145037e-03
1.930004005584147822e-02
1.432449204233647230e-02
1.131663054332656890e-02
1.254921778962494149e-02
7.594450194759775133e-03
1.424490329662533167e-02
9.930090125089417047e-03
2.629246562914216989e-02
2.669666599151958308e-02
7.036397340392131806e-03
4.529288868322267625e-03
1.914229817694796526e-02
1.704713368749007640e-01
1.722502400196049971e-02
7.718877121497999538e-02
1.536103478778185760e-01
1.784765265552209212e-01
6.579678155394271498e-03
1.060049747364434809e-02
4.346008428289381553e-02
1.156739436853650681e-02
2.866198345774217254e-02
1.441495814741201864e-01
8.185661486412615373e-03
1.024460077854836594e-02
1.347031739105865322e-02
3.614629903056976873e-02
5.648797577560846217e-02
2.013461095608919463e-02
4.630611101227903419e-03
1.739316793302135566e-02
1.981587792673606893e-02
1.937230031484944714e-02
6.859621037775338881e-02
3.870718262555463557e-02
1.063676427224331117e-01
4.263993064571745296e-03
2.001783686549179347e-02
2.455956813217700929e-01
7.188277628745311752e-03
1.357163606330322354e-02
8.700749369886075571e-03
7.701647251277859464e-03
1.185334107893191297e-02
1.787090170497584660e-02
8.901553462453278345e-03
8.360924353448244417e-02
9.944785684428655848e-02
4.885749182863762669e-02
5.728586643080657223e-03
2.652771242142508423e-02
1.534205618274542271e-01
9.901034925587496802e-03
3.046318130378383379e-02
1.118001746588886437e-02
1.784019293290459857e-02
1.475293161612238960e-02
1.332139626166750981e-02
7.966079038610344998e-03
2.069816419274719543e-01
8.696247888940680446e-03
2.197350051405721691e-02
1.039074730220593962e-02
1.136191190600344472e-02
1.724116283925894791e-02
1.827499255151799479e-02
6.315483372260946582e-02
1.077572042595257573e-01
3.114420276611796698e-02
2.878629239687524252e-02
1.125377373524299313e-02
1.321892194683084443e-02
1.898042785571449065e-01
6.923292106347024577e-02
1.427191991555969708e-01
1.040757671885247926e-02
1.265846740043686906e-02
2.899329641238429511e-02
6.127758789359389127e-03
7.776994624034506108e-03
1.531910860956404996e-01
1.153722677385807596e-02
2.003140107253344529e-02
7.339379169740708510e-03
7.605686462756279867e-03
6.909603614331625773e-03
2.024435719438177350e-01
1.639618350704012129e-01
6.517131397001106607e-02
1.330229851246455576e-02
2.662587725103216507e-01
2.156060478386752355e-02
1.496602598723689170e-01
1.499418190923273823e-02
1.160494950305073457e-02
2.100485209338763259e-01
9.494085354347422262e-03
1.265499870536765034e-02
1.279080322848936968e-01
5.056326291286089743e-03
2.045797614368406042e-02
1.454817254224591121e-02
1.846121659173855650e-02
7.433428199851859625e-03
3.099868346524814119e-02
9.247517242355155279e-03
8.273486799314085441e-03
7.971721095771361343e-02
1.567365611261644157e-02
1.408436839279307018e-01
1.024531411709061618e-01
1.314147147558899185e-02
3.075794211614026746e-02
1.754883614512261353e-02
4.363916413898004387e-02
1.576395486429472276e-02
