4.971387768151389573e-05
1.142671863262917503e-01
1.546836355537728816e-02
1.848091298527183846e-02
9.851670629942920615e-03
9.854238194394404626e-03
2.173341467119746517e-02
4.231673809848217165e-03
2.330532236425927051e-01
1.524759414681252367e-02
5.406117240564006429e-03
4.793303635452263352e-03
2.029457562773957779e-02
8.239171597876943261e-04
4.560389170240861795e-02
5.726659731714148736e-03
3.028819983447272324e-01
2.068381808469581598e-02
1.118499785830917061e-03
6.548637624888848513e-04
4.315188385585308484e-02
1.194592881834723695e-02
1.336386659417790508e-02
2.427443687435042966e-03
1.126403907676935649e-02
4.594438368082777967e-03
2.276628492020051422e-02
1.199942020859087223e-02
1.650028946175014204e-03
2.953734070009738418e-03
5.007961171467822589e-03
5.268635923844899697e-03
1.289372060384404509e-02
2.647035166390655867e-03
4.895856284482858617e-02
8.678375089767950343e-03
1.380823545864564850e-01
1.481988498179176716e-01
1.415725369382458618e-02
2.036741483011546977e-02
2.359593443928269529e-01
2.278894080773792227e-03
8.591195508483870716e-03
8.535921518622346590e-03
1.508467784592871890e-02
1.066611768625837404e-02
4.885458511949189279e-03
1.086383706667408827e-01
4.124827119894435845e-01
1.080099196925285270e-02
2.231998513995081534e-02
4.470733906082150454e-03
8.420341112573117084e-03
2.566708417182350741e-03
2.200353018677969272e-02
7.642579023897123035e-03
8.155887675669959772e-03
2.765426991564784442e-02
2.926253689000067326e-01
1.342699235183925435e-03
7.508297840995109551e-02
1.766160827416334705e-02
3.329054645574597380e-03
7.914214644920567615e-03
2.064100209782181727e-01
1.746585471673645822e-03
3.723486957208826942e-02
1.006571041230778715e-03
1.032316272364490334e-01
2.332583864028557954e-02
1.661211004872924918e-02
1.286628110662984756e-02
9.974278980198363065e-03
1.972699684390983796e-02
6.607863150553330844e-02
8.380981661938133320e-02
1.362314250307871712e-02
6.736062866400237270e-02
1.509275544377559723e-02
1.023549675876859501e-02
4.058014613927646286e-02
6.212476369417626459e-03
7.256955532604218370e-03
2.255940821179498040e-02
1.345581718879139410e-02
2.021663903744081239e-03
1.044714917596538395e-02
1.920917887024663900e-02
7.500650586110729594e-03
2.030564433662355919e-03
1.572205581161928711e-01
9.051472265508420231e-04
2.992904184190207234e-02
4.801921788828756449e-03
2.153150836619402170e-03
1.517848475728327852e-02
1.458297489444525599e-03
2.204738035653780459e-02
9.060245928165984799e-03
2.047977202903421626e-02
1.084476387207198161e-01
1.157415738359446507e-02
8.322747731363577470e-03
3.766092327618320457e-03
3.944666639736509745e-03
1.175828545282857135e-03
1.404905557775719127e-01
2.422212302525998673e-01
1.635529174230961613e-01
8.396772963711692959e-04
2.889289532238454878e-04
8.669414283027822299e-02
1.012012137795101213e-01
9.946186909667617537e-02
5.053590074108378453e-03
3.515616742351763448e-03
5.200454645432987626e-03
5.755537363764707398e-03
5.948699943436963969e-04
1.445968690565861388e-03
9.944310376085055067e-03
3.948875330255815336e-04
2.681628589442051069e-01
6.899071245335268443e-02
3.087150576194958029e-01
1.858662640566848337e-02
2.542885223439155136e-03
1.073209657744288864e-02
1.045166690312543389e-02
2.334970429975302773e-03
3.026234266724466774e-03
3.850180842372802944e-03
4.250239114754242320e-02
8.932878740318905136e-03
6.921650029846537246e-03
9.039157314626409048e-03
1.864597652126169861e-03
1.769253499442070138e-02
9.526182285457254761e-02
8.692157326593308309e-02
8.436726025163768933e-03
3.451488953350237681e-03
4.437021981996736725e-03
2.187857052531421223e-02
7.761379537509358051e-02
1.396298296904731730e-03
1.531789512641735518e-01
5.874010363447358662e-02
1.061653063544459735e-01
1.172399877774350438e-02
1.267486889976640607e-02
3.620870764907725414e-01
8.725643712686297071e-03
6.650849613542031760e-03
6.437436910174320834e-03
5.659823283027205776e-02
2.523878456372143364e-01
7.224849575218789469e-03
4.171313820557819713e-02
4.359489613337625726e-03
6.175202204805644093e-03
5.605486608664595957e-03
6.022226883940844447e-03
1.582849413630311661e-02
9.231411623776351882e-02
3.771527882542837634e-03
6.073607192890109058e-02
1.004968952911385223e-02
1.181397326556365632e-02
1.342825725565233441e-01
1.548441588993672013e-01
3.699897560923883898e-03
1.430301132714691462e-02
1.211450518971448481e-02
7.281482726176907727e-02
1.183423822637268835e-02
1.055161317287749423e-01
7.326188763261670678e-02
6.697028068555980172e-03
2.951204016687893408e-02
3.664172070770957933e-03
1.546823503600986208e-02
1.670543111008515255e-02
3.105501725014758393e-02
2.134291342251963715e-03
4.667514870263259237e-03
1.148259757582615996e-02
3.299542411930536483e-03
1.196804262339503516e-01
8.118207866707926462e-03
1.461549365092748576e-01
1.087769479728800236e-03
7.331251812854985145e-03
1.712814275370022621e-02
5.170459785182645457e-02
1.285404829218589513e-02
1.173292250025738948e-01
9.665618433679556629e-03
7.419560007476748778e-03
8.386048812882905198e-03
2.349139358691506793e-02
6.997889423552138000e-03
3.829612605574108097e-01
7.921469421521022680e-02
5.446382848616922873e-02
1.400512134130801325e-03
3.359766759080922826e-03
3.056610816610795772e-04
1.431952034188893434e-02
1.632399068030130490e-02
9.043375967562834739e-03
9.560102481068593824e-03
2.883762600272581533e-04
1.235080579913414717e-02
9.692535654333903419e-03
1.168199759744394280e-02
3.090108916634701133e-03
1.293270269428056507e-01
7.017638317712725574e-03
3.071224087114705556e-02
1.015541614773829079e-02
7.847306525992468404e-03
4.954398724618276455e-03
9.181656237076360125e-03
2.052049049114797741e-01
3.508190836293251669e-03
1.563347216591042671e-02
5.657916648897309136e-02
2.164925824177079683e-01
1.896498259432527153e-04
2.373248563338999084e-01
9.785877818115499074e-03
1.570744436103346103e-02
9.613112452351021270e-03
1.920160760775923431e-02
5.231024209088979120e-04
1.413448160781905980e-02
6.070044296960208294e-03
7.152614640794601256e-03
2.352429680320080718e-03
1.025246155837792883e-01
1.211305875648073654e-01
4.085222754792445787e-01
1.772352041775466722e-02
7.726148545322215943e-04
3.241848268263951716e-03
5.859326884999895707e-02
6.099334689716674925e-03
1.292354636534139879e-02
2.922720586743343674e-02
3.345573959347777904e-01
8.172291394021213157e-03
9.076838730197581487e-03
1.992863679366069576e-03
1.483076323726134904e-01
4.404027331531974732e-02
1.860159373518102330e-02
1.524938854336771107e-02
1.956288769782699426e-03
7.256677122846764451e-03
4.919807001812414801e-03
1.307988854080665425e-02
4.930971360215069543e-02
7.420243342753585040e-03
1.027954841161469873e-01
1.530183753890352119e-02
4.064616622451194122e-02
5.308876093924137264e-03
8.984994654947706799e-03
1.461418689916533543e-02
1.237921580067273541e-02
2.600398210633291241e-01
1.203994168574056278e-01
4.060071406286501206e-01
5.163017567164258914e-03
3.961559107385027000e-03
2.903941585266585682e-04
2.745457320577345895e-04
4.289646503098206581e-03
3.901353683986616416e-02
6.544397824430098383e-03
4.014503802967366204e-03
8.384609280199359360e-02
3.644189909160357871e-02
8.287060671372990794e-03
1.030361286402026177e-02
3.758220684299052455e-02
1.814235905929075009e-03
1.634762978118569909e-01
1.254746035848932836e-02
6.362573107347031277e-03
1.023851780840386028e-02
1.030548184112968779e-01
1.445400858611361507e-02
1.636918631825765025e-02
8.786906520312932206e-03
5.021843635455673117e-03
4.832455801081204233e-03
1.278850969949117504e-02
1.118850025067279902e-01
2.074545441927489603e-02
3.460601206180156236e-02
1.154645375640876714e-02
1.351442259926324396e-03
2.164704446542936311e-01
3.538522631785913364e-02
3.942731922707175957e-03
1.034058131672469308e-02
6.276827367936908819e-03
3.694428005952418714e-03
1.051349953092133548e-02
1.168614191055736273e-02
2.722016180428011092e-02
4.684775269960891886e-02
6.205057143766473486e-03
5.513758454211696580e-03
1.116898531669127496e-02
7.306306367353809957e-03
9.770377787693698690e-03
1.420963337647431213e-01
2.331435373204827043e-03
9.672512521364582880e-03
2.536987781533398684e-02
1.830436781849799702e-02
1.693093246246701747e-03
3.235808783941489519e-01
2.778471962743142391e-03
4.346065376529164442e-02
8.169547667036019395e-03
1.665800795397438111e-02
2.465653970223032499e-03
4.730200698643745663e-03
1.409670918770437528e-02
1.719208364055264393e-01
1.170641563578266346e-03
6.653365563160772850e-03
1.797036125345688158e-03
1.940742592718048111e-03
1.132073870973779360e-03
8.844819487903633369e-04
1.983237343845398008e-03
1.340933664772295530e-01
6.524167216692016748e-03
7.243986774538434693e-04
5.705675131748878630e-03
2.762498675515486293e-02
4.649203766785221553e-04
8.280018035381070136e-04
2.533394126151716219e-01
3.259236693682907113e-03
2.345654940727939231e-01
1.421010939998229305e-01
3.116575035904433407e-03
7.025107183615142241e-03
1.351671673256537622e-02
9.580724873109158421e-03
3.724572196127698930e-03
7.523650339534258998e-03
3.741240603120007772e-03
7.709448444513929827e-03
8.318663664599280569e-03
3.300197342773727744e-03
1.604894816239069849e-02
7.773851470558077771e-03
2.630499659487451833e-02
1.280632076317123709e-03
1.228682720376204768e-01
5.051317223068469559e-02
9.003202402394841486e-04
2.826214990013014433e-02
7.704489018984058378e-03
5.296434097264887154e-03
1.300256195928673787e-02
1.557961986458000856e-03
2.789729403057584212e-01
7.561990679689160194e-03
3.778720056793698386e-03
2.859874605349555510e-01
6.628233142887515923e-03
6.376374717026536861e-03
1.508121260028518276e-02
1.020930957928760591e-03
2.185313849267479791e-01
6.431835857182367951e-03
3.645358214919137696e-01
2.091683299649537975e-01
4.624365744418120969e-03
2.974622817681860706e-03
1.243212893469854662e-02
7.165046567973172402e-03
4.309204872126102745e-03
1.147343528265609980e-01
4.808485640996521676e-02
8.565387833709493803e-02
2.094686644669276412e-02
1.334703385383979590e-01
9.307859476986973801e-02
1.655009127038493955e-01
2.424339947498522219e-01
7.148155031494736293e-04
1.763473226253818860e-01
7.653032373681951418e-04
8.231542185063858014e-03
2.322112429808063146e-03
1.981631875106013019e-03
1.915932379237334990e-02
1.448902045148366341e-03
2.016786673123981410e-01
9.665340559765729991e-03
4.893644191794674358e-02
3.218231670668659783e-01
1.219658336476012531e-02
5.377018624725096209e-03
2.870603046298474820e-03
1.569729848751338268e-03
4.041975366567867808e-03
2.729113451862187900e-01
1.031962215634233890e-02
5.261097730549710305e-03
4.640764138604370841e-04
3.409520713825906456e-03
7.270802474999208190e-03
3.054938820248551470e-03
5.377624645692405045e-04
1.430042355691467197e-02
1.857166734717421389e-03
2.021922758720186564e-01
1.347087328838324910e-03
3.605629203024320398e-03
6.714479144666688978e-03
3.728317458591897619e-03
4.285574464524711667e-04
4.344992761030467832e-01
1.040096937386342096e-01
4.846980330622038292e-03
8.373910209376252698e-04
2.365560913037936114e-02
4.173183856527201002e-02
7.465369948499427782e-03
6.357821418456510720e-02
2.269255696737127251e-02
1.835396515097407200e-01
3.695331146980349816e-03
4.665531927713672394e-02
1.901777566027251232e-01
8.833714547102336848e-03
1.419596340109579788e-03
8.206501919764897651e-03
9.143927139636010698e-03
1.242960737106744333e-03
3.841888252115163160e-01
6.033607473737777165e-03
8.959204969224993792e-04
3.793487794490131571e-03
2.125360505994146679e-02
1.594463142078929863e-01
3.983102114986261481e-03
1.346615741426685463e-02
2.627674459239642824e-01
2.033745673804492060e-01
1.075252991691769307e-02
7.355963362557573241e-04
4.786458418941204156e-03
8.903725895724478451e-03
7.199074273202724951e-03
7.903784418675527043e-03
4.672515467605537105e-03
8.990367919990752826e-03
3.277554497734584682e-03
1.621772603903857968e-02
7.527489291887680747e-03
5.198025930664838812e-03
1.808930059829193075e-03
5.419975648985094450e-03
8.187050136594842265e-02
7.043619030625642742e-03
7.139587917726710788e-04
1.007401848403945144e-01
1.666812360561320755e-03
5.772153637791133628e-03
1.995943410168010412e-01
9.332429427284023860e-03
4.123157130548378221e-03
1.756395423507872353e-02
1.475980933125155097e-02
1.214662652753436545e-01
1.964783715183011925e-01
3.457423863082266079e-03
4.924733381199641880e-03
9.862069072205482956e-02
1.769199361872820023e-02
6.208843632136208960e-04
1.289460257875317817e-01
1.164886104112703297e-01
6.633071664364670328e-02
2.551104136759849150e-01
1.549840072098754643e-02
5.289022819768135313e-03
1.884754537676100114e-02
4.695154458963859967e-03
2.626007825646145283e-03
3.628404300176168995e-02
1.510453009561418813e-02
4.395405216157000777e-02
3.082032715991855389e-03
1.802733990750440829e-01
2.790732818085217386e-03
7.732698882966793086e-03
2.529202815711878178e-03
5.057847499618629145e-02
1.884933265067438926e-02
6.117983616225562346e-03
1.253543722016126905e-01
1.300645230756731704e-02
2.570090501875941236e-01
4.700180868062159983e-02
1.850811712812063317e-02
9.701950352523932772e-03
4.673633984459239776e-03
1.072110241944314139e-02
4.024307331331257974e-03
1.555355318351529237e-01
2.208016608640347902e-03
7.161292374687095244e-03
1.863577608732117641e-01
1.727028959039516032e-01
1.466711314683595557e-01
2.681724868783922494e-02
1.928168437027855163e-03
2.036926463730329498e-02
1.146781797521648494e-01
5.906527281609139091e-02
1.254544104366256130e-01
1.043510817506114550e-03
5.346735165348102427e-03
7.727828972439093613e-03
1.127627610356791640e-02
9.926383139626760235e-03
2.553891532233716968e-02
7.493865064600631343e-02
2.468323961461165589e-03
1.545398186845910182e-01
1.431313831353399624e-01
4.731803040714825659e-02
1.480708558087771810e-04
1.812890010186206857e-03
1.409877037246860809e-02
7.396835138856232110e-03
2.986431983238681774e-03
1.477668682971590985e-01
4.840299589103535215e-03
3.814216838965514295e-03
8.411423726816052993e-03
4.806016575951909536e-02
1.582587597024641690e-01
7.538639307450100725e-03
8.461427115761029766e-03
3.398840957060793224e-03
7.415880471530899090e-03
1.198431854954490165e-02
7.007436031518711819e-03
9.363516307485882789e-03
5.103834213292064367e-03
8.714591121576405891e-03
7.659356581925107904e-03
1.673137093998477987e-02
5.697035252828465201e-05
1.208233928959224872e-02
6.162751126207622211e-04
9.629817345351292246e-02
1.457988102621258185e-03
1.376801247064436406e-01
1.478348212535180589e-02
7.269522095477335723e-03
6.121606213090166615e-02
4.655785325745102725e-03
7.255888021996530733e-03
1.936128155608840828e-01
1.231065781428492406e-01
7.211396967935359593e-03
4.063794286185449384e-03
6.804639065940867697e-03
7.548251576206584795e-03
2.265925026952196955e-02
9.886840765475747930e-03
1.428396726879184626e-04
3.787522347148322699e-01
2.369056516278660873e-01
4.975051222393418043e-02
9.529745737539657008e-03
1.544828553005982499e-02
5.874181591410864572e-02
4.890467187972910579e-03
2.372831042274897717e-02
4.964884095167518968e-02
1.358999175626580611e-02
2.131526388984576401e-02
1.033923917277076955e-03
1.459810691894247031e-02
3.976943599875815832e-02
7.607068958730314745e-02
4.371086639143108819e-03
2.473958726362189206e-03
2.986004023302929358e-04
9.768208684216408977e-02
3.528615417143817455e-03
1.832228530141568820e-02
2.547985865926543081e-01
1.529095827376740768e-01
1.412320707564001035e-02
4.004498596969021523e-03
2.432766267756477415e-03
8.392719461845291051e-03
1.370907803603387161e-02
8.469991575288909891e-03
7.536223422573830842e-03
8.112535603904364595e-03
1.261295062867430483e-02
3.319161958061018353e-02
9.365660723895089315e-03
9.178175922423844127e-03
4.920994425315156941e-03
3.087452672161492342e-03
1.935297923032675352e-02
5.350259863265064038e-03
6.001146556420453287e-04
2.135468144425822605e-03
6.879712550363607793e-02
7.598664362769237592e-04
3.178212251195530746e-02
3.055539948591946484e-02
1.798420531271839595e-02
5.690868730919183133e-02
3.880920510583675265e-01
4.430211064451311347e-03
4.666264975344372457e-02
1.562635140439662118e-01
1.392005211231898271e-03
1.807634725235603840e-02
9.989323607941422503e-03
1.148378491953177660e-03
1.998387216915995246e-01
1.266997479734947307e-01
1.909046688979690320e-01
1.796979624713750112e-03
5.599837561957675403e-02
1.964995113574256533e-02
4.316196545328555324e-03
1.986815092580794181e-02
3.339328667004381329e-02
1.104462951455258274e-01
4.533979592374948187e-02
1.151442304097270199e-02
1.639068386202447991e-01
1.063328238890394982e-02
6.695536583727476274e-03
1.907819896026001060e-03
4.632353883701760175e-04
8.941905040398878679e-03
3.020190447379678469e-02
3.462366407474831709e-01
1.144003479874237603e-02
4.182847710729169048e-03
1.300715207136908004e-02
2.638302721820988753e-02
3.113220232793435446e-02
3.033779717927966978e-03
2.457321567667136719e-01
8.583076438406911715e-03
2.208807098164508338e-03
5.020799055514970494e-03
3.999383168373071284e-01
2.452301048705194664e-01
1.132910295638331517e-02
3.497932320412753399e-02
4.370380072639851871e-02
5.217409006310546812e-04
3.894377389530048056e-02
4.387748252109829016e-03
1.957636208617160103e-02
3.206790517541635577e-01
1.015575469313297107e-03
9.148091185287187191e-03
1.968308544631706264e-02
2.258628231962893015e-02
8.399685888742288581e-03
1.079528644004617254e-02
3.835457687415992356e-01
9.441119570707584910e-03
6.527839107922980139e-03
1.308136213500460665e-01
1.703683931384916564e-03
2.055399473489805465e-02
3.438095122374865698e-01
1.341773699628467410e-02
1.676031565033276605e-01
7.884894750652168827e-03
2.583075567664741001e-01
2.274319388027492422e-02
7.367660764674102301e-04
3.585258152061628067e-02
4.023601316854994413e-03
5.850583810972292270e-03
5.842857326494121581e-03
1.946644407260517129e-01
1.169072397618339289e-02
1.211881535685419703e-02
3.155306249388769579e-01
6.395777820298301566e-03
4.708668867994449808e-03
5.266031746936114533e-03
4.572324568041090734e-03
1.073729789059865887e-02
2.373594659359756776e-02
2.221306856090988699e-02
1.456216796719376171e-02
1.197068694578715424e-03
3.188309725361858533e-03
2.877679838634508713e-01
3.080304610218962129e-04
1.410133661716636046e-02
8.726295769844974459e-02
1.987759994935340679e-03
1.576570832691479851e-01
3.037348175683609458e-02
4.473594005603458851e-02
4.876460474004444198e-03
5.804865620701452240e-03
1.797288909568524676e-02
2.551083131689465544e-01
7.334258845019693725e-03
9.106359303085910170e-03
8.419875116590314068e-03
6.420622841016045135e-02
9.937454983810413423e-03
2.552186599390611835e-02
1.259606333730891800e-02
6.685773170329352075e-03
1.129636084387128196e-02
6.641847062228069254e-02
1.170504735460044937e-02
4.167734420960847973e-03
1.700185918736246346e-02
7.932447149270408990e-03
4.527985403043641860e-03
8.079086982757751126e-03
6.132456011830858013e-03
1.762174120981771508e-01
1.897642560957439606e-02
3.960595654247924848e-03
1.175796571816892233e-02
5.040390998025357297e-03
5.167047553926117781e-02
5.050103528244957556e-03
9.038999565327414040e-03
2.357196342813891628e-03
7.564118118655865919e-02
1.336220888474140989e-03
1.271722881520231246e-02
1.156520260169294038e-02
3.374735971244086259e-03
8.431238038627423062e-03
1.028736608473464036e-02
2.432416727347676555e-01
2.984897146250376498e-01
1.127889678504653478e-02
3.825578984397041971e-02
6.526698428528334610e-04
1.721239047947308864e-01
9.855509882936420996e-02
2.350865591690159864e-04
3.581050012807634412e-03
1.161997695890988266e-02
6.982483788002222247e-02
2.714717807306584185e-01
3.337946747280577751e-03
1.744845333787604647e-01
3.220127660310342921e-01
4.521446569348437639e-02
6.011349394177335770e-03
9.100446340722879914e-04
4.484039275075931211e-03
2.410295979394528817e-02
6.154642408109188903e-03
2.873794933289716691e-01
4.017496859236985990e-03
6.182138099585890965e-03
1.325019241580631738e-02
8.688184195183284303e-03
6.820867915184828517e-03
5.165556629077232113e-03
2.465410922556665087e-03
1.293039673966424330e-01
3.361553319810064444e-01
1.468231170224263468e-03
5.559812425881405576e-03
1.322740232513869643e-02
1.836065027563875060e-02
1.076767680543423873e-02
1.110078054251304597e-02
2.922412440989090310e-02
1.235937175901095052e-02
5.143420457462767430e-03
1.562666692930568882e-02
1.930634414678142896e-01
6.874318018469051730e-03
5.856195923741274248e-03
1.765218519858557100e-01
3.853996519612871152e-01
6.380109109768782039e-02
1.509692453441200885e-02
1.106144124750480483e-02
1.229760704066131839e-02
7.157538459058697400e-02
6.414741709403521015e-03
1.871851307882614612e-01
3.381968215420077528e-01
3.136668107213630343e-03
2.035924299875481371e-03
9.510676824281793021e-03
1.632569280401439948e-02
8.389172570750226890e-03
4.692231124102819867e-03
6.198480587243471174e-02
3.183693996425512440e-03
4.463662319335102817e-03
8.584428276761542354e-03
8.696119154984468386e-03
1.151035675668686184e-02
2.108834405994164472e-03
2.997131867091433199e-01
1.508371286267109167e-02
1.302043628806751237e-02
6.630575223796802975e-02
1.776059613711027281e-03
1.736042997056869933e-03
9.030025350040013152e-03
1.198034197602763223e-02
1.309945274314798513e-02
1.829795075770503793e-02
2.819031607235399084e-02
4.760479340124300004e-03
3.842486977274625626e-01
3.286899207071494744e-03
1.702482109355890616e-03
3.549156726667996448e-02
1.428081956299470136e-02
9.518937797987665414e-03
2.851487898401306679e-03
4.593943665231743460e-04
4.799820524284867905e-03
1.942393288761053161e-02
1.570941735588514323e-03
4.396818211629124201e-03
8.146919567212810437e-03
1.608340101334261238e-02
2.124696070827266497e-03
1.486072299381573092e-01
5.366689160124765018e-02
1.483858117617671835e-01
1.485018840502389144e-02
5.527356041576884926e-03
5.516636599005669828e-03
1.578420957756061435e-02
2.033235293583328753e-04
5.931137407157043712e-03
1.011908747272652342e-01
9.023803877728640843e-02
1.993666163665040996e-03
1.721905466547971747e-02
8.822329860957429763e-04
1.171134196244944664e-03
3.010504555996992086e-05
2.278566391755694753e-01
7.308639360830261091e-03
2.215239500308715387e-03
2.798609831061802944e-01
1.808510734623238261e-02
3.017535379375536203e-03
9.273147032841270315e-03
8.733418271384399412e-02
2.997925333602787564e-03
2.381628707356697183e-01
1.378850499307926469e-02
5.972751568065307569e-03
3.682757943999204805e-03
3.975252666836703343e-03
2.887834497847261567e-02
3.484139158326824970e-01
1.289511529719321661e-02
1.521100257768464581e-01
7.898871086450415246e-02
1.350143152736743395e-02
6.950950526852637916e-03
6.747488527849633197e-03
8.507254694128281447e-03
1.357635092028615896e-02
3.265970909198886996e-02
1.476328055601761535e-03
1.399420324922501062e-02
3.399176418073867906e-03
3.913191429195280180e-01
4.034103854173862191e-02
4.727518900150073922e-02
5.296612942645315819e-02
4.909556334157239021e-04
1.610424548806870665e-02
1.781329438473552721e-03
5.727253460355116732e-03
9.138657602323178863e-03
1.089449158348045482e-01
3.221162055960024011e-03
1.028580860996293478e-02
1.895715738163379904e-01
4.795502683892235475e-03
1.293933563367518497e-02
6.125843878713977189e-03
1.794566862401745233e-01
7.207164847998971668e-03
8.814804313510037070e-02
7.756421603466197474e-03
1.519233824415782211e-02
5.717325753451540406e-03
5.518649478557254191e-03
2.102959462772319849e-02
3.351604306480645001e-01
5.755797259321772386e-02
3.219565116873079110e-03
6.077259628965010069e-03
1.426470550599339554e-03
4.224559549074383691e-01
1.998398581665540921e-02
7.122140865015254632e-03
1.513435597122138321e-02
1.035556663542817890e-02
9.525865862841173537e-02
3.182683713888355068e-03
1.761325745746581545e-02
2.526345018300951012e-02
1.936440239537454838e-02
2.095298889539951859e-01
4.148241453957627017e-04
3.430913773716009509e-03
2.035467138816219809e-02
1.676902274527729830e-01
1.034170983678676242e-02
4.742703460343684066e-05
2.226884652319236109e-03
6.092721108417286160e-03
7.174060233942908130e-04
3.934726671883558707e-02
1.276792869757259301e-02
1.875758738702480721e-02
8.318847522220099502e-03
1.941975399512760195e-03
1.330153211780576439e-01
7.966863628746012962e-03
1.588087459676663883e-03
7.742178971761299634e-03
1.882246518911815172e-02
1.196332848656410028e-02
1.846953898808037231e-01
2.164108647939827490e-02
7.216901414986791330e-02
3.151631425477514625e-01
1.178911367437003935e-02
4.980605956858510756e-03
1.600344526670502074e-02
1.593484732203048204e-01
6.583614614788422213e-03
5.195912231114751048e-03
4.467381362629416382e-03
9.279495496498835552e-03
1.867887664004010996e-03
3.241438150894340731e-01
5.132355073226819477e-03
2.035921139826610791e-03
2.635767572053133393e-03
4.386523270582986709e-04
4.256008885659743821e-03
1.910013343974477276e-03
5.616984241064118533e-02
2.708602607862374556e-02
1.110665442511060003e-02
2.828435441821786425e-03
2.633122181921197834e-04
9.355446644396859558e-04
3.523120590290140797e-01
5.775982655497192281e-02
2.991929254484045758e-03
5.654746021629034058e-02
8.173957094589651140e-03
1.102889681433829195e-03
3.884373632546995331e-02
2.029016035183712763e-01
1.772827210171621162e-02
2.324043265922759102e-03
1.263192515560037851e-02
2.447916681313450429e-02
4.177007445230853863e-03
6.138337688502444600e-02
1.917598121234175869e-03
1.697575844282649127e-01
4.606352361840232446e-03
4.845809652093695415e-03
1.684236338814303763e-02
3.675598885725381900e-03
5.703377811806258427e-03
8.416978545697036476e-03
1.605750680866590008e-01
4.506729904431539327e-03
1.519145189229566088e-02
2.254236833578833818e-05
2.827165449242525219e-01
7.753429212387792299e-03
4.153077989220541055e-02
4.269197426610109834e-03
8.719792567934243552e-04
9.081194597668663590e-03
3.811512838029996325e-02
8.191515529334671922e-04
1.661339886301015090e-01
6.960075622114743864e-03
2.447689213556346680e-02
7.871555328242596863e-03
9.040799892728383592e-04
7.592207852613840069e-02
8.440830805901288272e-03
3.395423030186014123e-03
2.165506093821404493e-02
1.188224509999985870e-02
1.357557577606916845e-02
5.327079403449148411e-03
2.599658031255079257e-02
8.006531410003518701e-02
2.917511726336271746e-03
3.334390552192700429e-03
2.229819957989338537e-03
4.487622773762530749e-03
9.849160470777793518e-04
8.793060147599844611e-02
1.269975225479075265e-02
1.458115077873773898e-03
3.207643291870280328e-02
1.385621342250129180e-02
3.854705265393350462e-03
1.095723163601402053e-02
1.224192931225784459e-01
1.082494629911486539e-01
9.513815158496907731e-02
8.528667656032554167e-02
8.064704960567523756e-03
6.326400279944030883e-03
2.391591917172945000e-03
3.840765927653159040e-03
9.562069018609761772e-02
2.365050036653870147e-01
4.257936610850929227e-01
2.833963206734596563e-03
1.315677649767991661e-02
5.149293964410880248e-02
1.730984263466036829e-02
8.339548025429712602e-03
9.301789138411427696e-03
2.476419738290415729e-01
6.376880896263761693e-03
8.149024175689960348e-03
8.711886028199840315e-03
7.997103417577941520e-02
5.031915292862781247e-02
1.626177190629174039e-03
1.099074193973849714e-02
9.960939335080541690e-03
5.402317685403903134e-03
9.435415070465573428e-03
5.745034794335219380e-02
6.651390902686986004e-03
3.792140988468564733e-02
1.457925215136835753e-03
2.800193481381256511e-02
1.400616400504423043e-01
1.207903843949470393e-03
2.808093500438471266e-03
3.912587443035009209e-03
8.335171843172001216e-02
1.007924794627152376e-03
2.864443284591682189e-03
6.058770026389796379e-03
2.904777671056193306e-02
3.010071689292454292e-03
7.932102850371218483e-02
9.206666157615229313e-04
2.249144630216071417e-01
3.061056270028986084e-03
1.918541604198589767e-03
7.657641321956344151e-03
1.257960465859205568e-01
7.568652321773539603e-03
5.089142025105728578e-02
6.290732888499134777e-03
2.232173421515585513e-03
2.275327366105913407e-01
6.338300837052378636e-03
5.711341598556516838e-03
8.011234801486064039e-03
4.273390636895372553e-03
3.060541196443820368e-03
4.884561603737000435e-02
1.029036771024288283e-01
6.986742319028754755e-02
3.715705905065533887e-01
1.162047485487352136e-02
9.614460141399664567e-03
1.113842712564854474e-02
4.759489020154941685e-02
1.000019259361270910e-02
1.406362909942110787e-02
4.281278075798739154e-03
3.901680334839535691e-03
8.678431058755089675e-03
9.061219941458985988e-03
1.554407894176615679e-01
9.031113981778188596e-03
2.237162987163520637e-03
7.412810544360751500e-03
5.940990360448319789e-03
2.049457120714757302e-02
2.365901419049236051e-02
4.323604949031102825e-03
1.672069848357484179e-01
4.208576100567351652e-03
2.830318274372037313e-02
7.972494648581765660e-04
1.921508780325224819e-02
1.459531675326851928e-02
1.447268619642867390e-02
4.256605770671394867e-03
8.981536489612321206e-03
1.696623238901460648e-02
2.598950207818673808e-01
1.408452490242432208e-02
1.519063817624606919e-02
2.601158956952541734e-01
4.442933266108877594e-03
8.012118696810288654e-03
5.528250264147837462e-03
1.553947884299358533e-02
5.349330780314195261e-02
7.322093771219287872e-04
2.996163308566834535e-02
2.444941796175247595e-01
8.523356060064295192e-02
1.372188326836065730e-02
9.167978146739162726e-03
4.098847052536437607e-02
7.530927608166257566e-03
2.384138721959365992e-01
9.631720901563022019e-02
1.118520956985539529e-02
1.716328350728196436e-02
3.020992704804231765e-01
1.043389303044756425e-02
7.594850292401853810e-03
1.083362564470449416e-02
1.603968619307463150e-01
2.173249009254176953e-02
1.387016195268436086e-02
1.628824182582869554e-02
2.284725715379726414e-03
1.410379525622078647e-02
7.295306285198488450e-02
4.807001441138984699e-03
2.012552357873749753e-01
3.412770411031005313e-01
1.358644024994643817e-01
1.500815436773646726e-02
5.513974952265322110e-02
4.823528005164320898e-03
1.672984976095055754e-02
1.151978084631657441e-02
9.515871012092965917e-03
1.075810754370364226e-02
3.621759076974518233e-04
1.602610635100977787e-01
1.796242790250893451e-01
8.904732395321973693e-02
8.966658408986728779e-03
1.485107585767686811e-01
2.943829044645756565e-01
2.133625462305639188e-03
6.200674438870574200e-03
2.346663780252228847e-03
6.735545034299703603e-03
2.225966728609504036e-02
4.076530356489548312e-01
2.261340959339609626e-03
4.535334452768994412e-03
1.394142804951064261e-02
7.815114907172170458e-03
1.996641259263458035e-01
6.692400248574812902e-03
8.346155392692853128e-03
1.198434365400973672e-02
1.294403733777668708e-01
2.888277481649494886e-03
2.903948927478804207e-03
3.874014043701311076e-03
4.537740333579136365e-02
1.800347139914848862e-02
2.659664609427537726e-02
2.703492231052627426e-02
1.058230427671488783e-02
3.640771005302009485e-04
1.127457828416144822e-03
4.208933435862358130e-03
1.436450526158465288e-02
6.529607412134452206e-03
2.933362571558977352e-03
2.313422700139171895e-01
6.259959472680565185e-02
9.468491448741947134e-03
9.505301661497057505e-03
3.179605796191007066e-03
3.393867544551958603e-04
1.967305040828071314e-03
8.424696551420038718e-03
3.598207035041832424e-02
1.560554899506889394e-02
1.606280110624892571e-04
2.857570467568975106e-03
6.854966798638079811e-03
7.543141192040333891e-03
1.013990690445035342e-01
9.427046014864591886e-03
1.179353781033225246e-02
1.969603456176102427e-03
1.419947440815598205e-01
1.513121716889289509e-02
1.264548962642385310e-02
1.549962283405502189e-03
5.873946474543177872e-03
1.737385794629193667e-02
3.559755441200650509e-04
5.509350593202681085e-03
1.449059579725146298e-02
2.780762678766515207e-03
6.335230782318010574e-03
1.128023160389251267e-01
1.506521504983903137e-01
2.657592731430958189e-03
2.519552812697569699e-01
4.460736853535917507e-02
2.797589770887649787e-03
3.311983351405692420e-03
1.258529221323166115e-02
1.436911970183281026e-02
1.440499845464265384e-02
1.284392881626330030e-01
1.834646071210932483e-01
3.869391592866895137e-04
2.400496504780110299e-02
6.755335766896564814e-03
7.102696869016101623e-03
1.822123373019429032e-02
3.572737633770924071e-03
1.509165440868271146e-01
1.225064777121332056e-02
1.857299277825903358e-02
8.608437851510368499e-02
8.367479339996005891e-03
2.138561872480246318e-01
1.206713939346319361e-02
1.784891822201329914e-01
1.079389764850174384e-02
1.703292942714740021e-01
4.373232878324412320e-02
2.731150059377891390e-03
4.061605382365376590e-03
4.720380683399821170e-02
8.189800231318430240e-03
1.383259091579067124e-02
2.644052039353896044e-03
1.367957462048356027e-02
1.303233038783296882e-01
1.022775658810159277e-02
1.489881176309465309e-02
1.270770789729151473e-01
3.198761043776301993e-02
6.971245723543767481e-03
1.060494910810800273e-01
8.536339400446431649e-04
1.130922611514006276e-02
5.871442065080875738e-03
4.004007762435236005e-03
9.661617024145372282e-03
8.468876777949949433e-03
8.590808224794828710e-03
4.819242755599219968e-03
8.734226832874687069e-03
7.508537342942570025e-02
1.217673250436917924e-02
1.455945241864746442e-02
6.022795339595492410e-03
1.505693201649213608e-02
1.248039283098512260e-02
2.775183444201413576e-03
6.026790947910683725e-03
8.600290145140365022e-03
1.513135675771486817e-03
1.762327815115911078e-01
9.967371942019248240e-03
2.845158426280713360e-01
1.198028704805407900e-02
1.194086495279748222e-02
1.417830781192543771e-02
1.444292163454319149e-02
2.856400353466811981e-01
2.183591128392259328e-01
1.030195516442198311e-01
3.350004099087521784e-03
1.005585527362771840e-02
1.547993884199220030e-02
2.840430996090463275e-03
3.598140431732335318e-03
1.366912176801673637e-02
3.023248625528334940e-03
4.291048349799324486e-03
1.015273339490690291e-02
1.161924629967995767e-02
4.067614282526999837e-03
9.058942490432041065e-04
2.427414306215448965e-03
3.108829083932276166e-02
7.186615597556514183e-03
9.750776141684003306e-02
2.099446069818878824e-01
1.119225578287048016e-02
3.912620344945950956e-02
1.195255491966541322e-01
1.739721525562147250e-02
9.879962502852718265e-02
6.942851926365245507e-02
5.273904743326469219e-03
1.617057657388887293e-02
3.407511986925021996e-01
2.552137172833576339e-03
8.738678321267120963e-02
1.160376731600055479e-02
4.463717594690826823e-03
4.122129369006748978e-01
1.380587009267917470e-02
1.871258582384462132e-02
4.381479008002079484e-02
4.951778395978770168e-03
6.440280044878201465e-03
1.223511051270896599e-02
1.695305631435879978e-01
1.576121144931054430e-01
1.026417810509671312e-02
7.354102575184946929e-03
8.456555664797610339e-03
2.525353644196566896e-03
1.452059371171933802e-03
2.539746213962674193e-01
5.509367950967097860e-03
1.362979755970613813e-02
4.674605543351448983e-03
2.450439455127545463e-02
5.618479811673219963e-03
1.176696963623222701e-02
4.455567289058629150e-03
2.724299970116201286e-01
1.956858876237013191e-03
5.872229268357149297e-04
4.231405274870145457e-03
4.411928904077965126e-03
2.261938432331117924e-02
1.247742644132529381e-02
2.105617302593262574e-01
3.030415735399602517e-01
6.084491090734174545e-04
4.293989131432929436e-03
1.709022689188540367e-03
5.681554865313479842e-03
3.696233413643763843e-02
1.890270975206873386e-02
1.114651132297142695e-02
3.826431431680806482e-03
3.370798904801205476e-01
2.939878697791473705e-01
1.639508597490244588e-03
1.326857845690911780e-02
7.178608959745714710e-03
1.554795680291747376e-02
4.260879242334995355e-03
5.606991036404338283e-03
5.067982240818851361e-03
1.157303325709416603e-01
2.317268287168042749e-03
3.311608618865581610e-02
8.657689769143840294e-03
2.020994713536053769e-02
2.860223073888387441e-03
7.583126338657476991e-03
1.091364250807826120e-02
8.682420476681439181e-02
5.888514511480626157e-03
3.095701842177434743e-02
9.282513099087742400e-03
2.790917392378960016e-03
5.149933117374944601e-03
7.769438631803506469e-04
1.813070836477835915e-02
7.166612977285131232e-04
1.760230925036944741e-02
1.558591837336582029e-03
6.770160426082048877e-03
1.738768291175732394e-02
6.246232078440715207e-02
1.039123193499807835e-01
6.964253119404002421e-03
3.688453507696787259e-01
3.195789032389365625e-01
1.262297741228203138e-05
1.167700778754408343e-02
1.157715091389252202e-03
9.546457478535179744e-03
2.423975703039632501e-02
1.446756524815362953e-02
1.308982795150588074e-01
2.749498725564700295e-03
1.475042381598840047e-01
7.561308010242064233e-03
4.292681258485446169e-03
1.422521436798040821e-02
1.550809301363298767e-02
5.289269990777052503e-03
1.501154584888539194e-02
2.323654843576467705e-02
7.097608460721963226e-03
4.356979921589568955e-03
5.854942406208662109e-04
7.411361702334421514e-03
1.988536935286340165e-02
1.696806476154358867e-01
2.028533938804188974e-02
4.395573195483708923e-03
1.815332231834098087e-01
7.382536046467816013e-03
7.180002255586069235e-03
9.612824342735103167e-03
8.222111690891098501e-03
7.733755611615392156e-03
1.237229475246642146e-02
3.898097711125271189e-03
6.635504624714978934e-03
2.767073441014091233e-03
1.908200998745313362e-02
4.703993523180349801e-02
2.596167928344820727e-02
2.571756881795333495e-03
1.599463596124175435e-01
1.201260494304641491e-03
8.369973032348741911e-04
1.454055744145574583e-04
3.268953896690282579e-02
3.903387368880788678e-03
1.050329216123366835e-03
3.228127076550544455e-03
3.902023549500954844e-03
4.795102122556361632e-03
2.477072078792111887e-01
2.698640522837453433e-03
6.255558235216348607e-03
9.165198428760142069e-02
1.184126826068749964e-02
1.851773509357325723e-02
7.209443754068460726e-03
3.782162089695754667e-03
1.225235887223233011e-01
1.908993003149439191e-02
1.192654724608969465e-02
4.715698316744592472e-02
1.754588744469184284e-03
3.764092329632015392e-03
2.454614580194684204e-01
8.055371607499993425e-03
4.028267168597180793e-03
3.430315187744874088e-03
1.710272923486383595e-03
4.396994596598391425e-02
6.738960230907953264e-02
8.779728571482585744e-03
1.504038874396024759e-02
2.263060613916254970e-03
8.443310860825435984e-03
1.842624267502548279e-03
6.873336736780396097e-03
5.319563076830525691e-03
9.158731609355720213e-03
3.111141545819218375e-03
3.268662038397357472e-02
9.691953112237880127e-03
1.048502649254545172e-01
9.096453588120766501e-03
3.264154528825772422e-02
1.384893057536941419e-01
6.814814860118260020e-04
4.036044412931216741e-02
3.753041460042022548e-02
1.741214133878427701e-03
6.623927455287718924e-03
1.638305122798432850e-02
4.554342636354895280e-03
6.330478697263328125e-02
7.500483939487954076e-03
3.354796748499905973e-02
3.138798905181133542e-03
2.626415957996360625e-03
1.543270612411041243e-01
1.857292343003793091e-03
3.409562199080929789e-03
9.155355778626660113e-03
7.318906373093894344e-03
2.899261615309849604e-04
2.019083381824072002e-03
4.618124151339423993e-03
1.209914719394810344e-02
8.586336977031084478e-03
2.371557001312202262e-01
7.223916948252604407e-03
1.178666859031183428e-02
2.071545863758691639e-02
1.941083685324060046e-02
4.663008554075062477e-03
4.225193148339106107e-03
5.148957364360749051e-03
5.864863633025484135e-03
6.068470044040420730e-02
1.895933139912287305e-02
7.041743793076855320e-04
1.884740285746803468e-01
3.973758473087556781e-02
3.905264779301070160e-02
7.078970591988009362e-03
2.176412447431076008e-02
1.839753757028437403e-04
6.129395885480628213e-03
3.343108700662049126e-01
3.979399063849493401e-04
1.958813758710675410e-02
6.007840425088443147e-03
1.137233826810867899e-03
3.661110462469234494e-02
7.099036138044700905e-02
1.350572560988972000e-02
7.937843175486208880e-03
2.412386098806517873e-02
3.933267933438630917e-03
4.802129173580639045e-03
3.290459984078891731e-02
7.342809343168764944e-04
9.658712643310042242e-03
2.134263684755443036e-01
3.403686117622103935e-02
4.606616200189620966e-03
7.747823114573379466e-03
3.155190950071987219e-03
9.481342613503444469e-03
9.913057280445707053e-02
1.199137827470819588e-02
1.034257771934617015e-01
1.175966968536394132e-02
1.989861994810932736e-03
1.581013345440142673e-02
3.380232477619574474e-03
5.787905810035169456e-03
1.167780347231801713e-01
2.334136873007897073e-02
3.392445101428138293e-02
1.591220448945094429e-02
7.879878085018474781e-04
1.655574375153249372e-02
4.697420217488051768e-03
4.678894089293833027e-03
3.475752320030080049e-03
1.902169134786855370e-02
7.121944804781960014e-02
1.544143194303431235e-02
3.029216105380629076e-03
2.508596105270125172e-03
1.735937106956966097e-02
9.743418369891286221e-03
3.228787986913579829e-03
3.407130227686443451e-03
5.068982128828578102e-04
5.069010635019870550e-03
2.448688514972451481e-03
1.577080599675506276e-02
6.641168328264457354e-02
7.958743712264203241e-02
2.965077574823777110e-02
2.172084490829651569e-03
4.292769165449883927e-03
8.565468648023100151e-03
1.645382671289886273e-02
6.656340379001522180e-03
1.455804793278195688e-02
8.313867703726513653e-03
4.874923929238068193e-03
5.862386389230169609e-02
1.256331335237143888e-02
1.450748088926157378e-02
4.744421128503552819e-03
9.589405697413934393e-03
1.380247040041894871e-02
1.404493706690215261e-02
1.515627635502761646e-02
6.933165536847878466e-03
1.463235982979287364e-01
2.100293224669894654e-01
3.998801776008840264e-03
2.991586077334003058e-01
3.017358703879957638e-01
4.695778971100487975e-02
1.298329004245029998e-02
6.039581474676566746e-03
7.156871333208737751e-02
1.714744456298661649e-03
1.145457715710417046e-01
4.167455179937977483e-02
3.950740254564802725e-03
1.325235319325888256e-02
1.870679704446480407e-02
6.029097233384571840e-03
1.089160749324386869e-03
6.874035391607524748e-02
2.129367420278597822e-01
7.004810825023826369e-03
1.124150464077575996e-02
1.953485905240771869e-02
4.726358072242808905e-02
4.322725115071347768e-03
1.163553549041889366e-02
3.848126692543525889e-03
1.046635184088440945e-02
5.457630870238015797e-02
1.485656878287692217e-01
2.455783472190354033e-01
9.233158841188157315e-03
1.109699697099509989e-02
5.041788870015725954e-02
1.850488342278254483e-01
2.790410562929926744e-02
8.627136715605960432e-03
1.213432904242103122e-02
1.318088992035044982e-01
1.105376307360290133e-01
6.432159238689351063e-03
5.728059933840583262e-02
3.259436766400190810e-02
3.279399708353599591e-02
5.581822269187537884e-03
9.455895627173672990e-02
8.130772249964529630e-03
2.076197093615324979e-02
9.207315412855103173e-03
7.664596046972667158e-03
2.780783384436763452e-03
8.144178178651569067e-02
1.848028109832291349e-02
4.822701350078855212e-03
1.503672172601081547e-01
3.872159827187721115e-03
1.067561585802611832e-02
8.081882307817224442e-02
3.889968045108400680e-03
9.275555401086249541e-02
1.050387884766132152e-01
6.214260572510277997e-03
2.703066851888975136e-02
1.566801873286449362e-02
1.241246162279434524e-02
2.879460459727752331e-01
5.439263942408527688e-03
2.146571076645531137e-02
1.164633138657225897e-01
1.674312881208910586e-01
1.345290648127483134e-02
2.626362749415155507e-03
6.116868965045965147e-03
5.456830364263762570e-03
2.247923964170858713e-02
2.280749598737140046e-02
5.851913629614249879e-03
1.052754007938021437e-02
5.617000546389606767e-03
2.188594115316104191e-03
2.571814938470088907e-01
1.377021586727105763e-02
4.878274367627677410e-02
8.701071027469033103e-02
4.392841216631694634e-02
2.186936711959175210e-03
6.600671115463399054e-03
5.919513596660053341e-03
2.780692416904969044e-01
3.878248810914704681e-03
1.889590223873008623e-01
1.275119327450858764e-01
4.136371467423192831e-03
5.921144929137057977e-02
3.778625198342608349e-02
9.730783586580396896e-03
9.446924321905738817e-03
7.450496120868870496e-03
5.389964355733376650e-02
5.334794251107084252e-03
4.845866345707179786e-03
1.571851401748464855e-02
6.765879747153584478e-03
2.484855214094832190e-02
3.913374877634023252e-01
6.304239783470532051e-03
1.301162722614433200e-02
9.917164258310738265e-03
5.281452573475288806e-03
3.737121504297630237e-02
6.450302943472924211e-02
1.047046594503618297e-02
5.858001440964893773e-03
1.098885040464583039e-02
2.350606925817540563e-02
3.467241980859038231e-01
6.368015205584912249e-03
1.543267773265114126e-03
2.607713044538012906e-02
1.251206732357208577e-02
1.639741838995944882e-03
1.678389364865354475e-03
4.969572688080377623e-03
5.710717745583117518e-03
8.831031759467903100e-03
5.569770519393660996e-02
9.379428159877908205e-03
4.972190824269686477e-02
2.222437260422135685e-01
9.257419468588369560e-02
1.213576521885627833e-02
1.209450502192070953e-01
3.094531180606371196e-03
6.259365221537111813e-03
3.536540880146736565e-02
1.198764057581156242e-02
1.020805452061421953e-02
1.023380294923562301e-03
3.145663380301308171e-03
1.028082984099666641e-02
8.509985537226150143e-03
3.087921340995052489e-03
7.541542718967722200e-03
1.594678452497962917e-01
3.268050611980835574e-02
1.237805965907446066e-03
1.307795986233515131e-02
2.293067071542711187e-03
7.537630259822927087e-03
3.034686290818833232e-01
1.015380200196602453e-02
6.854783992732461050e-03
4.913280185018229808e-03
1.310868464593716119e-03
1.209260422238889535e-02
1.458826932069091642e-01
1.495385926542562756e-02
1.611748696579824378e-02
7.530843585766363105e-03
2.466334242124177192e-03
5.723134234470433034e-03
6.310762061906595444e-03
6.446470943041365635e-03
2.327682711326631987e-02
7.750366477391210616e-03
4.105407520500573698e-02
9.965686723068955047e-03
2.337992580404682150e-02
8.081875646024359525e-03
8.201816792444690390e-03
3.788706678705244801e-01
1.506766522145067469e-02
2.286353627099830532e-01
1.334061723904501548e-02
2.139235210366065842e-01
4.922840641696156656e-03
1.082157360800934352e-02
1.467807295458487676e-02
2.189589404307564491e-01
9.295764411488904866e-02
8.264743451908225513e-02
3.029071787025597873e-01
1.667452976478204021e-02
1.112507959077049385e-01
2.404589585069602520e-03
1.089160652329818346e-01
5.471936834485615318e-03
7.642435494860275527e-03
1.099034296499644056e-02
2.225162351007632395e-03
9.889944077974126280e-02
1.736320921820820942e-02
4.828806150856092966e-03
8.667770660871118235e-03
2.125178580817790319e-01
4.230689928955984336e-02
2.807170729252355442e-03
1.162470243404750275e-01
2.003221276126369507e-03
2.658401076760863110e-02
2.216736305474072966e-01
5.190088912735625615e-03
4.339335893400894650e-02
1.095397477011463006e-04
1.931765020633382512e-01
2.259651806731274772e-03
6.177402210557079824e-03
1.220723388127417375e-01
1.463593676651619080e-03
2.960211236204664687e-03
1.384248906728903147e-02
1.297495146218743088e-02
1.156590908921521256e-03
2.978186547568952847e-01
1.015238083619351694e-01
4.025231237690837238e-01
4.395853298246954824e-03
4.770570645109514438e-03
1.192001356253524214e-01
1.070427318327114019e-01
3.118494227116635261e-03
2.089807621947201589e-03
9.487659269843636001e-03
4.975741506154382834e-03
1.405694098695646141e-02
7.348803397400188384e-03
4.040068947840970599e-03
2.151434770408030758e-02
2.099655601208181893e-04
1.434604072741059617e-02
8.782940007629237017e-03
1.053095087907245271e-02
1.675832091255361487e-03
1.426721615423774811e-03
7.871768775645446650e-03
4.939028848795216009e-04
9.201161196570547401e-03
6.503111554861489875e-03
3.309904271188142920e-03
6.450459002138612952e-02
5.178157594377775369e-02
8.993219906960264048e-03
1.456234228722907281e-02
1.274990167605550007e-01
3.194201943806059592e-03
1.015914018701809252e-01
1.598311408556949212e-02
6.148024513649228816e-04
9.555452581290214617e-03
4.330741546432620437e-03
7.219437112320781225e-02
2.660657684861017502e-01
1.777682050679561809e-01
7.851601831820246083e-03
7.592503111500959953e-03
8.530972144011285049e-03
2.438109229369840314e-01
4.833234319323553331e-03
3.735142131136301447e-01
3.975532158060481741e-02
1.921685993452236160e-02
9.400620658952761870e-04
9.161444495274473701e-03
4.025534019938211555e-03
6.176575838791110475e-03
4.002907743709159354e-03
6.283292251453283239e-02
5.963023238721724267e-03
3.125688012833399004e-02
1.603321827989866166e-02
1.452108707399311568e-02
4.264330426815967322e-03
7.606054437069021713e-03
7.910212388275968468e-03
4.848516258471916376e-03
1.574295192854495689e-03
1.687981473877609717e-01
3.628546909870091451e-03
8.540752421317351212e-03
3.214684420549609230e-03
1.870495856106023716e-02
3.861515736491772932e-01
1.137461889734007192e-01
2.298907917739846651e-02
6.574948582783611897e-03
2.851939628410005492e-02
2.855000994245229448e-03
4.260429161985081203e-02
1.972983240357460352e-02
5.474992886084779041e-03
1.366357044063689448e-03
7.456259120724628708e-02
1.479422686735999866e-02
1.550975259661481302e-02
7.963745800568185901e-03
9.973113160385951859e-02
6.211660319315429057e-03
8.183030593608373385e-03
1.162135984809873485e-02
3.759280879954002980e-02
1.148139180538596584e-04
3.818077677760743638e-02
9.409542083196813234e-02
8.159161325797886994e-04
2.262846975427675739e-02
8.034660267334662112e-03
2.733747701271849739e-01
6.505050725676340267e-03
1.019541835730204508e-02
2.591154800205316099e-03
2.135629583405010933e-03
2.863386117237926715e-02
4.105462375538170006e-02
2.850857674361179095e-01
1.177898708411919716e-02
2.535948289514891943e-02
2.564358554650007435e-03
5.909725919644517877e-03
1.724701790376167304e-02
3.665501316467897723e-03
2.169520251584298835e-03
2.052963118775040161e-02
3.028283429294762949e-02
2.557866012791835675e-01
1.925881050059807809e-03
1.037260588984083992e-01
4.887134340599483089e-03
2.017008402502537545e-02
4.917796439739224174e-02
1.497166122903779983e-01
1.691848615609595555e-02
3.703689743940151696e-03
9.356616849761930851e-03
7.087222612388885921e-03
1.175875052626328045e-03
9.322657679010554199e-02
8.911759132624506863e-03
1.649949062500725679e-03
1.299242419336904819e-01
5.771371266573919329e-02
4.800942476338193490e-04
3.073274259503945838e-01
9.059425737345852200e-03
6.555576395423863556e-02
3.694846678465557588e-01
8.915969894854521363e-03
3.731419577404420426e-03
8.223359979223771044e-03
2.458560780926406786e-01
1.607550367108874154e-02
7.795132070115739359e-03
1.981548416704829313e-02
3.505127274918218294e-01
3.239385405284197269e-03
1.739278249700919599e-01
6.804360886390745100e-02
5.678810227432855816e-03
2.278967612655538079e-03
7.455935476581382337e-02
5.075944096915039130e-03
8.677112144807595448e-03
1.248769181423467906e-01
6.421193116520397016e-03
5.406586548306761830e-02
1.716661044942648928e-01
1.483339410797300355e-02
1.024390437602617034e-04
2.862677335031244604e-03
1.535191158222522743e-02
6.096965757899068354e-03
1.497561531041084054e-02
6.614772440820911557e-03
4.137646116518405304e-01
1.128407324459540506e-02
1.756445472953745840e-02
8.989931991783733922e-02
3.251909648655174068e-02
1.675236469509366801e-03
7.906404337796749462e-03
1.512655326585779329e-02
6.488470910580571016e-02
1.038021314093796887e-02
1.875914274470650211e-03
1.357479106170004710e-02
8.663198321192349186e-03
5.698122371317920765e-02
2.803668279498484628e-01
1.541668623938731962e-02
2.392099740831023572e-02
1.092860344081381628e-02
9.413176404113467177e-03
2.689197869196173311e-03
2.312846496293698428e-01
1.942189318656965466e-02
1.127009694305379089e-01
1.744310847765269661e-03
2.208407672911005901e-03
9.799854471441727874e-03
9.876552662626835594e-03
2.286050336449650233e-03
9.580819769574549019e-03
9.703611518861504984e-03
6.629886607824126083e-04
9.039302761218807533e-03
1.537772026909192402e-01
2.694313663186079667e-03
2.431935462272616851e-05
4.704895638627370341e-03
2.142241068571298403e-03
4.327624570473785691e-04
1.428093797958376095e-03
1.087174338092109088e-01
1.256371025325696625e-02
3.026261531472044797e-01
1.296079052027511967e-02
1.907720174440666050e-01
3.244619343484942114e-03
4.428380204063848968e-02
1.665797344341723718e-01
3.536690278821049138e-01
1.647942784487461650e-03
3.179804275331431507e-01
1.591202772527412768e-01
1.020599630091206063e-03
1.593036553329504890e-02
1.132101186207028348e-01
8.254761657654592633e-02
2.374201951650827674e-02
1.110274589084998993e-02
2.695669500002325931e-03
3.979544322554676716e-01
8.726179163737527583e-03
2.145541347262542448e-03
1.199199136969492574e-03
1.721100297581531352e-02
9.810953817518322864e-03
5.097920191557395522e-03
1.333960342583713271e-03
1.813210897933226250e-03
4.024199440551850526e-01
6.886296097879305439e-03
8.434468514008293047e-03
2.529977230066073057e-04
1.004647729824927060e-02
3.465759641269910117e-03
9.169594284146678504e-04
2.647936814538177919e-02
1.793772147529089020e-02
3.032839244599708217e-02
1.638490968602620557e-01
2.500289038839407785e-01
1.195139245311318144e-03
1.185820975707705359e-02
1.690082180477420204e-01
1.954466987512964438e-01
8.455300137740019489e-04
1.020811204521362113e-02
2.421875741062039511e-01
4.794112281994338670e-02
1.482772431923585002e-02
5.957123034147229247e-03
2.601276303310730612e-04
8.506242401617234924e-03
4.999027908780181995e-02
1.583881844119978122e-01
5.493029776232203482e-02
2.842633639215552677e-03
1.671571886468144474e-01
8.267762931882231825e-02
3.540099774718795736e-03
4.190503574191521523e-03
1.146882778871242958e-02
9.461436900073942613e-03
1.613041134857449597e-03
1.526436585665040709e-02
4.328921331635711411e-03
1.534109982469141278e-02
1.794933557785668432e-01
6.176135768458395139e-03
3.063006664687865643e-01
3.267965754417153160e-03
5.719277027808440488e-03
1.243392071666291586e-02
1.087145347032258541e-01
2.882625816986728595e-01
7.932026031908420705e-02
1.176256952731038032e-03
3.624189767254049673e-03
4.798486457713004028e-03
1.495260667544244006e-02
3.394233262058700129e-01
8.350478623895280644e-03
1.692195483780164211e-01
2.826513499456384786e-03
8.840606349553986609e-02
6.401916933793310588e-03
6.796400406899678198e-03
5.106390978486938757e-03
6.469967458796947561e-03
9.831754017771839396e-03
1.233866869603362539e-02
1.880312039774215960e-01
8.093865313575789033e-03
2.936419872778098794e-01
8.948048558640385149e-04
6.012550697005131749e-03
3.794191938436207168e-01
2.447435895766929964e-02
1.326043917296565455e-01
6.798831481390257489e-03
3.362528314198721772e-04
8.034114977012497133e-03
1.459253631532463243e-02
1.510097705010731740e-02
1.193767687312573822e-01
2.913853393830196509e-02
3.347461570956998186e-03
1.085331895799632315e-03
1.972601000526449239e-02
2.480962933224842640e-03
2.407824589220081413e-01
1.531055874504468339e-01
1.240201774913361060e-02
7.258787005185337454e-03
8.751127919043366621e-03
1.105635017110673246e-02
1.396212076249363221e-02
4.282022581710035608e-02
2.918591662158270816e-01
2.075917099994510628e-01
3.304190252234601947e-03
5.050887354806749788e-05
1.452421649689935798e-02
1.986428153104427552e-02
6.238484920133027800e-03
1.896826434475861432e-03
2.733758406391200387e-05
1.497783662177082364e-01
2.502483224207585448e-03
1.801810286721628185e-01
3.817312970763713231e-01
1.909602287292987699e-01
1.083572843865607399e-01
2.075387697013497124e-01
6.304790422810203736e-03
3.749322840565457726e-01
9.626224660419305246e-03
1.291387897656196687e-02
9.714921488215309603e-04
1.051342032368559817e-02
1.941600734226410063e-03
5.614877501787091801e-03
1.523570470507332447e-03
2.043722847198269632e-01
1.163970238080144597e-02
3.353925314865636720e-01
1.403534095420890526e-01
1.219969349691937127e-02
2.296498414946224198e-02
6.180848044274126103e-03
8.709056759454781790e-03
3.522215580555580153e-03
2.662248896965000583e-02
2.205258439812852189e-01
1.220736563217783566e-02
1.738248348785991632e-02
9.165779763884520509e-03
2.297222274386327701e-02
1.361436501953588486e-02
1.253292319103523345e-01
7.484828993375529198e-03
9.771982469848497586e-04
9.058896222665953693e-03
4.151370551681374775e-03
1.542105868159085805e-02
6.030710357520293469e-02
4.285719755001935437e-03
1.293894619307093229e-02
1.034770293951787178e-02
1.420300561207036953e-02
1.567201446750794147e-01
2.490547412913488023e-02
1.897383768875764804e-03
5.847595630676436125e-03
2.542384430721572955e-02
2.111147630024352503e-02
1.254993849080426362e-02
1.873452742636259882e-02
3.481428240630848325e-01
1.575881215884614509e-02
2.324148800519612677e-03
3.035267813817415280e-03
7.108155762777420552e-04
3.136614567759253916e-03
1.150285568899997446e-02
6.329183509030182619e-02
5.276056679916699133e-02
1.172005108505621597e-02
6.313083682778713492e-03
1.464785256379588785e-02
9.993960736869750630e-03
8.000730910805449458e-03
1.189744448504393738e-02
1.016133965867793525e-02
7.427314421671012308e-03
1.461522925429053522e-02
1.347627008026819687e-02
3.289870914453370526e-03
9.019706788999270379e-04
5.724752115905424633e-03
5.138690691259584253e-05
6.909818127612435239e-03
3.423728778199860903e-03
1.075675412853532714e-01
8.592748968714692542e-03
6.825870138369445617e-03
2.720245955589710718e-01
7.920262383465376602e-03
2.291679657012713964e-02
2.112474211641631339e-03
8.623996565104994141e-03
1.976412222163045646e-03
9.991682148837975619e-02
7.661843204498223689e-03
2.086404471769052679e-03
8.274689666031845997e-03
4.058858000267542149e-02
8.872634750952681018e-03
1.903675394901545130e-03
7.443496681633411140e-03
1.199842242548215809e-02
3.329875074529854984e-01
3.682375251365030237e-03
8.667915508534002056e-02
1.785689478610602912e-02
1.894514157663094445e-01
3.086958257542805548e-03
9.556080307252216854e-02
1.040121399044785858e-02
7.946393178615257513e-03
1.077826262810636579e-02
1.671634719517171939e-04
2.584176861953599857e-01
1.802451223848822507e-04
7.971799644236724630e-03
8.129476852024645345e-03
6.975609586115787651e-03
3.894025949775046114e-03
1.514221372048699978e-02
6.252671951158584630e-03
3.172114586720484013e-03
3.603876916918850523e-03
1.652047720233684736e-01
2.995379918190236093e-02
6.096685880208650883e-03
6.395339863653929507e-03
3.820118141015937593e-03
2.309314615243725569e-02
2.929375781638316259e-02
9.838347126522282993e-03
5.918938205192559449e-02
1.684246733875278401e-01
1.812826011890963278e-03
1.178364827218669406e-02
7.367907774508668239e-02
1.198078364185031428e-02
1.026342332305387323e-01
1.189184020741283349e-01
9.471538133687906064e-03
1.637080506389817017e-02
1.062491577281930548e-02
9.853854222765629292e-03
1.036404741842377776e-03
2.421522978113528624e-01
1.068666634251658128e-04
5.101448229149799576e-03
3.995891616349842024e-01
1.206958688195550328e-01
1.919727872132415527e-03
1.440551825868196622e-04
7.369924090368698555e-02
3.212628217779511103e-02
2.724191683685759421e-03
3.763779970253719898e-03
3.853905201745057643e-03
6.391851959786966353e-02
3.549617583105374886e-03
1.599131439846349090e-02
7.486385896184526677e-03
1.313860714724274514e-01
1.559642649505434825e-02
1.192858568056744464e-02
9.480097509669709911e-05
4.257439555034070455e-02
5.417321825119532711e-03
1.094799646094741195e-02
1.163566917788049215e-01
1.299321151397511975e-01
1.758092749068942695e-01
5.820356174860241358e-03
9.720114703495453916e-04
1.062591381607017223e-02
1.101548705723753852e-02
6.347776847464888482e-03
9.025081975187030855e-03
8.064936004604176395e-03
1.152944611207918670e-02
2.878838986830021662e-03
1.052996128120914227e-01
5.943789133441034801e-03
5.322419480850466150e-02
3.110415724347118660e-01
6.186605945438269222e-02
8.937981539338205397e-03
9.471512715124223367e-03
8.654755027101808731e-03
2.491004282319610619e-03
3.139232396004891035e-04
5.761378758667073767e-03
2.470092399012120132e-01
5.170040499833558102e-03
1.299215781231179145e-01
1.281949655753650968e-02
9.422701661522373678e-03
1.270454676876611212e-02
1.365972320735180795e-02
1.384603205085756586e-02
1.041354376236822976e-01
1.604384320020954763e-03
5.561321743487994407e-03
1.525991557380376902e-02
4.796361972769527110e-03
6.616933867765149857e-03
1.957691960932545217e-01
9.713210468994397037e-03
6.201576885223371999e-02
3.141615518047389394e-02
2.896128105622833813e-03
7.819597656601675120e-03
1.564661600683425399e-02
1.628913883271255678e-02
1.603570751175943318e-02
7.854710520810105970e-03
2.853358600016408023e-02
1.096384314900655278e-02
1.774241821904493435e-02
1.277312096199087754e-01
4.067090495792227006e-02
2.198476037670012932e-03
1.766328751797759805e-02
2.878466925972681442e-03
1.218725249550245589e-02
1.223024813596450266e-02
9.903596610259957772e-03
3.631782758248629315e-03
8.634754496002670920e-03
3.304595747330761960e-03
2.414086377715840281e-01
7.667100742316372911e-03
1.278996508656731444e-02
4.057019984380273725e-03
4.760858074876367883e-03
2.559272605437449416e-02
1.550953462706739774e-03
8.004628406409778837e-03
1.653148175866609804e-03
6.813436182734475743e-04
2.415228962079546458e-04
1.317660195793570431e-02
8.517847079259092957e-02
8.856403997734425132e-03
3.271976117325444289e-03
1.703250798833841426e-03
1.907745066561454886e-03
2.881871364936747747e-03
1.850235532132773596e-03
5.788074758598398331e-03
5.795514378725654010e-03
1.874506407090998500e-02
2.947521949941663832e-01
1.028062231303813502e-02
9.446522240181949581e-02
6.833289229538832589e-03
1.233100789979960504e-01
6.624858626527728748e-04
6.222387875019929487e-02
4.559105023454062405e-03
3.045490235451545069e-02
1.013750840991517813e-02
5.760321961661973682e-03
1.645322371816359012e-03
6.357036764454734694e-03
8.786712774666060807e-03
1.669870935767666861e-03
1.494461424825680156e-03
6.878139152383549483e-03
3.493900025883158594e-02
1.466889036399181105e-02
4.681323970931158644e-03
9.026897303394518235e-02
1.087525687237508344e-02
1.512520909741154052e-01
6.180129012776455592e-03
9.420631947313427845e-03
2.860409592083950833e-03
1.440633873517899177e-01
6.875239078574116314e-02
6.439938396643661578e-02
1.334935411214028221e-02
1.013437697908489005e-02
2.811022104330184075e-03
2.518406663600891160e-01
2.866671797349951579e-03
3.924468327460481354e-02
3.846491275775035679e-03
8.008041431334360361e-02
1.709903294007276420e-01
2.561957687509293716e-02
7.382996563485431929e-02
3.366287953925005405e-02
1.204299072859635680e-03
1.549322689723440713e-02
2.220799444265590672e-02
1.198457475096451411e-02
1.667488940905635696e-03
4.171275360226508674e-03
3.845617488834963682e-01
9.516883873764292109e-03
2.752412242768302077e-03
5.003596870823761103e-03
3.240350145124144127e-02
2.062119642631904132e-03
4.399963025717127003e-03
1.474478379407918524e-02
1.402679765563822831e-02
2.651788443088410885e-01
7.312503741423828640e-02
9.164683486331078044e-02
3.223231453081286586e-04
2.012747573249061214e-02
2.641907221286081062e-02
4.388640039935656420e-03
8.026254218314389163e-03
6.557354541301813056e-02
5.860145955287059290e-04
3.100392156806125476e-04
9.104800152382706846e-02
4.901621465733882119e-03
5.087041636677304239e-03
1.354288234969776815e-02
9.228129294746067676e-03
7.434362194490441028e-03
3.049567152573651879e-02
1.050971024959531687e-02
9.840857628398246362e-03
3.792878052705760941e-04
4.379946441305784463e-03
4.012369168110424891e-03
1.223477451498805081e-02
1.464906785505957728e-04
7.662921216412593196e-03
3.679241655827546111e-03
3.635805965625712455e-01
1.011832049885057032e-02
1.908156988432835321e-02
5.290342652472708462e-02
1.093625035020467234e-02
5.528826777541426957e-02
1.541477786028386254e-02
6.777644835931736144e-04
6.228216302372901851e-03
1.094579717738613893e-02
6.549245542517877217e-02
3.054878242840366465e-01
8.001391165091260166e-03
3.084342923712780210e-03
3.821362498083856300e-03
2.913243306776002860e-03
2.492968547455491277e-02
6.186578151982268653e-03
2.711817870148001443e-03
4.319170085744975136e-03
7.049478447224836672e-03
5.925721728032325511e-03
1.004110609954308175e-01
3.396749904535354969e-01
1.257111631671375095e-02
9.633892561263773108e-03
2.419149722531799551e-01
6.960676962888657539e-03
5.165096745909429805e-03
1.217919350662331895e-01
9.563700958982368841e-03
4.486704631352464879e-04
7.274801762533021632e-02
3.260742207194735620e-01
1.146266587029500308e-02
3.802054155300309546e-01
8.632296807180818432e-02
7.854523161585833663e-03
1.982188630710055380e-04
2.419970436722672369e-03
5.071461996413352200e-03
8.975504111021528897e-02
7.363173797885230742e-03
1.969900300972149410e-02
3.580983368635028835e-02
1.269463698502531004e-02
1.698839774105648237e-01
1.197208344399797869e-02
9.071481649723179067e-03
1.135481761967568719e-03
8.335173313481658575e-03
2.611137495826875137e-03
1.002456274957946175e-02
8.540619831421379388e-04
1.002378508672225645e-02
3.942724561462958022e-01
9.056346178439259736e-03
1.735089630547173925e-02
9.794190569547339686e-02
5.522272511026885683e-03
1.012094951351205294e-02
1.056818905663689696e-02
7.121646405082932615e-04
4.631112660184055763e-02
2.638893924055849549e-01
3.679317196211364088e-03
2.307614170757129879e-01
7.750039678975935431e-02
5.103610261896069679e-03
1.009265401540264222e-02
1.643298711118553745e-01
3.738256794186346071e-02
5.179455581712968069e-03
8.193686364849071466e-03
3.623080430752691639e-03
1.202041732495033599e-02
7.206619720334413691e-03
2.002404686208171178e-02
1.418446947152709157e-02
1.084240760176861419e-02
2.539975151390117675e-02
1.863399907630583219e-01
6.941345753187586759e-03
4.144283666384872972e-03
1.275422085533783846e-03
6.901818294854616953e-03
3.257720063413522826e-01
1.725577504058531386e-02
1.207286010395153680e-01
2.629350057146987146e-03
1.252479522872962034e-02
5.197294653321169605e-03
7.569098859550718594e-02
7.670993264540365390e-03
5.992784046858638108e-02
1.797332354353366538e-02
1.518038424194357097e-02
1.407534913907503883e-02
3.404586665668242126e-03
6.658694093683382997e-02
1.581338961693170286e-01
1.812011909885280492e-02
6.647686025669559233e-03
4.916244196621973213e-03
1.271801844802408418e-02
9.433688554160610251e-02
1.264565598113150807e-02
6.804557586961503413e-04
1.128260724323923436e-01
4.385382592339990594e-03
1.041635284803041628e-01
1.577637021435765452e-01
4.371710128211355600e-03
1.800307525719911095e-01
4.216660678741664982e-03
6.231932725952776982e-03
2.922312481616330410e-03
3.317737570143228492e-03
3.862571249011151342e-02
2.720100624653459254e-01
2.868053066275429996e-01
1.878394478259377874e-03
3.201185488720679866e-03
1.666143599685393217e-01
1.323389739705629897e-01
8.456201678096129590e-03
9.313439220972328722e-03
5.093738146949945006e-02
7.401152029516450299e-03
4.432263707244564650e-03
2.460557319723198286e-02
3.627368304823522238e-01
7.135399997944448514e-02
2.334757921759593371e-03
7.826467593818341173e-02
4.169957154687646550e-03
3.800366127463336661e-03
6.743111791853877157e-03
8.989438787335003386e-03
1.011027676827758875e-02
1.880986168367879607e-04
1.612853139039638062e-01
1.541783307780035528e-02
1.153438296327960553e-03
1.639575096026251941e-02
5.617037736298908200e-03
8.841795733858891573e-03
1.253311464431302973e-02
1.288814173755889192e-01
1.035648073315031600e-02
7.496413796028783202e-03
1.676652150280235828e-02
8.693465285923495864e-03
1.100031482177408759e-01
3.395969788683304846e-02
2.519065584414337255e-02
7.529897842531257240e-03
2.670902644294351116e-03
1.159064066121650999e-01
7.530167292757931896e-02
1.628164783564574059e-01
5.392340167292090231e-02
3.252561406362664692e-02
1.986614506494132626e-01
1.141015825949160886e-02
2.753871817464055398e-03
7.907372270571944375e-03
2.735094068905377998e-02
1.555701398681535205e-04
4.420536857840761183e-03
3.724781021581843321e-01
4.940817162941106046e-03
1.388204002996761000e-02
7.054650337392175119e-02
7.259499550459765863e-04
5.452394182937443136e-03
1.371099009627805947e-02
2.484514630336913041e-03
1.835353527103754101e-01
7.317759203633387131e-03
5.069196570058605994e-03
2.826828962448280341e-03
1.962379137067606083e-01
1.112208915430329924e-02
1.209429414830191646e-01
5.163935434721698969e-02
4.617504556582907073e-03
1.114686237801593323e-02
7.027145589364607037e-02
4.953686966269820607e-02
1.659314363727251718e-01
1.480421602874379752e-03
9.870896044814047102e-03
9.969078463495070763e-02
1.064889474901860658e-02
3.698871152728702150e-01
1.904435698726665571e-02
7.466328078279595853e-03
2.302147508963296382e-02
1.884508554399236535e-01
2.912010111819950901e-03
4.227273878875697187e-03
3.737143054611704457e-02
1.598454412020623716e-02
3.705697778406746301e-01
9.880549188411821490e-03
4.700194856746768568e-02
1.974637788072904770e-02
5.444626969842772217e-03
2.207241674562211431e-01
1.996057848610603529e-03
1.714134846209529606e-01
6.748975631074977371e-04
1.403232435125976174e-01
1.866375009084496328e-01
4.098707888455917388e-03
1.179491437471168365e-02
1.109248268590649379e-02
1.190919697418151429e-01
4.106428840946425851e-03
9.432163646183077885e-03
9.041116372328088582e-03
3.807300234390868700e-03
5.345548157073163817e-03
1.861642405530858357e-02
8.313433944872243228e-03
2.781404873025075533e-04
5.276333459951775690e-03
2.003870786349162547e-01
1.063139984724671694e-02
6.524337460463551508e-02
4.186359375788976239e-02
3.600788517398499367e-01
7.707803776365868128e-04
2.351468126495723510e-01
1.117154113515578077e-02
3.378968846236710677e-01
1.050592573514922828e-01
1.616892503221646626e-01
9.000592214327229543e-03
1.038365494484561405e-02
1.049566218033444638e-03
2.560534566969797643e-01
8.360688392158154708e-04
2.327851346257223120e-03
6.103780388693336167e-02
1.041730157843456968e-02
7.093455321933335445e-02
1.141649260466703897e-02
2.045092843461522071e-03
2.688141847331747547e-01
7.907020716642346875e-03
3.574228324379303268e-01
1.128447311046255029e-03
1.074003661114939362e-01
9.217174207670783635e-04
3.128158584645187971e-03
2.491046905266466188e-03
1.133148555170760720e-02
8.743033093013782842e-02
1.408012972914580649e-03
1.125195847905523412e-02
6.891210883982001878e-02
1.757348327766824758e-01
4.471241616480417860e-03
6.037454832561062190e-02
2.906795918906378007e-01
1.455147053071816771e-02
5.093302928211914521e-03
4.039188867072242978e-03
6.071271311471244242e-03
1.404784429513313351e-02
6.945419983993294383e-03
7.820079279922348414e-02
1.233845032493691618e-04
1.599426022610859685e-02
5.330202462058223310e-03
7.379196353789058138e-02
7.456612446230012625e-03
2.072213968206667884e-03
7.260761133070971034e-03
4.117268599754595262e-03
5.234069468917527251e-02
2.021735021189716153e-02
1.526047190177432303e-02
6.353932401412495934e-02
1.338595061758273124e-03
4.177572767435339812e-02
1.240110461057303826e-01
1.338813292982051761e-01
4.337411958162032954e-01
2.803930081886246706e-01
6.637034417811047034e-03
4.466726257071466401e-03
1.338504528446191402e-02
3.716284025165473431e-02
3.737723258277318023e-02
1.204237975288857121e-01
1.159904422363953330e-02
2.033907580238383805e-01
7.979991980688393161e-02
2.556065451846214476e-01
3.357845062230986784e-03
1.456233651893693243e-03
2.511695490726673641e-01
8.277106984721512017e-03
5.599521145296130695e-03
8.993326793829270818e-03
1.889852134146671400e-02
1.261719913226831136e-01
1.622224678708819937e-02
2.524256496132326957e-02
2.416234040320479060e-01
7.965351412254262700e-03
6.480687705136853154e-03
3.538987320704299437e-03
2.198303375216434288e-03
2.118817368995221107e-01
3.160776028035593155e-02
2.753430169896045870e-03
1.294966105114050796e-02
6.419518972530046871e-03
1.728182603934414752e-01
1.669727851343182357e-01
1.222306018148410292e-02
8.950236242057904579e-02
2.219379430581067385e-03
8.357772767618480356e-03
1.301976165495103699e-01
3.112313457236330905e-01
1.704615923270024272e-02
2.645654851128589335e-01
1.966128518762975674e-01
1.729625410714298248e-02
3.905193297916696726e-02
2.828894670650716151e-03
7.918544026762079635e-02
9.068189308502160387e-03
3.524813327187386897e-03
1.578224834890810946e-01
3.819181148472194226e-03
9.649102529763703417e-02
5.509252619312041827e-02
1.767011641952522579e-03
1.643851235025934332e-01
2.478225715127657745e-03
4.898176928290992431e-04
7.630620812972205465e-03
4.267821015450538047e-01
1.171742536067258735e-02
2.156560361083743188e-02
9.587304957404235370e-03
5.601480689841054766e-03
8.420507606837919143e-03
2.249606109283757219e-02
5.854185906400380564e-04
2.942427618804921863e-03
9.507372416390269532e-03
3.084909758867849239e-01
1.289645692042265535e-02
3.361622092168642384e-03
5.127725540558382422e-03
2.357193503935134556e-03
2.458203057830899568e-02
2.276881479995103257e-03
5.665915546522945490e-03
1.740863575389105591e-02
2.644211744705093348e-01
2.990009066851912617e-02
5.330846630893697896e-02
2.326931166763302195e-01
7.764177756402868003e-02
9.084660683388823222e-04
7.213162806223922217e-03
4.110564437405130056e-03
1.666638205466539524e-04
1.401955048002362092e-01
2.087958948951346323e-03
1.894601695250709011e-02
9.020306979526277217e-04
8.733988957689044208e-02
1.216019098095735274e-01
8.564941726659775281e-03
2.215368016660347692e-03
1.598605558591305320e-01
5.685470005681520552e-05
3.360887180687742448e-02
2.191477001208974162e-03
1.837872952137994398e-01
1.940014124945744014e-04
1.037628356072902575e-02
7.676411824745965271e-03
2.228307708987261378e-03
3.323911332840890839e-03
2.143130856246005800e-01
6.240056629125910123e-03
1.478037014209029887e-01
4.842465253993824895e-03
7.797917827524128778e-03
2.882033546825855420e-03
1.525461357342121349e-02
1.667285805012507947e-03
2.726248217628777972e-03
1.569112486148395956e-03
1.406449266459948964e-02
1.258176002140461158e-02
8.228876852268359604e-03
9.747161276931225193e-03
4.194494103248783655e-03
5.538524967097364395e-03
2.389887889638079611e-03
1.547980715768218322e-02
2.489707445438465311e-02
3.143857622439293151e-03
6.707565449479057024e-04
1.782947516483377598e-02
1.999987492457860894e-01
7.903482468249655932e-03
8.066028395198249212e-02
1.786007444608923023e-01
2.133279474649322216e-01
7.949779851380326615e-04
1.407382879722058645e-03
4.175297843403441567e-02
1.032479250716311636e-02
2.576926712840415731e-02
1.629487731776547710e-01
7.186622368038353414e-04
3.842675001733548024e-03
1.169274580988064784e-02
3.455664739739146285e-02
5.336053650891525030e-02
1.756118487204614068e-02
1.310856483856282515e-04
1.150563022026906447e-02
1.083422644028917380e-02
1.757015874198234948e-02
7.103382551023749991e-02
3.850381984772895810e-02
1.131754126756537721e-01
1.180114277826469632e-03
1.823056026696907514e-02
3.154186042248319222e-01
6.818249508649080071e-04
1.200459470570875743e-02
4.497715320880784837e-03
9.884788240367768479e-04
3.209969375050660684e-03
8.953296560498882894e-03
2.020091895566624232e-03
8.726635060705048574e-02
1.069253657806178426e-01
4.723186468130579491e-02
2.855684019162383312e-03
2.461521540708345307e-02
1.780682464134726306e-01
2.675761510423876801e-03
2.164326554815779874e-02
7.704987183118541111e-03
1.643215399312015004e-02
1.494186172356213975e-02
5.672270119207119092e-03
3.512087174628092043e-03
2.530944642418935242e-01
7.674793546302568353e-03
2.063060842744245116e-02
8.593133251500968683e-03
3.125432095965750574e-03
1.596110314135513325e-02
1.567385760242055379e-02
6.459079099861189666e-02
1.153547450822276360e-01
2.866353258271576651e-02
2.668335240660665852e-02
7.003903164014961026e-03
1.167841990935908174e-02
2.274277697677319077e-01
7.178646694078809343e-02
1.639027532794525566e-01
8.765022677498682940e-03
9.452035109167419152e-03
2.684946731495912314e-02
1.819531667661944494e-03
1.660873298843814055e-03
1.736254220962908656e-01
9.286969729007421223e-03
1.230762771967179071e-02
1.510175547009309479e-03
2.402409125170820638e-03
6.639769497926498436e-04
2.481395676076997014e-01
1.891865834208530384e-01
6.356397034374403066e-02
5.126646994833793797e-03
3.513963336038711804e-01
1.690754282230200883e-02
1.670291623397599790e-01
1.275816689506019050e-02
6.759617912336405958e-03
2.617747057551705891e-01
8.526858308965688110e-03
9.216253870022218103e-03
1.403680487626504936e-01
2.643772649378085121e-03
1.578649157711894957e-02
1.074078733670387996e-02
1.773591076775480474e-02
3.649947048239368837e-03
2.697053801295432041e-02
6.068394419919121568e-03
6.576634362889838444e-03
8.175697025117002747e-02
1.261624593071143489e-02
1.585217422832157497e-01
1.082334615683607226e-01
8.056977670039478651e-03
2.996738617485459472e-02
1.195489868731581910e-02
3.887686919458757662e-02
1.331634975400535978e-02
