182.987	0.00183728
193.873	0
205.406	0
217.625	0.000772425
230.572	0.00145811
244.288	0
258.82	0
274.217	0.00122603
290.53	0.000578595
307.813	0.000546108
326.125	0.00103089
345.525	0.000486503
366.08	0.000918374
387.858	0.00130021
410.931	0.00122721
435.377	0.0011583
461.277	0.000364422
488.718	0.00068792
517.791	0
548.593	0.000306419
581.228	0.000289214
615.805	0.000272975
652.438	0.00103059
691.251	0.000486362
732.373	0.000229527
775.941	0
822.1	0.000204475
871.006	0.000192994
922.821	0.000364316
977.718	0.00017193
1035.88	0.00048683
1097.5	0.00030633
1162.79	0
1231.97	0.000272896
1305.25	0.000257573
1382.9	0.000243111
1465.17	0.000344191
1552.33	0
1644.68	0.000102208
1742.52	0
1846.18	0.000182105
1956	8.59402e-05
2072.36	0.000243344
2195.64	0.000153121
2326.26	0.000144523
2464.65	0.000136408
2611.26	6.43747e-05
2766.61	0
2931.19	0.000114697
3105.56	0.000216514
3290.3	0
3486.04	9.64414e-05
3693.42	4.55132e-05
3913.14	0
4145.92	4.05457e-05
4392.56	0.000114807
4653.87	0
4930.72	0.000102277
5224.04	0
5534.81	0
5864.07	2.8666e-05
6212.92	2.70564e-05
6582.51	5.10745e-05
6974.1	0
7388.98	2.275e-05
7828.54	0
8294.25	4.05339e-05
8787.66	0
9310.43	0
9864.29	0
10451.1	0
11072.8	1.51812e-05
11731.5	0
12429.4	0
13168.8	0
13952.2	0
14782.2	0
15661.6	1.07332e-05
16593.3	1.01306e-05
17580.4	0
18626.2	0
19734.3	0
20908.3	8.03985e-06
22152.1	0
23469.9	0
24866.1	1.35204e-05
26345.3	0
27912.6	0
29573	0
31332.3	0
33196.2	0
35171	0
37263.3	4.51112e-06
39480	0
41828.6	0
44317	0
46953.3	0
49746.5	0
52705.9	3.18938e-06
55841.3	0
