178.082	0.000557872
196.007	0
215.737	0
237.452	0.000836774
261.353	0.000380125
287.661	0.000690723
316.616	0.000313777
348.485	0.000855246
383.563	0.000518021
422.172	0.000941294
464.666	0.00128282
511.438	0.00058275
562.918	0
619.58	0.000641382
681.946	0
750.589	0.000397076
826.141	0.000360763
909.298	0.000109257
1000.83	0.00019853
1101.57	0
1212.45	0.000163878
1334.49	0.00052112
1468.81	0.000135275
1616.66	0.000122904
1779.39	5.5832e-05
1958.5	0.000202904
2155.64	4.6087e-05
2372.62	0.000125617
2611.44	0.000114129
2874.3	3.45638e-05
3163.62	0.000125612
3482.06	0.000114124
3832.56	0
4218.33	4.71024e-05
4642.94	2.13974e-05
5110.29	3.88811e-05
5624.67	8.83135e-05
6190.84	1.60474e-05
6813.99	0
7499.87	1.32465e-05
8254.79	0
9085.7	1.09344e-05
10000.2	0
11006.8	9.02593e-06
12114.8	8.20049e-06
13334.2	1.49011e-05
14676.4	0
16153.7	0
17779.7	0
19569.3	0
21539.1	4.6124e-06
23707.2	8.38117e-06
26093.5	0
28720	3.45916e-06
31610.9	3.14281e-06
34792.7	0
38294.9	2.59426e-06
42149.5	0
46392.2	0
51061.9	1.94562e-06
56201.7	0
61858.8	1.60603e-06
68085.3	0
74938.6	1.32571e-06
82481.8	0
90784.2	1.09432e-06
99922.3	0
109980	0
121050	0
133235	0
146646	0
161407	0
177654	0
195536	0
215218	0
236882	0
260726	0
286970	0
315855	0
347648	0
382642	0
421158	0
463550	0
510210	0
561566	0
618092	0
680308	0
748786	0
824157	0
907114	0
998422	0
1.09892e+06	0
1.20954e+06	0
1.33128e+06	0
1.46529e+06	0
1.61278e+06	0
1.77512e+06	0
1.9538e+06	0
2.15046e+06	4.6198e-08
2.36692e+06	0
