328.447	0.000362211
356.055	0
385.984	0
418.429	0.000852955
453.601	0.000524545
491.729	0.000967745
533.062	0.00066953
577.87	0.000411743
626.444	0.000569726
679.1	0
736.184	0.0001616
798.065	0.000447208
865.148	0.000412532
937.87	0.000380544
1016.7	0.000117012
1102.17	0.000323818
1194.81	9.95698e-05
1295.24	9.18492e-05
1404.12	0.000338909
1522.14	0.000390788
1650.09	7.20973e-05
1788.79	0.000133014
1939.15	0.0002454
2102.15	0.000169779
2278.85	0.000156615
2470.4	0.000240785
2678.06	8.88458e-05
2903.17	0.000122935
3147.2	0.000113403
3411.74	0
3698.52	3.21661e-05
4009.41	2.9672e-05
4346.43	2.73712e-05
4711.77	5.04977e-05
5107.83	0
5537.18	2.14851e-05
6002.62	0
6507.18	3.65648e-05
7054.15	0
7647.1	4.66714e-05
8289.9	1.43508e-05
8986.72	0
9742.12	0
10561	0
11448.7	1.03913e-05
12411.1	3.83422e-05
13454.3	8.84229e-06
14585.2	8.15667e-06
15811.2	0
17140.3	0
18581	6.4026e-06
20142.9	5.90615e-06
21836.1	1.08964e-05
23671.5	0
25661.3	4.63605e-06
27818.3	0
30156.6	3.94497e-06
32691.5	0
35439.4	0
38418.4	0
41647.7	0
45148.5	2.63502e-06
48943.5	2.4307e-06
53057.6	0
57517.4	2.06836e-06
62352.2	0
67593.3	0
73275	0
79434.3	0
86111.3	0
93349.5	0
101196	0
109702	0
118924	0
128920	0
139757	0
151504	0
164239	0
178045	0
193010	0
209234	0
226822	5.24495e-07
245888	4.83826e-07
266556	0
288962	0
313252	0
339583	0
368127	0
399071	0
432615	0
468980	0
508401	0
551135	0
597462	0
647683	0
702125	0
761143	0
825123	0
894480	0
969667	0
