235.227	0.00178177
252.064	0.0011085
270.106	0
289.44	0.00144804
310.158	0.000450439
332.358	0.000420351
356.148	0.000392273
381.64	0
408.958	0.000683235
438.23	0.000637597
469.598	0
503.211	0.000555262
539.23	0
577.827	0.00024178
619.187	0.00067689
663.507	0.000631675
711	0.000196494
761.892	0.000366737
816.427	0.00051336
874.866	0.00015969
937.487	0.000298046
1004.59	0.000139069
1076.5	0.000129779
1153.55	0.00012111
1236.12	0
1324.6	0.000105471
1419.41	0.000196852
1521.01	0.000275554
1629.88	8.57159e-05
1746.55	0.000319961
1871.56	7.46472e-05
2005.53	0.000139322
2149.08	6.50079e-05
2302.91	6.06655e-05
2467.75	0
2644.38	5.28316e-05
2833.66	0.000147908
3036.49	9.20187e-05
3253.84	0.000171744
3486.74	8.01361e-05
3736.32	0.000149567
4003.76	3.4894e-05
4290.34	3.25632e-05
4597.44	3.0388e-05
4926.51	0
5279.14	5.29279e-05
5657.02	0
6061.94	0
6495.84	2.15072e-05
6960.8	2.00705e-05
7459.04	1.87299e-05
7992.95	3.49576e-05
8565.07	1.63113e-05
9178.15	0
9835.1	1.42049e-05
10539.1	2.65122e-05
11293.5	1.23706e-05
12101.8	0
12968	0
13896.3	1.00536e-05
14890.9	0
15956.8	1.75106e-05
17099	8.17049e-06
18322.9	0
19634.4	7.11542e-06
21039.8	0
22545.8	0
24159.6	0
25888.9	0
27742	5.03594e-06
29727.7	4.69956e-06
31855.6	0
34135.8	0
36579.1	0
39197.4	3.56419e-06
42003.1	6.65223e-06
45009.6	3.10394e-06
48231.3	0
51683.6	0
55383.1	2.52256e-06
59347.3	0
63595.3	2.19682e-06
68147.3	0
73025.2	0
78252.2	0
83853.4	0
89855.5	0
96287.2	0
103179	0
110565	0
118479	0
126959	1.10041e-06
136047	0
145785	9.58311e-07
156220	0
167402	0
179384	0
192224	7.26793e-07
205983	6.78245e-07
220727	0
