113.941	0.00115886
122.571	0
131.853	0
141.839	0.000930934
152.581	0
164.136	0.00080447
176.567	0.000747834
189.939	0.000695186
204.323	0
219.797	0
236.443	0.000558454
254.35	0.000519138
273.613	0.00193036
294.334	0.000448615
316.625	0.00166813
340.604	0.00116302
366.399	0.000360379
394.148	0.00100502
423.998	0.000622846
456.108	0.00115799
490.651	0.0016147
527.809	0.000500342
567.782	0.000465118
610.782	0.000648559
657.038	0.000401933
706.798	0.000373636
760.326	0
817.907	0.000484319
879.85	0.000150074
946.484	0.000139509
1018.16	0.000129687
1095.27	0.000241114
1178.22	0.000224139
1267.45	0.000208359
1363.44	0
1466.7	0.000360109
1577.77	0
1697.26	7.77974e-05
1825.8	7.23203e-05
1964.08	0.000268916
2112.82	6.24959e-05
2272.83	5.80961e-05
2444.96	0.000108012
2630.13	0.000150612
2829.31	4.66695e-05
3043.59	8.67678e-05
3274.09	4.03296e-05
3522.04	7.49807e-05
3788.78	3.4851e-05
4075.71	0
4384.38	3.01166e-05
4716.42	0
5073.61	2.60254e-05
5457.85	0
5871.19	0
6315.84	0
6794.15	0
7308.7	1.80665e-05
7862.21	1.67946e-05
8457.64	1.56122e-05
9098.16	1.45131e-05
9787.19	1.34914e-05
10528.4	0
11325.8	3.49759e-05
12183.5	1.08378e-05
13106.2	0
14098.8	0
15166.5	0
16315.1	0
17550.7	7.5235e-06
18879.9	6.99384e-06
20309.7	0
21847.8	0
23502.4	0
25282.3	0
27197	0
29256.7	4.51324e-06
31472.4	0
33855.9	0
36420	0
39178.2	0
42145.2	0
45337	0
48770.5	0
52464.1	0
56437.4	0
60711.5	0
65309.4	0
70255.5	1.87946e-06
75576.2	1.74715e-06
81299.8	0
87456.9	0
94080.2	0
101205	1.3047e-06
108870	0
117115	0
125984	0
135525	0
145789	0
156830	0
