157.494	0.000936564
168.171	0
179.572	0
191.747	0
204.746	0.00216126
218.627	0
233.449	0.000631844
249.275	0.00118346
266.175	0
284.22	0.00155692
303.489	0.000486025
324.064	0.000455166
346.034	0.000426268
369.494	0.000798407
394.544	0.000747716
421.292	0
449.853	0.00131157
480.351	0.000307074
512.917	0
547.69	0.00107728
584.821	0.00025222
624.469	0.00118103
666.804	0.000221209
712.011	0.000828657
760.281	0.000194011
811.825	0.000181693
866.863	0
925.632	0.000159354
988.385	0.00044771
1055.39	0.000279523
1126.94	0.000261776
1203.34	0.000245155
1284.93	0.00022959
1372.04	0.00032252
1465.05	0.000302043
1564.38	0.000282866
1670.44	8.83023e-05
1783.68	0.000248088
1904.61	0.000154891
2033.73	0.000145057
2171.61	6.79235e-05
2318.83	0
2476.04	5.95723e-05
2643.9	5.579e-05
2823.14	0
3014.54	4.89306e-05
3218.91	0
3437.14	8.58291e-05
3670.16	0
3918.98	3.76382e-05
4184.67	7.0497e-05
4468.37	0
4771.3	6.18294e-05
5094.77	0
5440.17	2.71137e-05
5808.99	2.53922e-05
6202.81	0
6623.33	0
7072.36	2.08563e-05
7551.83	0
8063.81	7.3168e-05
8610.49	1.71306e-05
9194.24	0
9817.57	0
10483.2	1.40705e-05
11193.9	0
11952.7	2.46811e-05
12763.1	0
13628.4	1.08233e-05
14552.3	1.01361e-05
15538.9	1.89851e-05
16592.3	0
17717.2	0
18918.4	0
20200.9	7.3018e-06
21570.5	6.83821e-06
23032.8	0
24594.3	0
26261.7	0
28042.1	0
29943.2	0
31973.3	4.61333e-06
34140.9	0
36455.5	0
38927	0
41566	0
44384	0
47393	0
50606	0
54036.9	0
57700.3	0
61612.1	0
65789.1	2.24206e-06
70249.3	0
75011.9	0
80097.3	0
85527.5	1.72463e-06
91325.9	0
97517.3	1.51258e-06
104129	0
