157.534	0.00109088
175.868	0.00048858
196.336	0.000875294
219.185	0.000784047
244.694	0.00105347
273.171	0.00157275
304.963	0.000845274
340.454	0.000757157
380.076	0.000678225
424.309	0.000607522
473.69	0.000725586
528.818	0.000487459
590.361	0.000291095
659.067	0.000130375
735.769	0.00035035
821.398	0.000313827
916.992	0.000281112
1023.71	0.000251806
1142.85	7.51854e-05
1275.85	0.000471433
1424.34	6.03267e-05
1590.1	5.40378e-05
1775.16	4.84045e-05
1981.75	0.000130075
2212.39	3.88385e-05
2469.86	0
2757.3	3.11629e-05
3078.2	8.37428e-05
3436.44	5.00086e-05
3836.37	2.23977e-05
4282.84	4.01255e-05
4781.28	1.79713e-05
5337.72	4.82934e-05
5958.93	4.3259e-05
6652.42	0
7426.63	2.31399e-05
8290.94	2.07276e-05
9255.84	9.28341e-06
10333	2.49469e-05
11535.6	7.44875e-06
12878.1	1.33445e-05
14376.8	0
16050	0
17917.9	4.79552e-06
20003.2	4.2956e-06
22331.1	3.8478e-06
24930	3.44667e-06
27831.4	0
31070.4	5.53103e-06
34686.3	2.47722e-06
38723.1	0
43229.7	0
48260.8	0
53877.3	0
60147.6	0
67147.5	1.27966e-06
74962.1	0
83686.2	0
93425.6	0
104298	0
116437	0
129987	0
145115	0
162004	0
180858	0
201906	0
225404	0
251636	0
280921	0
313615	0
350113	0
390859	0
436347	0
487129	0
543821	0
607111	0
677767	0
756645	0
844703	0
943009	0
1.05276e+06	0
1.17528e+06	0
1.31205e+06	0
1.46475e+06	0
1.63522e+06	0
1.82552e+06	0
2.03798e+06	0
2.27516e+06	0
2.53994e+06	0
2.83553e+06	0
3.16553e+06	0
3.53394e+06	0
3.94522e+06	0
4.40436e+06	0
4.91694e+06	0
5.48917e+06	0
6.12799e+06	0
6.84117e+06	0
7.63734e+06	1.12507e-08
8.52617e+06	0
