152.532	0.00253551
164.364	0.00156866
177.114	0.000727869
190.853	0.00135095
205.657	0.00188055
221.61	0.000581724
238.8	0.0010797
257.324	0.000500987
277.285	0.00139477
298.794	0.00172582
321.971	0.000400396
346.946	0.000743146
373.859	0.00068965
402.859	0.00160001
434.109	0
467.783	0.000275589
504.069	0.000255751
543.169	0.00047468
585.303	0.000220255
630.705	0.000408799
679.628	0
732.347	0.000880155
789.155	0.000326719
850.37	0.0001516
916.333	0.000281373
987.413	0.000261118
1064.01	0.000363482
1146.54	0.000224878
1235.48	0.000313034
1331.32	9.68335e-05
1434.59	8.98628e-05
1545.87	0.000166788
1665.78	0
1794.99	0.000143639
1934.23	0.000199949
2084.27	6.18518e-05
2245.95	0.000114799
2420.16	0
2607.9	4.94329e-05
2810.19	0.000137623
3028.18	0
3263.07	0
3516.19	0.000109991
3788.94	3.40243e-05
4082.85	3.1575e-05
4399.55	5.86041e-05
4740.83	5.43854e-05
5108.57	0
5504.84	2.34186e-05
5931.86	2.17328e-05
6391.99	0
6887.82	0
7422.1	3.47384e-05
7997.84	1.61188e-05
8618.23	2.9917e-05
9286.74	0
10007.1	0
10783.4	0
11619.8	0
12521.2	1.02958e-05
13492.5	0
14539.1	0
15666.9	0
16882.1	7.63623e-06
18191.7	0
19602.8	1.31528e-05
21123.4	0
22761.9	0
24527.6	0
26430.2	0
28480.4	0
30689.6	4.20064e-06
33070.2	0
35635.4	0
38399.7	3.35721e-06
41378.3	0
44588.1	0
48046.8	0
51773.7	0
55789.8	0
60117.5	2.1444e-06
64780.8	0
69805.8	0
75220.6	0
81055.5	1.59046e-06
87343	0
94118.2	0
101419	0
109286	0
117763	0
126898	0
136742	0
147349	0
158779	0
171095	0
184367	0
198668	0
214079	0
230685	5.58839e-07
248579	0
