155.239	0.000919034
166.12	0
177.763	0
190.223	0.00150002
203.556	0.000700885
217.824	0.00130995
233.092	0
249.429	0
266.913	0.000534518
285.621	0
305.641	0
327.064	0.000436213
349.988	0.000815282
374.52	0.00076188
400.77	0.000355988
428.861	0.000665341
458.921	0
491.088	0.000290517
525.509	0.000814465
562.343	0.000507411
601.759	0.000711263
643.937	0.000443116
689.072	0.000621138
737.371	0.000193484
789.055	0.000542432
844.361	0.000844837
903.544	0
966.875	0.000442672
1034.65	0.000275784
1107.17	0.00038658
1184.77	0
1267.81	0.000112532
1356.68	0.000210322
1451.77	0.000294819
1553.53	0.000183672
1662.42	0
1778.94	8.01993e-05
1903.63	7.49462e-05
2037.06	0.000280149
2179.84	0.000196349
2332.63	0.000183488
2496.12	0
2671.08	0.000106825
2858.3	4.9914e-05
3058.65	0.000186579
3273.04	0
3502.45	0
3747.94	0.000114198
4010.65	0
4291.76	9.9728e-05
4592.58	0
4914.48	2.90304e-05
5258.95	2.71289e-05
5627.56	0
6022	2.36914e-05
6444.1	6.64187e-05
6895.78	0
7379.12	1.93342e-05
7896.33	1.80678e-05
8449.8	1.68844e-05
9042.07	0
9675.85	0
10354	0
11079.8	0
11856.4	0
12687.4	2.24899e-05
13576.7	1.05084e-05
14528.3	0
15546.7	0
16636.3	0
17802.4	0
19050.2	7.48912e-06
20385.5	0
21814.4	6.54017e-06
23343.4	1.83353e-05
24979.6	0
26730.4	0
28604	0
30608.9	0
32754.4	0
35050.2	8.14087e-06
37506.9	0
40135.9	0
42949.1	0
45959.5	0
49180.9	0
52628	0
56316.9	0
60264.2	0
64488.3	0
69008.4	0
73845.3	0
79021.3	0
84560	0
90487	0
96829.4	0
103616	1.3769e-06
110879	0
118651	1.20243e-06
126967	0
