348.627	0.00143185
369.579	0.0018009
391.79	0.000849404
415.336	0
440.297	0.000755827
466.758	0.000356489
494.809	0
524.546	0.000317215
556.071	0
589.49	0.000282268
624.917	0
662.474	0.000251171
702.287	0.000710795
744.493	0.000446999
789.236	0.000632488
836.668	0.000596631
886.95	0.000562807
940.254	0.000176967
996.762	0.000166935
1056.67	0.000314942
1120.17	0.000148544
1187.49	0.000140122
1258.86	0
1334.51	0
1414.71	0.00035285
1499.73	0.000221898
1589.87	0
1685.41	9.87259e-05
1786.71	0.000279387
1894.08	0.000263548
2007.91	0.000165738
2128.59	0.000156342
2256.51	7.37395e-05
2392.12	0
2535.89	6.56157e-05
2688.29	0.000123792
2849.85	0.000116774
3021.12	0
3202.69	0.000103909
3395.16	9.80183e-05
3599.21	0
3815.51	0.00013083
4044.82	0.000123413
4287.9	7.76109e-05
4545.6	7.3211e-05
4818.78	6.90606e-05
5108.38	3.25727e-05
5415.39	3.07261e-05
5740.84	2.89842e-05
6085.86	5.46822e-05
6451.61	2.57911e-05
6839.34	2.4329e-05
7250.37	0
7686.11	2.16487e-05
8148.03	2.04214e-05
8637.71	0
9156.83	3.63432e-05
9707.14	0
10290.5	1.61696e-05
10909	1.5253e-05
11564.6	0
12259.6	0
12996.4	1.28031e-05
13777.4	1.20773e-05
14605.4	1.13926e-05
15483.2	1.07468e-05
16413.7	0
17400.1	0
18445.8	0
19554.4	8.50928e-06
20729.6	1.60538e-05
21975.4	0
23296.1	0
24696.2	0
26180.4	6.35568e-06
27753.7	0
29421.7	0
31189.9	5.33487e-06
33064.4	0
35051.5	4.74713e-06
37158	0
39391.1	0
41758.5	0
44268.1	0
46928.5	7.09138e-06
49748.9	0
52738.7	0
55908.2	0
59268.2	0
62830.1	0
66606.1	0
70609	0
74852.5	0
79351	0
84119.8	0
89175.3	0
94534.6	1.76014e-06
100216	0
106239	0
112624	0
