202.266	0.000390309
227.887	0
256.753	0
289.275	0
325.917	0.000484456
367.201	0
413.713	0.000572471
466.118	0.000846849
525.16	0.000150328
591.681	0.000266854
666.629	0.000355278
751.07	0.000315335
846.206	9.32943e-05
953.394	0.000248416
1074.16	7.34959e-05
1210.22	6.52329e-05
1363.52	0.000231596
1536.23	0.000102779
1730.82	0.000182448
1950.07	0
2197.08	0.000287459
2475.38	6.37852e-05
2788.93	2.8307e-05
3142.2	0.000100498
3540.22	6.68995e-05
3988.65	5.93782e-05
4493.89	1.75675e-05
5063.12	1.55924e-05
5704.46	2.76788e-05
6427.03	2.45669e-05
7241.14	1.09025e-05
8158.36	2.90302e-05
9191.77	8.5888e-06
10356.1	7.62318e-06
11667.9	5.4129e-05
13145.8	1.80163e-05
14811	5.33025e-06
16687.1	9.46197e-06
18800.8	4.19909e-06
21182.2	3.727e-06
23865.4	3.30798e-06
26888.4	0
30294.3	0
34131.6	4.62599e-06
38455	4.1059e-06
43326	0
48814.1	0
54997.3	2.87092e-06
61963.7	1.27407e-06
69812.5	0
78655.6	0
88618.8	0
99844	7.90696e-07
112491	0
126740	0
142794	0
160882	0
181260	0
204220	0
230088	3.43113e-07
259233	0
292070	0
329066	0
370748	0
417711	0
470621	1.67749e-07
530234	0
597398	0
673070	1.17293e-07
758326	0
854382	0
962606	0
1.08454e+06	0
1.22191e+06	0
1.37669e+06	5.73449e-08
1.55108e+06	0
1.74755e+06	0
1.96891e+06	0
2.21831e+06	3.55885e-08
2.49929e+06	0
2.81588e+06	0
3.17256e+06	0
3.57442e+06	0
4.02719e+06	0
4.53731e+06	0
5.11204e+06	0
5.75957e+06	0
6.48913e+06	0
7.3111e+06	0
8.23719e+06	0
9.28058e+06	0
1.04561e+07	0
1.17806e+07	0
1.32728e+07	0
1.49541e+07	0
1.68483e+07	0
1.89824e+07	0
2.13869e+07	0
2.4096e+07	0
2.71481e+07	0
