156.224	0.00163303
168.471	0
181.679	0.00140423
195.921	0.00130215
211.28	0
227.844	0
245.705	0.00103831
264.967	0
285.74	0.00223209
308.14	0.0012419
332.297	0.000383872
358.347	0.000711933
386.439	0.000990267
416.734	0.000612186
449.404	0.00141921
484.635	0.000526414
522.628	0.000732219
563.599	0.00158431
607.783	0.00062963
655.43	0.000778478
706.812	0
762.222	0.000334704
821.977	0.000155186
886.415	0.000431714
955.906	0.000133444
1030.84	0.000123743
1111.66	0.000344241
1198.8	0.000212811
1292.78	0.000296011
1394.13	0
1503.43	8.48459e-05
1621.29	0.000157356
1748.39	0
1885.45	0
2033.26	0
2192.66	0.000232703
2364.55	0.000215786
2549.92	0.00010005
2749.82	4.63883e-05
2965.39	8.60321e-05
3197.86	0
3448.56	0
3718.91	3.43002e-05
4010.45	0
4324.85	2.94945e-05
4663.89	2.73504e-05
5029.52	0
5423.81	0
5849.01	4.36175e-05
6307.54	0
6802.02	3.75064e-05
7335.26	0
7910.31	0
8530.43	0
9199.18	2.77328e-05
9920.34	0
10698	0
11536.7	1.10568e-05
12441.1	0
13416.5	0
14468.2	3.52661e-05
15602.5	0
16825.6	0
18144.7	7.03013e-06
19567.1	0
21101.1	0
22755.3	0
24539.2	0
26462.9	0
28537.5	0
30774.7	0
33187.3	0
35789	0
38594.6	9.91532e-06
41620.3	0
44883.1	0
48401.7	0
52196.1	0
56288	2.26619e-06
60700.7	0
65459.3	0
70591	0
76125	0
82092.8	0
88528.4	0
95468.6	0
102953	0
111024	0
119728	0
129114	0
139235	0
150151	0
161922	0
174616	0
188305	0
203067	0
218986	0
236153	0
254667	5.00888e-07
274631	0
