81.4029	0.00165385
87.4494	0
93.9451	0.00143305
100.923	0
108.42	0
116.473	0
125.124	0.00107595
134.419	0
144.403	0.000932307
155.129	0
166.652	0.00161568
179.031	0.000751982
192.329	0.000699988
206.615	0.00130318
221.962	0.00303268
238.449	0.0011292
256.161	0.00052556
275.188	0.00146766
295.629	0.000455395
317.587	0.000847816
341.178	0.00118379
366.52	0.000367314
393.744	0.00136767
422.991	0.000636551
454.411	0.000592538
488.164	0.000551568
524.424	0.00102686
563.378	0.000477931
605.225	0.000667328
650.18	0.00103531
698.475	0.000578237
750.356	0
806.092	0.000501039
865.968	0.000466396
930.291	0
999.392	0
1073.63	0.000250791
1153.37	0.000233451
1239.04	0.000217309
1331.08	0.000303426
1429.95	9.41486e-05
1536.16	8.76389e-05
1650.27	0.000163159
1772.85	0.000227816
1904.53	0.000141376
2046	6.58005e-05
2197.98	6.12508e-05
2361.24	5.70158e-05
2536.63	0.000212294
2725.05	0
2927.46	0
3144.91	4.28082e-05
3378.51	3.98483e-05
3629.46	3.70931e-05
3899.05	0
4188.67	3.2141e-05
4499.8	0
4834.04	0
5193.11	0
5578.84	2.41319e-05
5993.23	0
6438.41	0
6916.64	1.94643e-05
7430.4	1.81185e-05
7982.32	0
8575.24	0
9212.2	0
9896.47	0
10631.6	0
11421.3	0
12269.6	0
13181	0
14160.1	0
15211.9	0
16341.8	0
17555.6	0
18859.6	0
20260.5	6.64484e-06
21765.5	1.85562e-05
23382.2	5.75772e-06
25119	0
26984.8	0
28989.2	0
31142.4	0
33455.7	0
35940.7	0
38610.4	0
41478.3	0
44559.3	3.02132e-06
47869.1	0
51424.7	0
55244.5	0
59348	0
63756.3	0
68492	0
73579.5	0
79044.9	0
84916.3	0
91223.8	1.4758e-06
97999.8	0
