95.2202	0.00406446
102.601	0.00125735
110.554	0
119.124	0
128.358	0
138.308	0
149.029	0.000865645
160.581	0
173.029	0.00223673
186.441	0.000691941
200.893	0.000642163
216.465	0.00119193
233.245	0
251.325	0.000513304
270.807	0.000476377
291.799	0.00132632
314.418	0.000820604
338.79	0.000380785
365.051	0.00106018
393.349	0.00131188
423.839	0.000304375
456.693	0.000282479
492.094	0.000262157
530.239	0.000486596
571.341	0.00135477
615.629	0.000628655
663.35	0.000388953
714.77	0
770.176	0.00083751
829.877	0.000310904
894.205	0.000432807
963.52	0.000267781
1038.21	0.000124258
1118.69	0.000345958
1205.4	0.000214047
1298.84	0
1399.52	9.21789e-05
1508	0.000171095
1624.9	0.00023818
1750.85	0.000221046
1886.57	0.000136762
2032.81	0.000126924
2190.39	0.000117793
2360.18	5.46595e-05
2543.13	0.000101455
2740.26	0
2952.67	8.73826e-05
3181.55	4.05482e-05
3428.17	0
3693.91	0.00017462
3980.24	3.24116e-05
4288.77	0
4621.22	2.7916e-05
4979.44	5.18155e-05
5365.42	2.4044e-05
5781.33	2.23143e-05
6229.47	0
6712.35	0
7232.67	0
7793.31	1.65534e-05
8397.42	0
9048.35	2.85148e-05
9749.74	0
10505.5	0
11319.8	0
12197.3	0
13142.8	0
14161.6	0
15259.3	0
16442.1	0
17716.7	0
19090	0
20569.7	0
22164.2	0
23882.3	0
25733.6	0
27728.3	0
29877.7	0
32193.7	0
34689.2	0
37378.2	0
40275.6	0
43397.5	0
46761.5	0
50386.3	2.56034e-06
54292	0
58500.5	0
63035.2	2.04657e-06
67921.4	0
73186.4	0
78859.5	0
84972.4	1.51821e-06
91559	0
98656.3	0
106304	0
114544	0
123423	0
132990	0
143299	9.00259e-07
154407	0
