181.095	0.000548423
199.329	0.000498255
219.399	0.000452676
241.49	0.000411266
265.805	0
292.568	0.000678929
322.026	0.000616823
354.451	0.000280199
390.14	0.0015274
429.422	0.000693839
472.66	0.000210123
520.251	0.000763605
572.634	0.000520314
630.291	0.00063029
693.754	0.000429474
763.607	0.000130062
840.493	0.000472658
925.121	0.000322066
1018.27	9.75346e-05
1120.8	0.000265837
1233.65	8.05064e-05
1357.86	0.000219426
1494.58	0.000132902
1645.07	0.000120745
1810.71	0.000164549
1993.03	9.96641e-05
2193.7	4.52736e-05
2414.58	0.00020566
2657.7	0
2925.3	3.39509e-05
3219.84	0.000185071
3544.04	5.60471e-05
3900.88	5.09201e-05
4293.65	2.3131e-05
4725.97	4.20301e-05
5201.82	1.90926e-05
5725.59	0
6302.08	1.57593e-05
6936.63	2.86354e-05
7635.07	0
8403.83	0
9249.99	1.07369e-05
10181.4	9.75475e-06
11206.5	0
12334.9	0
13576.8	2.19454e-05
14943.9	6.64598e-06
16448.5	6.03802e-06
18104.7	0
19927.6	0
21934.1	4.52795e-06
24142.6	0
26573.5	3.73743e-06
29249.1	3.39554e-06
32194.2	0
35435.7	5.60545e-06
39003.7	0
42930.9	0
47253.5	2.10178e-06
52011.4	1.90952e-06
57248.3	0
63012.5	0
69357.2	0
76340.6	0
84027.2	0
92487.7	0
101800	0
112050	0
123332	8.05276e-07
135750	0
149419	0
164464	0
181023	0
199250	0
219312	4.52855e-07
241394	0
265700	0
292453	0
321899	0
354311	0
389985	0
429252	0
472473	0
520045	0
572408	0
630043	0
693480	0
763306	1.30114e-07
840161	0
924756	0
1.01787e+06	0
1.12035e+06	0
1.23316e+06	0
1.35733e+06	0
1.49399e+06	0
1.64442e+06	0
1.80999e+06	0
1.99224e+06	0
2.19283e+06	4.52914e-08
2.41363e+06	0
