73.6554	0.00165851
79.685	0.00153301
86.2081	0.00283403
93.2651	0.00261959
100.9	0
109.16	0.00111908
118.096	0.0020688
127.763	0.00286839
138.222	0.00176756
149.537	0.00326763
161.778	0.000755095
175.022	0.00279184
189.349	0.00129029
204.849	0.00238532
221.619	0.00275604
239.761	0.0025475
259.388	0.00141284
280.621	0
303.593	0.00120712
328.446	0.00223156
355.333	0.00171892
384.421	0.000635543
415.89	0.00117491
449.935	0.000271501
486.768	0.000250958
526.615	0
569.724	0.000428832
616.363	0.000198192
666.819	0.000183195
721.405	0.000338667
780.46	0.000313041
844.35	0.000289354
913.469	0
988.247	0.000123611
1069.15	0.000114258
1156.67	0.000211224
1251.35	0.000292862
1353.79	0.000270702
1464.61	8.34063e-05
1584.51	7.70952e-05
1714.22	7.12616e-05
1854.55	0
2006.36	6.08853e-05
2170.61	5.62783e-05
2348.29	5.20199e-05
2540.53	0
2748.5	4.44454e-05
2973.49	0
3216.91	3.79738e-05
3480.25	0
3765.14	0
4073.36	0
4406.81	0
4767.56	0
5157.84	2.3684e-05
5580.07	2.18919e-05
6036.86	0
6531.04	0
7065.68	0
7644.08	0
8269.84	0
8946.82	0
9679.21	1.26207e-05
10471.6	0
11328.8	2.1566e-05
12256.2	0
13259.5	0
14344.9	0
15519.2	0
16789.6	0
18164	0
19651	0
21259.6	0
23000	0
24882.8	0
26919.7	0
29123.4	0
31507.4	0
34086.7	0
36877	0
39895.8	0
43161.8	2.83024e-06
46695	0
50517.6	0
54653	0
59126.9	0
63967.1	1.9097e-06
69203.6	0
74868.6	0
80997.5	0
87628	0
94801.4	0
102562	0
110958	0
120041	0
129868	0
140499	0
152000	0
164443	0
177904	0
