79.0514	0.00259414
86.761	0.00118181
95.2226	0
104.509	0.000981108
114.702	0.00268178
125.889	0.00081449
138.166	0.00148423
151.641	0.0020285
166.431	0.00246433
182.662	0.00168401
200.477	0
220.029	0.00139802
241.488	0.00127379
265.039	0.0023212
290.888	0.00105747
319.258	0.000321167
350.394	0.000585256
384.567	0.000266625
422.073	0.000485864
463.237	0.000442689
508.415	0.00141173
558	0.000551264
612.42	0.000334852
672.148	0.000305097
737.701	0.000138993
809.647	0.000253283
888.61	0.000230776
975.274	0.000315404
1070.39	0.000191584
1174.78	0.00017456
1289.36	7.95241e-05
1415.11	7.24575e-05
1553.12	0.000132038
1704.59	6.01524e-05
1870.83	0.000109614
2053.29	0
2253.54	0
2473.33	0
2714.54	3.77725e-05
2979.29	6.88319e-05
3269.85	3.13577e-05
3588.75	0
3938.75	0
4322.89	9.48764e-05
4744.49	4.32228e-05
5207.21	0
5715.06	1.79412e-05
6272.44	0
6884.17	0
7555.57	0
8292.44	0
9101.19	1.12661e-05
9988.8	0
10963	0
12032.2	0
13205.7	0
14493.6	7.07452e-06
15907.1	2.57835e-05
17458.5	0
19161.2	0
21029.9	0
23080.9	8.88484e-06
25331.9	0
27802.5	0
30514	3.36026e-06
33490	0
36756.2	0
40340.9	0
44275.2	0
48593.3	0
53332.5	0
58533.9	0
64242.6	0
70508	1.45423e-06
77384.5	1.32501e-06
84931.6	0
93214.8	0
102306	0
112283	0
123234	0
135253	0
148444	6.90733e-07
162921	0
178810	0
196249	0
215389	0
236396	0
259451	0
284754	0
312526	0
343006	0
376458	0
413173	0
453469	0
497695	0
546234	0
599507	0
657975	0
722146	0
792575	0
