86.9315	0.00234163
95.4726	0
104.853	0.000970699
115.155	0.00176772
126.469	0.00241436
138.894	0.00219837
152.541	0.00266894
167.528	0.00182263
183.988	0.00165958
202.065	0.00100741
221.918	0.00183456
243.721	0.00125283
267.667	0.000760501
293.965	0.0020774
322.848	0.00126103
354.568	0.000861165
389.404	0.000784125
427.663	0.000713976
469.682	0.000650103
515.828	0.00157852
566.509	0.000179663
622.169	0.00049077
683.297	0.000148955
750.431	0.000271259
824.162	0.000246992
905.136	0
994.066	0.000204776
1091.73	0.000186457
1199	0
1316.8	0
1446.18	0.000140758
1588.26	0.000128166
1744.31	0.00017505
1915.69	0.00010626
2103.91	0
2310.62	8.8098e-05
2537.64	4.01083e-05
2786.97	3.65202e-05
3060.79	0
3361.51	0
3691.78	0
4054.5	0
4452.86	0
4890.36	2.08125e-05
5370.84	1.89506e-05
5898.52	0
6478.06	1.57116e-05
7114.53	0
7813.54	0
8581.22	1.18608e-05
9424.34	1.07998e-05
10350.3	0
11367.2	8.95387e-06
12484	0
13710.6	0
15057.7	0
16537.1	0
18161.9	0
19946.3	0
21906	0
24058.3	8.46114e-06
26422.1	3.8521e-06
29018.1	0
31869.1	0
35000.3	0
38439.1	0
42215.7	0
46363.5	0
50918.7	0
55921.5	0
61415.8	0
67450	0
74077	0
81355.1	1.25106e-06
89348.3	0
98126.8	0
107768	0
118356	0
129985	0
142756	0
156782	0
172185	0
189103	0
207682	0
228087	0
250497	0
275108	3.69965e-07
302138	0
331823	0
364425	0
400230	0
439553	0
482739	0
530169	0
582258	0
639465	0
702293	0
771294	0
847074	1.20155e-07
930300	0
