106.116	0.00140804
113.218	0.00131972
120.795	0
128.88	0.00115934
137.505	0.00108662
146.708	0.00101845
156.527	0.00190913
167.003	0
178.18	0.000838564
190.105	0
202.829	0.00294663
216.403	0
230.887	0.00323569
246.339	0.00181963
262.826	0
280.417	0
299.184	0.00049941
319.208	0
340.572	0.00175488
363.365	0.000411199
387.684	0.000385405
413.631	0
441.314	0.000338569
470.85	0.000634662
502.363	0.000892275
535.985	0
571.857	0.000522562
610.13	0.000734673
650.965	0.000688588
694.532	0.000215131
741.016	0.000806544
790.61	0.000377975
843.523	0
899.978	0.000166021
960.212	0
1024.48	0.000145846
1093.04	0.000136697
1166.2	0.000384366
1244.25	0.000360255
1327.52	0.000112552
1416.37	0.000105492
1511.16	0
1612.3	0.000278016
1720.21	8.68589e-05
1835.34	0
1958.17	7.63035e-05
2089.23	0.000357585
2229.05	6.70308e-05
2378.24	0
2537.41	0
2707.23	5.51912e-05
2888.42	0.000155187
3081.73	4.84842e-05
3287.99	0
3508.04	4.25922e-05
3742.83	0
3993.33	0
4260.59	0
4545.74	0
4849.98	3.08075e-05
5174.57	8.66248e-05
5520.89	2.70636e-05
5890.39	0
6284.62	0
6705.24	2.22834e-05
7154	2.08856e-05
7632.8	0
8143.65	3.6695e-05
8688.68	0
9270.19	0
9890.62	1.51068e-05
10552.6	1.41591e-05
11258.8	0
12012.4	1.24385e-05
12816.3	0
13674.1	1.09269e-05
14589.3	0
15565.7	0
16607.4	8.99689e-06
17718.9	0
18904.8	7.90356e-06
20170.1	0
21520	0
22960.3	0
24497	0
26136.5	0
27885.7	0
29752.1	0
31743.3	4.70699e-06
33867.8	0
36134.5	4.13498e-06
38552.9	3.8756e-06
41133.1	0
43886	0
46823.2	3.19105e-06
49957	5.98176e-06
53300.5	2.80327e-06
56867.8	0
60673.8	2.4626e-06
64734.5	0
