68.6184	0.00152308
75.1841	0
82.3779	0.00126868
90.2601	0.00347368
98.8965	0.00211356
108.359	0.000964492
118.727	0.00176053
130.088	0.000803394
142.535	0.00366618
156.173	0.000669204
171.116	0.00122153
187.489	0.00111486
205.429	0.00152625
225.085	0.000928643
246.621	0.000423773
270.219	0.000773533
296.074	0.000705982
324.404	0.000966496
355.444	0.000588063
389.454	0.000536709
426.718	0.0012246
467.547	0.000447063
512.284	0.000612033
561.301	0
615.008	0.000849677
673.854	0.000465286
738.33	0.000283103
808.976	0.00025838
886.381	0.000235816
971.193	0
1064.12	9.82141e-05
1165.94	0.000448187
1277.5	0
1399.73	7.46653e-05
1533.66	0
1680.41	0.000124388
1841.2	0.000113526
2017.37	0.000103612
2210.4	9.45636e-05
2421.9	0
2653.63	0
2907.54	3.5945e-05
3185.74	3.28061e-05
3490.56	2.99412e-05
3824.55	2.73265e-05
4190.5	0
4591.46	6.82866e-05
5030.78	4.15489e-05
5512.14	0
6039.56	1.73045e-05
6617.44	1.57933e-05
7250.62	1.44142e-05
7944.39	1.31554e-05
8704.53	1.20066e-05
9537.41	1.09581e-05
10450	0
11449.9	9.12776e-06
12545.4	0
13745.8	0
15061	6.9392e-06
16502.1	0
18081.1	0
19811.2	0
21706.8	0
23783.7	0
26059.4	0
28552.9	0
31284.9	0
34278.4	0
37558.2	0
41151.9	0
45089.5	0
49403.8	0
54130.9	0
59310.3	1.76212e-06
64985.3	0
71203.3	0
78016.2	0
85481.1	1.22263e-06
93660.2	1.11586e-06
102622	0
112441	9.29479e-07
123200	0
134988	0
147904	0
162056	0
177562	0
194552	0
213167	0
233563	0
255912	4.08389e-07
280398	0
307227	0
336624	0
368833	0
404124	0
442792	0
485160	0
531582	1.96605e-07
582445	0
