88.1366	0.00295637
94.9017	0
102.186	0.00254991
110.029	0.00118407
118.475	0.00549831
127.569	0.00204255
137.36	0.000948472
147.904	0.000880861
159.256	0.000818069
171.48	0.000759753
184.642	0.00141119
198.815	0
214.075	0.00121717
230.507	0.0016956
248.199	0.00052491
267.25	0.00194997
287.763	0.000452741
309.851	0.00168187
333.634	0.000390495
359.243	0.00108798
386.817	0.00101042
416.507	0.000625595
448.477	0.0002905
482.9	0.000269791
519.966	0.000501119
559.877	0.000232698
602.851	0.000864442
649.123	0.00040141
698.948	0.000559194
752.596	0.000519332
810.363	0.000321541
872.563	0
939.538	0.000693332
1011.65	0.000128782
1089.3	0.000239203
1172.92	0
1262.94	0.000103158
1359.88	0
1464.26	0.000177949
1576.65	8.26322e-05
1697.67	0.000230225
1827.98	7.12713e-05
1968.29	6.61907e-05
2119.37	0
2282.04	5.70903e-05
2457.2	5.30206e-05
2645.81	0
2848.89	9.14618e-05
3067.56	8.4942e-05
3303.02	0
3556.54	0
3829.53	0
4123.47	0
4439.98	0
4780.77	0
5147.73	0
5542.85	7.05138e-05
5968.3	2.18291e-05
6426.4	6.0819e-05
6919.67	0
7450.8	0
8022.69	1.62392e-05
8638.48	1.50816e-05
9301.54	0
10015.5	0
10784.2	0
11612	0
12503.3	0
13463	0
14496.4	8.98724e-06
15609.1	0
16807.2	0
18097.2	0
19486.3	0
20982	0
22592.5	5.76662e-06
24326.6	0
26193.8	0
28204.4	0
30369.2	0
32700.3	0
35210.2	0
37912.8	3.43637e-06
40822.9	0
43956.3	2.96391e-06
47330.2	0
50963.1	0
54874.9	2.37417e-06
59086.9	0
63622.1	0
68505.5	0
73763.8	0
79425.6	0
85522	0
92086.4	0
99154.6	0
106765	1.22027e-06
114960	0
123784	0
133285	0
