174.762	0.00176282
186.107	0
198.189	0.000777219
211.056	0
224.758	0.000685346
239.349	0.00128713
254.887	0.00241733
271.434	0.00113498
289.056	0.00159869
307.821	0.000500409
327.805	0.000939807
349.086	0.000441257
371.748	0.00165743
395.882	0.00155639
421.583	0.000730754
448.952	0
478.097	0
509.135	0.000907637
542.188	0
577.387	0.000533565
614.871	0.00100208
654.788	0.000470493
697.296	0.00110453
742.564	0.000414877
790.772	0.000389586
842.108	0
896.777	0
954.996	0.000322591
1016.99	0.000302925
1083.02	0.000142229
1153.33	0
1228.2	0.000125417
1307.93	0.000117771
1392.84	0
1483.27	0
1579.56	0.000292556
1682.1	0
1791.31	0.000257974
1907.6	0.000161498
2031.44	7.58264e-05
2163.32	7.12039e-05
2303.76	0
2453.32	0
2612.59	0.000353756
2782.2	5.53651e-05
2962.82	0.00010398
3155.16	9.76411e-05
3359.99	4.58443e-05
3578.12	0
3810.41	4.04252e-05
4057.78	3.79608e-05
4321.21	0
4601.74	3.34735e-05
4900.49	0
5218.63	5.90334e-05
5557.42	2.77173e-05
5918.2	0
6302.41	2.44409e-05
6711.56	0
7147.27	2.15518e-05
7611.27	0
8105.39	1.90042e-05
8631.59	0
9191.95	3.35155e-05
9788.69	0
10424.2	0
11100.9	0
11821.6	0
12589	1.22358e-05
13406.3	1.14899e-05
14276.6	1.07894e-05
15203.5	0
16190.5	9.51404e-06
17241.5	8.93404e-06
18360.9	0
19552.8	7.87797e-06
20822.2	0
22174	0
23613.5	0
25146.5	0
26779	0
28517.4	5.40149e-06
30368.8	0
32340.3	0
34439.8	0
36675.7	4.19997e-06
39056.6	0
41592.2	0
44292.3	0
47167.8	0
50229.9	0
53490.8	2.87968e-06
56963.4	0
60661.4	2.53928e-06
64599.6	0
68793.3	0
73259.4	0
78015.3	0
83080.1	0
88473.6	0
