78.5788	0.0022578
87.437	0.00304359
97.2938	0.000911749
108.262	0.00245814
120.466	0.00147274
134.046	0
149.157	0.00118945
165.972	0.000534474
184.682	0.00144098
205.501	0.00086333
228.667	0.000387933
254.445	0.00209179
283.128	0.000626624
315.045	0.000563141
350.56	0.00101218
390.079	0.000227409
434.053	0.000408741
482.983	0.000550997
537.43	0
598.015	0.00044501
665.429	0.000266618
740.443	0.000119803
823.913	0.000430665
916.792	0.000290276
1020.14	0
1135.14	7.81465e-05
1263.11	0.000140459
1405.5	0.000126229
1563.94	0.000113441
1740.24	0.000152923
1936.42	0.00013743
2154.71	4.11691e-05
2397.61	7.39965e-05
2667.9	0
2968.65	2.98814e-05
3303.31	0
3675.69	0
4090.05	0
4551.12	1.94914e-05
5064.17	1.75167e-05
5635.05	3.14842e-05
6270.29	0
6977.14	2.5428e-05
7763.67	2.28519e-05
8638.87	1.02684e-05
9612.73	1.84563e-05
10696.4	2.48797e-05
11902.2	0
13243.9	0
14736.9	0
16398.2	1.08192e-05
18246.8	9.7231e-06
20303.7	1.31071e-05
22592.6	7.85281e-06
25139.4	3.52862e-06
27973.4	0
31126.8	0
34635.7	5.12231e-06
38540.2	2.30169e-06
42884.9	2.0685e-06
47719.3	1.85894e-06
53098.7	0
59084.5	0
65745.1	0
73156.6	0
81403.5	0
90580.1	0
100791	0
112153	0
124796	0
138865	0
154519	0
171938	0
191320	0
212888	0
236887	0
263591	0
293306	0
326370	0
363162	0
404101	0
449656	0
500345	0
556749	0
619512	0
689349	0
767059	0
853530	0
949749	0
1.05681e+06	0
1.17595e+06	0
1.30851e+06	0
1.45602e+06	0
1.62016e+06	0
1.8028e+06	0
2.00603e+06	0
2.23217e+06	0
2.4838e+06	0
2.7638e+06	0
3.07536e+06	0
