113.639	0.00112903
122.497	0.0010474
132.044	0
142.336	0.000901409
153.429	0.00167246
165.388	0.00155154
178.278	0
192.173	0.00066764
207.151	0.00123873
223.297	0.000574583
240.701	0.00159911
259.461	0.000988992
279.684	0.000917483
301.483	0.00127672
324.981	0.000789602
350.31	0.00109876
377.613	0.00135909
407.045	0.000315205
438.77	0.00116966
472.968	0.00108508
509.831	0.000503314
549.568	0.000933843
592.402	0.000433161
638.574	0.000803682
688.345	0
741.995	0.000345831
799.827	0.000320826
862.166	0.000148814
929.364	0
1001.8	0.000384217
1079.88	0.000237624
1164.05	0.000330664
1254.77	0.000102252
1352.57	0.000284575
1457.99	8.79996e-05
1571.63	0
1694.12	0.000151468
1826.16	0
1968.5	0
2121.92	0.000120931
2287.31	0.00016828
2465.58	0
2657.75	0
2864.9	8.95688e-05
3088.19	0
3328.88	3.85422e-05
3588.34	0.000107266
3868.02	0
4169.49	0
4494.47	0
4844.77	0
5222.37	2.45679e-05
5629.41	6.83745e-05
6068.17	2.11435e-05
6541.13	1.96148e-05
7050.95	1.81965e-05
7600.5	1.68808e-05
8192.89	0
8831.45	0
9519.78	2.69549e-05
10261.8	0
11061.6	1.1599e-05
11923.7	0
12853.1	9.98226e-06
13854.8	0
14934.7	8.59091e-06
16098.7	0
17353.5	0
18706	0
20164	0
21735.6	0
23429.6	5.47608e-06
25255.8	5.08013e-06
27224.2	4.71281e-06
29346.1	0
31633.3	0
34098.9	3.76266e-06
36756.6	0
39621.4	0
42709.5	0
46038.3	0
49626.6	0
53494.5	0
57663.9	0
62158.3	0
67003	0
72225.2	0
77854.5	0
83922.5	0
90463.5	0
97514.3	0
105115	0
113307	0
122139	0
131658	0
141920	0
152981	0
164905	0
177757	7.21785e-07
191612	0
