112.235	0.00108984
121.411	0.00100748
131.337	0
142.074	0
153.689	0
166.254	0.000735734
179.846	0.00136026
194.549	0
210.454	0.00116243
227.659	0.000537288
246.271	0.000496683
266.405	0
288.184	0.000424446
311.744	0.000784736
337.231	0.000362715
364.801	0
394.624	0.000929886
426.886	0.000573073
461.786	0.000529763
499.539	0.000734589
540.378	0.00135815
584.556	0.000627752
632.345	0
684.042	0.000178817
739.965	0.000661213
800.46	0.000305621
865.9	0.000141262
936.691	0
1013.27	0.000120717
1096.11	0
1185.72	0.00030948
1282.66	0
1387.52	0
1500.95	0.000162988
1623.66	7.53351e-05
1756.4	6.96416e-05
1899.99	6.43785e-05
2055.32	0.000119026
2223.35	5.50153e-05
2405.12	0.000101715
2601.75	0
2814.45	8.69218e-05
3044.54	8.03527e-05
3293.45	0
3562.7	3.43331e-05
3853.96	3.17384e-05
4169.04	0
4509.87	8.13672e-05
4878.57	5.01453e-05
5277.41	0
5708.86	4.28522e-05
6175.58	5.94204e-05
6680.46	0
7226.61	0
7817.41	0
8456.51	1.44644e-05
9147.87	1.33713e-05
9895.74	2.47215e-05
10704.8	1.14266e-05
11579.9	1.0563e-05
12526.6	9.7647e-06
13550.7	0
14658.5	8.34454e-06
15856.9	1.54278e-05
17153.3	7.13092e-06
18555.6	0
20072.6	6.09381e-06
21713.6	5.63327e-06
23488.8	0
25409.1	1.44419e-05
27486.4	8.90031e-06
29733.5	4.11383e-06
32164.3	0
34793.9	0
37638.4	0
40715.5	3.00423e-06
44044.1	2.77718e-06
47644.9	2.5673e-06
51540	0
55753.6	0
60311.7	2.02811e-06
65242.4	3.74967e-06
70576.2	1.73314e-06
76346	0
82587.6	1.48108e-06
89339.5	0
96643.3	1.26567e-06
104544	0
113091	0
122337	0
132338	0
143157	0
154861	0
167521	0
181217	0
196032	0
212058	0
229395	0
248149	4.92924e-07
268436	0
