111.599	0.000968556
121.924	0
133.204	0.00162293
145.527	0.000742749
158.991	0.0013597
173.7	0.00186684
189.77	0.00113917
207.326	0.000521353
226.507	0.000477204
247.463	0.000873588
270.357	0.00159922
295.369	0.00036595
322.695	0
352.549	0.000613192
385.165	0.000841899
420.799	0.000256869
459.73	0.00070535
502.262	0.000430414
548.729	0.000393966
599.494	0.000721209
654.957	0.000165034
715.55	0.000453176
781.75	0.000967868
854.074	0.00075935
933.089	0.000347524
1019.41	0.000318095
1113.73	0.000388211
1216.76	8.88343e-05
1329.33	8.13117e-05
1452.31	7.44261e-05
1586.68	6.81236e-05
1733.47	0.000249419
1893.84	0
2069.05	0.000156724
2260.47	4.78176e-05
2469.6	8.75367e-05
2698.07	0
2947.69	0
3220.39	3.35643e-05
3518.33	6.1444e-05
3843.83	2.81204e-05
4199.44	2.57392e-05
4587.95	2.35596e-05
5012.41	2.15645e-05
5476.13	0
5982.76	1.80669e-05
6536.26	1.6537e-05
7140.96	1.51366e-05
7801.61	0
8523.38	0
9311.92	1.16077e-05
10173.4	0
11114.6	0
12142.9	0
13266.3	0
14493.6	7.45777e-06
15834.5	6.82624e-06
17299.5	6.24818e-06
18899.9	0
20648.5	5.23478e-06
22558.8	4.79149e-06
24645.8	4.38575e-06
26925.9	0
29417	3.67442e-06
32138.5	0
35111.8	0
38360.2	0
41909.1	0
45786.3	0
50022.2	0
54650.1	1.97786e-06
59706	0
65229.8	1.65707e-06
71264.5	0
77857.6	0
85060.6	0
92930	0
101527	0
110920	0
121182	0
132393	0
144642	0
158023	0
172643	6.26091e-07
188615	0
206065	0
225129	0
245957	0
268712	0
293572	0
320732	0
350404	0
382822	0
418239	0
456933	0
499206	0
545390	0
595847	0
650972	1.66044e-07
711197	0
