115.272	0.00122544
123.433	0
132.171	0.00106877
141.527	0
151.546	0
162.274	0
173.762	0.000812951
186.063	0
199.234	0.00141803
213.338	0.00132428
228.441	0.00123673
244.613	0.00173245
261.929	0.000539305
280.472	0.000503651
300.327	0.00141106
321.587	0.000878516
344.353	0.00123065
368.73	0.00114929
394.833	0.000715541
422.784	0.00100235
452.714	0.000312029
484.762	0.0002914
519.079	0
555.825	0.000254144
595.173	0.000712027
637.306	0.00132991
682.422	0
730.732	0.000193313
782.462	0.000541597
837.853	0.000168597
897.166	0
960.678	0.000294083
1028.69	0.000137321
1101.51	0.000128242
1179.49	0.000239528
1262.98	0.000111846
1352.39	0
1448.13	0.000292639
1550.65	9.10974e-05
1660.42	8.50748e-05
1777.96	0.000158901
1903.83	0.000222593
2038.6	0.000207877
2182.92	0.000129423
2337.45	6.04333e-05
2502.92	5.6438e-05
2680.11	5.27068e-05
2869.84	4.92223e-05
3073	0
3290.54	0
3523.48	4.0091e-05
3772.91	3.74405e-05
4040	3.49653e-05
4326	0
4632.25	3.04949e-05
4960.17	2.84788e-05
5311.31	0
5687.3	2.48377e-05
6089.92	0
6521.03	0
6982.67	2.02301e-05
7476.98	0
8006.29	1.76436e-05
8573.06	0
9179.97	4.61635e-05
9829.83	1.43705e-05
10525.7	2.68409e-05
11270.8	0
12068.7	0
12923.1	0
13837.9	2.04163e-05
14817.5	9.53329e-06
15866.5	0
16989.7	0
18192.4	0
19480.3	0
20859.3	6.77202e-06
22336	6.32431e-06
23917.2	0
25610.3	0
27423.3	0
29364.7	0
31443.4	0
33669.4	0
36052.9	7.83626e-06
38605.1	3.65909e-06
41338	0
44264.4	0
47398	0
50753.3	2.78326e-06
54346.2	0
58193.5	0
62313.1	2.26693e-06
66724.4	0
71447.9	0
76505.8	1.84639e-06
81921.7	0
87721.1	0
93931	3.00773e-06
100581	0
