100.446	0.00295138
113.999	0
129.381	0.0017185
146.838	0.00151419
166.651	0.00088945
189.136	0.000783707
214.656	0.00241687
243.619	0.000912658
276.49	0.000268052
313.796	0.000236184
356.136	0.000624315
404.189	0
458.725	0.000161564
520.62	0.00042707
590.866	0.000501729
670.591	0.00022104
761.072	0.000292142
863.762	8.58034e-05
980.307	0.000226808
1112.58	6.66144e-05
1262.7	0.00011739
1433.07	0.000206867
1626.43	9.11367e-05
1845.88	8.03018e-05
2094.94	0.000106132
2377.61	9.35147e-05
2698.41	0
3062.5	4.84007e-05
3475.72	6.39698e-05
3944.69	0
4476.94	6.62182e-05
5081	0
5766.57	1.28523e-05
6544.64	2.26487e-05
7427.7	9.97802e-06
8429.9	0
9567.33	7.74654e-06
10858.2	2.73023e-05
12323.3	1.20282e-05
13986.1	0
15873.2	4.66912e-06
18014.9	4.11402e-06
20445.6	3.62492e-06
23204.3	3.19396e-06
26335.2	5.62849e-06
29888.6	2.47967e-06
33921.3	2.18487e-06
38498.3	1.92512e-06
43692.8	0
49588.1	1.49458e-06
56279	0
63872.6	0
72490.7	0
82271.8	9.0084e-07
93372.5	0
105971	0
120270	6.1623e-07
136497	0
154915	0
175817	0
199539	0
226463	0
257019	0
291698	0
331056	2.23871e-07
375725	0
426420	0
483956	0
549256	1.34935e-07
623366	1.18893e-07
707475	0
802933	0
911271	0
1.03423e+06	0
1.17377e+06	0
1.33215e+06	0
1.51189e+06	0
1.71589e+06	0
1.94741e+06	0
2.21017e+06	0
2.50838e+06	0
2.84683e+06	0
3.23095e+06	0
3.66689e+06	0
4.16166e+06	0
4.72318e+06	1.56915e-08
5.36047e+06	0
6.08375e+06	0
6.90462e+06	0
7.83624e+06	0
8.89357e+06	0
1.00936e+07	0
1.14555e+07	0
1.30011e+07	0
1.47553e+07	0
1.67462e+07	0
1.90058e+07	0
2.15702e+07	0
2.44806e+07	3.02745e-09
2.77837e+07	0
