186.939	0.00149729
200.296	0
214.608	0.00130425
229.943	0.000608636
246.373	0.00113609
263.977	0.000530165
282.839	0.000989618
303.049	0.000461811
324.703	0.000431013
347.904	0.00080454
372.763	0.000375443
399.398	0.00105122
427.936	0
458.514	0.00122091
491.276	0.000284873
526.38	0
563.991	0.000496289
604.29	0.000231596
647.469	0
693.733	0.000201736
743.303	0.000376566
796.414	0.000175727
853.321	0.000492023
914.293	0.000765352
979.623	0.000285725
1049.62	0
1124.62	0.000248886
1204.98	0.000232289
1291.08	0.000108399
1383.33	0.00010117
1482.17	0.000188846
1588.08	8.81262e-05
1701.55	0.000164498
1823.13	7.67641e-05
1953.4	0.00014329
2092.98	0
2242.53	0.000187223
2402.77	5.82458e-05
2574.45	5.43615e-05
2758.41	0.000152209
2955.51	9.47055e-05
3166.69	8.83897e-05
3392.96	8.24952e-05
3635.4	0
3895.16	7.18591e-05
4173.48	3.35335e-05
4471.69	6.25944e-05
4791.21	0
5133.56	0
5500.37	0
5893.39	0
6314.49	2.21635e-05
6765.68	0
7249.11	1.9306e-05
7767.09	0
8322.07	1.68169e-05
8916.71	0
9553.84	0
10236.5	2.73436e-05
10967.9	1.276e-05
11751.6	3.57273e-05
12591.3	0
13491	0
14455	9.68186e-06
15487.8	1.80724e-05
16594.5	8.43359e-06
17780.2	0
19050.7	7.34625e-06
20411.9	0
21870.4	0
23433.2	0
25107.5	5.57407e-06
26901.6	0
28823.8	0
30883.3	0
33090.1	4.22941e-06
35454.5	3.94735e-06
37987.8	0
40702.2	0
43610.5	3.20912e-06
46726.6	2.99511e-06
50065.4	2.79537e-06
53642.7	0
57475.7	2.43497e-06
61582.5	2.27258e-06
65982.8	0
70697.5	1.97958e-06
75749	1.84756e-06
81161.6	0
86960.9	0
93174.5	0
99832.1	0
106965	1.30838e-06
114609	0
122798	0
131572	1.06369e-06
140973	0
151046	0
161839	0
173403	0
