222.624	0.000508839
242.277	0
263.664	0.000429637
286.94	0.00118436
312.27	0.000362763
339.836	0.000333337
369.836	0
402.484	0
438.014	0.000517243
476.68	0.000237643
518.76	0.000218367
564.555	0.000802614
614.392	0.000921886
668.629	0.000677685
727.653	0.000622714
791.888	0.00014305
861.794	0.000131447
937.87	0.000362353
1020.66	0.000110987
1110.76	0.000407936
1208.82	0.000187423
1315.53	0.000258329
1431.66	0
1558.04	0.000145413
1695.58	0.000334045
1845.26	0
2008.16	0.00011282
2185.43	5.18342e-05
2378.35	0
2588.31	8.75321e-05
2816.79	4.02159e-05
3065.45	3.69538e-05
3336.06	0
3630.56	3.12018e-05
3951.05	0.000114683
4299.84	2.63452e-05
4679.41	4.84163e-05
5092.5	6.67334e-05
5542.05	0
6031.28	5.63462e-05
6563.7	1.72585e-05
7143.13	0
7773.7	5.82888e-05
8459.94	0
9206.76	2.4608e-05
10019.5	0
10904	0
11866.6	0
12914.1	1.75436e-05
14054.1	0
15294.8	1.48129e-05
16644.9	0
18114.3	6.25361e-06
19713.4	5.74635e-06
21453.6	1.05604e-05
23347.5	0
25408.5	4.45834e-06
27651.5	0
30092.5	3.76439e-06
32749	3.45904e-06
35640	3.17845e-06
38786.1	5.84126e-06
42210.1	2.68372e-06
45936.2	4.93205e-06
49991.3	0
54404.4	0
59207.1	0
64433.7	0
70121.7	0
76311.8	0
83048.4	2.72805e-06
90379.6	0
98358.1	0
107041	0
116490	0
126773	0
137965	8.2108e-07
150144	0
163398	0
177822	6.37041e-07
193520	0
210603	0
229194	0
249427	0
271446	0
295408	0
321486	0
349865	0
380750	0
414362	0
450941	0
490748	0
534070	0
581216	0
632524	0
688361	0
749127	0
815258	0
887227	1.27679e-07
965548	0
