107.993	0.00192518
118.382	0.000878116
129.77	0.000801056
142.254	0.000730759
155.938	0
170.939	0
187.383	0.000554764
205.408	0.00101216
225.168	0
246.828	0.00084231
270.573	0.00230518
296.601	0.00140192
325.133	0.000319724
356.41	0.000583334
390.696	0.00133036
428.28	0.000485445
469.479	0.000664266
514.642	0
564.149	0.000552796
618.418	0.00033619
677.909	0
743.121	0.000139887
814.608	0.000255222
892.971	0.000232825
978.872	0.000106197
1073.04	0.000290632
1176.26	0.000353504
1289.41	0.000322482
1413.45	0.000294182
1549.42	6.70916e-05
1698.47	6.12039e-05
1861.86	0.000111666
2040.97	5.09333e-05
2237.3	9.29272e-05
2452.52	4.23862e-05
2688.45	7.73331e-05
2947.07	3.52734e-05
3230.57	6.43559e-05
3541.34	8.80624e-05
3882.01	0
4255.45	4.88565e-05
4664.81	0
5113.55	2.03289e-05
5605.46	3.70899e-05
6144.69	5.07526e-05
6735.79	3.08659e-05
7383.76	1.40786e-05
8094.06	0
8872.68	0
9726.21	0
10661.8	9.75001e-06
11687.5	8.89439e-06
12811.8	0
14044.2	7.40183e-06
15395.3	0
16876.2	6.15973e-06
18499.7	0
20279.3	5.12606e-06
22230.1	9.35245e-06
24368.6	0
26712.8	0
29282.5	3.55001e-06
32099.4	0
35187.3	2.95428e-06
38572.2	2.69503e-06
42282.7	2.45852e-06
46350.2	0
50809	0
55696.7	0
61054.5	0
66927.8	0
73366.1	0
80423.7	0
88160.2	0
96641	1.07566e-06
105938	0
116128	0
127300	0
139546	0
152970	0
167685	0
183816	0
201498	0
220882	0
242130	0
265422	0
290955	0
318944	0
349626	0
383259	0
420127	0
460542	0
504845	0
553410	0
606646	0
665004	0
728976	1.42602e-07
799101	0
875972	1.18672e-07
960238	0
