82.7012	0.00126665
90.596	0.00231254
99.2445	0.00105551
108.719	0.00289058
119.097	0.000879563
130.466	0.000802915
142.921	0.00293178
156.565	0.00133815
171.511	0.00244308
187.883	0.00390281
205.819	0.00152688
225.467	0.00139382
246.991	0.000424119
270.569	0.00232296
296.398	0.000706842
324.693	0.000967869
355.689	0.00147254
389.644	0.000806532
426.84	0.000490832
467.587	0.000448059
512.224	0.000613521
561.122	0.000373371
614.688	0.000170417
673.368	0
737.649	0
808.067	0
885.207	0.000355013
969.711	0.000216051
1062.28	0.000197224
1163.69	0.000270055
1274.78	8.21739e-05
1396.47	7.5013e-05
1529.78	0.000136952
1675.82	0.000187527
1835.79	0
2011.04	0.000104178
2203.02	4.75499e-05
2413.33	8.68124e-05
2643.71	3.96237e-05
2896.08	3.61707e-05
3172.55	0
3475.41	0
3807.18	8.25441e-05
4170.62	0
4568.76	0
5004.9	0
5482.68	0
6006.07	0
6579.43	3.18427e-05
7207.51	1.45339e-05
7895.56	0
8649.29	0
9474.97	0
10379.5	1.00924e-05
11370.3	9.21289e-06
12455.8	0
13644.8	0
14947.4	0
16374.3	0
17937.4	0
19649.8	0
21525.6	4.86647e-06
23580.4	0
25831.5	4.05526e-06
28297.4	0
30998.7	0
33958	0
37199.7	2.81598e-06
40750.8	0
44641	0
48902.5	0
53570.9	1.95542e-06
58684.9	0
64287.1	0
70424	0
77146.9	0
84511.5	0
92579.2	0
101417	0
111098	9.42888e-07
121704	0
133322	0
146050	0
159992	0
175265	0
191996	0
210325	0
230403	0
252397	0
276492	0
302886	0
331801	0
363475	0
398173	0
436184	0
477823	0
523437	0
573405	0
628144	1.66767e-07
688108	0
