   9.7148800e+01   1.0000121e-02
   1.0654900e+02   1.0000319e-02
   1.1685900e+02   2.9999393e-02
   1.2816600e+02   0.0000000e+00
   1.4056700e+02   1.9999590e-02
   1.5416800e+02   1.0000445e-02
   1.6908600e+02   9.9995592e-03
   1.8544600e+02   1.0000119e-02
   2.0339000e+02   3.9999994e-02
   2.2307000e+02   4.0001322e-02
   2.4465500e+02   3.9998815e-02
   2.6832700e+02   5.0001212e-02
   2.9429100e+02   0.0000000e+00
   3.2276600e+02   0.0000000e+00
   3.5399700e+02   2.0000155e-02
   3.8825000e+02   2.9999954e-02
   4.2581700e+02   1.0000014e-02
   4.6701900e+02   3.0000164e-02
   5.1220800e+02   2.9999868e-02
   5.6176900e+02   1.0000057e-02
   6.1612600e+02   0.0000000e+00
   6.7574200e+02   2.0000095e-02
   7.4112700e+02   9.9999555e-03
   8.1283800e+02   4.9999929e-02
   8.9148800e+02   2.9999848e-02
   9.7774800e+02   5.0002726e-02
   1.0723600e+03   9.9999011e-03
   1.1761200e+03   1.9999781e-02
   1.2899200e+03   9.9998146e-03
   1.4147300e+03   1.0000061e-02
   1.5516200e+03   1.9999418e-02
   1.7017500e+03   2.0000983e-02
   1.8664200e+03   9.9997740e-03
   2.0470100e+03   5.0000395e-02
   2.2450800e+03   9.9998355e-03
   2.4623100e+03   2.9999487e-02
   2.7005600e+03   3.0000478e-02
   2.9618700e+03   0.0000000e+00
   3.2484600e+03   9.9999651e-03
   3.5627800e+03   1.0000149e-02
   3.9075200e+03   0.0000000e+00
   4.2856100e+03   9.9998915e-03
   4.7002800e+03   4.0000069e-02
   5.1550800e+03   1.0000093e-02
   5.6538900e+03   2.0000004e-02
   6.2009600e+03   0.0000000e+00
   6.8009600e+03   0.0000000e+00
   7.4590200e+03   0.0000000e+00
   8.1807600e+03   0.0000000e+00
   8.9723300e+03   0.0000000e+00
   9.8404900e+03   1.0000490e-02
   1.0792700e+04   1.0000029e-02
   1.1837000e+04   0.0000000e+00
   1.2982300e+04   0.0000000e+00
   1.4238500e+04   0.0000000e+00
   1.5616200e+04   9.9998584e-03
   1.7127200e+04   0.0000000e+00
   1.8784400e+04   0.0000000e+00
   2.0602000e+04   0.0000000e+00
   2.2595500e+04   9.9998301e-03
   2.4781800e+04   0.0000000e+00
   2.7179700e+04   0.0000000e+00
   2.9809600e+04   1.0000099e-02
   3.2694000e+04   0.0000000e+00
   3.5857400e+04   0.0000000e+00
   3.9327000e+04   0.0000000e+00
   4.3132300e+04   0.0000000e+00
   4.7305700e+04   0.0000000e+00
   5.1883000e+04   0.0000000e+00
   5.6903200e+04   0.0000000e+00
   6.2409200e+04   9.9999664e-03
   6.8447900e+04   0.0000000e+00
   7.5070900e+04   0.0000000e+00
   8.2334800e+04   0.0000000e+00
   9.0301500e+04   0.0000000e+00
   9.9039000e+04   9.9999563e-03
   1.0862200e+05   0.0000000e+00
   1.1913200e+05   0.0000000e+00
   1.3066000e+05   9.9995186e-03
   1.4330200e+05   1.0000062e-02
   1.5716800e+05   0.0000000e+00
   1.7237600e+05   0.0000000e+00
   1.8905500e+05   0.0000000e+00
   2.0734800e+05   0.0000000e+00
   2.2741100e+05   0.0000000e+00
   2.4941500e+05   0.0000000e+00
   2.7354800e+05   1.0000173e-02
   3.0001700e+05   0.0000000e+00
   3.2904600e+05   0.0000000e+00
   3.6088500e+05   0.0000000e+00
   3.9580400e+05   0.0000000e+00
   4.3410200e+05   0.0000000e+00
   4.7610600e+05   0.0000000e+00
   5.2217400e+05   0.0000000e+00
   5.7269900e+05   0.0000000e+00
   6.2811400e+05   0.0000000e+00
   6.8889000e+05   0.0000000e+00
   7.5554700e+05   9.9998773e-03
   8.2865300e+05   1.0000094e-02
