   8.6458400e+01   9.9999994e-03
   9.3608100e+01   0.0000000e+00
   1.0134900e+02   0.0000000e+00
   1.0973000e+02   0.0000000e+00
   1.1880400e+02   0.0000000e+00
   1.2862900e+02   9.9999926e-03
   1.3926600e+02   3.0000979e-02
   1.5078300e+02   9.9999884e-03
   1.6325200e+02   2.9999700e-02
   1.7675200e+02   9.9996241e-03
   1.9136800e+02   0.0000000e+00
   2.0719400e+02   3.9997845e-02
   2.2432700e+02   2.0000204e-02
   2.4287800e+02   1.0000040e-02
   2.6296300e+02   2.0000144e-02
   2.8470900e+02   9.9999373e-03
   3.0825300e+02   3.9999712e-02
   3.3374400e+02   1.9999919e-02
   3.6134300e+02   2.0000381e-02
   3.9122500e+02   9.9998414e-03
   4.2357700e+02   1.0000039e-02
   4.5860500e+02   2.0000242e-02
   4.9653000e+02   1.9999669e-02
   5.3759000e+02   0.0000000e+00
   5.8204700e+02   0.0000000e+00
   6.3017900e+02   1.0000016e-02
   6.8229200e+02   3.0000335e-02
   7.3871500e+02   0.0000000e+00
   7.9980300e+02   4.0000017e-02
   8.6594300e+02   9.9999104e-03
   9.3755200e+02   9.9995614e-03
   1.0150800e+03   0.0000000e+00
   1.0990300e+03   2.9998579e-02
   1.1899100e+03   0.0000000e+00
   1.2883100e+03   3.0000705e-02
   1.3948500e+03   2.0000421e-02
   1.5102000e+03   4.9997581e-02
   1.6350800e+03   0.0000000e+00
   1.7703000e+03   3.9998579e-02
   1.9166900e+03   2.9999771e-02
   2.0751900e+03   2.0000116e-02
   2.2468000e+03   0.0000000e+00
   2.4326000e+03   1.0000261e-02
   2.6337700e+03   0.0000000e+00
   2.8515700e+03   0.0000000e+00
   3.0873800e+03   9.9999310e-03
   3.3426900e+03   9.9998252e-03
   3.6191100e+03   3.0000530e-02
   3.9184000e+03   9.9998898e-03
   4.2424300e+03   0.0000000e+00
   4.5932600e+03   0.0000000e+00
   4.9731000e+03   1.9999869e-02
   5.3843500e+03   1.0000185e-02
   5.8296200e+03   1.9999908e-02
   6.3117000e+03   4.0000160e-02
   6.8336500e+03   1.9999978e-02
   7.3987600e+03   9.9999741e-03
   8.0106000e+03   9.9999955e-03
   8.6730400e+03   1.9999967e-02
   9.3902600e+03   0.0000000e+00
   1.0166800e+04   0.0000000e+00
   1.1007500e+04   0.0000000e+00
   1.1917800e+04   3.0001565e-02
   1.2903400e+04   9.9995505e-03
   1.3970400e+04   0.0000000e+00
   1.5125700e+04   9.9998083e-03
   1.6376500e+04   0.0000000e+00
   1.7730800e+04   0.0000000e+00
   1.9197000e+04   0.0000000e+00
   2.0784500e+04   1.0000082e-02
   2.2503300e+04   0.0000000e+00
   2.4364200e+04   0.0000000e+00
   2.6379100e+04   9.9998866e-03
   2.8560500e+04   0.0000000e+00
   3.0922300e+04   0.0000000e+00
   3.3479400e+04   0.0000000e+00
   3.6248000e+04   0.0000000e+00
   3.9245600e+04   0.0000000e+00
   4.2491000e+04   0.0000000e+00
   4.6004800e+04   0.0000000e+00
   4.9809200e+04   0.0000000e+00
   5.3928200e+04   0.0000000e+00
   5.8387800e+04   0.0000000e+00
   6.3216200e+04   0.0000000e+00
   6.8443900e+04   0.0000000e+00
   7.4103900e+04   9.9999155e-03
   8.0231900e+04   0.0000000e+00
   8.6866700e+04   0.0000000e+00
   9.4050200e+04   0.0000000e+00
   1.0182800e+05   0.0000000e+00
   1.1024800e+05   0.0000000e+00
   1.1936500e+05   0.0000000e+00
   1.2923600e+05   1.0000697e-02
   1.3992400e+05   1.9999895e-02
   1.5149500e+05   0.0000000e+00
   1.6402300e+05   0.0000000e+00
   1.7758600e+05   0.0000000e+00
   1.9227200e+05   0.0000000e+00
   2.0817200e+05   1.0000073e-02
