   1.4274600e+02   4.0002272e-02
   1.5520800e+02   9.9999207e-03
   1.6875700e+02   2.0000163e-02
   1.8348900e+02   1.9998826e-02
   1.9950600e+02   3.0001305e-02
   2.1692300e+02   1.9999256e-02
   2.3585900e+02   1.0000131e-02
   2.5644900e+02   1.9999852e-02
   2.7883600e+02   5.0001146e-02
   3.0317800e+02   2.9999476e-02
   3.2964400e+02   2.0000101e-02
   3.5842100e+02   2.0000023e-02
   3.8971000e+02   9.9998728e-03
   4.2373000e+02   1.0000184e-02
   4.6072100e+02   2.9999714e-02
   5.0094000e+02   1.9999828e-02
   5.4467000e+02   1.0000010e-02
   5.9221800e+02   2.0000120e-02
   6.4391700e+02   4.0000122e-02
   7.0012900e+02   3.0000017e-02
   7.6124800e+02   1.9999863e-02
   8.2770200e+02   1.0000014e-02
   8.9995800e+02   0.0000000e+00
   9.7852100e+02   9.9996607e-03
   1.0639400e+03   1.0000111e-02
   1.1568200e+03   6.0001896e-02
   1.2578100e+03   9.9997715e-03
   1.3676100e+03   4.0000664e-02
   1.4870000e+03   9.9999912e-03
   1.6168100e+03   1.9999679e-02
   1.7579500e+03   1.9999521e-02
   1.9114100e+03   2.0000006e-02
   2.0782700e+03   2.0000299e-02
   2.2597000e+03   1.0000287e-02
   2.4569700e+03   3.9999019e-02
   2.6714500e+03   2.0000090e-02
   2.9046600e+03   4.0000414e-02
   3.1582300e+03   0.0000000e+00
   3.4339300e+03   9.9999675e-03
   3.7337000e+03   2.0000004e-02
   4.0596400e+03   9.9998935e-03
   4.4140300e+03   0.0000000e+00
   4.7993600e+03   0.0000000e+00
   5.2183300e+03   1.0000142e-02
   5.6738800e+03   9.9999622e-03
   6.1691900e+03   0.0000000e+00
   6.7077400e+03   9.9999595e-03
   7.2933000e+03   2.9999980e-02
   7.9299800e+03   9.9999726e-03
   8.6222400e+03   0.0000000e+00
   9.3749300e+03   9.9996630e-03
   1.0193300e+04   2.0001214e-02
   1.1083200e+04   0.0000000e+00
   1.2050700e+04   0.0000000e+00
   1.3102700e+04   9.9998088e-03
   1.4246500e+04   0.0000000e+00
   1.5490200e+04   0.0000000e+00
   1.6842400e+04   0.0000000e+00
   1.8312700e+04   0.0000000e+00
   1.9911400e+04   0.0000000e+00
   2.1649600e+04   0.0000000e+00
   2.3539500e+04   0.0000000e+00
   2.5594400e+04   0.0000000e+00
   2.7828700e+04   0.0000000e+00
   3.0258100e+04   9.9998914e-03
   3.2899500e+04   0.0000000e+00
   3.5771500e+04   0.0000000e+00
   3.8894300e+04   0.0000000e+00
   4.2289600e+04   0.0000000e+00
   4.5981300e+04   0.0000000e+00
   4.9995400e+04   0.0000000e+00
   5.4359800e+04   0.0000000e+00
   5.9105200e+04   0.0000000e+00
   6.4264900e+04   0.0000000e+00
   6.9875000e+04   0.0000000e+00
   7.5974900e+04   0.0000000e+00
   8.2607200e+04   0.0000000e+00
   8.9818600e+04   0.0000000e+00
   9.7659400e+04   0.0000000e+00
   1.0618500e+05   0.0000000e+00
   1.1545400e+05   0.0000000e+00
   1.2553300e+05   0.0000000e+00
   1.3649200e+05   0.0000000e+00
   1.4840700e+05   0.0000000e+00
   1.6136300e+05   0.0000000e+00
   1.7544900e+05   0.0000000e+00
   1.9076500e+05   0.0000000e+00
   2.0741800e+05   1.0000043e-02
   2.2552500e+05   0.0000000e+00
   2.4521300e+05   0.0000000e+00
   2.6661900e+05   0.0000000e+00
   2.8989400e+05   0.0000000e+00
   3.1520100e+05   0.0000000e+00
   3.4271700e+05   0.0000000e+00
   3.7263500e+05   0.0000000e+00
   4.0516500e+05   0.0000000e+00
   4.4053400e+05   0.0000000e+00
   4.7899100e+05   0.0000000e+00
   5.2080600e+05   0.0000000e+00
