   7.9526300e+01   9.9998452e-03
   8.5857600e+01   0.0000000e+00
   9.2693100e+01   0.0000000e+00
   1.0007300e+02   0.0000000e+00
   1.0804000e+02   0.0000000e+00
   1.1664100e+02   0.0000000e+00
   1.2592800e+02   9.9994363e-03
   1.3595300e+02   0.0000000e+00
   1.4677700e+02   0.0000000e+00
   1.5846200e+02   0.0000000e+00
   1.7107800e+02   1.9999744e-02
   1.8469800e+02   3.0000994e-02
   1.9940300e+02   3.9999444e-02
   2.1527800e+02   1.9999842e-02
   2.3241700e+02   1.0000209e-02
   2.5092100e+02   4.0000546e-02
   2.7089800e+02   1.9999856e-02
   2.9246500e+02   7.9999400e-02
   3.1574900e+02   4.9999985e-02
   3.4088700e+02   2.9999722e-02
   3.6802600e+02   2.9999977e-02
   3.9732600e+02   5.0000701e-02
   4.2895900e+02   0.0000000e+00
   4.6311000e+02   0.0000000e+00
   4.9998000e+02   9.9999315e-03
   5.3978500e+02   2.9999806e-02
   5.8275900e+02   4.0000311e-02
   6.2915500e+02   4.9999641e-02
   6.7924400e+02   9.9999729e-03
   7.3332100e+02   4.0000353e-02
   7.9170400e+02   9.9998986e-03
   8.5473400e+02   1.0000073e-02
   9.2278300e+02   2.9999915e-02
   9.9624900e+02   9.9994516e-03
   1.0755600e+03   1.0000043e-02
   1.1611900e+03   1.0000317e-02
   1.2536400e+03   3.0000890e-02
   1.3534500e+03   1.9999478e-02
   1.4612000e+03   9.9998548e-03
   1.5775300e+03   0.0000000e+00
   1.7031300e+03   0.0000000e+00
   1.8387200e+03   0.0000000e+00
   1.9851100e+03   1.9999804e-02
   2.1431500e+03   0.0000000e+00
   2.3137700e+03   2.0000232e-02
   2.4979800e+03   3.9999320e-02
   2.6968500e+03   3.0000569e-02
   2.9115600e+03   0.0000000e+00
   3.1433600e+03   1.9999630e-02
   3.3936100e+03   2.0000129e-02
   3.6637900e+03   0.0000000e+00
   3.9554800e+03   9.9999985e-03
   4.2703900e+03   9.9999337e-03
   4.6103700e+03   0.0000000e+00
   4.9774200e+03   9.9999923e-03
   5.3736900e+03   0.0000000e+00
   5.8015100e+03   0.0000000e+00
   6.2633900e+03   0.0000000e+00
   6.7620400e+03   9.9999589e-03
   7.3003900e+03   0.0000000e+00
   7.8816100e+03   0.0000000e+00
   8.5090900e+03   0.0000000e+00
   9.1865300e+03   9.9999489e-03
   9.9179000e+03   9.9999682e-03
   1.0707500e+04   0.0000000e+00
   1.1560000e+04   0.0000000e+00
   1.2480300e+04   0.0000000e+00
   1.3473900e+04   0.0000000e+00
   1.4546600e+04   9.9999156e-03
   1.5704700e+04   0.0000000e+00
   1.6955000e+04   1.0000343e-02
   1.8304900e+04   0.0000000e+00
   1.9762200e+04   0.0000000e+00
   2.1335600e+04   0.0000000e+00
   2.3034200e+04   0.0000000e+00
   2.4868000e+04   0.0000000e+00
   2.6847800e+04   0.0000000e+00
   2.8985300e+04   0.0000000e+00
   3.1292900e+04   0.0000000e+00
   3.3784300e+04   0.0000000e+00
   3.6473900e+04   0.0000000e+00
   3.9377800e+04   0.0000000e+00
   4.2512800e+04   0.0000000e+00
   4.5897400e+04   0.0000000e+00
   4.9551500e+04   0.0000000e+00
   5.3496400e+04   0.0000000e+00
   5.7755500e+04   0.0000000e+00
   6.2353600e+04   0.0000000e+00
   6.7317800e+04   0.0000000e+00
   7.2677200e+04   0.0000000e+00
   7.8463300e+04   0.0000000e+00
   8.4710100e+04   0.0000000e+00
   9.1454200e+04   0.0000000e+00
   9.8735200e+04   0.0000000e+00
   1.0659600e+05   0.0000000e+00
   1.1508200e+05   0.0000000e+00
   1.2424500e+05   0.0000000e+00
   1.3413600e+05   0.0000000e+00
   1.4481500e+05   0.0000000e+00
