   1.2878700e+02   2.9998754e-02
   1.4114600e+02   1.0000267e-02
   1.5469200e+02   3.0000797e-02
   1.6953800e+02   1.9999572e-02
   1.8580800e+02   1.0000132e-02
   2.0364000e+02   2.9999873e-02
   2.2318300e+02   0.0000000e+00
   2.4460100e+02   0.0000000e+00
   2.6807500e+02   2.0000118e-02
   2.9380200e+02   3.0000262e-02
   3.2199800e+02   6.0000559e-02
   3.5290000e+02   0.0000000e+00
   3.8676700e+02   1.0000109e-02
   4.2388500e+02   1.9999668e-02
   4.6456400e+02   0.0000000e+00
   5.0914800e+02   9.9999503e-03
   5.5801000e+02   2.0000173e-02
   6.1156200e+02   0.0000000e+00
   6.7025300e+02   1.9999886e-02
   7.3457600e+02   0.0000000e+00
   8.0507200e+02   0.0000000e+00
   8.8233400e+02   0.0000000e+00
   9.6701000e+02   1.9999421e-02
   1.0598100e+03   3.0000280e-02
   1.1615200e+03   2.0000059e-02
   1.2729900e+03   0.0000000e+00
   1.3951600e+03   3.9999504e-02
   1.5290500e+03   0.0000000e+00
   1.6757900e+03   2.0000819e-02
   1.8366200e+03   9.9995614e-03
   2.0128700e+03   2.0000698e-02
   2.2060500e+03   3.9999641e-02
   2.4177600e+03   3.0000087e-02
   2.6497900e+03   1.9999476e-02
   2.9040800e+03   1.9999902e-02
   3.1827800e+03   0.0000000e+00
   3.4882300e+03   0.0000000e+00
   3.8229900e+03   1.0000064e-02
   4.1898800e+03   0.0000000e+00
   4.5919800e+03   2.0000143e-02
   5.0326700e+03   1.9999643e-02
   5.5156400e+03   2.0000046e-02
   6.0449700e+03   1.0000049e-02
   6.6251000e+03   1.9999916e-02
   7.2609000e+03   9.9999941e-03
   7.9577200e+03   5.0000508e-02
   8.7214200e+03   1.9999888e-02
   9.5584000e+03   0.0000000e+00
   1.0475700e+04   1.9999237e-02
   1.1481000e+04   1.0000712e-02
   1.2582900e+04   0.0000000e+00
   1.3790400e+04   1.0000379e-02
   1.5113900e+04   9.9995797e-03
   1.6564300e+04   0.0000000e+00
   1.8154000e+04   9.9998970e-03
   1.9896200e+04   9.9999288e-03
   2.1805600e+04   2.0000394e-02
   2.3898300e+04   1.0000050e-02
   2.6191800e+04   1.0000031e-02
   2.8705400e+04   0.0000000e+00
   3.1460200e+04   0.0000000e+00
   3.4479400e+04   9.9998598e-03
   3.7788300e+04   0.0000000e+00
   4.1414800e+04   3.0000559e-02
   4.5389400e+04   0.0000000e+00
   4.9745300e+04   0.0000000e+00
   5.4519300e+04   1.0000095e-02
   5.9751500e+04   2.9999614e-02
   6.5485700e+04   0.0000000e+00
   7.1770300e+04   9.9999761e-03
   7.8658000e+04   0.0000000e+00
   8.6206700e+04   1.0000065e-02
   9.4479900e+04   0.0000000e+00
   1.0354700e+05   0.0000000e+00
   1.1348400e+05   1.0000051e-02
   1.2437500e+05   0.0000000e+00
   1.3631100e+05   0.0000000e+00
   1.4939300e+05   0.0000000e+00
   1.6373000e+05   0.0000000e+00
   1.7944300e+05   0.0000000e+00
   1.9666400e+05   0.0000000e+00
   2.1553700e+05   0.0000000e+00
   2.3622200e+05   0.0000000e+00
   2.5889200e+05   0.0000000e+00
   2.8373800e+05   0.0000000e+00
   3.1096800e+05   0.0000000e+00
   3.4081100e+05   0.0000000e+00
   3.7351800e+05   0.0000000e+00
   4.0936400e+05   0.0000000e+00
   4.4865000e+05   0.0000000e+00
   4.9170700e+05   0.0000000e+00
   5.3889500e+05   0.0000000e+00
   5.9061200e+05   0.0000000e+00
   6.4729300e+05   0.0000000e+00
   7.0941300e+05   0.0000000e+00
   7.7749400e+05   0.0000000e+00
   8.5210900e+05   0.0000000e+00
   9.3388500e+05   0.0000000e+00
   1.0235100e+06   0.0000000e+00
