   1.1222000e+02   2.0000084e-02
   1.2243700e+02   9.9998957e-03
   1.3358400e+02   0.0000000e+00
   1.4574600e+02   9.9997970e-03
   1.5901500e+02   1.0000447e-02
   1.7349300e+02   9.9997355e-03
   1.8928800e+02   0.0000000e+00
   2.0652200e+02   1.9999499e-02
   2.2532400e+02   9.9998160e-03
   2.4583800e+02   5.0002055e-02
   2.6822100e+02   2.9998986e-02
   2.9264000e+02   9.9999705e-03
   3.1928300e+02   0.0000000e+00
   3.4835200e+02   1.9999796e-02
   3.8006700e+02   3.0000178e-02
   4.1467000e+02   3.9999681e-02
   4.5242300e+02   5.0000931e-02
   4.9361400e+02   1.9999783e-02
   5.3855400e+02   2.0000006e-02
   5.8758600e+02   1.0000007e-02
   6.4108200e+02   3.0000229e-02
   6.9944900e+02   1.9999850e-02
   7.6312900e+02   2.0000225e-02
   8.3260800e+02   9.9999318e-03
   9.0841100e+02   6.9999858e-02
   9.9111600e+02   9.9999123e-03
   1.0813500e+03   1.9999921e-02
   1.1798000e+03   1.0000598e-02
   1.2872200e+03   9.9997524e-03
   1.4044100e+03   9.9997900e-03
   1.5322700e+03   0.0000000e+00
   1.6717700e+03   1.0000349e-02
   1.8239800e+03   9.9998841e-03
   1.9900400e+03   1.9999917e-02
   2.1712200e+03   1.0000196e-02
   2.3689000e+03   9.9998415e-03
   2.5845700e+03   1.0000040e-02
   2.8198800e+03   9.9998902e-03
   3.0766100e+03   1.0000123e-02
   3.3567200e+03   2.0000096e-02
   3.6623300e+03   2.9999797e-02
   3.9957600e+03   0.0000000e+00
   4.3595500e+03   9.9999887e-03
   4.7564600e+03   1.0000077e-02
   5.1895100e+03   1.9999891e-02
   5.6619800e+03   2.0000084e-02
   6.1774700e+03   0.0000000e+00
   6.7398900e+03   0.0000000e+00
   7.3535100e+03   9.9999713e-03
   8.0230000e+03   1.0000080e-02
   8.7534500e+03   1.9999847e-02
   9.5503900e+03   1.0000061e-02
   1.0419900e+04   0.0000000e+00
   1.1368600e+04   9.9996421e-03
   1.2403600e+04   2.0000468e-02
   1.3532900e+04   0.0000000e+00
   1.4765000e+04   0.0000000e+00
   1.6109200e+04   1.0000386e-02
   1.7575900e+04   0.0000000e+00
   1.9176000e+04   1.0000236e-02
   2.0921900e+04   0.0000000e+00
   2.2826700e+04   0.0000000e+00
   2.4904900e+04   0.0000000e+00
   2.7172400e+04   0.0000000e+00
   2.9646200e+04   9.9999766e-03
   3.2345300e+04   1.0000203e-02
   3.5290200e+04   9.9998300e-03
   3.8503100e+04   0.0000000e+00
   4.2008600e+04   2.9999818e-02
   4.5833200e+04   0.0000000e+00
   5.0006100e+04   0.0000000e+00
   5.4558800e+04   0.0000000e+00
   5.9526000e+04   0.0000000e+00
   6.4945500e+04   0.0000000e+00
   7.0858400e+04   0.0000000e+00
   7.7309600e+04   1.0000091e-02
   8.4348200e+04   1.0000038e-02
   9.2027600e+04   0.0000000e+00
   1.0040600e+05   0.0000000e+00
   1.0954700e+05   0.0000000e+00
   1.1952100e+05   0.0000000e+00
   1.3040300e+05   0.0000000e+00
   1.4227500e+05   0.0000000e+00
   1.5522800e+05   0.0000000e+00
   1.6936100e+05   0.0000000e+00
   1.8478000e+05   0.0000000e+00
   2.0160300e+05   1.0000153e-02
   2.1995800e+05   0.0000000e+00
   2.3998400e+05   0.0000000e+00
   2.6183300e+05   0.0000000e+00
   2.8567100e+05   0.0000000e+00
   3.1168000e+05   9.9998159e-03
   3.4005600e+05   0.0000000e+00
   3.7101600e+05   1.0000104e-02
   4.0479500e+05   0.0000000e+00
   4.4164900e+05   0.0000000e+00
   4.8185800e+05   0.0000000e+00
   5.2572800e+05   0.0000000e+00
   5.7359300e+05   0.0000000e+00
