   1.1383100e+02   3.9998538e-02
   1.2444300e+02   2.0000340e-02
   1.3604500e+02   9.9996831e-03
   1.4872800e+02   2.0000180e-02
   1.6259400e+02   0.0000000e+00
   1.7775300e+02   1.0000125e-02
   1.9432500e+02   1.9999158e-02
   2.1244100e+02   2.0000297e-02
   2.3224700e+02   2.9999712e-02
   2.5389900e+02   0.0000000e+00
   2.7757000e+02   0.0000000e+00
   3.0344800e+02   3.9999514e-02
   3.3173800e+02   1.0000074e-02
   3.6266600e+02   0.0000000e+00
   3.9647700e+02   2.0000333e-02
   4.3344100e+02   1.9999788e-02
   4.7385000e+02   0.0000000e+00
   5.1802700e+02   1.9999829e-02
   5.6632200e+02   2.0000041e-02
   6.1912000e+02   9.9999323e-03
   6.7684000e+02   1.0000089e-02
   7.3994200e+02   2.9999831e-02
   8.0892600e+02   0.0000000e+00
   8.8434200e+02   9.9999966e-03
   9.6678900e+02   1.9999528e-02
   1.0569200e+03   2.0000762e-02
   1.1554600e+03   0.0000000e+00
   1.2631800e+03   1.0000369e-02
   1.3809500e+03   1.9999244e-02
   1.5096900e+03   1.0000161e-02
   1.6504400e+03   1.0000027e-02
   1.8043100e+03   2.9999076e-02
   1.9725200e+03   1.0000151e-02
   2.1564200e+03   9.9999105e-03
   2.3574600e+03   1.0000225e-02
   2.5772500e+03   3.9999189e-02
   2.8175200e+03   1.0000149e-02
   3.0802000e+03   1.0000150e-02
   3.3673700e+03   9.9997693e-03
   3.6813000e+03   1.0000110e-02
   4.0245100e+03   0.0000000e+00
   4.3997100e+03   0.0000000e+00
   4.8098900e+03   2.0000292e-02
   5.2583200e+03   0.0000000e+00
   5.7485500e+03   9.9999179e-03
   6.2844800e+03   2.0000048e-02
   6.8703800e+03   1.9999917e-02
   7.5109000e+03   2.0000045e-02
   8.2111400e+03   9.9999878e-03
   8.9766600e+03   9.9999986e-03
   9.8135500e+03   2.0000807e-02
   1.0728500e+04   9.9999096e-03
   1.1728700e+04   1.9998942e-02
   1.2822100e+04   9.9999992e-03
   1.4017500e+04   0.0000000e+00
   1.5324400e+04   3.0000414e-02
   1.6753100e+04   9.9995026e-03
   1.8314900e+04   1.0000042e-02
   2.0022400e+04   0.0000000e+00
   2.1889100e+04   9.9999606e-03
   2.3929800e+04   1.0000167e-02
   2.6160800e+04   9.9997827e-03
   2.8599700e+04   0.0000000e+00
   3.1266100e+04   0.0000000e+00
   3.4181000e+04   0.0000000e+00
   3.7367700e+04   9.9998215e-03
   4.0851400e+04   1.0000127e-02
   4.4660000e+04   0.0000000e+00
   4.8823600e+04   9.9999860e-03
   5.3375400e+04   1.0000072e-02
   5.8351600e+04   0.0000000e+00
   6.3791700e+04   0.0000000e+00
   6.9738900e+04   0.0000000e+00
   7.6240700e+04   1.9999785e-02
   8.3348500e+04   0.0000000e+00
   9.1119100e+04   1.0000059e-02
   9.9614100e+04   9.9999482e-03
   1.0890100e+05   0.0000000e+00
   1.1905400e+05   2.9999154e-02
   1.3015300e+05   9.9999085e-03
   1.4228700e+05   0.0000000e+00
   1.5555300e+05   0.0000000e+00
   1.7005500e+05   0.0000000e+00
   1.8590900e+05   0.0000000e+00
   2.0324100e+05   0.0000000e+00
   2.2218900e+05   1.0000208e-02
   2.4290400e+05   0.0000000e+00
   2.6554900e+05   0.0000000e+00
   2.9030600e+05   0.0000000e+00
   3.1737100e+05   2.0000418e-02
   3.4696000e+05   0.0000000e+00
   3.7930700e+05   0.0000000e+00
   4.1466900e+05   0.0000000e+00
   4.5332900e+05   0.0000000e+00
   4.9559200e+05   0.0000000e+00
   5.4179600e+05   0.0000000e+00
   5.9230700e+05   0.0000000e+00
   6.4752800e+05   0.0000000e+00
   7.0789700e+05   9.9998459e-03
