   1.2551900e+02   1.0000256e-02
   1.3695300e+02   0.0000000e+00
   1.4942800e+02   9.9995525e-03
   1.6303900e+02   2.0000594e-02
   1.7789100e+02   1.9999625e-02
   1.9409500e+02   1.0000321e-02
   2.1177600e+02   1.9999944e-02
   2.3106700e+02   0.0000000e+00
   2.5211500e+02   2.0000400e-02
   2.7508100e+02   9.9997977e-03
   3.0013800e+02   9.9999878e-03
   3.2747800e+02   2.0000343e-02
   3.5730900e+02   3.9998961e-02
   3.8985600e+02   1.0000106e-02
   4.2536900e+02   4.0000335e-02
   4.6411700e+02   1.9999938e-02
   5.0639400e+02   1.9999901e-02
   5.5252200e+02   1.9999984e-02
   6.0285200e+02   4.0000196e-02
   6.5776700e+02   3.0000022e-02
   7.1768400e+02   0.0000000e+00
   7.8305900e+02   2.0000005e-02
   8.5438900e+02   1.9999827e-02
   9.3221600e+02   1.9999285e-02
   1.0171300e+03   5.0004154e-02
   1.1097900e+03   1.9999545e-02
   1.2108800e+03   1.9999817e-02
   1.3211800e+03   4.0000609e-02
   1.4415300e+03   9.9999262e-03
   1.5728400e+03   1.9999632e-02
   1.7161100e+03   2.9999371e-02
   1.8724300e+03   2.0000868e-02
   2.0430000e+03   3.0000064e-02
   2.2291000e+03   0.0000000e+00
   2.4321500e+03   3.0000307e-02
   2.6537000e+03   0.0000000e+00
   2.8954200e+03   4.0000061e-02
   3.1591700e+03   0.0000000e+00
   3.4469500e+03   1.0000079e-02
   3.7609400e+03   9.9997389e-03
   4.1035200e+03   0.0000000e+00
   4.4773200e+03   1.0000074e-02
   4.8851700e+03   1.0000040e-02
   5.3301700e+03   0.0000000e+00
   5.8157000e+03   0.0000000e+00
   6.3454600e+03   1.0000035e-02
   6.9234800e+03   0.0000000e+00
   7.5541500e+03   0.0000000e+00
   8.2422700e+03   2.9999941e-02
   8.9930700e+03   0.0000000e+00
   9.8122600e+03   0.0000000e+00
   1.0706100e+04   0.0000000e+00
   1.1681300e+04   0.0000000e+00
   1.2745400e+04   2.0000083e-02
   1.3906400e+04   9.9995831e-03
   1.5173100e+04   0.0000000e+00
   1.6555300e+04   0.0000000e+00
   1.8063300e+04   0.0000000e+00
   1.9708700e+04   0.0000000e+00
   2.1504000e+04   1.0000322e-02
   2.3462900e+04   1.9999341e-02
   2.5600100e+04   0.0000000e+00
   2.7932100e+04   0.0000000e+00
   3.0476500e+04   0.0000000e+00
   3.3252600e+04   0.0000000e+00
   3.6281700e+04   9.9998342e-03
   3.9586600e+04   9.9999789e-03
   4.3192600e+04   2.0000086e-02
   4.7127100e+04   0.0000000e+00
   5.1420000e+04   9.9999391e-03
   5.6103900e+04   0.0000000e+00
   6.1214500e+04   1.9999909e-02
   6.6790600e+04   1.0000070e-02
   7.2874700e+04   0.0000000e+00
   7.9513000e+04   9.9999099e-03
   8.6755900e+04   0.0000000e+00
   9.4658600e+04   0.0000000e+00
   1.0328100e+05   0.0000000e+00
   1.1268900e+05   0.0000000e+00
   1.2295400e+05   0.0000000e+00
   1.3415400e+05   0.0000000e+00
   1.4637500e+05   0.0000000e+00
   1.5970800e+05   0.0000000e+00
   1.7425600e+05   0.0000000e+00
   1.9013000e+05   0.0000000e+00
   2.0744900e+05   0.0000000e+00
   2.2634600e+05   0.0000000e+00
   2.4696400e+05   0.0000000e+00
   2.6946000e+05   0.0000000e+00
   2.9400600e+05   9.9998379e-03
   3.2078700e+05   9.9999814e-03
   3.5000800e+05   0.0000000e+00
   3.8189100e+05   0.0000000e+00
   4.1667800e+05   0.0000000e+00
   4.5463400e+05   0.0000000e+00
   4.9604700e+05   0.0000000e+00
   5.4123300e+05   0.0000000e+00
   5.9053500e+05   0.0000000e+00
   6.4432800e+05   9.9998843e-03
