   9.2019100e+01   9.9999133e-03
   9.9130200e+01   0.0000000e+00
   1.0679100e+02   0.0000000e+00
   1.1504400e+02   9.9994720e-03
   1.2393400e+02   1.0000486e-02
   1.3351200e+02   0.0000000e+00
   1.4382900e+02   0.0000000e+00
   1.5494400e+02   0.0000000e+00
   1.6691800e+02   0.0000000e+00
   1.7981700e+02   2.0001257e-02
   1.9371400e+02   1.0000005e-02
   2.0868400e+02   9.9994585e-03
   2.2481000e+02   1.0000492e-02
   2.4218400e+02   9.9996117e-03
   2.6089900e+02   9.9999891e-03
   2.8106100e+02   9.9999314e-03
   3.0278100e+02   4.0000591e-02
   3.2618000e+02   3.0000111e-02
   3.5138700e+02   1.0000046e-02
   3.7854200e+02   3.9999675e-02
   4.0779500e+02   9.9999910e-03
   4.3930900e+02   1.0000176e-02
   4.7325900e+02   0.0000000e+00
   5.0983200e+02   3.9999835e-02
   5.4923100e+02   1.9999995e-02
   5.9167500e+02   5.0000108e-02
   6.3739900e+02   3.9999541e-02
   6.8665600e+02   1.0000152e-02
   7.3972100e+02   0.0000000e+00
   7.9688600e+02   9.9999315e-03
   8.5846800e+02   3.0000184e-02
   9.2481000e+02   3.9999782e-02
   9.9627800e+02   4.0000347e-02
   1.0732700e+03   9.9998270e-03
   1.1562100e+03   1.9999836e-02
   1.2455600e+03   0.0000000e+00
   1.3418200e+03   9.9995836e-03
   1.4455100e+03   0.0000000e+00
   1.5572200e+03   0.0000000e+00
   1.6775600e+03   9.9999888e-03
   1.8072000e+03   0.0000000e+00
   1.9468600e+03   1.9999770e-02
   2.0973100e+03   1.0000125e-02
   2.2593900e+03   0.0000000e+00
   2.4339900e+03   1.0000186e-02
   2.6220900e+03   0.0000000e+00
   2.8247200e+03   0.0000000e+00
   3.0430100e+03   0.0000000e+00
   3.2781700e+03   2.0000484e-02
   3.5315100e+03   9.9999409e-03
   3.8044200e+03   4.9999698e-02
   4.0984200e+03   2.9999813e-02
   4.4151400e+03   1.0000060e-02
   4.7563400e+03   2.9999586e-02
   5.1239000e+03   1.0000237e-02
   5.5198800e+03   9.9999952e-03
   5.9464500e+03   1.9999757e-02
   6.4059800e+03   1.0000060e-02
   6.9010300e+03   1.9999817e-02
   7.4343300e+03   2.0000075e-02
   8.0088500e+03   1.0000076e-02
   8.6277700e+03   0.0000000e+00
   9.2945100e+03   0.0000000e+00
   1.0012800e+04   0.0000000e+00
   1.0786600e+04   9.9990827e-03
   1.1620100e+04   0.0000000e+00
   1.2518100e+04   1.0000111e-02
   1.3485500e+04   2.0000964e-02
   1.4527700e+04   0.0000000e+00
   1.5650400e+04   0.0000000e+00
   1.6859800e+04   0.0000000e+00
   1.8162700e+04   0.0000000e+00
   1.9566300e+04   2.0000395e-02
   2.1078400e+04   2.9999777e-02
   2.2707300e+04   1.0000026e-02
   2.4462100e+04   0.0000000e+00
   2.6352500e+04   1.0000030e-02
   2.8389000e+04   0.0000000e+00
   3.0582800e+04   0.0000000e+00
   3.2946300e+04   0.0000000e+00
   3.5492300e+04   0.0000000e+00
   3.8235100e+04   1.0000077e-02
   4.1189900e+04   0.0000000e+00
   4.4373000e+04   0.0000000e+00
   4.7802100e+04   0.0000000e+00
   5.1496200e+04   0.0000000e+00
   5.5475800e+04   0.0000000e+00
   5.9762900e+04   0.0000000e+00
   6.4381300e+04   0.0000000e+00
   6.9356700e+04   0.0000000e+00
   7.4716500e+04   0.0000000e+00
   8.0490500e+04   0.0000000e+00
   8.6710700e+04   0.0000000e+00
   9.3411600e+04   0.0000000e+00
   1.0063000e+05   0.0000000e+00
   1.0840700e+05   0.0000000e+00
   1.1678500e+05   0.0000000e+00
   1.2581000e+05   0.0000000e+00
   1.3553200e+05   0.0000000e+00
