   1.1974400e+02   1.9999697e-02
   1.2788700e+02   1.0000072e-02
   1.3658400e+02   9.9996466e-03
   1.4587200e+02   1.0000054e-02
   1.5579200e+02   0.0000000e+00
   1.6638700e+02   2.9999799e-02
   1.7770200e+02   0.0000000e+00
   1.8978600e+02   3.0001547e-02
   2.0269300e+02   9.9999612e-03
   2.1647700e+02   0.0000000e+00
   2.3119800e+02   2.0000599e-02
   2.4692100e+02   1.9999088e-02
   2.6371200e+02   3.0000533e-02
   2.8164600e+02   1.9999754e-02
   3.0079900e+02   0.0000000e+00
   3.2125500e+02   2.0000142e-02
   3.4310200e+02   2.0000394e-02
   3.6643500e+02   1.9999790e-02
   3.9135400e+02   2.0000075e-02
   4.1796800e+02   1.9999474e-02
   4.4639100e+02   3.0000305e-02
   4.7674800e+02   9.9999657e-03
   5.0916900e+02   1.0000023e-02
   5.4379500e+02   1.0000106e-02
   5.8077600e+02   2.9999652e-02
   6.2027100e+02   3.0000471e-02
   6.6245300e+02   9.9997968e-03
   7.0750200e+02   2.0000220e-02
   7.5561600e+02   9.9999321e-03
   8.0700100e+02   1.0000014e-02
   8.6188100e+02   1.0000028e-02
   9.2049300e+02   3.0000091e-02
   9.8309100e+02   2.0001271e-02
   1.0499500e+03   3.9999351e-02
   1.1213500e+03   0.0000000e+00
   1.1976000e+03   2.0001839e-02
   1.2790500e+03   0.0000000e+00
   1.3660300e+03   1.9998660e-02
   1.4589200e+03   2.0001264e-02
   1.5581400e+03   9.9999432e-03
   1.6641000e+03   9.9994287e-03
   1.7772600e+03   3.0001868e-02
   1.8981300e+03   0.0000000e+00
   2.0272100e+03   2.0000040e-02
   2.1650700e+03   9.9996702e-03
   2.3123000e+03   1.0000172e-02
   2.4695500e+03   0.0000000e+00
   2.6374900e+03   9.9999119e-03
   2.8168500e+03   1.0000045e-02
   3.0084100e+03   1.0000196e-02
   3.2130000e+03   1.0000046e-02
   3.4315000e+03   9.9996542e-03
   3.6648500e+03   1.0000105e-02
   3.9140800e+03   1.0000143e-02
   4.1802600e+03   2.0000207e-02
   4.4645400e+03   0.0000000e+00
   4.7681400e+03   1.0000114e-02
   5.0924000e+03   1.0000082e-02
   5.4387100e+03   0.0000000e+00
   5.8085700e+03   1.9999521e-02
   6.2035700e+03   1.0000201e-02
   6.6254500e+03   9.9999539e-03
   7.0760100e+03   0.0000000e+00
   7.5572100e+03   1.0000101e-02
   8.0711400e+03   0.0000000e+00
   8.6200100e+03   1.9999972e-02
   9.2062100e+03   1.0000091e-02
   9.8322800e+03   0.0000000e+00
   1.0500900e+04   0.0000000e+00
   1.1215000e+04   0.0000000e+00
   1.1977700e+04   0.0000000e+00
   1.2792200e+04   0.0000000e+00
   1.3662200e+04   1.0000089e-02
   1.4591300e+04   1.9998486e-02
   1.5583500e+04   0.0000000e+00
   1.6643300e+04   0.0000000e+00
   1.7775100e+04   0.0000000e+00
   1.8983900e+04   0.0000000e+00
   2.0274900e+04   0.0000000e+00
   2.1653700e+04   9.9996444e-03
   2.3126200e+04   0.0000000e+00
   2.4698900e+04   0.0000000e+00
   2.6378600e+04   0.0000000e+00
   2.8172400e+04   0.0000000e+00
   3.0088300e+04   0.0000000e+00
   3.2134400e+04   1.0000042e-02
   3.4319700e+04   0.0000000e+00
   3.6653600e+04   0.0000000e+00
   3.9146300e+04   0.0000000e+00
   4.1808400e+04   0.0000000e+00
   4.4651600e+04   1.9999907e-02
   4.7688100e+04   0.0000000e+00
   5.0931100e+04   0.0000000e+00
   5.4394600e+04   0.0000000e+00
   5.8093700e+04   0.0000000e+00
   6.2044400e+04   0.0000000e+00
   6.6263700e+04   0.0000000e+00
   7.0769900e+04   0.0000000e+00
   7.5582600e+04   0.0000000e+00
