   1.2569500e+02   9.9998802e-03
   1.3822800e+02   0.0000000e+00
   1.5201100e+02   2.9999795e-02
   1.6716800e+02   2.0000633e-02
   1.8383700e+02   9.9997482e-03
   2.0216700e+02   0.0000000e+00
   2.2232600e+02   0.0000000e+00
   2.4449400e+02   1.9999516e-02
   2.6887200e+02   1.0000237e-02
   2.9568200e+02   1.9999616e-02
   3.2516400e+02   0.0000000e+00
   3.5758700e+02   0.0000000e+00
   3.9324200e+02   0.0000000e+00
   4.3245200e+02   1.0000002e-02
   4.7557200e+02   2.0000191e-02
   5.2299200e+02   2.9999595e-02
   5.7513900e+02   1.0000115e-02
   6.3248700e+02   2.9999705e-02
   6.9555200e+02   5.0000073e-02
   7.6490600e+02   0.0000000e+00
   8.4117500e+02   2.9999968e-02
   9.2504900e+02   3.0001293e-02
   1.0172900e+03   3.9998413e-02
   1.1187200e+03   1.0000167e-02
   1.2302700e+03   2.9999807e-02
   1.3529400e+03   4.9999201e-02
   1.4878400e+03   4.0001713e-02
   1.6362000e+03   1.9999333e-02
   1.7993400e+03   9.9998290e-03
   1.9787500e+03   2.0000723e-02
   2.1760600e+03   1.9999470e-02
   2.3930300e+03   9.9999781e-03
   2.6316400e+03   2.0000575e-02
   2.8940500e+03   3.9999033e-02
   3.1826100e+03   2.0000004e-02
   3.4999500e+03   9.9999521e-03
   3.8489300e+03   1.0000040e-02
   4.2327100e+03   2.0000190e-02
   4.6547600e+03   4.0000162e-02
   5.1188900e+03   0.0000000e+00
   5.6292900e+03   5.0000043e-02
   6.1905900e+03   1.0000021e-02
   6.8078600e+03   2.0000142e-02
   7.4866800e+03   2.0000004e-02
   8.2331800e+03   0.0000000e+00
   9.0541100e+03   0.0000000e+00
   9.9569000e+03   9.9998787e-03
   1.0949700e+04   2.0000029e-02
   1.2041500e+04   0.0000000e+00
   1.3242200e+04   2.0000231e-02
   1.4562600e+04   0.0000000e+00
   1.6014600e+04   0.0000000e+00
   1.7611400e+04   0.0000000e+00
   1.9367500e+04   0.0000000e+00
   2.1298600e+04   1.0000036e-02
   2.3422300e+04   3.9999096e-02
   2.5757700e+04   0.0000000e+00
   2.8326100e+04   9.9999859e-03
   3.1150500e+04   0.0000000e+00
   3.4256500e+04   9.9999058e-03
   3.7672200e+04   0.0000000e+00
   4.1428500e+04   1.0000083e-02
   4.5559400e+04   9.9998909e-03
   5.0102100e+04   0.0000000e+00
   5.5097900e+04   0.0000000e+00
   6.0591700e+04   0.0000000e+00
   6.6633300e+04   0.0000000e+00
   7.3277400e+04   0.0000000e+00
   8.0583900e+04   0.0000000e+00
   8.8618900e+04   1.0000041e-02
   9.7455200e+04   0.0000000e+00
   1.0717200e+05   0.0000000e+00
   1.1785900e+05   0.0000000e+00
   1.2961000e+05   0.0000000e+00
   1.4253400e+05   0.0000000e+00
   1.5674600e+05   0.0000000e+00
   1.7237500e+05   0.0000000e+00
   1.8956300e+05   0.0000000e+00
   2.0846400e+05   0.0000000e+00
   2.2925000e+05   0.0000000e+00
   2.5210900e+05   0.0000000e+00
   2.7724700e+05   0.0000000e+00
   3.0489100e+05   0.0000000e+00
   3.3529200e+05   0.0000000e+00
   3.6872500e+05   0.0000000e+00
   4.0549000e+05   0.0000000e+00
   4.4592200e+05   0.0000000e+00
   4.9038500e+05   0.0000000e+00
   5.3928100e+05   0.0000000e+00
   5.9305300e+05   0.0000000e+00
   6.5218700e+05   0.0000000e+00
   7.1721700e+05   0.0000000e+00
   7.8873100e+05   0.0000000e+00
   8.6737600e+05   0.0000000e+00
   9.5386200e+05   0.0000000e+00
   1.0489700e+06   0.0000000e+00
   1.1535700e+06   0.0000000e+00
   1.2685900e+06   0.0000000e+00
   1.3950800e+06   9.9997043e-03
