   1.0871900e+02   9.9996127e-03
   1.1876100e+02   0.0000000e+00
   1.2973100e+02   1.0000576e-02
   1.4171500e+02   0.0000000e+00
   1.5480500e+02   0.0000000e+00
   1.6910400e+02   9.9998771e-03
   1.8472400e+02   0.0000000e+00
   2.0178700e+02   1.0000453e-02
   2.2042700e+02   0.0000000e+00
   2.4078700e+02   2.0000362e-02
   2.6302900e+02   1.9999957e-02
   2.8732500e+02   0.0000000e+00
   3.1386500e+02   2.0000131e-02
   3.4285700e+02   4.0000160e-02
   3.7452700e+02   1.9999923e-02
   4.0912200e+02   1.0000065e-02
   4.4691300e+02   2.9999687e-02
   4.8819400e+02   1.0000087e-02
   5.3328900e+02   9.9999770e-03
   5.8254900e+02   0.0000000e+00
   6.3635900e+02   2.0000118e-02
   6.9514000e+02   1.9999938e-02
   7.5935000e+02   2.9999867e-02
   8.2949100e+02   2.0000150e-02
   9.0611200e+02   2.9999767e-02
   9.8980900e+02   6.0001319e-02
   1.0812400e+03   1.9999167e-02
   1.1811100e+03   3.0000100e-02
   1.2902100e+03   3.0000705e-02
   1.4093900e+03   3.0000984e-02
   1.5395800e+03   1.9999846e-02
   1.6817900e+03   1.9999093e-02
   1.8371300e+03   2.0000503e-02
   2.0068300e+03   2.9999725e-02
   2.1922000e+03   1.0000280e-02
   2.3947000e+03   9.9996239e-03
   2.6158900e+03   2.9999814e-02
   2.8575200e+03   9.9999833e-03
   3.1214700e+03   2.0000589e-02
   3.4098100e+03   0.0000000e+00
   3.7247700e+03   0.0000000e+00
   4.0688300e+03   1.0000050e-02
   4.4446700e+03   0.0000000e+00
   4.8552200e+03   4.0000155e-02
   5.3037000e+03   0.0000000e+00
   5.7936000e+03   3.0000213e-02
   6.3287600e+03   0.0000000e+00
   6.9133500e+03   4.0000128e-02
   7.5519400e+03   0.0000000e+00
   8.2495100e+03   0.0000000e+00
   9.0115200e+03   1.0000037e-02
   9.8439200e+03   0.0000000e+00
   1.0753200e+04   1.0000246e-02
   1.1746500e+04   1.9999588e-02
   1.2831500e+04   1.0000424e-02
   1.4016800e+04   0.0000000e+00
   1.5311500e+04   9.9998223e-03
   1.6725800e+04   1.0000213e-02
   1.8270800e+04   1.0000146e-02
   1.9958500e+04   0.0000000e+00
   2.1802000e+04   1.0000202e-02
   2.3815900e+04   1.0000107e-02
   2.6015800e+04   0.0000000e+00
   2.8418800e+04   0.0000000e+00
   3.1043900e+04   1.9999780e-02
   3.3911400e+04   9.9999677e-03
   3.7043800e+04   1.0000142e-02
   4.0465600e+04   9.9999606e-03
   4.4203400e+04   0.0000000e+00
   4.8286500e+04   9.9999468e-03
   5.2746700e+04   9.9999469e-03
   5.7618900e+04   0.0000000e+00
   6.2941200e+04   0.0000000e+00
   6.8755100e+04   0.0000000e+00
   7.5106000e+04   0.0000000e+00
   8.2043600e+04   0.0000000e+00
   8.9622000e+04   9.9999761e-03
   9.7900400e+04   0.0000000e+00
   1.0694300e+05   1.0000610e-02
   1.1682200e+05   0.0000000e+00
   1.2761300e+05   0.0000000e+00
   1.3940000e+05   0.0000000e+00
   1.5227700e+05   0.0000000e+00
   1.6634300e+05   0.0000000e+00
   1.8170800e+05   0.0000000e+00
   1.9849200e+05   0.0000000e+00
   2.1682700e+05   0.0000000e+00
   2.3685500e+05   0.0000000e+00
   2.5873400e+05   0.0000000e+00
   2.8263300e+05   0.0000000e+00
   3.0874000e+05   0.0000000e+00
   3.3725800e+05   0.0000000e+00
   3.6841100e+05   0.0000000e+00
   4.0244100e+05   0.0000000e+00
   4.3961500e+05   0.0000000e+00
   4.8022200e+05   0.0000000e+00
   5.2458000e+05   0.0000000e+00
   5.7303600e+05   0.0000000e+00
   6.2596700e+05   0.0000000e+00
