   1.3980700e+02   9.9997997e-03
   1.5307500e+02   1.9999321e-02
   1.6760200e+02   1.0000508e-02
   1.8350900e+02   0.0000000e+00
   2.0092400e+02   0.0000000e+00
   2.1999300e+02   9.9998521e-03
   2.4087100e+02   0.0000000e+00
   2.6373100e+02   9.9999115e-03
   2.8876000e+02   2.0000279e-02
   3.1616500e+02   9.9998564e-03
   3.4617000e+02   0.0000000e+00
   3.7902300e+02   3.0000030e-02
   4.1499400e+02   1.0000048e-02
   4.5437900e+02   0.0000000e+00
   4.9750200e+02   9.9999954e-03
   5.4471700e+02   1.0000023e-02
   5.9641300e+02   1.9999920e-02
   6.5301500e+02   1.0000001e-02
   7.1498900e+02   9.9999271e-03
   7.8284400e+02   1.0000093e-02
   8.5714000e+02   1.9999972e-02
   9.3848600e+02   9.9997497e-03
   1.0275500e+03   3.0000273e-02
   1.1250700e+03   2.0001069e-02
   1.2318500e+03   0.0000000e+00
   1.3487500e+03   1.0000576e-02
   1.4767600e+03   3.9999791e-02
   1.6169100e+03   2.9999782e-02
   1.7703600e+03   0.0000000e+00
   1.9383700e+03   3.0000013e-02
   2.1223300e+03   1.0000080e-02
   2.3237500e+03   9.9998226e-03
   2.5442800e+03   0.0000000e+00
   2.7857500e+03   1.0000015e-02
   3.0501300e+03   1.9999974e-02
   3.3396000e+03   4.9999504e-02
   3.6565400e+03   3.9999954e-02
   4.0035600e+03   3.0000350e-02
   4.3835200e+03   0.0000000e+00
   4.7995300e+03   0.0000000e+00
   5.2550300e+03   2.0000170e-02
   5.7537600e+03   2.9999659e-02
   6.2998100e+03   1.0000021e-02
   6.8976900e+03   1.9999950e-02
   7.5523100e+03   2.0000049e-02
   8.2690600e+03   1.0000010e-02
   9.0538300e+03   1.0000037e-02
   9.9130800e+03   5.0001384e-02
   1.0853900e+04   2.0000422e-02
   1.1884000e+04   9.9996613e-03
   1.3011800e+04   2.0000440e-02
   1.4246700e+04   3.9997974e-02
   1.5598700e+04   0.0000000e+00
   1.7079100e+04   1.0000110e-02
   1.8700000e+04   0.0000000e+00
   2.0474700e+04   3.0000870e-02
   2.2417900e+04   0.0000000e+00
   2.4545400e+04   0.0000000e+00
   2.6874900e+04   9.9998219e-03
   2.9425400e+04   9.9999934e-03
   3.2218000e+04   0.0000000e+00
   3.5275700e+04   0.0000000e+00
   3.8623500e+04   0.0000000e+00
   4.2289000e+04   9.9999881e-03
   4.6302400e+04   1.9999997e-02
   5.0696700e+04   0.0000000e+00
   5.5508000e+04   3.0000259e-02
   6.0776000e+04   9.9999813e-03
   6.6543900e+04   0.0000000e+00
   7.2859200e+04   0.0000000e+00
   7.9773900e+04   0.0000000e+00
   8.7344800e+04   0.0000000e+00
   9.5634200e+04   0.0000000e+00
   1.0471000e+05   1.0000510e-02
   1.1464800e+05   0.0000000e+00
   1.2552800e+05   9.9998437e-03
   1.3744100e+05   0.0000000e+00
   1.5048500e+05   0.0000000e+00
   1.6476700e+05   0.0000000e+00
   1.8040400e+05   0.0000000e+00
   1.9752500e+05   9.9999975e-03
   2.1627100e+05   0.0000000e+00
   2.3679600e+05   0.0000000e+00
   2.5926900e+05   0.0000000e+00
   2.8387500e+05   0.0000000e+00
   3.1081600e+05   0.0000000e+00
   3.4031400e+05   0.0000000e+00
   3.7261100e+05   9.9998785e-03
   4.0797300e+05   0.0000000e+00
   4.4669200e+05   0.0000000e+00
   4.8908500e+05   0.0000000e+00
   5.3550100e+05   0.0000000e+00
   5.8632300e+05   0.0000000e+00
   6.4196700e+05   0.0000000e+00
   7.0289300e+05   0.0000000e+00
   7.6960000e+05   0.0000000e+00
   8.4263900e+05   0.0000000e+00
   9.2260900e+05   0.0000000e+00
   1.0101700e+06   0.0000000e+00
