   1.3406300e+02   9.9997499e-03
   1.4477600e+02   1.9999330e-02
   1.5634500e+02   1.0000060e-02
   1.6883900e+02   1.0000485e-02
   1.8233200e+02   0.0000000e+00
   1.9690200e+02   0.0000000e+00
   2.1263700e+02   1.9999584e-02
   2.2962900e+02   0.0000000e+00
   2.4798000e+02   0.0000000e+00
   2.6779600e+02   9.9998776e-03
   2.8919600e+02   1.0000268e-02
   3.1230700e+02   9.9999205e-03
   3.3726400e+02   2.0000325e-02
   3.6421600e+02   0.0000000e+00
   3.9332100e+02   1.9999860e-02
   4.2475200e+02   1.0000015e-02
   4.5869500e+02   0.0000000e+00
   4.9535100e+02   0.0000000e+00
   5.3493500e+02   2.0000037e-02
   5.7768300e+02   0.0000000e+00
   6.2384700e+02   1.9999927e-02
   6.7370000e+02   3.9999976e-02
   7.2753700e+02   2.0000276e-02
   7.8567700e+02   2.9999866e-02
   8.4846200e+02   4.0000244e-02
   9.1626500e+02   3.9999500e-02
   9.8948500e+02   0.0000000e+00
   1.0685600e+03   1.9999790e-02
   1.1539500e+03   0.0000000e+00
   1.2461600e+03   3.0001786e-02
   1.3457500e+03   2.9999466e-02
   1.4532900e+03   1.0000362e-02
   1.5694300e+03   5.9996896e-02
   1.6948400e+03   1.0000091e-02
   1.8302800e+03   9.9998547e-03
   1.9765400e+03   9.9999882e-03
   2.1344900e+03   1.0000440e-02
   2.3050700e+03   0.0000000e+00
   2.4892700e+03   2.9999523e-02
   2.6881900e+03   9.9999999e-03
   2.9030100e+03   1.0000138e-02
   3.1350000e+03   1.9999588e-02
   3.3855200e+03   2.0000355e-02
   3.6560700e+03   0.0000000e+00
   3.9482300e+03   3.0000683e-02
   4.2637500e+03   9.9998254e-03
   4.6044700e+03   3.0000441e-02
   4.9724300e+03   0.0000000e+00
   5.3697900e+03   1.9999873e-02
   5.7989000e+03   1.9999834e-02
   6.2623000e+03   5.0000412e-02
   6.7627400e+03   1.0000063e-02
   7.3031700e+03   9.9999239e-03
   7.8867800e+03   0.0000000e+00
   8.5170300e+03   2.0000087e-02
   9.1976500e+03   0.0000000e+00
   9.9326500e+03   1.0000059e-02
   1.0726400e+04   2.0000619e-02
   1.1583600e+04   0.0000000e+00
   1.2509200e+04   0.0000000e+00
   1.3508900e+04   2.9999197e-02
   1.4588400e+04   0.0000000e+00
   1.5754200e+04   0.0000000e+00
   1.7013200e+04   0.0000000e+00
   1.8372700e+04   0.0000000e+00
   1.9840900e+04   1.0000395e-02
   2.1426500e+04   9.9997617e-03
   2.3138700e+04   1.0000173e-02
   2.4987800e+04   0.0000000e+00
   2.6984600e+04   0.0000000e+00
   2.9141000e+04   0.0000000e+00
   3.1469700e+04   1.0000299e-02
   3.3984600e+04   1.0000037e-02
   3.6700400e+04   9.9999682e-03
   3.9633200e+04   0.0000000e+00
   4.2800300e+04   1.0000068e-02
   4.6220600e+04   0.0000000e+00
   4.9914200e+04   0.0000000e+00
   5.3903000e+04   0.0000000e+00
   5.8210500e+04   0.0000000e+00
   6.2862300e+04   0.0000000e+00
   6.7885700e+04   0.0000000e+00
   7.3310600e+04   0.0000000e+00
   7.9169100e+04   0.0000000e+00
   8.5495700e+04   0.0000000e+00
   9.2327800e+04   1.0000117e-02
   9.9706000e+04   0.0000000e+00
   1.0767400e+05   0.0000000e+00
   1.1627800e+05   0.0000000e+00
   1.2557000e+05   0.0000000e+00
   1.3560500e+05   9.9995258e-03
   1.4644100e+05   0.0000000e+00
   1.5814400e+05   0.0000000e+00
   1.7078100e+05   0.0000000e+00
   1.8442900e+05   0.0000000e+00
   1.9916700e+05   0.0000000e+00
   2.1508300e+05   0.0000000e+00
   2.3227100e+05   0.0000000e+00
   2.5083200e+05   1.0000190e-02
