   7.5307500e+01   9.9999465e-03
   8.1306700e+01   0.0000000e+00
   8.7783800e+01   0.0000000e+00
   9.4777000e+01   0.0000000e+00
   1.0232700e+02   0.0000000e+00
   1.1047900e+02   0.0000000e+00
   1.1928000e+02   0.0000000e+00
   1.2878200e+02   1.9999613e-02
   1.3904100e+02   1.0000471e-02
   1.5011800e+02   3.0000347e-02
   1.6207700e+02   0.0000000e+00
   1.7498800e+02   2.9999716e-02
   1.8892800e+02   5.0001228e-02
   2.0397900e+02   1.0000234e-02
   2.2022900e+02   2.9999889e-02
   2.3777300e+02   1.0000145e-02
   2.5671500e+02   1.9999323e-02
   2.7716500e+02   1.0000054e-02
   2.9924500e+02   1.0000079e-02
   3.2308400e+02   2.0000099e-02
   3.4882200e+02   2.9999647e-02
   3.7661000e+02   2.0000023e-02
   4.0661200e+02   3.9999909e-02
   4.3900400e+02   9.9998587e-03
   4.7397600e+02   1.0000131e-02
   5.1173500e+02   9.9998998e-03
   5.5250100e+02   0.0000000e+00
   5.9651500e+02   1.0000129e-02
   6.4403600e+02   3.0000055e-02
   6.9534200e+02   9.9999875e-03
   7.5073500e+02   2.9999564e-02
   8.1054000e+02   1.0000111e-02
   8.7511100e+02   9.9999853e-03
   9.4482500e+02   1.9999265e-02
   1.0200900e+03   0.0000000e+00
   1.1013600e+03   2.9997431e-02
   1.1890900e+03   3.0000991e-02
   1.2838200e+03   9.9996845e-03
   1.3860900e+03   0.0000000e+00
   1.4965100e+03   2.0000466e-02
   1.6157300e+03   1.0000450e-02
   1.7444500e+03   9.9994226e-03
   1.8834100e+03   5.0000380e-02
   2.0334500e+03   9.9999181e-03
   2.1954400e+03   2.0000515e-02
   2.3703400e+03   0.0000000e+00
   2.5591700e+03   1.9999851e-02
   2.7630400e+03   2.9999672e-02
   2.9831500e+03   1.0000122e-02
   3.2208000e+03   4.0000052e-02
   3.4773800e+03   0.0000000e+00
   3.7544000e+03   0.0000000e+00
   4.0534900e+03   9.9998769e-03
   4.3764000e+03   2.0000117e-02
   4.7250400e+03   2.9999877e-02
   5.1014500e+03   0.0000000e+00
   5.5078500e+03   9.9999632e-03
   5.9466200e+03   9.9998502e-03
   6.4203400e+03   1.0000108e-02
   6.9318100e+03   1.0000026e-02
   7.4840200e+03   1.0000003e-02
   8.0802200e+03   0.0000000e+00
   8.7239200e+03   0.0000000e+00
   9.4188900e+03   0.0000000e+00
   1.0169200e+04   0.0000000e+00
   1.0979300e+04   0.0000000e+00
   1.1854000e+04   9.9997593e-03
   1.2798300e+04   0.0000000e+00
   1.3817900e+04   9.9993202e-03
   1.4918600e+04   0.0000000e+00
   1.6107100e+04   1.0000440e-02
   1.7390300e+04   0.0000000e+00
   1.8775600e+04   0.0000000e+00
   2.0271300e+04   1.0000123e-02
   2.1886200e+04   0.0000000e+00
   2.3629700e+04   1.0000424e-02
   2.5512200e+04   1.9999214e-02
   2.7544500e+04   0.0000000e+00
   2.9738800e+04   0.0000000e+00
   3.2107900e+04   9.9999237e-03
   3.4665700e+04   0.0000000e+00
   3.7427300e+04   0.0000000e+00
   4.0408900e+04   0.0000000e+00
   4.3628000e+04   0.0000000e+00
   4.7103600e+04   0.0000000e+00
   5.0856000e+04   0.0000000e+00
   5.4907300e+04   0.0000000e+00
   5.9281400e+04   0.0000000e+00
   6.4003900e+04   0.0000000e+00
   6.9102700e+04   0.0000000e+00
   7.4607600e+04   0.0000000e+00
   8.0551100e+04   1.0000060e-02
   8.6968100e+04   0.0000000e+00
   9.3896200e+04   0.0000000e+00
   1.0137600e+05   0.0000000e+00
   1.0945200e+05   0.0000000e+00
   1.1817200e+05   0.0000000e+00
   1.2758500e+05   0.0000000e+00
   1.3774900e+05   1.0000409e-02
