   1.1692000e+02   9.9997384e-03
   1.2653800e+02   9.9995308e-03
   1.3694700e+02   1.0000175e-02
   1.4821300e+02   2.0000666e-02
   1.6040600e+02   9.9995537e-03
   1.7360100e+02   2.9999811e-02
   1.8788200e+02   1.0000047e-02
   2.0333800e+02   2.0000666e-02
   2.2006600e+02   0.0000000e+00
   2.3816900e+02   1.0000150e-02
   2.5776200e+02   2.9999419e-02
   2.7896600e+02   2.0000145e-02
   3.0191500e+02   1.0000121e-02
   3.2675200e+02   1.0000059e-02
   3.5363200e+02   3.9999834e-02
   3.8272300e+02   2.9999781e-02
   4.1420700e+02   2.9999772e-02
   4.4828100e+02   4.0000829e-02
   4.8515900e+02   2.0000001e-02
   5.2507000e+02   9.9999293e-03
   5.6826400e+02   9.9998845e-03
   6.1501100e+02   2.0000314e-02
   6.6560500e+02   9.9999604e-03
   7.2036000e+02   3.9999647e-02
   7.7961900e+02   3.0000237e-02
   8.4375400e+02   0.0000000e+00
   9.1316400e+02   1.9999874e-02
   9.8828400e+02   9.9994893e-03
   1.0695800e+03   2.0000391e-02
   1.1575700e+03   3.0001164e-02
   1.2528000e+03   3.9999956e-02
   1.3558600e+03   1.0000163e-02
   1.4674000e+03   1.9999354e-02
   1.5881100e+03   3.0001421e-02
   1.7187600e+03   0.0000000e+00
   1.8601500e+03   1.9999714e-02
   2.0131700e+03   1.9999892e-02
   2.1787800e+03   9.9997256e-03
   2.3580100e+03   1.0000038e-02
   2.5519900e+03   3.0000426e-02
   2.7619300e+03   1.0000126e-02
   2.9891400e+03   1.0000089e-02
   3.2350400e+03   1.9999530e-02
   3.5011600e+03   1.0000026e-02
   3.7891800e+03   1.9999844e-02
   4.1008900e+03   1.0000126e-02
   4.4382500e+03   2.0000142e-02
   4.8033600e+03   0.0000000e+00
   5.1985000e+03   1.0000039e-02
   5.6261500e+03   3.0000085e-02
   6.0889800e+03   0.0000000e+00
   6.5898800e+03   1.0000032e-02
   7.1319900e+03   0.0000000e+00
   7.7186900e+03   0.0000000e+00
   8.3536600e+03   0.0000000e+00
   9.0408600e+03   0.0000000e+00
   9.7846000e+03   0.0000000e+00
   1.0589500e+04   0.0000000e+00
   1.1460700e+04   0.0000000e+00
   1.2403500e+04   0.0000000e+00
   1.3423800e+04   1.0000055e-02
   1.4528100e+04   9.9996885e-03
   1.5723200e+04   1.0000359e-02
   1.7016700e+04   9.9995833e-03
   1.8416500e+04   0.0000000e+00
   1.9931600e+04   0.0000000e+00
   2.1571200e+04   0.0000000e+00
   2.3345700e+04   0.0000000e+00
   2.5266300e+04   0.0000000e+00
   2.7344700e+04   1.0000062e-02
   2.9594200e+04   0.0000000e+00
   3.2028800e+04   9.9999618e-03
   3.4663600e+04   0.0000000e+00
   3.7515100e+04   0.0000000e+00
   4.0601300e+04   0.0000000e+00
   4.3941300e+04   1.0000055e-02
   4.7556100e+04   0.0000000e+00
   5.1468200e+04   0.0000000e+00
   5.5702200e+04   0.0000000e+00
   6.0284500e+04   0.0000000e+00
   6.5243700e+04   0.0000000e+00
   7.0610900e+04   0.0000000e+00
   7.6419600e+04   1.0000032e-02
   8.2706200e+04   0.0000000e+00
   8.9509900e+04   0.0000000e+00
   9.6873300e+04   9.9994435e-03
   1.0484200e+05   0.0000000e+00
   1.1346700e+05   0.0000000e+00
   1.2280100e+05   0.0000000e+00
   1.3290400e+05   0.0000000e+00
   1.4383700e+05   0.0000000e+00
   1.5566900e+05   0.0000000e+00
   1.6847500e+05   0.0000000e+00
   1.8233500e+05   0.0000000e+00
   1.9733400e+05   0.0000000e+00
   2.1356800e+05   0.0000000e+00
   2.3113700e+05   0.0000000e+00
   2.5015100e+05   0.0000000e+00
   2.7072900e+05   0.0000000e+00
