   1.8252400e+02   4.0000824e-02
   1.9885200e+02   9.9998444e-03
   2.1664000e+02   1.0000254e-02
   2.3602000e+02   9.9999402e-03
   2.5713300e+02   2.0000193e-02
   2.8013500e+02   0.0000000e+00
   3.0519400e+02   0.0000000e+00
   3.3249500e+02   1.0000230e-02
   3.6223900e+02   2.0000008e-02
   3.9464300e+02   0.0000000e+00
   4.2994500e+02   2.0000182e-02
   4.6840600e+02   2.9999901e-02
   5.1030700e+02   1.9999831e-02
   5.5595600e+02   3.0000040e-02
   6.0568900e+02   1.0000047e-02
   6.5987100e+02   2.0000147e-02
   7.1890000e+02   0.0000000e+00
   7.8320900e+02   0.0000000e+00
   8.5327000e+02   3.9999983e-02
   9.2959900e+02   2.0000969e-02
   1.0127600e+03   2.9998063e-02
   1.1033500e+03   9.9999879e-03
   1.2020500e+03   2.0000150e-02
   1.3095800e+03   0.0000000e+00
   1.4267300e+03   3.0000580e-02
   1.5543600e+03   9.9996595e-03
   1.6934000e+03   0.0000000e+00
   1.8448900e+03   2.9999318e-02
   2.0099200e+03   0.0000000e+00
   2.1897200e+03   1.9999936e-02
   2.3856000e+03   3.9999483e-02
   2.5990000e+03   9.9998831e-03
   2.8314900e+03   1.9999956e-02
   3.0847800e+03   1.0000042e-02
   3.3607300e+03   1.0000218e-02
   3.6613700e+03   1.9999616e-02
   3.9888900e+03   0.0000000e+00
   4.3457200e+03   4.9999350e-02
   4.7344600e+03   2.9999997e-02
   5.1579800e+03   2.0000186e-02
   5.6193900e+03   0.0000000e+00
   6.1220700e+03   3.0000103e-02
   6.6697200e+03   2.0000089e-02
   7.2663600e+03   2.0000028e-02
   7.9163700e+03   9.9999278e-03
   8.6245200e+03   2.0000162e-02
   9.3960300e+03   9.9994078e-03
   1.0236500e+04   3.0002982e-02
   1.1152300e+04   9.9997429e-03
   1.2149900e+04   0.0000000e+00
   1.3236700e+04   3.0000239e-02
   1.4420800e+04   9.9999123e-03
   1.5710800e+04   9.9999410e-03
   1.7116200e+04   1.0000451e-02
   1.8647400e+04   1.0000026e-02
   2.0315500e+04   0.0000000e+00
   2.2132800e+04   0.0000000e+00
   2.4112700e+04   0.0000000e+00
   2.6269700e+04   1.9999599e-02
   2.8619600e+04   1.0000167e-02
   3.1179800e+04   0.0000000e+00
   3.3969000e+04   0.0000000e+00
   3.7007600e+04   9.9999611e-03
   4.0318100e+04   1.0000153e-02
   4.3924800e+04   0.0000000e+00
   4.7854100e+04   0.0000000e+00
   5.2134900e+04   0.0000000e+00
   5.6798600e+04   0.0000000e+00
   6.1879500e+04   0.0000000e+00
   6.7414900e+04   2.0000063e-02
   7.3445500e+04   0.0000000e+00
   8.0015500e+04   0.0000000e+00
   8.7173300e+04   0.0000000e+00
   9.4971300e+04   0.0000000e+00
   1.0346700e+05   0.0000000e+00
   1.1272300e+05   0.0000000e+00
   1.2280600e+05   0.0000000e+00
   1.3379200e+05   9.9997427e-03
   1.4576000e+05   1.0000052e-02
   1.5879900e+05   0.0000000e+00
   1.7300400e+05   0.0000000e+00
   1.8848000e+05   0.0000000e+00
   2.0534100e+05   0.0000000e+00
   2.2371000e+05   0.0000000e+00
   2.4372100e+05   0.0000000e+00
   2.6552300e+05   0.0000000e+00
   2.8927600e+05   0.0000000e+00
   3.1515300e+05   0.0000000e+00
   3.4334500e+05   0.0000000e+00
   3.7405900e+05   9.9998868e-03
   4.0752000e+05   0.0000000e+00
   4.4397500e+05   0.0000000e+00
   4.8369000e+05   0.0000000e+00
   5.2695900e+05   0.0000000e+00
   5.7409800e+05   0.0000000e+00
   6.2545300e+05   0.0000000e+00
   6.8140300e+05   0.0000000e+00
   7.4235800e+05   0.0000000e+00
   8.0876500e+05   1.0000013e-02
