   1.1228000e+02   9.9999102e-03
   1.2206800e+02   9.9996989e-03
   1.3270900e+02   2.0000024e-02
   1.4427800e+02   2.9998786e-02
   1.5685500e+02   1.0000029e-02
   1.7052900e+02   1.9999973e-02
   1.8539500e+02   1.9999990e-02
   2.0155700e+02   2.0000191e-02
   2.1912800e+02   0.0000000e+00
   2.3823100e+02   3.0000207e-02
   2.5899900e+02   9.9998414e-03
   2.8157700e+02   0.0000000e+00
   3.0612400e+02   9.9998046e-03
   3.3281000e+02   1.0000027e-02
   3.6182300e+02   1.0000267e-02
   3.9336600e+02   2.9999241e-02
   4.2765700e+02   0.0000000e+00
   4.6493900e+02   9.9999299e-03
   5.0547000e+02   3.0000245e-02
   5.4953500e+02   1.9999989e-02
   5.9744100e+02   9.9999523e-03
   6.4952300e+02   2.9999695e-02
   7.0614500e+02   1.0000075e-02
   7.6770400e+02   3.0000001e-02
   8.3462900e+02   4.9999839e-02
   9.0738800e+02   9.9999957e-03
   9.8649000e+02   2.0000504e-02
   1.0724900e+03   9.9995034e-03
   1.1659800e+03   2.0000959e-02
   1.2676300e+03   9.9994323e-03
   1.3781300e+03   0.0000000e+00
   1.4982700e+03   6.0003301e-02
   1.6288900e+03   3.0000198e-02
   1.7708900e+03   0.0000000e+00
   1.9252600e+03   0.0000000e+00
   2.0931000e+03   0.0000000e+00
   2.2755700e+03   9.9997920e-03
   2.4739400e+03   2.0000244e-02
   2.6896100e+03   1.0000075e-02
   2.9240800e+03   1.0000068e-02
   3.1789900e+03   2.0000001e-02
   3.4561200e+03   0.0000000e+00
   3.7574000e+03   1.0000178e-02
   4.0849600e+03   1.0000032e-02
   4.4410700e+03   1.9999859e-02
   4.8282200e+03   2.9999816e-02
   5.2491200e+03   1.0000116e-02
   5.7067200e+03   9.9998455e-03
   6.2042000e+03   0.0000000e+00
   6.7450600e+03   9.9999396e-03
   7.3330600e+03   0.0000000e+00
   7.9723300e+03   1.9999936e-02
   8.6673200e+03   0.0000000e+00
   9.4229000e+03   1.9998872e-02
   1.0244300e+04   2.0000975e-02
   1.1137400e+04   0.0000000e+00
   1.2108300e+04   0.0000000e+00
   1.3163900e+04   0.0000000e+00
   1.4311400e+04   9.9999382e-03
   1.5559000e+04   0.0000000e+00
   1.6915400e+04   9.9999262e-03
   1.8390000e+04   3.0000682e-02
   1.9993200e+04   1.9999777e-02
   2.1736100e+04   0.0000000e+00
   2.3630900e+04   2.0000563e-02
   2.5691000e+04   9.9998812e-03
   2.7930600e+04   0.0000000e+00
   3.0365500e+04   9.9998967e-03
   3.3012600e+04   0.0000000e+00
   3.5890500e+04   2.0000166e-02
   3.9019300e+04   9.9998998e-03
   4.2420800e+04   0.0000000e+00
   4.6118900e+04   0.0000000e+00
   5.0139300e+04   0.0000000e+00
   5.4510200e+04   0.0000000e+00
   5.9262200e+04   0.0000000e+00
   6.4428400e+04   0.0000000e+00
   7.0045000e+04   1.0000002e-02
   7.6151200e+04   9.9999709e-03
   8.2789700e+04   0.0000000e+00
   9.0007000e+04   0.0000000e+00
   9.7853400e+04   0.0000000e+00
   1.0638400e+05   0.0000000e+00
   1.1565800e+05   0.0000000e+00
   1.2574000e+05   0.0000000e+00
   1.3670200e+05   0.0000000e+00
   1.4861900e+05   0.0000000e+00
   1.6157500e+05   0.0000000e+00
   1.7566000e+05   0.0000000e+00
   1.9097400e+05   0.0000000e+00
   2.0762200e+05   0.0000000e+00
   2.2572100e+05   0.0000000e+00
   2.4539900e+05   0.0000000e+00
   2.6679200e+05   0.0000000e+00
   2.9004900e+05   0.0000000e+00
   3.1533500e+05   0.0000000e+00
   3.4282400e+05   1.0000035e-02
   3.7271000e+05   0.0000000e+00
   4.0520100e+05   1.0000083e-02
