4.030566613836963213e-03
6.027584488226976969e-03
6.092920494890735963e-03
8.955932456858429341e-03
5.322488976686601606e-03
6.790745320827510333e-03
5.207768989427912637e-03
3.193903541599541363e-03
6.264734150486696122e-03
4.710241610081151824e-03
1.122369565666582122e-02
4.181050829169701173e-03
1.048677757544877291e-02
7.130879753917674507e-03
3.550190027589086774e-03
4.925334404323889435e-03
1.504773393276816022e-02
7.868609224872716301e-03
4.055960248695913636e-03
8.252830673589992005e-03
5.790683271198516363e-03
3.132015589855724307e-03
5.912511053723023061e-03
4.592760066102279451e-03
4.946535765745821087e-03
6.928915636262443674e-03
7.738710585292889882e-03
4.752373245601838186e-03
3.420672547054897077e-03
4.456997651349190598e-03
4.418428175177203758e-03
4.998879534579689886e-03
7.158293471976930229e-03
9.215961721802510068e-03
9.165998241977918459e-03
7.826979684325142961e-03
3.421225830690517201e-03
2.911459411902069232e-03
8.572733121086350064e-03
5.231504420358741407e-03
4.465831839175409684e-03
9.033179211814510931e-03
1.064407560690809780e-02
6.552457930474409574e-03
5.134162367751412062e-03
7.210631077175008903e-03
1.139509984966296206e-02
4.077752292879104241e-03
3.528653735704055921e-03
8.201331049076613505e-03
1.053053877050127117e-02
3.733067824105831389e-03
4.234770285587329507e-03
2.358233059419785962e-02
5.117346257677439329e-03
8.922297175711389056e-03
3.554011082617032722e-03
5.151050707208816581e-03
3.825591793542433301e-03
6.212803702461146792e-03
4.409579834030257460e-03
5.831041557767255475e-03
4.135389270626370871e-03
1.380925987389275758e-02
3.988608772591159708e-03
6.543548304836356404e-03
4.306541216481767076e-03
7.904456720973762271e-03
5.798099299801055644e-03
7.169602712773715664e-03
2.087747299671722720e-02
6.058365178112134000e-03
7.621922153706805689e-03
5.634449559957160208e-03
5.625404577622518040e-03
9.388055875316362112e-03
6.385674203867007515e-03
1.269724524018747865e-02
5.172991596713923980e-03
4.260139165593306888e-03
3.694952200851089712e-03
7.428596715551698607e-03
8.343353597519899412e-03
1.186550318544275437e-02
1.302391246331956361e-02
4.072662289526689412e-03
5.315639513790903527e-03
9.146321117612469034e-03
6.203412782221302650e-03
8.752560096272512039e-03
4.275061823929155076e-03
1.105930682018454493e-02
5.189420707844823698e-03
5.914413237750553061e-03
3.725349098681337168e-03
6.229109225914534510e-03
4.803560657658030586e-03
7.625776651911744981e-03
4.583007257977379095e-03
5.069162720138011176e-03
6.215889079372992169e-03
3.644310057713635517e-03
3.401644282097432328e-03
4.657537685598129272e-03
1.029230633568731061e-02
5.365492468925390189e-03
5.183438754026343381e-03
1.010229879853210763e-02
7.523742121571544428e-03
3.760387144361056980e-03
9.641578451517465384e-03
4.650093360601579955e-03
8.507304512757652565e-03
5.933118812776408922e-03
1.257665098805741885e-02
4.509608696339467010e-03
1.179625872636274816e-02
4.771698988185490466e-03
5.714647347880854114e-03
3.402880541096202621e-03
6.688652019532082341e-03
5.181498630778905330e-03
5.114696417632952699e-03
6.995947856659463608e-03
5.141321075980943671e-03
2.159655123460782478e-02
9.883499079647911981e-03
6.017055947017576657e-03
6.508412007404075494e-03
4.551697159241164907e-03
5.442325161324822018e-03
6.481838900064066863e-03
4.330135220830805612e-03
7.533458623266904922e-03
1.222411824458182091e-02
1.107906644460671629e-02
1.045654044905893268e-02
4.144310598099157882e-03
8.030570704313967287e-03
7.127382365048145173e-03
7.512402922510675977e-03
6.809911726830751924e-03
1.699421652034211958e-02
3.731612291749466636e-03
9.651599602026840127e-03
8.253772777365733782e-03
8.955561740582224789e-03
4.735957370658872359e-03
1.353493823768996129e-02
7.650734013749206815e-03
7.557916888505343544e-03
5.217182137876946735e-03
7.232520641326235268e-03
6.148977329225812326e-03
1.278911021130085292e-02
6.212598683791048688e-03
5.068025426419269126e-03
4.410218285248802481e-03
6.082364145891678772e-03
8.873445457505641648e-03
1.340811744680810505e-02
7.753125781054471567e-03
5.223212246927254332e-03
6.379181016872226967e-03
1.045842689143312854e-02
8.690019187098106321e-03
2.843815548573657825e-03
5.669395952972389185e-03
1.357907247192663425e-02
7.095036449832192206e-03
1.543870517622796673e-02
9.011605544476225180e-03
6.680269554897131680e-03
5.344042220183704839e-03
3.275272634982192774e-03
5.749959740391710414e-03
1.090271319854075813e-02
5.751157425218686448e-03
7.949599841668712058e-03
1.863982707009131587e-02
1.028239567276423121e-02
7.607523480025634409e-03
9.415637852466312088e-03
9.404390490957805979e-03
3.886078221089953912e-03
7.473245062309584463e-03
9.548601480324311885e-03
1.359708515208841659e-02
5.468892901463386948e-03
1.985236713031043529e-02
3.595847450969442451e-03
6.980075784049460420e-03
1.107628083394555235e-02
4.557850850414432893e-03
1.809226087197918914e-02
3.766072786630164735e-03
7.597831592273247142e-03
8.818968337152156833e-03
9.576545745931107356e-03
4.859965474933950619e-03
9.960987995249165339e-03
5.635770257894518256e-03
7.675717858164757441e-03
7.736767894753062737e-03
5.788613047685155916e-03
4.776328819530213481e-03
9.509340528263935874e-03
4.419281292962873309e-03
1.253777140936063357e-02
3.696590011062199799e-03
1.353647428224464405e-02
8.660351138663244241e-03
5.828246062592559208e-03
5.914603038691517919e-03
8.040610503062855380e-03
5.053830350488616036e-03
1.133279223601936156e-02
7.946601602960973870e-03
8.430146184673985646e-03
3.028431929492842768e-03
4.844418435063964530e-03
1.256565129637787423e-02
7.334567197042350488e-03
5.713003284637697445e-03
3.258269587836325892e-03
1.065134149334287170e-02
6.538701182081418581e-03
1.285597849819996100e-02
7.365640098009162973e-03
4.394963800108066601e-03
4.514757452701603953e-03
8.534711445697017868e-03
9.940329163112776242e-03
7.182904912106010883e-03
3.974015308995355357e-03
6.652640406323951511e-03
1.177654333788687863e-02
7.356700568710847384e-03
9.643918050823921048e-03
7.901473395434040550e-03
4.893463768544651336e-03
5.660453761734550622e-03
7.620879058991786824e-03
4.078956722632309795e-03
3.645241020115390709e-03
2.817076354429290559e-03
6.017559857058232993e-03
6.128535219689222602e-03
1.084272538534822652e-02
6.846811881820626458e-03
9.706292169781310583e-03
8.213501737890200119e-03
6.339880835630150140e-03
5.200746632974722131e-03
7.577952950825751245e-03
6.032256774587083439e-03
1.683576253218405094e-02
5.109134007990735228e-03
1.133417008170918734e-02
9.852931663321075687e-03
1.176320658147202158e-02
4.396104786065324448e-03
1.108844670253012442e-02
1.058173724283575229e-02
4.348222906475074367e-03
6.237959131131164472e-03
4.797230823567226986e-03
1.468779503479147007e-02
1.554723415233495026e-02
6.581161037242927794e-03
1.555143131378372394e-02
5.100703462243429132e-03
8.476441640192891244e-03
9.286098754406956618e-03
3.360822040237168053e-03
3.893864920679903762e-03
8.594405333982315168e-03
8.502833343771429297e-03
5.574348989201797534e-03
1.049147171860942244e-02
3.659190431163717675e-03
6.353988432609720266e-03
3.254417266174317730e-03
5.412664828588806265e-03
6.468339316871143940e-03
7.416344176118267600e-03
1.138179464672036886e-02
4.037446281019519377e-03
7.387543318215420915e-03
7.218739778873446700e-03
4.253027778994493413e-03
4.592106617104486747e-03
5.974967828831729243e-03
9.948815382162502774e-03
8.934751586111235391e-03
3.308762859665006096e-03
2.587652384574532990e-03
4.309803106409449899e-03
4.412426779125980421e-03
7.015137122874574513e-03
6.694548635795616494e-03
3.665081424889977957e-03
1.265267128844835796e-02
1.015112328014682215e-02
4.584853575084849378e-03
7.164666750622568532e-03
3.591658763814696998e-03
4.438296027424673204e-03
9.812188093841748074e-03
1.106171271870498921e-02
9.596949738669808064e-03
4.506789936207394355e-03
5.735940332051300654e-03
8.411155240851926965e-03
2.599599358618108480e-03
6.352905226403048923e-03
1.578150227815866211e-02
2.373093356124036674e-03
3.505892339608128981e-03
1.274894620521386385e-02
4.786225147463032958e-03
7.044339103181452254e-03
2.950153531101575109e-03
7.195912094690247451e-03
8.000424472691411090e-03
5.931272363081060463e-03
5.562178717033829968e-03
7.560674465402358879e-03
2.888024039932407961e-03
6.604993669439062319e-03
4.950543625467063516e-03
6.049389802396108393e-03
2.762087861283034351e-03
8.918101940667486072e-03
7.104161542350256181e-03
7.654436386858491127e-03
9.930767146965960301e-03
3.958546139567232190e-03
7.094956048763088538e-03
5.750197612057354746e-03
6.272241441617367255e-03
4.437937232958303994e-03
9.309820912011157468e-03
4.331603266845099678e-03
5.133519488840977696e-03
6.519303529151391705e-03
7.275880234803216128e-03
9.377013291407375675e-03
3.625470559370268415e-03
7.129613668828449144e-03
6.347466773645403341e-03
5.719920325482539224e-03
3.383968306654813740e-03
1.092937784010369895e-02
4.299120627732574279e-03
3.168912497568927324e-03
4.244609967367111644e-03
6.448632420804920572e-03
1.223853237818831562e-02
7.299760202559056957e-03
7.745410038988702339e-03
1.406424025705991544e-02
3.972786810245113910e-03
9.430177877987328330e-03
6.391992373079878609e-03
3.892171777171000123e-03
3.607514444325119266e-03
6.801057161011534943e-03
1.442793840298207432e-02
1.075459248090964055e-02
7.730047746178389349e-03
7.376199949034787338e-03
7.779898762564427771e-03
4.180082478457321400e-03
5.260823622893357962e-03
1.040190413704836572e-02
1.223462503291854360e-02
7.693808295344130126e-03
6.514951007633757937e-03
9.711955086005632717e-03
1.065046679995643869e-02
9.422592400202788043e-03
7.984233498301346668e-03
9.062566858895133165e-03
4.806385310599935352e-03
1.246844170952184083e-02
7.433166875789202176e-03
3.784649250059776010e-03
1.229837294986971773e-02
1.137034144196249173e-02
4.425768148684582071e-03
5.686599154405128954e-03
3.639912343491426196e-03
6.942559593495475044e-03
2.467239233829395494e-03
5.707456232007970635e-03
8.504549184049296773e-03
6.673446318544922623e-03
6.066831454876223453e-03
6.877769631031892261e-03
5.873100957330002619e-03
5.522122873837858811e-03
2.946645639154261108e-03
4.026251906617994009e-03
3.455496733827364501e-03
4.253661628691590701e-03
7.808164957540272150e-03
4.679597103489729557e-03
4.929620968367258785e-03
6.276268861799729447e-03
1.018756114027039722e-02
5.582965081951729754e-03
1.388215871563432818e-02
4.128193723672534711e-03
5.564151023556690272e-03
3.692328176330741604e-03
7.480147983250797980e-03
4.600754392249256815e-03
3.832058943044708028e-03
7.244062901858418571e-03
8.161527094462621770e-03
4.598490593703680185e-03
6.406500188320249888e-03
5.867392466353462711e-03
7.848217855465661197e-03
1.269342290482917447e-02
1.300297381938825270e-02
7.696759102088055089e-03
6.017492945080711760e-03
6.672469687415768722e-03
9.482483882271680944e-03
6.454198035143354772e-03
8.312364684933569101e-03
5.562056099036471850e-03
6.709466833220232261e-03
3.342723826035272437e-03
5.595245035345535085e-03
1.001522080199513699e-02
9.830491876068620655e-03
6.769158476734235368e-03
4.377617944198680493e-03
5.365241716707466572e-03
5.276379867499379067e-03
1.500896691763363780e-02
7.321038996274936879e-03
8.968234305346180907e-03
6.487334675662602239e-03
5.369782764711087883e-03
8.561793959893669592e-03
8.119547842337385135e-03
9.467431828926691287e-03
3.204020256410555680e-03
4.583549986564637406e-03
6.053355472675166216e-03
8.256420735960784060e-03
5.810761608090159180e-03
4.754832496727904971e-03
9.500858500206269680e-03
3.571682710735795373e-03
1.036643742367953855e-02
9.837969809108238969e-03
7.618528109054924224e-03
8.985539007512862580e-03
4.837620631595701895e-03
4.986408149383771311e-03
9.901485409309193977e-03
5.638993659789727324e-03
1.141917788022162907e-02
5.582358876233823285e-03
1.333282250180745088e-02
4.527853827118178721e-03
5.617590164698703023e-03
6.816727870523116989e-03
7.909033400833043181e-03
7.958305698695433694e-03
3.932920931250319385e-03
1.118508638039342022e-02
3.893707792328445633e-03
1.058648691208799800e-02
4.291432778805665330e-03
2.786569929428058846e-03
5.266519557033486065e-03
9.043706939710375800e-03
5.858565827595666950e-03
1.064857548222093546e-02
5.411228548734250444e-03
1.250551730370382496e-02
4.422385441772402545e-03
1.082760465125153296e-02
9.052868951473006659e-03
2.869233543434411733e-03
1.340853391448564719e-02
4.247564882542686181e-03
6.743208179893014215e-03
3.070291426063488475e-03
6.313045188045555457e-03
2.391746765977423653e-02
3.515815463227084988e-03
4.603523755300193906e-03
7.382328915807349727e-03
1.029219542591331381e-02
6.622478725469618625e-03
2.587587187314689501e-03
4.298186801019523995e-03
9.616988936113152198e-03
4.709836580181706728e-03
4.316609815811711486e-03
4.873299320177421241e-03
1.012564524795675665e-02
4.299767495637789837e-03
3.039740173108638945e-03
3.847489352355952519e-03
9.840601057126517962e-03
4.914447917684518392e-03
6.821629539709613867e-03
9.283650779698835939e-03
4.821859420195024129e-03
3.690232676614420629e-03
3.580989587896613903e-03
5.588439034136469426e-03
5.285520485008336593e-03
1.676745334876230190e-02
8.381474992267537102e-03
8.996508438032855062e-03
9.433595907220704291e-03
4.920056762690847019e-03
9.306704178295552646e-03
4.583039244074989943e-03
5.041679956979179360e-03
2.771000719545896416e-03
6.926843469759053941e-03
4.231236629678014789e-03
9.539367924362433804e-03
6.738587715078189246e-03
9.255978794878492663e-03
8.141137972620789143e-03
8.970834591717873063e-03
3.284794931675470882e-03
5.055828709116970063e-03
8.371720107323364635e-03
4.608122004677189278e-03
8.353749884723971758e-03
7.838217840134078379e-03
5.349316993699009155e-03
7.134784617068764059e-03
4.928882019941801564e-03
1.114958305327184637e-02
9.008253581873782584e-03
6.067579279066068892e-03
1.091342417095304482e-02
6.215507105508648149e-03
2.587549065018607871e-03
8.412077458704311089e-03
4.760710993175617731e-03
5.516363344117589280e-03
7.008255707830735558e-03
5.500062656615977742e-03
4.704791664964131336e-03
9.806629263950473324e-03
6.090969247270586716e-03
3.571684686648516141e-03
5.190075950648574341e-03
4.392359006187680770e-03
5.260857025646774494e-03
5.994468198242760074e-03
4.967747842128605353e-03
4.309381536296470923e-03
9.984461120683903873e-03
6.816828536732920732e-03
3.312668301901370606e-03
8.251540404588633346e-03
3.820375775420034592e-03
6.056919324385344992e-03
7.048947004980540137e-03
3.854178396122439308e-03
6.353372970380268686e-03
2.430139650778591169e-03
8.148173200576589933e-03
4.472379590773123414e-03
1.561946284718734868e-02
4.997950346585214657e-03
9.044039560829717980e-03
1.395248512734692525e-02
4.197963979950856440e-03
7.801781069009210492e-03
5.917438559093806533e-03
1.239199822559117030e-02
6.126142166486967661e-03
5.220122707708271977e-03
1.147902131560175551e-02
2.623336135368729664e-03
3.902242454713802412e-03
4.453659578381640761e-03
5.305527845148172786e-03
9.592553483985629542e-03
6.834675756091796936e-03
9.928956275905958737e-03
6.169354575122609416e-03
7.645071919592593725e-03
3.160729740814887008e-03
8.721050795017695062e-03
6.128098445735580616e-03
5.674209053427091247e-03
4.284348893092700811e-03
3.913038072758774459e-03
8.964089177786651458e-03
5.320545686142161626e-03
3.903435025421486335e-03
6.611301016233110325e-03
1.167039708394008307e-02
6.341945009261711931e-03
9.382368201292595744e-03
1.012770430760393664e-02
7.345236880265918963e-03
6.981208652048401415e-03
8.686183996433066365e-03
3.266255932434572289e-03
5.933295093412119074e-03
4.768068319892583215e-03
5.600841775781148155e-03
6.815059508707505855e-03
8.405036692558629646e-03
1.136329962427528976e-02
8.083683396090441189e-03
2.430534346713854928e-03
4.924293279302226906e-03
8.221116148656728087e-03
4.921209655707694912e-03
7.967352143813690585e-03
5.812532354188376139e-03
6.663414719587891326e-03
5.247759977755024792e-03
6.411309132614372193e-03
6.999838161219985692e-03
4.448675189359255731e-03
4.780684145374301461e-03
1.187672848593192797e-02
5.601432993531820122e-03
5.063387570486057622e-03
3.724178613255796268e-03
4.461323489985667169e-03
3.728735181499809054e-03
5.638244081724888730e-03
5.388858599050262363e-03
4.487077018035423755e-03
1.070918296714512725e-02
3.724169388317975695e-03
7.115828377349983115e-03
4.401793192166610948e-03
7.595396172826237614e-03
9.318249129864758507e-03
4.600665084152527270e-03
5.580736195987302979e-03
6.520503218981488734e-03
3.977034879188399118e-03
6.194880378214062330e-03
6.165931331259804672e-03
2.485720069602461238e-03
7.451046586895140357e-03
3.122243172994644891e-03
4.310702110874775096e-03
4.096913430550537701e-03
9.945473848931494359e-03
5.347551095667334164e-03
9.137822226715205942e-03
5.964485217762625045e-03
3.709826912952365885e-03
6.821464265036088735e-03
7.937064306858863591e-03
4.178478047145675611e-03
3.409071545063249373e-03
8.090727897919779144e-03
4.936924029645575578e-03
5.525869319137194195e-03
3.864731421959346526e-03
1.094927524190654131e-02
3.354065139608436615e-03
6.374116315552556290e-03
6.885976441182603720e-03
9.701731736430888389e-03
5.285408515240556070e-03
9.826599205471697046e-03
9.409143964045029590e-03
5.744536184068953395e-03
3.689893804536895951e-03
8.890567569859737784e-03
5.866185018151504928e-03
4.890009750079872194e-03
7.504973511715229070e-03
8.922651601382154338e-03
8.156539195747807697e-03
6.775968543209221796e-03
8.229169026066619069e-03
3.366257745535629863e-03
4.380724757275491349e-03
2.921477729037168757e-03
8.641518420082698604e-03
5.624919103363054153e-03
1.796450313666785384e-02
9.413600928314299829e-03
9.052989082870702489e-03
5.304051813683212553e-03
9.377186794075766108e-03
3.992163602061486564e-03
7.783513863425605035e-03
5.167187930547231453e-03
5.844132716344620920e-03
9.030174948988563266e-03
6.346034189511210073e-03
2.701879363630693177e-03
6.989802864372828342e-03
1.126534915097640414e-02
3.583222337542436332e-03
4.567048923973611799e-03
3.819052188241310423e-03
3.842449735625433349e-03
6.182237226306477179e-03
6.502913739876576595e-03
4.707244237868761332e-03
3.400652727118437611e-03
3.393250888869315824e-03
5.100356431087109052e-03
6.403948320508613158e-03
2.446969459232825606e-03
8.767676196161732979e-03
5.678546718108033568e-03
4.538834329801731335e-03
6.839408682944359864e-03
2.911793196434861626e-03
4.961494985392070345e-03
4.870984193732848418e-03
5.915817113469348798e-03
1.449898862169879225e-02
6.012176178525347435e-03
2.966986112513928745e-03
1.236830493727985279e-02
6.489675406975720789e-03
8.021456848455633601e-03
6.423445826305561150e-03
1.165295140937193559e-02
1.273640880771475734e-02
5.084912824890446340e-03
8.793922641870108303e-03
4.141454069251549949e-03
5.195728072458600903e-03
5.627511011326079803e-03
4.167023503479350827e-03
6.232949315193851703e-03
8.800729580059694912e-03
5.798378285878988750e-03
5.694336021365641390e-03
5.472460453135017527e-03
9.176575546881469980e-03
3.212130682899938094e-03
9.254839868297068742e-03
7.016563093441195720e-03
5.751119992827767764e-03
3.469341704925652057e-03
6.543583244063190182e-03
5.715713116029039545e-03
8.291565814772366635e-03
6.002820415060385224e-03
5.138199919902618033e-03
9.140676975251844916e-03
8.550524543060300173e-03
5.356861399038971225e-03
7.828521866910249927e-03
4.458935632629596087e-03
1.342336680297989519e-02
4.543736108829077303e-03
6.500912026485207440e-03
9.381774019511950058e-03
1.163824999117877776e-02
8.908946924918371979e-03
9.877147570311219441e-03
6.509163515288258345e-03
6.103357388054176692e-03
8.624211599428983563e-03
1.119525495214830114e-02
6.734203185633608549e-03
7.360828237314724111e-03
7.095148760802860721e-03
7.239073563839451206e-03
7.060162574920799371e-03
5.678443739538513793e-03
2.928530466507200426e-03
3.483022318976087845e-03
4.390758803515251545e-03
6.231586445359642290e-03
6.048206364062104663e-03
7.591885487904806440e-03
8.391438831741881293e-03
8.557855638105684240e-03
4.784921400268494704e-03
5.088358125770635516e-03
4.081160753560225847e-03
3.108765586726989355e-03
8.195918204803951529e-03
4.698088246637398442e-03
7.344640845323358556e-03
1.060823553924247244e-02
7.794494856725389317e-03
6.445195503930707843e-03
4.345878036892163003e-03
3.162776618577509916e-03
9.218114885877804615e-03
5.941631211065969559e-03
7.726421610290139415e-03
6.051509379349387027e-03
5.374565808374064287e-03
2.532851854226965231e-03
5.974480128214995807e-03
9.863361259507865894e-03
5.000838782848992733e-03
5.792219341428409343e-03
3.790084889494949039e-03
5.312935693666778064e-03
9.258961226660224891e-03
5.846437750106348898e-03
6.082150015483552517e-03
8.815580036182621079e-03
8.922082192897905564e-03
5.591336431932676827e-03
1.332321625434448702e-02
7.649230297854530888e-03
4.065511464639291403e-03
7.248954167395429277e-03
9.966745655784842173e-03
3.430418588392213173e-03
5.230499306799418768e-03
4.966296793626702802e-03
1.041299515383131008e-02
5.677992554364169782e-03
6.272510800801258009e-03
6.198880915642788515e-03
4.170109466309500530e-03
5.981307599078282584e-03
8.641715693289850342e-03
4.274165814253537768e-03
5.633387516485351132e-03
4.110369876006275333e-03
8.576865906072173376e-03
5.951577604090428283e-03
9.651355308540349870e-03
6.490305000730785256e-03
4.105011218361523731e-03
5.008347978011934258e-03
7.172978994494444253e-03
4.445656768675535636e-03
3.023716052678845304e-03
1.070150828266877921e-02
7.192152140627673836e-03
9.656749321097909608e-03
3.327223308625066722e-03
5.138891153907428067e-03
6.744951856748573026e-03
4.725966619058146606e-03
7.103237215513723279e-03
7.697683122645040260e-03
5.836574022352754819e-03
4.962570335736315834e-03
6.914004060505215925e-03
3.922294642502935184e-03
6.043301266523627008e-03
4.989535342892130292e-03
2.930085030042067600e-03
5.243678591165067300e-03
5.456454137814686217e-03
3.674396149791463433e-03
8.981791370795608881e-03
5.256901662013333497e-03
5.017767032939032812e-03
6.188294523164715975e-03
4.931461461413952883e-03
4.379059339249744866e-03
5.131134317683052476e-03
8.117584578119748859e-03
3.876987251792407378e-03
7.471548622163280695e-03
7.791401222411252492e-03
3.825410032018418741e-03
2.760743109807947855e-03
3.531032056131230227e-03
2.960535021635466672e-03
5.967046230280420756e-03
6.865976424887039811e-03
1.152993669546279604e-02
5.696290229082121882e-03
4.845915543711548125e-03
5.933139027050877631e-03
6.747104980190270392e-03
2.885168597012577416e-03
6.390298237905048945e-03
5.439970902819057062e-03
6.336999219019995994e-03
6.703814466665253963e-03
2.885634764554368802e-03
4.019809963472831087e-03
8.875486249326269839e-03
5.475394876633792214e-03
6.020834994015086469e-03
1.100755512544694496e-02
6.131163294792283704e-03
6.344955658483419914e-03
3.476368623469080262e-03
4.573076440433233858e-03
5.864289169214105361e-03
1.482967918440581540e-02
5.518796755629471612e-03
2.786715635012053729e-03
6.554086985475403304e-03
8.715547749903837516e-03
7.745991274151444415e-03
4.724081571272402413e-03
1.020904173243160525e-02
4.037745510152086943e-03
8.639453528737128796e-03
6.827269428450520247e-03
7.744572701145826209e-03
3.834168204513249863e-03
3.941619938742610060e-03
4.312009808472655470e-03
3.780715624737728594e-03
3.310546096583360815e-03
6.618586437163643914e-03
3.502872381744304760e-03
4.815763726093594786e-03
5.506001362194223349e-03
2.881988232982286933e-03
4.024049338459292739e-03
5.645940316346534371e-03
8.651844835527890479e-03
9.406296061242772760e-03
3.328436374930501731e-03
1.141606801638282709e-02
3.568413886535176747e-03
3.078519559077251121e-03
2.990779340860429993e-03
1.100288993681970348e-02
1.068100423016386281e-02
5.211827523914810446e-03
4.845183934304960090e-03
6.624474528680634848e-03
9.256689002731431637e-03
4.999065602113971982e-03
6.599786842684063869e-03
8.635463956364554730e-03
5.482811418863077664e-03
9.014678198286970104e-03
5.584288348908578864e-03
2.935197401950623459e-03
5.636711538662748933e-03
5.757800788267646019e-03
2.954719287878910128e-03
4.155739128318056141e-03
5.820475150460166329e-03
7.005722755441555483e-03
7.444520963409994620e-03
4.503599510052208425e-03
2.960688025954284243e-03
3.091033054876906380e-03
4.938522135519068934e-03
5.992270089923838403e-03
6.920453776029149816e-03
9.106691356661714143e-03
6.889158002229248297e-03
9.914586693638481260e-03
6.169047975422760344e-03
4.811140208126453779e-03
7.890495512141010997e-03
5.287155476494943308e-03
5.810359929679659828e-03
4.919683077867306568e-03
4.285738079791850952e-03
3.044051417141128806e-03
6.538672456030709436e-03
5.663329128612416656e-03
1.303709585102246632e-02
3.185466406942310223e-03
1.361589522273735572e-02
6.948171510569977304e-03
3.716634752437045306e-03
3.268394203041692821e-03
5.071553268415378811e-03
5.254184736779071198e-03
3.746309866149423635e-03
9.493732810683145132e-03
3.651553356520779569e-03
1.114605234681691551e-02
3.710133009434995327e-03
9.043104448101298848e-03
5.107334071693304771e-03
4.337675808194276297e-03
7.180899135886486227e-03
4.116291617033347380e-03
5.089907598657854478e-03
6.035838798863175231e-03
3.452446190563824777e-03
6.266003134322039626e-03
4.543543896565313024e-03
6.767746726578649508e-03
3.229328233825848500e-03
3.684340502047194973e-03
6.557927694196018231e-03
8.279155898186849397e-03
6.836889411640770589e-03
5.002196029944582824e-03
3.773779039963804077e-03
7.605661076231579748e-03
4.014854178322288351e-03
6.511255868243503650e-03
6.838196867817673136e-03
3.148957245050658556e-03
4.498335300164235488e-03
3.710449490306670043e-03
9.107334982002352614e-03
4.256423723366654401e-03
7.738519356137899680e-03
6.437164211943213407e-03
6.573527978175956049e-03
8.234127241167963143e-03
4.575295269164877943e-03
4.456481360038710635e-03
2.590233183107349974e-03
6.636274748734348992e-03
6.258614533777974095e-03
8.347708130389644085e-03
4.754859739733676392e-03
6.682356763391291560e-03
4.482326805162321383e-03
2.244020452967631935e-03
7.284187665061023741e-03
4.812953204497702649e-03
5.917163440162232640e-03
4.420588702365574156e-03
4.900250097186351073e-03
4.655948391580540593e-03
5.623416085154467683e-03
7.455104195078034179e-03
6.865229095038811492e-03
1.033720689489577536e-02
3.899550057431306997e-03
3.928026606617076276e-03
5.173563336217415834e-03
9.076956860979572966e-03
1.191370761732823622e-02
3.593447102297326473e-03
6.832958099625424317e-03
1.160373463808587330e-02
4.067415136261037616e-03
2.793760291797764070e-03
1.148271917098085335e-02
4.850744472101048074e-03
1.093219604282045718e-02
2.516608996369712904e-03
3.277511547459747120e-03
1.071325460586377600e-02
3.039323740986683928e-03
9.197485629935988824e-03
7.620888860425614579e-03
3.574240886021867649e-03
8.883424258889223435e-03
5.536931977940492619e-03
6.856340259520788370e-03
6.103820904540716019e-03
2.359024417262814508e-03
3.120146894802123747e-03
4.775243557751033055e-03
5.458472440199654309e-03
5.826427853274735932e-03
5.977048864386456072e-03
6.664835056726642511e-03
5.268292209407510369e-03
6.917704325065626540e-03
4.141186208383026805e-03
4.423582569152089729e-03
5.976551931334049030e-03
5.369334867689531249e-03
1.156711858672775789e-02
5.516616629296327949e-03
5.378388030538585989e-03
5.631482977133520085e-03
8.717233376652797072e-03
7.985070854030766607e-03
2.839948943915287637e-03
9.252566937676270226e-03
7.921922002175436558e-03
3.773437302419325404e-03
3.287939887275978090e-03
6.504430184999056286e-03
3.691985185782308432e-03
6.472698032216333587e-03
2.939801288215582609e-03
4.099241491033452610e-03
4.164563131342766122e-03
6.246337794429455623e-03
4.497543856384717161e-03
1.207084810110174537e-02
4.525457639623960658e-03
6.619833676031712695e-03
4.297700465791984628e-03
4.731450164925545335e-03
6.674570154436221953e-03
6.646902811065134864e-03
2.914476243555033826e-03
8.351900437294192819e-03
3.698364498973101978e-03
4.701746138865554175e-03
7.716723139006018486e-03
3.271172514415807836e-03
9.245530922578508448e-03
1.051143310582947424e-02
6.608113986823437730e-03
5.133475490695540815e-03
4.019333070416052263e-03
5.262690068968275091e-03
6.146432956965397834e-03
8.062190389824209699e-03
4.984920775276215944e-03
6.979758110418417434e-03
7.697585465304830100e-03
1.748040918873394224e-03
3.632913586573497007e-03
5.210165835945123995e-03
6.183810707975892842e-03
5.858972561465901167e-03
7.021330968586449867e-03
6.235923678503897151e-03
7.346911907019665344e-03
6.602261092569132808e-03
1.002562894434286603e-02
6.026320885916493751e-03
4.982604774010516123e-03
3.868796201279439597e-03
2.453485541369910747e-03
3.764774083368789548e-03
4.179758737832505594e-03
4.609275461254580021e-03
5.950272445247667234e-03
3.561168688475072931e-03
7.128373142716341697e-03
6.294991507654223127e-03
4.837103704671019168e-03
6.923518416393961011e-03
4.048361913692115344e-03
5.697676498997114071e-03
8.561903383631977796e-03
4.785662935694172740e-03
3.846044060534748940e-03
3.269772717999225829e-03
5.672847316287189974e-03
8.637666025869718267e-03
4.762338737872800695e-03
6.573669641117208667e-03
3.178514883395621750e-03
7.713239855676519430e-03
8.152814325324888103e-03
6.655225522923054540e-03
3.771473453940173658e-03
4.865395830186930275e-03
3.983940644384694092e-03
2.372801777898737949e-03
7.667054402466508441e-03
5.130424891267798028e-03
6.438204790810955237e-03
6.278565314735908183e-03
5.217045853954234598e-03
5.091845029332540094e-03
5.665688164565914169e-03
6.021054831000614317e-03
5.550674421141967886e-03
5.174939006774383933e-03
3.412447389163307358e-03
7.442515183809357733e-03
6.953831227153344473e-03
4.075488367747460462e-03
2.938258761232902250e-03
1.231571688734738393e-02
8.069060987099408583e-03
9.961369397862528813e-03
3.448945114219324239e-03
1.163215192971324245e-02
8.866152163100649714e-03
6.417878989368619273e-03
6.736022249321956673e-03
9.284692954174273219e-03
3.391644565760376998e-03
9.213677007164317728e-03
4.426701229750192729e-03
6.664083858652325790e-03
1.006472954075752005e-02
5.901092537607432673e-03
4.486152255320825441e-03
6.248149204584543467e-03
4.449591502571128079e-03
7.122971281569212033e-03
6.972566600313669788e-03
3.629698501244453708e-03
3.678339397662699732e-03
8.882288297856052658e-03
4.798350022669715768e-03
5.947043138756783788e-03
7.140440775472881724e-03
3.769066444325461576e-03
3.521756487944716768e-03
3.052503421989186463e-03
4.669658380028201758e-03
7.663691357846379518e-03
6.667287119443266949e-03
5.425268541893085543e-03
4.167896854598234987e-03
2.999080475437000421e-03
3.668728926797143377e-03
3.191361257487317690e-03
7.349094147918822616e-03
3.481342281152155927e-03
1.141627689782860611e-02
3.599075911916529893e-03
3.884392642773526211e-03
2.510763782762587444e-03
3.758387225115907438e-03
9.681654161217601376e-03
1.223459242930539925e-02
4.466124713280730622e-03
5.400088812644503709e-03
4.082739041341947386e-03
1.124427228398537475e-02
6.836453533925670317e-03
7.988813849340371462e-03
6.254631214699013855e-03
3.125406596306702211e-03
6.985427031190451913e-03
3.432647246090848696e-03
3.391350788340999258e-03
8.345917179011745970e-03
1.312146454687264548e-02
1.478694452573457024e-02
6.457108548305773646e-03
5.577685427003886871e-03
3.127222403607019148e-03
5.019939713821284372e-03
5.519423525978390047e-03
6.490081922920092755e-03
6.342706949585252482e-03
4.846410242932861975e-03
4.138463721153959676e-03
4.247837227409089790e-03
4.979895608868047802e-03
5.349035085190439152e-03
5.045901702286402848e-03
5.021535762448187633e-03
4.500315047183464992e-03
9.352861571569361793e-03
6.233184184417569010e-03
4.556150479079613784e-03
6.993387462987795018e-03
7.232876939525550303e-03
6.855192942878010447e-03
6.170946781353768215e-03
5.147625908153870104e-03
7.457912298669984279e-03
3.950840517721649139e-03
5.581414308551867903e-03
5.977154388543702568e-03
6.790371668874120060e-03
4.611718903532963619e-03
1.282444004533054259e-02
6.589620445675368164e-03
8.429568419267291154e-03
4.800062750933931262e-03
3.394538813402744361e-03
5.158152568810748552e-03
5.724236933689078044e-03
4.685481606155084480e-03
1.170729485941312403e-02
7.363014922508195025e-03
1.766663769532215208e-03
5.834644842828967150e-03
8.671981095609437515e-03
6.946599241502641152e-03
4.751780743339427925e-03
1.093028598641023440e-02
3.933203940403826558e-03
4.129021240104517078e-03
3.750779340614348450e-03
6.953145925173857649e-03
7.482496958502860354e-03
3.024273258366144083e-03
4.569352169280579620e-03
4.431587713484465806e-03
9.236067155072321885e-03
4.692823983035877139e-03
7.239589128071609141e-03
3.369487878449225256e-03
9.109373883357299237e-03
7.737799602990378181e-03
6.928220153436015320e-03
7.722619368610302883e-03
3.215022673821790571e-03
2.719296393920073596e-03
4.146374204580398175e-03
4.652738828436761044e-03
4.737099329580381907e-03
5.718576396181257460e-03
7.136588032074373672e-03
5.719950121577565411e-03
5.780915338724258029e-03
4.995289580220275451e-03
4.808574417283915242e-03
3.056845032115870168e-03
5.651258866979407686e-03
5.105069543400444707e-03
3.398659747533894215e-03
7.675766248705506375e-03
2.301725169933792423e-03
4.539883730692579125e-03
3.960232309421664668e-03
3.191327850030423966e-03
4.011981659768495447e-03
3.607725850123316355e-03
4.831926655826346631e-03
3.005849410083348463e-03
7.381040622460249313e-03
2.659587371914788178e-03
3.486523373714668205e-03
5.543274556540959963e-03
4.885090927745681412e-03
5.021431056005138706e-03
5.655592191184770356e-03
3.412536898963636472e-03
4.938790502837861821e-03
6.923079215908607351e-03
5.345162390978657960e-03
4.693396905063730411e-03
1.125506746178219636e-02
7.579285482188861597e-03
8.250332198987162663e-03
7.209116329545630156e-03
4.932157768085466271e-03
5.486154890851363194e-03
7.254414889734839451e-03
4.983122360709805326e-03
3.297002562108160631e-03
5.822817742172253438e-03
6.273225291757165631e-03
6.185957360476299592e-03
5.658154417850239093e-03
6.718004940108338909e-03
1.150117685987455535e-02
6.014422917993612720e-03
2.389584044513590882e-03
6.410029249023302227e-03
4.082377240447181144e-03
4.631420206819883943e-03
4.622195151348615881e-03
4.514078969776280474e-03
2.735562123878490775e-03
3.899909013466987522e-03
5.977683825059504352e-03
5.279908830067079999e-03
4.352626155845429508e-03
4.134125242827879111e-03
4.572788025024236529e-03
3.631755043746446535e-03
8.571049558546475419e-03
7.952249207738498055e-03
2.898005033632528992e-03
4.678522365444301619e-03
7.771107070376586691e-03
1.150819920469875468e-02
5.439041545064643955e-03
3.791531366232495179e-03
3.352546493056636403e-03
2.164291293093609757e-03
7.872754550433881671e-03
3.730629077951322543e-03
4.546082180113340809e-03
3.570256768987810879e-03
4.743983223876075024e-03
4.143956944696050408e-03
3.934530284342768400e-03
5.010945189972770310e-03
4.954592674956260871e-03
7.496006518100736295e-03
4.573751946434053556e-03
2.718042040581071430e-03
3.992009837819929241e-03
4.852011476739756003e-03
2.803078944760455278e-03
6.409799559482572129e-03
5.153315036662577814e-03
3.979351688505286533e-03
3.332185611949809931e-03
1.017779488811850104e-02
2.045024509132230186e-03
5.606620579250307969e-03
1.065293466365490639e-02
3.758426889274040731e-03
4.605602785852020917e-03
6.967548837677494701e-03
2.696078392724903568e-03
6.555152371094950629e-03
1.119026768555926067e-02
5.627672753300430077e-03
9.621820858459622511e-03
2.859291832166225601e-03
8.308476785595569902e-03
1.122476879480653091e-02
4.490433886807494029e-03
7.841144040020085748e-03
4.022490250254209809e-03
4.348329070421490423e-03
3.896757373287069916e-03
5.119917206747785429e-03
6.420051906816038462e-03
6.786798503408536347e-03
3.947057756489615217e-03
2.549392876765787293e-03
6.917589903122516905e-03
5.054795314867528699e-03
9.270986373713463111e-03
1.255662167961007873e-02
4.163398944110536723e-03
5.282732999747189601e-03
2.548850448157443955e-03
3.378349376827159429e-03
1.046950593141595526e-02
5.620566991746440630e-03
6.165209428897023419e-03
4.066737753152967899e-03
4.386688494954197118e-03
6.964014767244275199e-03
4.651494649040567760e-03
4.550118212927460951e-03
6.485074900749284582e-03
9.685089374065010762e-03
1.216265971469095500e-02
8.361705906257109813e-03
7.773516495784189156e-03
8.408778741061592732e-03
4.460247173638328191e-03
7.975134840881348969e-03
5.091503012909313203e-03
4.498440797544398830e-03
3.641929050762663950e-03
8.634908757040675106e-03
9.691145700878076030e-03
6.684142014889940531e-03
2.526268248350569193e-03
1.222378393039816324e-02
6.281564388476848677e-03
5.044351184733474915e-03
1.180438965067224719e-02
5.533131845367644103e-03
3.571246994275942971e-03
8.078396656615919463e-03
3.150008382009249035e-03
4.722045663348523915e-03
1.023154333459607573e-02
3.310182997860460115e-03
7.885275840629542288e-03
6.478949138209210909e-03
5.160781834259125025e-03
5.843660208498847181e-03
7.358226200142042525e-03
3.659386172111052122e-03
4.929198363875928607e-03
4.422062165256146482e-03
5.127642199633868428e-03
7.803731760476818186e-03
3.625008653786514386e-03
5.522027723840778647e-03
8.559505367911682261e-03
4.321324093015410130e-03
6.683282144492652677e-03
5.594859129412104934e-03
5.638082421233600941e-03
3.606472827324491790e-03
7.988709176358750608e-03
7.219671695439265624e-03
2.859149965474365885e-03
4.944612909977818931e-03
4.760299751033183514e-03
6.103959629092715368e-03
4.066458220263637416e-03
5.113495221337979214e-03
3.121367250749232901e-03
3.592540439664274575e-03
7.007279171776048185e-03
6.283842365207328341e-03
5.057612937593813744e-03
3.588598648027559266e-03
5.294622670047698446e-03
4.096932539522844981e-03
1.833448590333284708e-02
5.355591101249795698e-03
5.269108634231202924e-03
4.812670153176356810e-03
5.085084874694094197e-03
7.347982561050134601e-03
4.966508509976779243e-03
5.621225020583594384e-03
8.437578799783265054e-03
3.326235254431647494e-03
6.566855040043838819e-03
5.095691192761824147e-03
3.410168215227468540e-03
8.026257712089082327e-03
6.622589381035950962e-03
4.095048828055266286e-03
6.056176287392668611e-03
3.232073821144295592e-03
5.636446620570028342e-03
2.914685350127635844e-03
6.927689709709271282e-03
6.672210427202221981e-03
7.442177378568988998e-03
4.344439162468502480e-03
2.970040021170989187e-03
8.355214963782001819e-03
5.384879115581717342e-03
4.023740734308707198e-03
2.078675345315582432e-03
4.938173697126302560e-03
2.357690230852575296e-03
3.385910210678288405e-03
5.996828206917824075e-03
6.051587139444767130e-03
4.402507616036413669e-03
4.340291082397329005e-03
7.998816307929033573e-03
3.402889176139704038e-03
4.797323406647689518e-03
6.509298123600623827e-03
7.037373428394431453e-03
4.575636028618748977e-03
8.529518077788388400e-03
2.865289442107331677e-03
4.368642702252369808e-03
5.023924685474018617e-03
8.322988926368540819e-03
5.192897268709831433e-03
5.637533666174802081e-03
3.707294031304380830e-03
8.728357586002226734e-03
2.932658316408404131e-03
4.622679013172146731e-03
7.016650008509133646e-03
5.751079814485856451e-03
6.988213632203351365e-03
7.074202430032024667e-03
3.670326927090127554e-03
1.074742427900966628e-02
5.161776823180045694e-03
9.175007077184717599e-03
5.100475712297728760e-03
6.575000980838573671e-03
4.359086741432829058e-03
4.687111168391785640e-03
3.474936732383814703e-03
3.063163433102082667e-03
3.907059832334405444e-03
6.500459550482325620e-03
5.270839978177218298e-03
5.489006702185206948e-03
4.086313086804141403e-03
3.800859538516773457e-03
7.348157223674766335e-03
3.793131095307221250e-03
4.756786718318101875e-03
6.810187717841413579e-03
7.651834470124319401e-03
4.952567697098867079e-03
1.211320505409858167e-02
9.139420931367389991e-03
1.370762304740276785e-02
4.199436505883441875e-03
1.150997461542398008e-02
7.196063421204174776e-03
6.923905625570212115e-03
5.774486458205082065e-03
2.678795014722201630e-03
3.279844586563488394e-03
1.892609278739622921e-03
4.664425667615305741e-03
4.698946017077335058e-03
4.421695827236836983e-03
7.678530157188278270e-03
6.096764949451750036e-03
3.706517266546228116e-03
6.407650524263608198e-03
7.262157170866681902e-03
8.248980169147492394e-03
3.315193900679781758e-03
2.690284397706142142e-03
3.863247031758863977e-03
7.976852501479083507e-03
7.327445088819067691e-03
6.023636805001566889e-03
3.899183526780377641e-03
7.246035849123214079e-03
7.259270430305941879e-03
5.707238495254264576e-03
7.700768046380585333e-03
4.625269683007190297e-03
4.717780163829271740e-03
8.908775440140209723e-03
6.458295797806087868e-03
9.396090880755809602e-03
5.983267060706105520e-03
3.511982496266497812e-03
4.460395771574009356e-03
2.979800915080242380e-03
5.484901761742380470e-03
6.759002429379780061e-03
4.346634342019379225e-03
2.987251954273880631e-03
8.309279286624244448e-03
2.437979249818514240e-03
4.790191471820750072e-03
3.175432533011200448e-03
5.449557377735724482e-03
2.464551840178785640e-03
7.812268394595496719e-03
6.118585195069330650e-03
2.959635584811162561e-03
4.083354638845895432e-03
3.090997053099610922e-03
6.783024323719310383e-03
3.336959053890278977e-03
4.530848799196495087e-03
6.776728512802577403e-03
4.109799666059252808e-03
5.285877762338357828e-03
5.624643861396006091e-03
8.138276568778449530e-03
3.633839520305747525e-03
4.169770240455186738e-03
5.501514223907655321e-03
6.832140326985825136e-03
4.664255943754046230e-03
8.212481542473846000e-03
3.095950630082773807e-03
3.431387566876270903e-03
4.924253449063644740e-03
5.806173567772625332e-03
7.042442822738947603e-03
4.888618938315612665e-03
8.442993233510692752e-03
5.801962803745061743e-03
5.614064635908419011e-03
4.539810041512648379e-03
6.732073231543400649e-03
4.569049209338402022e-03
4.516802485847885677e-03
6.531408515463633414e-03
4.087703531552440775e-03
3.647124654425787284e-03
1.009041080487399315e-02
6.479979801891052119e-03
9.227532852763405125e-03
4.538756077012172374e-03
2.840567782161610225e-03
8.104504186696089366e-03
8.192298269477168646e-03
1.734851522045198144e-02
5.634664078974404439e-03
6.632344283622898691e-03
2.851054542999973546e-03
6.858197506046637658e-03
5.169570330029111746e-03
2.888395590896255301e-03
4.108248541582489900e-03
4.594520494918203149e-03
5.683138230574875070e-03
6.707415148676364181e-03
3.730686971493387457e-03
8.982274730731572635e-03
2.725724162443700100e-03
2.455139523210103127e-03
8.011994577547410651e-03
8.699865097265578606e-03
2.880285417044957819e-03
5.921254625859031194e-03
4.543061630470131111e-03
3.224188296205411555e-03
4.744366656156208222e-03
4.683997592884544051e-03
1.379821877295292314e-02
6.245285126930199583e-03
6.251676822357974533e-03
4.071018520223185742e-03
4.219980796307003755e-03
4.731971214770247340e-03
6.907506244291723892e-03
3.428365804699215740e-03
2.199440051999391327e-03
4.103784935026138191e-03
2.882622774862362257e-03
6.463779508974727174e-03
6.756616053744927790e-03
9.984524898280427302e-03
4.527626991179928805e-03
6.072660057971352235e-03
5.292367904016314142e-03
4.995445053357261585e-03
4.243557270807716761e-03
3.084262410378702315e-03
3.041558068529044180e-03
5.230804453965539995e-03
5.877381666921723674e-03
8.101129706446715678e-03
2.818701269930306685e-03
7.006321933514695482e-03
7.959897397458488497e-03
3.651464244390762934e-03
1.077283411539891982e-02
5.828683964904745815e-03
3.662858690872962744e-03
3.422454242620757373e-03
3.064594096522808755e-03
6.435254416350190063e-03
5.059522851421150921e-03
4.263371089771919240e-03
6.137318471306545120e-03
3.844806542387574182e-03
4.072602421401102200e-03
3.576580883378518549e-03
2.723879149140886070e-03
6.334460688391025697e-03
3.847553393266514923e-03
4.263987908264465707e-03
4.907492617130102507e-03
6.046641189417942437e-03
9.455803529547246802e-03
2.630963306900402279e-03
5.019072307200665370e-03
3.460306481144273527e-03
3.276379318266652452e-03
5.550361143543483707e-03
1.227475953862652847e-02
4.645595953108537166e-03
9.913036737653332583e-03
1.176045376878213922e-02
4.918266582741476732e-03
5.789850502227652726e-03
4.442705407385577447e-03
5.777854661328687795e-03
6.727682751079313780e-03
6.962298105546558917e-03
4.213398490833162452e-03
5.658112014192310385e-03
5.883395093853392536e-03
5.985754629577771241e-03
3.542498972064353751e-03
5.606496819127376047e-03
1.523045964923168058e-02
7.197371476576202264e-03
1.029824990286888099e-02
3.583688077941943502e-03
6.645211908969845399e-03
5.635567244606297203e-03
2.992079061631330167e-03
3.869293300944823093e-03
4.189358619487021373e-03
5.854490905253331885e-03
4.205736414912329170e-03
5.604489883905077428e-03
5.150251681585737290e-03
5.708712139951680788e-03
6.991466907808074373e-03
7.515269525541722756e-03
5.897607786745978284e-03
4.307027379918833970e-03
6.338327314812030981e-03
4.303583999974312270e-03
4.432993644329865160e-03
6.660312700007166645e-03
5.399201824055764772e-03
8.035090812531318211e-03
4.879717182263670731e-03
5.679175937811397831e-03
2.800663632786256664e-03
2.111545048156543685e-03
3.818610201711519509e-03
3.974575003594463425e-03
8.973571453947629117e-03
3.208369387473607864e-03
3.327636177436783284e-03
5.951189221864897072e-03
7.426144224580912001e-03
3.022153495891996382e-03
3.878911740008198026e-03
3.796424122302749591e-03
7.228812332311162353e-03
2.765243593282516125e-03
5.253717522801492831e-03
9.032247662520677400e-03
3.287050032025955800e-03
4.762701216307535512e-03
6.329033000810534333e-03
4.644004847178709317e-03
6.490014505202173177e-03
1.029087993722513535e-02
8.947509405806320162e-03
1.069762898053583725e-02
5.316445664376417968e-03
8.786131377827832364e-03
1.044727978354352896e-02
2.777684524160513486e-03
3.824784538771401534e-03
4.534485594625641686e-03
3.770456022210502255e-03
1.013779609613927983e-02
9.031460884406190479e-03
2.857282669869233484e-03
2.293768583983786524e-03
2.720939308396102402e-03
7.188048554900352931e-03
3.379981518351231080e-03
2.322506324511668628e-03
5.788737342036624246e-03
5.350611710490721720e-03
1.060004043446483891e-02
5.516864218598573066e-03
7.709526380546951989e-03
3.113083753262664045e-03
7.956069154531951113e-03
3.893461514252086197e-03
5.074437961797501236e-03
6.030948041009114892e-03
5.841125526930746395e-03
6.063123811553960442e-03
4.487897284366847150e-03
5.067050272384742392e-03
4.515671448571212908e-03
5.262609526823585314e-03
5.235513952658622794e-03
7.888157938398969449e-03
8.012659242946567478e-03
4.335284910759205045e-03
4.866847968122533195e-03
2.992926365070996790e-03
8.313039702860959904e-03
4.897611630550245329e-03
4.093956555632991164e-03
5.748509395998834155e-03
7.846661035412738280e-03
6.145959413269375636e-03
5.595944316199286638e-03
8.314354504328396248e-03
9.478453997609484136e-03
7.001931725228231068e-03
3.911838039651592720e-03
6.862982139063045044e-03
9.849250193682520041e-03
5.909224366535824509e-03
4.347836047073740627e-03
5.418252638283329106e-03
3.508160184911923631e-03
3.376249434846339496e-03
1.029103527797687982e-02
2.598909800942418233e-03
4.579045651248769659e-03
3.226201418899723658e-03
2.780215137718445098e-03
3.184345136205789153e-03
4.322090100631791748e-03
2.956038812440819289e-03
3.594715201929018274e-03
5.635220156224925170e-03
3.931560877867589995e-03
5.618210570447317205e-03
9.481908051853695646e-03
3.907834644254816817e-03
1.099924670616924532e-02
6.412531733771950279e-03
5.448828025551944419e-03
7.754950634942352206e-03
3.263685586163658954e-03
7.302124805579069712e-03
5.118985653903752701e-03
3.625917314065271822e-03
4.169667099137601071e-03
5.354210997425177046e-03
4.947454949932282575e-03
7.704533523399261820e-03
2.236716328453488938e-03
4.897111078273741654e-03
6.600929201371831707e-03
4.999739761406093129e-03
1.238796064508801073e-02
4.452836485051826776e-03
4.984987716995690869e-03
5.774245212583547018e-03
5.666757479017047947e-03
5.257783157768744497e-03
4.368116164905361080e-03
1.021428090846674373e-02
9.458829372739197341e-03
6.840980401077805494e-03
2.521934175629076801e-03
5.358853635893344285e-03
3.666296912235143205e-03
4.872119432686251687e-03
4.689798655990258004e-03
8.578790235817904467e-03
4.667127228795399374e-03
3.859654760739643278e-03
4.717884796540983659e-03
8.105800720784940225e-03
4.083848827586408423e-03
4.834394297671401088e-03
8.537085924673722820e-03
4.155544510044409216e-03
3.009046872726604555e-03
3.183216199373024163e-03
4.827712934586149418e-03
3.656674400170328680e-03
5.941255260743465334e-03
3.638677182546710270e-03
3.019039153186160208e-03
1.017513309106163506e-02
4.877392958914907040e-03
5.054873261692178002e-03
7.656027230797147164e-03
6.279676217806741921e-03
5.202104310914767819e-03
3.939423732043964566e-03
5.449922826469287378e-03
4.552842427570829957e-03
3.936954549196957330e-03
4.028930851388015655e-03
3.848127484537753034e-03
4.481854218332417643e-03
3.346078854871689223e-03
5.315735643033074088e-03
7.645508070911696298e-03
3.179697433638095042e-03
6.884892189564244605e-03
7.461119149523680327e-03
1.000217690396227287e-02
3.147985255346240959e-03
2.206978730273760798e-03
3.174087374449781861e-03
4.193884981535055644e-03
3.517396866627368716e-03
7.064017576879738983e-03
3.968055927601842406e-03
5.938496599879019427e-03
7.447086992876239021e-03
6.827874519330523299e-03
3.349466079390787943e-03
4.103200508645993803e-03
3.650346440914354566e-03
2.507174944749303996e-03
4.095497482613643520e-03
4.371890666176996183e-03
5.846253239711705386e-03
6.828655830068597506e-03
4.791179214644775489e-03
7.719876799052159157e-03
3.907851902739213623e-03
5.775529246838441780e-03
4.023079071249102689e-03
3.528159237464622514e-03
9.607252395053837019e-03
5.169450027054009987e-03
3.491434141113244644e-03
4.440404867076331967e-03
2.947915009433512302e-03
7.029713929639143377e-03
4.576834854228852695e-03
4.575666211875145835e-03
3.688590431408461309e-03
2.179868140620415222e-03
2.147376601174036653e-03
8.976695140577393289e-03
4.159429972816966817e-03
4.711932756933811042e-03
8.673171576170047789e-03
5.772039357192319635e-03
1.575875643865108991e-02
7.453520061910350915e-03
2.959807686660020139e-03
8.888866698507295449e-04
4.960372912452191280e-03
8.497866642657886729e-03
1.373605162048909673e-02
6.741681090537246339e-03
7.782473585000154043e-03
2.958529060247300311e-03
5.014646168830843610e-03
7.090728213685338656e-03
1.085630096916886250e-02
8.249848644051958196e-03
5.396811659545993831e-03
3.111923157997212915e-03
2.915576038482552666e-03
4.211347998101439005e-03
1.245410089450380876e-02
1.082134813935103565e-02
1.114759861368251441e-02
5.237761353196232310e-03
6.117445868887540043e-03
5.842916145538987194e-03
1.054758277379877485e-02
5.136851304385889327e-03
4.409006526448351095e-03
1.278592661531930373e-02
2.627828551526440858e-03
1.230216299275871915e-02
7.133214419502016158e-03
6.378541944442517840e-03
5.193969512343542261e-03
1.679456474453665943e-02
3.608196621926354312e-03
1.757372656641844472e-02
8.574068705767370555e-03
7.208700943740612745e-03
4.318810293166754077e-03
4.255656556264067816e-03
3.847442088571433570e-03
1.127280255385554666e-02
3.279646559857279670e-03
7.764718200191873809e-03
1.020269853198868190e-02
1.116206240458597967e-02
8.007352947906932333e-03
1.006169301368120723e-02
7.582623580960233187e-03
9.132625744062178308e-03
5.930440978612012103e-03
7.261449364590921371e-03
6.643191726023144061e-03
5.311552077419728381e-03
1.043663738737534048e-02
4.147411801542426335e-03
8.863412575254468392e-03
6.052364770686788874e-03
6.152429564574547760e-03
7.629161721124689231e-03
5.358635923543652625e-03
4.743406474114106840e-03
2.814056313255071298e-03
5.027378963390754206e-03
9.064639908506992930e-03
8.692415924968411103e-03
6.785159597468276918e-03
4.520189512853519179e-03
5.911617598051330767e-03
7.398370843194012475e-03
5.400136387756319933e-03
1.890054723657807675e-02
1.792456201494337792e-02
2.993675435424850151e-03
3.048094882182531776e-03
3.629805895003803112e-03
4.959326065894623971e-03
8.623297594373229707e-03
9.979049106776020570e-03
5.283138772226824743e-03
8.545299452942084137e-03
5.126625834223908808e-03
6.375958798244408220e-03
9.853333588339808005e-03
4.954670922058137736e-03
1.211112794003469176e-02
6.934766916039830122e-03
6.338738541844900556e-03
1.040752081622681874e-02
5.648291438372552396e-03
5.456906603222029702e-03
8.419108028397251364e-03
7.087809789711465094e-03
4.392691031860230383e-03
1.107556019409286323e-02
5.957023578508607864e-03
8.223553218551660909e-03
1.051248652116301176e-02
6.743485226008016573e-03
5.306140736683825042e-03
1.034964818430327352e-02
1.018590393267939688e-02
3.439564153488232096e-03
9.507213185571825736e-03
1.173239618073872864e-02
7.190681938539287069e-03
3.673715082385215110e-03
6.786095050944096832e-03
6.183735081129775740e-03
3.732105024117558529e-03
2.981858574968970430e-03
7.539157959911052011e-03
5.150442500415221281e-03
1.562796099856971974e-02
8.841614787242978515e-03
5.472919433868388833e-03
2.992084403057974906e-03
8.112560306954908970e-03
3.966887086396825995e-03
4.758544922378133042e-03
1.160779024755638489e-02
3.593994003868623832e-03
1.181083392104197854e-02
5.875430200447713178e-03
5.415623034294637927e-03
8.692200056638808847e-03
1.097431341975845312e-02
1.334874919893631190e-02
9.890919403974660767e-03
8.023653297613425606e-03
5.221635639453120308e-03
5.391646089141344418e-03
9.064254551927171388e-03
7.985289206265920592e-03
4.132810134473677635e-03
8.719984845540880436e-03
4.117613937155865933e-03
5.203437911978748588e-03
7.312105054302671901e-03
7.174045068416515930e-03
6.108417129227761838e-03
8.142789123027988074e-03
6.702891970730544442e-03
1.025692145433743617e-02
9.129528030426083129e-03
4.555087201827776912e-03
1.360085057253493553e-02
5.958509578554726550e-03
4.591338295632049586e-03
7.305035533677923555e-03
7.869700200558729652e-03
5.636823378015249318e-03
5.961813376961302285e-03
8.117627683948622219e-03
4.219013812785009192e-03
7.397588908306752808e-03
1.033576277323904578e-02
1.569728795544492531e-02
7.489372330481587625e-03
5.955577091295623932e-03
4.745095903500585501e-03
5.550325922786942395e-03
3.845940636884248847e-03
3.762651341618966291e-03
7.041873136470692962e-03
6.279143443612913815e-03
7.561374055987038836e-03
6.288621738234080952e-03
5.733300443886128576e-03
5.702537618457195756e-03
5.345003627286498867e-03
9.707408791754331204e-03
7.731086277982288091e-03
1.096341345185339322e-02
4.507808784254781209e-03
5.191480223707103242e-03
4.649478614527359846e-03
2.945669614737123770e-03
5.148919200594149863e-03
1.144189342674096707e-02
8.454003724651959831e-03
9.281248831143699626e-03
3.410266546740686484e-03
4.173362574644769174e-03
3.140743548461849815e-03
8.399881411562273512e-03
9.339605037389359793e-03
5.916687979444149384e-03
6.396225822729290252e-03
5.647008763753072307e-03
5.922884638954940828e-03
5.680723959606420737e-03
7.538620664443254973e-03
5.507529578112752705e-03
5.341183157265416183e-03
1.002356495166951272e-02
3.112231900586988689e-03
1.743829325561610175e-02
5.161155743528028812e-03
6.687965470813041907e-03
3.827833804272920935e-03
4.798383376223893867e-03
3.532521948001099768e-03
4.137558572575982668e-03
7.140910076037621824e-03
1.005769226028561773e-02
4.652977070695849329e-03
5.609754129738407299e-03
8.726449502015435136e-03
1.055097932093585975e-02
2.417239443988239249e-03
7.422618498673651602e-03
8.207731081223686859e-03
6.639573591876397896e-03
7.700963753312922364e-03
5.462734355778462586e-03
8.506190464790506708e-03
9.934571741452024457e-03
7.098250687430707369e-03
4.699924627687280913e-03
7.389359281460009671e-03
7.635894640041824069e-03
1.216370388389976034e-02
6.224323008856036919e-03
3.727047423681139910e-03
1.394258194165296123e-02
1.355681260537605799e-02
3.202516100087356241e-03
6.793042484026387551e-03
1.123262467076431743e-02
7.459257079887943870e-03
6.350978849286387923e-03
5.972880114571332312e-03
7.600294813270262392e-03
4.961138154873805106e-03
1.087105114244691674e-02
3.590230381697710142e-03
3.960180648284574237e-03
1.072843785606926274e-02
4.445050784868498188e-03
3.407035498649127296e-03
5.893146573829816277e-03
4.113684730142752946e-03
6.842586887803926189e-03
6.337410506681588097e-03
1.097930423999721357e-02
1.194407002346476246e-02
5.769262524177549284e-03
1.020915031778862371e-02
3.600743450859694196e-03
2.769220349360113076e-03
7.666915880791543708e-03
4.323597229064110765e-03
1.019680674487334973e-02
5.855460734100316825e-03
4.721413249127580369e-03
5.748665204610650496e-03
4.046891358512530804e-03
5.030736585186245009e-03
4.947600214098769877e-03
7.555090069716775304e-03
5.159628642217514716e-03
6.010114529923111897e-03
4.412596533998015477e-03
5.599855099213553108e-03
8.456370592865468036e-03
5.788435103060199892e-03
1.170917310802006839e-02
3.627021749815168093e-03
3.710119741383792469e-03
4.445465979816873477e-03
5.423570127388427885e-03
4.851574644400127867e-03
7.527371676057213398e-03
4.412240578942148994e-03
4.267724189509640269e-03
3.239515032835195169e-03
7.455634512384621757e-03
6.414005801693695337e-03
3.711099324186448341e-03
8.760492168616396819e-03
3.041297446497628031e-03
5.428760003445024136e-03
1.193015812325955681e-02
6.722498297785012289e-03
5.617260505410831897e-03
3.784403759647413101e-03
4.349874292521967688e-03
5.682653103558481418e-03
7.602257731063821744e-03
8.959479979282316056e-03
5.216575513427281797e-03
6.078860147904138755e-03
1.417783537262625945e-02
6.873918631966145776e-03
8.205312849851705698e-03
1.054657600112575248e-02
8.076888535290522794e-03
1.395538289604083063e-02
4.764997343531787201e-03
8.570255674181929614e-03
5.061118232698520909e-03
4.414890016145247773e-03
6.102315647603467896e-03
2.355482958138329416e-03
2.003090090973919709e-03
4.481597946173021367e-03
3.976611209370675866e-03
7.380170835058224091e-03
4.547611373919023363e-03
8.416878961516089871e-03
9.838055357554574554e-03
8.864777007119071725e-03
6.996300395825241075e-03
1.267822590119006484e-02
8.928664437436341708e-03
7.898726787113841130e-03
8.775456238100450002e-03
1.261602269522180651e-02
5.080078384517616556e-03
5.096837333057145994e-03
6.051825190508357613e-03
8.971164394590872351e-03
8.875425043967821725e-03
4.702069811254602251e-03
5.806564375437787799e-03
6.498868925900346503e-03
6.931998074777964182e-03
4.702440089736985643e-03
5.273818820995493373e-03
3.312138012552609187e-03
5.330733085622282527e-03
4.926688831399982094e-03
6.094469872955611371e-03
7.217331502112660918e-03
6.962575142139547889e-03
3.095573455699516217e-03
7.477931588483277894e-03
3.530275112567387956e-03
4.642552555484767869e-03
4.547955130479320283e-03
3.257460448250923141e-03
3.634052554687077982e-03
8.624413062512057207e-03
5.122623399593870773e-03
6.767355813885885842e-03
4.921076502908363313e-03
6.897425134724319805e-03
5.362781149233554825e-03
5.312603422871747978e-03
8.497828520741537370e-03
6.211295873804470111e-03
4.862514629716462207e-03
3.844773005985369866e-03
5.430322196344720444e-03
5.727836693278518833e-03
1.029676752282879075e-02
2.921576094864806496e-03
6.183124723096010932e-03
1.102517676714788800e-02
5.635138206211541372e-03
3.446596387460727686e-03
5.573167022648695818e-03
2.998838316091773180e-03
5.718322134495587919e-03
6.148687587680139698e-03
2.603835929354955062e-03
2.435349022208174816e-03
7.595957146985356581e-03
3.419130167415442446e-03
1.169504171826119508e-02
5.357012386195838735e-03
8.931316415304091372e-03
7.692412846769866933e-03
7.690984636052331132e-03
4.414559963529649488e-03
7.434100097032476581e-03
5.029338298654849500e-03
6.552608786833347305e-03
3.257228014116456301e-03
3.531790227420748829e-03
5.856314638847449384e-03
2.845019673566687949e-03
8.706665428630753004e-03
2.855852582362114131e-03
7.231800653750684697e-03
1.377046155390875340e-02
3.995661907423957333e-03
5.387033320069786052e-03
5.929825952763623752e-03
1.190088240919161267e-02
3.021489793085712586e-03
5.359005159479322995e-03
3.437689965710081629e-03
9.016945121905544855e-03
5.408837631745427345e-03
5.365196011290383586e-03
3.731864920976207291e-03
7.799079861072811572e-03
6.853739892633443909e-03
9.809369036485901180e-03
7.952799589704673960e-03
5.154462061267908561e-03
6.702677364157024614e-03
4.700314341549706627e-03
4.881826498929987303e-03
4.191101834903457161e-03
8.353702681717948761e-03
1.176526960434613051e-02
4.461430032305583292e-03
3.521930137804488679e-03
5.113615894337763743e-03
2.930065094037306080e-03
7.468022160356260764e-03
7.156843492875611390e-03
6.281931515258056854e-03
6.075709779884106397e-03
4.689109340116071056e-03
3.596821213722152435e-03
9.821807296686817582e-03
4.917229188829733491e-03
1.617821636315064024e-02
7.564176337191760337e-03
4.164955943396090113e-03
5.725329024607732874e-03
1.083585082508203498e-02
5.301090151300444017e-03
1.164202543348931591e-02
1.015313561684864051e-02
5.027274785412504110e-03
6.283355597489668001e-03
3.991348562023521070e-03
3.305161857201837326e-03
3.123525679733383121e-03
8.852554862105127195e-03
7.112765709084511653e-03
6.620533980727384346e-03
6.426667898784145690e-03
3.887322553803168601e-03
3.711422854446472155e-03
9.364461629153005007e-03
1.486639578025690349e-02
1.082882869163872934e-02
3.992657871639255715e-03
7.805193055723025353e-03
4.619989999775041961e-03
1.002737991271612783e-02
4.147410941284696700e-03
4.061035120365137294e-03
7.575200915134353528e-03
6.745301508748557592e-03
7.839752954069844140e-03
1.260082132120005430e-02
1.010980190658948216e-02
6.336504268117667572e-03
9.266268348700000546e-03
4.849792540736963357e-03
7.434737174051643180e-03
4.916781206665832293e-03
4.824859213893926795e-03
1.062515320880475130e-02
1.253809977721494218e-02
7.684773860366006515e-03
5.824961788857038747e-03
7.988359255932784078e-03
4.355199616287357654e-03
3.685380305958722586e-03
4.335286013848591372e-03
5.321519459204710964e-03
7.814472590150955272e-03
9.983280098861633048e-03
4.383772004437506108e-03
8.031639867321993878e-03
1.054330004302336463e-02
5.977077010888006553e-03
3.791594322048622272e-03
6.481577046512247697e-03
6.761684141575702127e-03
1.061436911316358117e-02
6.222252152729710988e-03
6.393253204248335909e-03
1.243702272396370739e-02
9.096389741517893826e-03
4.886150456544782576e-03
7.157142520003761423e-03
7.667665630530272683e-03
3.651804803377070412e-03
7.384205879005088791e-03
7.947321276158382866e-03
2.697259165688917909e-03
7.085260065105464765e-03
3.249927308292187463e-03
1.017919974004979911e-02
4.368766133505842288e-03
6.977243582862430356e-03
3.979320278998927859e-03
5.048475180677260664e-03
3.772116122401831563e-03
9.532226151264854355e-03
1.023851561926736667e-02
6.945142786073397849e-03
7.612764231545068004e-03
9.873768033493593096e-03
4.511552372135685385e-03
8.974162123309007907e-03
8.535267184164307963e-03
1.203620530389620108e-02
7.430068157241925819e-03
5.524717822804140963e-03
7.085706294918351668e-03
3.806558530158063967e-03
3.108974433970458986e-03
6.283546511142376785e-03
6.107673255614874848e-03
7.856837311617377931e-03
1.293369629125913460e-02
7.070536822679088576e-03
7.196023739574145157e-03
6.173214864754022514e-03
9.889100434732428502e-03
4.926220084763857643e-03
5.733552521217742844e-03
8.753770862605980696e-03
2.846672733215524064e-03
5.338059966475934906e-03
1.084887887240162073e-02
3.617567603604466241e-03
1.022079421833419106e-02
4.328188121325499300e-03
1.121982150609837463e-02
5.438676847589198407e-03
6.661380980710572379e-03
6.723437470495351523e-03
5.365886213361609897e-03
8.405636623371622734e-03
6.586069776709237676e-03
6.329189405495702810e-03
4.815486402334917884e-03
6.191363203721438231e-03
9.907412408007132409e-03
4.692579580744918842e-03
5.555486126596090486e-03
6.591954834474405070e-03
9.568087456293516285e-03
9.261437628762856852e-03
4.883644479121667173e-03
4.857637448743934959e-03
5.170161538170300365e-03
7.237693704975933437e-03
4.002127619821789668e-03
6.269177306592084095e-03
7.335908992471235762e-03
7.702888577157880265e-03
5.159928299009661906e-03
6.223108588043605761e-03
8.944517464379988375e-03
6.902727462015870001e-03
3.651073587652591424e-03
5.539116707406826004e-03
3.903146726464494596e-03
6.694877122429891865e-03
5.258147545235525473e-03
4.216845328707557149e-03
3.463258099817946752e-03
7.521143397677701632e-03
8.299582693847052522e-03
4.603683730542101546e-03
7.926949431102356045e-03
5.260748883737821624e-03
8.763116714019412654e-03
2.784985529588411123e-03
4.126055512331442895e-03
3.546943294297630854e-03
5.150909086121363903e-03
7.259518127353290634e-03
4.118401767258542991e-03
6.013362948778748669e-03
7.113276583735807929e-03
7.511889366509551767e-03
6.182653115309644405e-03
5.736801732385049014e-03
4.780520844879879508e-03
9.227259805144676433e-03
3.646473747099085189e-03
6.904162103602917190e-03
7.743343171403100668e-03
9.159078767217497183e-03
9.407603298591006580e-03
5.045793269776888135e-03
7.095124718276092646e-03
6.804858378450711308e-03
8.958536028097164802e-03
4.991467690599172766e-03
5.215264335055066862e-03
9.055264899904954742e-03
3.053211338008007120e-03
4.157869327041457952e-03
4.613310802333746123e-03
2.819813190933759695e-03
4.375562505533227634e-03
4.898281946174437400e-03
9.719888973908543534e-03
4.872529173639686406e-03
1.687781967812751124e-02
3.402042212875092640e-03
7.670176132495367879e-03
9.869682051876604856e-03
9.025342326635090937e-03
7.404726608346570531e-03
2.472448016023323647e-03
1.086761990853103363e-02
8.739403554026071302e-03
4.978873645612766352e-03
6.115415895113393910e-03
5.127666416620286355e-03
3.719829089075304008e-03
5.841530326060969183e-03
5.893544917210718527e-03
6.054155545549015117e-03
5.699742634864551384e-03
4.678728273627068973e-03
6.418375694165419192e-03
3.356251295795756578e-03
5.100400768118258828e-03
5.873487313991700848e-03
6.704930716705303183e-03
4.675038719472893872e-03
4.189638748481251673e-03
5.340539525100945414e-03
3.693081703124890744e-03
5.229516230639981098e-03
4.028595792937298553e-03
4.320843217698238335e-03
4.770803872533334322e-03
1.307595875669647495e-02
5.039544895288960991e-03
7.637087178147997958e-03
6.403153899174509993e-03
9.055431288687298963e-03
6.260736096048808916e-03
4.992576607895386244e-03
4.559578874754723413e-03
7.637844569218493057e-03
6.419015656597017346e-03
6.756279932751358373e-03
7.334890107725592495e-03
8.876113830146423536e-03
3.908379977245964726e-03
1.261326003155943849e-02
1.149197423603724039e-02
6.680908378885581922e-03
3.885055275993042762e-03
3.770315093116724612e-03
3.139302148249534241e-03
8.482461628660202188e-03
5.668983094455295850e-03
3.950498360058641960e-03
4.288152786585184943e-03
2.450801708834079821e-03
5.227840789850529690e-03
3.997978811094608266e-03
8.966228573026221657e-03
6.467955474587091906e-03
3.963925491269576322e-03
8.433202058821340913e-03
7.045111711030687188e-03
3.957021666592004487e-03
7.086962225475157244e-03
4.082048329297874138e-03
5.198660465355890020e-03
8.114043904116680431e-03
4.491061557559720800e-03
1.251669217387228403e-02
1.100851888880208761e-02
9.384861026100253453e-03
5.223556487157851244e-03
8.864929851506114442e-03
8.105960670813630933e-03
8.436789547320073038e-03
8.648556214138616513e-03
2.367325513057773768e-03
5.052579034271833386e-03
7.641868692513935531e-03
4.978010856573561807e-03
4.959843769627085390e-03
7.927118131522034941e-03
2.926004717343493912e-03
1.005263876115127138e-02
7.350736413489335729e-03
7.743699492717933015e-03
6.993934858917891934e-03
2.727867100022647855e-03
3.555970801280229545e-03
3.403810147144099591e-03
1.327377810542273474e-02
7.926710116805910436e-03
4.237448874958670182e-03
7.338197612111435619e-03
8.093187796614959711e-03
5.556611068899070839e-03
6.402121099690686462e-03
3.521173443911276933e-03
6.960472316809924315e-03
5.871254043654927993e-03
7.614134449843803533e-03
1.024339785796332149e-02
4.539615611993057243e-03
3.634664460937723877e-03
5.437646335834214577e-03
5.732528905094675178e-03
1.212898971966968123e-02
1.298615226069477907e-02
7.341071200866133850e-03
4.268588803054837282e-03
5.096672622390571381e-03
7.563209833163061536e-03
9.774771432921896056e-03
6.977700357927872112e-03
7.627017766589022120e-03
1.085755137013420975e-02
5.338350689904132473e-03
4.014817206458402843e-03
1.051821488280311502e-02
5.165699570784641065e-03
6.939652374744944424e-03
8.220531526514453236e-03
1.014792559280707808e-02
3.254848666255630383e-03
3.770224906083480352e-03
6.648432141640740929e-03
5.780114761410760221e-03
1.469719672935548317e-02
1.038191410137418759e-02
4.049302918898331841e-03
2.988427766298374678e-03
6.575802661484231489e-03
3.163547583616786903e-03
2.470208184643542422e-03
3.100644239937417647e-03
6.194938038382810479e-03
3.154461911500730693e-03
1.446357639680571731e-02
7.364691560466142713e-03
2.879105176587869186e-03
5.441019427861577828e-03
6.959805559140753994e-03
4.395315246897064758e-03
7.153376930493400565e-03
3.650466110015581928e-03
5.261972616245427260e-03
5.224671255530786811e-03
6.840470401356529145e-03
5.669161479654002966e-03
8.921907263265254837e-03
5.530987427517071453e-03
1.043687136986742522e-02
8.882366179252634483e-03
3.712622919218711189e-03
6.945402508660603047e-03
8.023118138001654465e-03
4.444012839298705844e-03
3.044731910241550276e-03
4.609262047358298094e-03
7.504532254581220210e-03
2.349930952103673754e-03
3.976061624609898010e-03
8.279629294315376045e-03
5.015194586390530479e-03
4.572104459426186776e-03
5.804661296013478508e-03
5.451720612390228114e-03
6.218082928038328253e-03
5.981655350369036520e-03
9.346626179092083417e-03
4.558114462824281767e-03
5.586153603759522364e-03
4.603261362615497509e-03
4.821831345002304883e-03
3.531950712358059540e-03
1.161047492287569510e-02
3.896668878383216256e-03
4.722358556296049441e-03
6.730922460814523119e-03
6.652642117445199677e-03
6.468339276775323179e-03
4.908247569546659965e-03
3.025775024606420279e-03
3.472540209331319294e-03
4.316994235687341384e-03
4.977004692135535667e-03
8.423314383369781555e-03
8.778270321327696565e-03
5.375614715856460828e-03
4.301347608691424157e-03
5.948158753360411645e-03
9.939016882937469835e-03
3.684416104115986051e-03
4.442105737667611902e-03
7.358589865137982536e-03
6.768990089863504561e-03
8.280032394854293029e-03
5.070240629918585339e-03
3.797513209576723354e-03
3.423369267514406785e-03
7.197835487390266684e-03
6.877969241302837357e-03
4.497402580530080775e-03
3.989884598214049442e-03
4.090016834913949746e-03
7.055184747485374747e-03
4.246860366442149932e-03
3.883514741746270111e-03
7.019835116927104594e-03
2.874341035571815334e-03
4.778972871396201111e-03
4.392402525324421228e-03
5.440362003137385119e-03
5.272838394945039524e-03
6.721916262335859288e-03
7.419724083428904347e-03
6.455973677388259467e-03
4.934194931388048537e-03
6.547734104664554300e-03
1.166533160655443095e-02
7.960150379900219828e-03
7.219576661912715729e-03
6.054158584938663067e-03
3.669921489436859131e-03
2.474234806757737073e-03
1.202940325155667928e-02
8.129975185411853628e-03
4.936587845291225130e-03
5.373195537961391460e-03
3.668502641683688524e-03
5.395782957757977970e-03
6.475936668511506414e-03
4.603556593179529768e-03
3.659403905389040958e-03
2.966219662907026988e-03
4.906191960517737247e-03
4.418062645049010244e-03
3.023761318643288214e-03
6.819603799337173311e-03
1.919903766580728947e-03
8.880363915252676224e-03
3.195747383838700491e-03
3.419900012864165052e-03
5.182958510647337445e-03
4.274496467785893379e-03
7.577801128151878327e-03
6.985548672288149040e-03
8.002622414756799252e-03
5.630884348541348623e-03
3.270620459400549410e-03
4.144024357071809245e-03
9.005380747034757299e-03
6.621747469981202269e-03
4.371369107683618915e-03
4.192100953870574361e-03
4.685138526293378819e-03
7.449655792498524609e-03
3.804826533655527188e-03
4.889031355148170700e-03
5.532816644142749853e-03
5.728732230754218085e-03
4.295687323378605434e-03
6.783256969025057773e-03
5.095720020192832413e-03
6.952741220180668098e-03
6.769221720855548609e-03
6.525239092366549691e-03
4.189798939279238375e-03
4.553652538177284902e-03
1.195028081940887991e-02
7.480833648776896889e-03
8.041511539294674341e-03
5.512333400477933271e-03
1.008591171782585727e-02
8.859400845222561993e-03
3.224826348228895020e-03
5.328655022718341815e-03
6.086215306045005165e-03
4.583067757440413906e-03
4.863578460216111225e-03
4.985015765879934752e-03
7.432312693863182135e-03
6.579475530763369447e-03
6.064422251614780962e-03
4.865611024397033593e-03
1.187796338785251579e-02
1.336542207144347620e-02
8.614725183437366152e-03
1.289230335104155599e-02
7.960722549350991717e-03
8.595664835726074537e-03
1.235696824999346459e-02
9.252571497442357504e-03
7.455066703048049241e-03
3.659614383790447609e-03
6.967837831698896547e-03
5.362948025590127434e-03
5.210474268950358173e-03
6.399135088434591487e-03
3.888670353553220008e-03
6.548959977464683009e-03
1.525969858291784109e-02
6.478252316984936011e-03
2.688266417488251354e-03
6.420739352772789239e-03
6.040491357026920444e-03
5.990715412950564991e-03
6.652742835515470729e-03
6.359732075481150729e-03
9.851262749411870620e-03
2.487722259757285496e-03
3.108475871992900496e-03
8.604465209707654397e-03
9.693058993353003208e-03
3.248047645324151321e-03
1.206488426359592254e-02
4.680841645686283775e-03
2.683528714884386625e-03
1.422610543272525771e-02
7.237522580586880361e-03
5.648396076154267760e-03
5.602285756167708561e-03
5.995909317265799357e-03
4.777256809244734281e-03
2.742208555284484511e-03
6.837878318299896348e-03
6.825277241432061229e-03
8.744235139577550414e-03
1.104791459573835864e-02
5.339208211681909649e-03
3.538766477617389695e-03
3.991224029960202535e-03
8.170163387845078354e-03
5.096485251944889855e-03
7.091310895582055539e-03
4.935117735555953102e-03
1.021272861842826077e-02
8.173370408290732067e-03
9.120416426564661311e-03
9.644603992066690806e-03
1.004196343073670596e-02
3.782397826294487102e-03
6.656029996355843255e-03
4.504665827908109835e-03
4.602653138718587784e-03
8.332540734505910346e-03
3.491187150544736596e-03
1.051510037053527379e-02
4.281493960951555239e-03
5.211474264319323167e-03
6.459655261020160258e-03
6.708972183252925534e-03
7.750238488442457926e-03
5.269075786732664059e-03
4.061524572872108642e-03
8.694304243639188606e-03
8.651481516255481868e-03
3.109310513280495042e-03
6.665987603234573358e-03
5.794884187174518218e-03
3.504799134273235174e-03
3.577331736698319969e-03
1.264199512663394427e-02
3.756197582150205393e-03
6.276891783904993589e-03
4.804517237034800978e-03
2.962501677852064606e-03
7.792532859795077600e-03
6.048393140394734031e-03
4.963834469390053170e-03
6.269297235816396856e-03
1.188720685494775234e-02
5.086382307758921181e-03
9.040409959954507496e-03
7.709451889137383489e-03
3.428485723790676912e-03
1.466544891186531349e-02
9.338999081832064300e-03
4.276468478268010548e-03
3.430895131962119829e-03
8.791746942459266467e-03
6.082937359484332125e-03
8.410026721897872343e-03
4.859873626933195259e-03
4.889666283369116344e-03
4.679833118207407834e-03
5.630436531282045215e-03
6.494413965072646892e-03
4.661476393762750171e-03
4.277858671753266562e-03
1.166399925587642897e-02
4.319957354139937131e-03
1.187153183012986356e-02
5.052352708609359963e-03
3.910839721461124505e-03
9.179133228984748608e-03
6.069406620069000766e-03
1.314181306704475735e-02
4.288525854988782526e-03
4.768889232571419702e-03
1.005361671542992150e-02
5.982945948104521905e-03
6.495722628872146846e-03
3.578274906020604672e-03
7.303362510920874059e-03
1.038375037027321375e-02
6.058829898189869653e-03
4.121210615411184837e-03
6.332605226934308849e-03
6.632184644608535122e-03
1.002343100482420805e-02
5.848918370830058326e-03
7.086022712466781732e-03
4.291612857441931897e-03
