2.308594775333704975e-03
3.402487770855542638e-03
4.072335713137418753e-03
1.015645260140156944e-03
4.339299281372862964e-03
3.700382858126000703e-03
3.511041373648660091e-03
1.982168222669819079e-04
2.118613695505742935e-03
3.231117338218842837e-04
1.788115155316659334e-03
1.560496051388556146e-03
7.979805642123192697e-03
4.406427748795082450e-03
2.634049673981713607e-03
7.787056542117734917e-04
1.334728271856198967e-02
5.615662401914764054e-03
1.265460196669020848e-03
4.680257709223715513e-03
3.043181959651442350e-03
1.298645062153328672e-03
1.796575239117145480e-03
1.441990403948957816e-03
3.409705017998208246e-03
2.799607888322795494e-03
1.065017411168906348e-03
2.786658391010818359e-03
8.067592171814985799e-04
1.179415342936565927e-03
1.368018690355834056e-03
3.399605262889752815e-04
3.642493769951766960e-03
4.625466637432996964e-03
4.796186754023066233e-03
4.884405688712448700e-03
2.425068223811271875e-03
5.348691987692826000e-04
6.303657452747049757e-03
2.127985065692214461e-03
2.725150685303819303e-03
1.943077360913288273e-03
8.045790929803606217e-03
5.285700963793037513e-04
1.090226909535721607e-03
4.407428937293637362e-03
2.786718488888284984e-03
1.946248209252992136e-04
1.395834585169375289e-03
5.154906108858366663e-03
9.915366783050686902e-03
1.730119756040747600e-03
1.098212586845374698e-03
2.402534919770562410e-02
1.959639823619216230e-03
4.180646842077994675e-03
4.053379184822661807e-04
2.006259592856105120e-04
2.482147704983913346e-03
3.900263446318735718e-04
3.141396322455160413e-04
4.809195315047335058e-03
2.493776327999409816e-03
7.947800855038388707e-03
1.804107658283245728e-03
2.299727312012757319e-03
9.196889168458911943e-04
5.030982033444244585e-03
1.500853606527142222e-03
5.336401413665708623e-03
2.062507071700833347e-02
3.218657393267443986e-03
2.406047678864653427e-03
4.366230592593925777e-03
8.077702346876369181e-04
3.537680801060777251e-03
3.489018095956601586e-03
1.130849812574401952e-02
7.436651918231609957e-04
1.079245467639934099e-03
2.867021876700514248e-03
2.799283790960073980e-03
3.877695422882603948e-03
1.102662307501414696e-02
1.099643585975991315e-02
1.719256525478135783e-03
4.340671390093935392e-03
4.288673503756718422e-03
5.365554118447064466e-03
7.629292896117806887e-03
2.491760596209000121e-03
8.094331926861699986e-03
1.114871384912772146e-04
3.775259355396986898e-04
6.307342694458271232e-05
4.513210449387463144e-03
2.291308958561665953e-03
6.089144055445614573e-03
1.878904133218509392e-04
3.102343423593148432e-03
5.711724107782894209e-03
1.322183874809978576e-03
8.115054068382574902e-05
1.910013230982821964e-03
3.604380730364423798e-03
2.303071094562765889e-03
5.026739930187971040e-04
9.583720620647924113e-03
2.855752619718669207e-03
1.349153767121447382e-03
9.049086052328670499e-03
1.127142275691193430e-03
6.024761005932248621e-03
3.566203031663646092e-03
1.093642352047155542e-02
2.081587274230432827e-03
1.117217552025271017e-02
2.298331677242913904e-03
2.536032013310480886e-03
1.369697960603588225e-03
5.843961491646533328e-03
1.738322002649239379e-03
2.533005348623118720e-03
5.767434594248476050e-03
3.262245869130243458e-03
1.969407899267962628e-02
7.363716889535051706e-03
2.723434844840175954e-03
1.322786018235599503e-03
4.184752001845283174e-04
1.821678829127919503e-03
3.124778888563438470e-03
2.459245149017524976e-03
2.944571057914303989e-03
6.634659785724260177e-04
4.559682999943643310e-03
2.917941625950882991e-03
7.639780898073415859e-04
4.969578585405321977e-04
5.644855323501029622e-03
4.658681057883739922e-03
4.209351097069338743e-03
1.533606411100266013e-02
9.506811141933552796e-04
7.187988715665762085e-03
6.844731003328459636e-03
3.513690026421368000e-03
1.318201985371591199e-04
7.186016027349534895e-03
4.010535921367140537e-03
1.046797457169481227e-03
2.170108355031097856e-03
3.611006108387126035e-03
2.823227951665538676e-03
9.765757726665262595e-03
3.995222787251313280e-03
1.699468799679927080e-03
3.029474805225669011e-03
2.772058376166122978e-03
6.936859246241048466e-03
8.064263214463534071e-03
3.882184545884523243e-03
2.408122233994672116e-03
5.294493076399260992e-03
8.213593779384178659e-03
3.320011748406781309e-03
1.490093629510798312e-04
3.878821980237085934e-05
6.546313100416328683e-03
6.325295511372631616e-03
1.256545735670649457e-02
5.874324008013677607e-03
1.914871442099177752e-04
2.743609936981777041e-03
1.084665748517433213e-03
7.651891360464517142e-05
1.002488907414657293e-02
1.173769015122283705e-03
6.952640975944604160e-03
1.733196918460053540e-02
9.668912032025493361e-03
6.409318443089481558e-03
9.802470164960493809e-04
4.817893216388986766e-03
2.012279435747452074e-03
4.663725974498178842e-03
3.723566027723809561e-03
2.800077006468715962e-03
3.320614544498322242e-03
1.812919703792539167e-02
7.921830150589377270e-04
5.600902915750550527e-03
2.867392672372952745e-03
2.710302790410859856e-04
1.431814628948624261e-02
2.768843124078477201e-04
2.481834623714491983e-03
5.639901923409360376e-03
6.908175842419021599e-03
2.352772555576379543e-03
9.140733191714392469e-03
2.628285180622717907e-03
6.088230535522747705e-03
5.121920052139227256e-03
2.396255550220291550e-03
9.310513388118464313e-04
4.351302215786837652e-03
3.553859839997835644e-04
5.055202397741904476e-03
8.204708153897383779e-04
6.139637663216126855e-03
7.984069579811771400e-03
1.637689229909861013e-03
3.155545756520839948e-03
5.594516041871525243e-03
1.311038182381910402e-03
7.978950445887318665e-03
2.747380397857524057e-03
5.673289908114114918e-03
1.320053661002598428e-03
2.599415870069155064e-03
5.428294560571038548e-03
2.254924149119646483e-03
1.834120864208822190e-03
2.230511662734040081e-03
6.615941838454077184e-03
9.534646537260048653e-05
1.256596735516242631e-02
5.570970391390700840e-03
1.083490029705157058e-03
1.285328979995604493e-04
8.145282961466200275e-03
4.238614198807923172e-03
5.588673505246922156e-03
2.241732705960703710e-03
4.694757404598568005e-04
9.766632779118872634e-03
6.200957070759778242e-03
9.083628735599973136e-03
5.703061162225933796e-03
5.554301746931641090e-04
2.584689511638775007e-03
3.937803503084864702e-03
2.043234027643055922e-03
2.089296567709953301e-03
8.493170538022470949e-04
1.988547548659214213e-03
9.336403270016774844e-04
1.026651391033779614e-02
5.270558056738931102e-03
9.193477902783010053e-03
4.281248927474196595e-04
1.415393942265805996e-03
3.566682242592998913e-03
5.484693603849672208e-03
5.350988546956274424e-04
1.504446677930106925e-02
7.796868858689000748e-04
8.785806875201437535e-03
6.957740089167530582e-03
9.485113088826454750e-03
1.078294368788974443e-03
9.677493324228613532e-05
8.664013708968579947e-03
1.783887239956224871e-03
2.560659400988970612e-03
2.908066455918541585e-03
8.842849493150423124e-03
3.812128932626482249e-03
4.723684528176060743e-03
1.186671664615203056e-02
1.522062425616715290e-03
6.471208975943099767e-03
8.531067078754143648e-03
1.714335543900932530e-03
1.600472451018107329e-03
6.910762964908946128e-03
6.472100576480817671e-03
1.466030543866010498e-03
8.417291569378022517e-03
7.994284511251654665e-04
2.439600168354362237e-03
3.405026900063526330e-04
5.682724206075962339e-05
4.807216817954746042e-03
3.953542545176533252e-03
6.827215288978524463e-03
3.150268893517587298e-04
2.993485980935327046e-03
1.401449826815838158e-03
1.454043436668942891e-03
2.300216529826129043e-03
4.930024788263983465e-03
7.647541967673403100e-03
6.897557140018361829e-03
2.229854555745450391e-03
7.389145619715371425e-04
3.589794435477611755e-04
3.447886253779960854e-03
6.620229676552932645e-03
4.783511383206827221e-03
8.086649551977867338e-05
8.960859647257183452e-03
7.550878487109302997e-03
2.972727764194907970e-03
6.058290812180566753e-03
1.753829518346215332e-04
9.962423910017943578e-04
9.073773007145470235e-03
8.096845803461906466e-03
7.796522924591634332e-03
1.997613601727108324e-03
3.317013684303723228e-03
7.521250660339005856e-03
9.655407030107923498e-04
4.542425483988296597e-03
1.205401987872160678e-02
9.221760503397445543e-04
1.375831769262681652e-03
8.681456416650218388e-03
1.677850162653767019e-03
9.727092999892522846e-04
5.959533272554238007e-04
4.434617850513026399e-03
3.633468561465076629e-03
4.632755459276670850e-05
4.566077247458461691e-03
3.738158596639837034e-03
2.422662956285107864e-03
2.521297712671349053e-03
2.764323180597487873e-03
4.788465095131163793e-03
3.308327275057625885e-04
6.019221549822307421e-03
3.362666459320034964e-03
3.507300761101396838e-03
8.684646748248951373e-03
1.702620916406922093e-03
5.062157299066078831e-04
4.433614670497769070e-03
1.443920134704139620e-04
1.013641520776704117e-03
6.636856644399528535e-03
3.227529292674505973e-03
2.227308611280473180e-03
4.975404680284102599e-03
5.597928508306514346e-03
1.066432634537081703e-03
1.315379840892782906e-03
4.343388174431173608e-03
5.720099744329331000e-03
2.654462747866792593e-03
1.935238616470919167e-04
8.960101751848671692e-03
3.329917525089454069e-03
1.725965916981012267e-03
3.843103116961291837e-03
5.430847384317996629e-03
2.579170906307388066e-03
2.068714493605090105e-03
3.652405705935388006e-04
1.255759448280051836e-02
6.488690143901073215e-04
6.900317649734234726e-03
5.622623917613075138e-03
6.631425655468327005e-04
1.892143415080281338e-03
2.499411125079085538e-03
6.095055915251823379e-03
8.802483725932726960e-03
7.161650317658870869e-03
6.262002393834277710e-03
2.759362143483133373e-03
3.385486338943244616e-03
1.278908749006250076e-03
7.102486331080995821e-03
1.060695619502622158e-02
4.027785989788582564e-03
2.640697591476633740e-03
4.618535255231797504e-03
8.420774405168531332e-03
6.709162720048606095e-03
6.050074104247434373e-03
7.713293288283320365e-03
2.617214998715173147e-03
7.546224870151030904e-03
6.461140455265692098e-03
8.137538123727070406e-04
1.008784760455752084e-02
8.195089740720109400e-03
7.302756788318100559e-04
1.507755137408229489e-03
3.879695636678921452e-05
4.579481588593531383e-03
2.786740177311777037e-06
4.749592699188827892e-03
7.158714456485451051e-03
4.942966083632209691e-03
1.663971914898598921e-03
4.297184864640267270e-03
3.023637486318634694e-03
4.182180971113228646e-03
1.417970010880582844e-04
3.494415426920784162e-03
6.520797077318021611e-04
8.503101813169463294e-04
6.378333974601580782e-03
1.147211381654861988e-03
4.312115592567292155e-03
4.365411096774232322e-03
7.663818209285709615e-03
1.022231976238280283e-03
3.257458239962074918e-03
1.719508942625667426e-03
1.680417575350019819e-03
2.699935526033957699e-04
1.484165702186614373e-03
1.449121363437079740e-03
1.773817751208501669e-03
1.565432663224647575e-03
2.153189761962993800e-03
3.156858348627030256e-03
5.172576397146424164e-03
4.189662947657209029e-03
6.714704202013298609e-03
9.285701430170602635e-03
7.646132196318548152e-03
3.138427551479559124e-03
3.812507976107497158e-04
4.823490588510202098e-03
9.038130307082262518e-03
1.714180916335915177e-03
2.447273885749085866e-03
4.865548195524812408e-03
1.827885233656776449e-03
1.291460473354353678e-03
9.759906670178580324e-05
5.159142439114462915e-03
7.264543670969060736e-03
4.696348343991265523e-03
2.766702388204483973e-03
3.536605499967990658e-05
2.576578817444508292e-03
1.438574512678562033e-02
2.681884700387963168e-03
8.391898338340255184e-03
1.614609254790352151e-03
1.023309894768459002e-03
7.305507570292741129e-03
7.617538550855239114e-03
2.615673970818902915e-03
1.670976487534987006e-03
2.347107864989291318e-03
4.742469276317318877e-03
3.523013654410357253e-03
6.579075122582105691e-04
1.029237654402179051e-03
7.733329277260273492e-03
9.289840625855594509e-04
2.589831094629486984e-04
3.922836693253652584e-04
7.028471300084468670e-04
8.127595341532293377e-03
1.397068959453820220e-03
2.838200671168736398e-04
5.323874702746892937e-03
4.149673147330864946e-03
8.296648885031919496e-03
5.210172195913861416e-03
1.238934460316343592e-02
3.351088913676681085e-03
8.006047009654800853e-05
4.660564563013539288e-03
2.833977160665009727e-04
7.468521998119072519e-04
1.195580945463222376e-03
9.235009545564146563e-03
2.836025764823588407e-03
5.097848787054787972e-03
6.299139310039780781e-04
7.733026740544558233e-04
4.153288898321588762e-03
1.971076240751331622e-03
2.634273657506949404e-03
1.010261037538637621e-02
1.230437732402410011e-03
1.073518918729433717e-02
1.365871481170839990e-03
1.009165528833336385e-02
8.210346524044648264e-03
1.629400062523422670e-03
2.607390556345526734e-03
2.160995269414681293e-03
5.377365430646018898e-04
7.463327980273578958e-04
4.387432073155543392e-03
1.972250923915894183e-02
4.587581977237651775e-05
2.688055543174697453e-03
1.050725329732226298e-03
8.877862676230892716e-03
4.825937943846231835e-03
1.023121865521594166e-03
3.192096673160726983e-03
7.353594920010891010e-03
1.009889710835106631e-03
4.834706982831251201e-04
9.675944778167476544e-04
3.813381408847503398e-03
2.811441823112181739e-03
1.975819091094117245e-03
1.239723165797365070e-03
1.585576126326246988e-03
2.658161766523259827e-03
3.733289015610760826e-03
8.700207754817479086e-03
1.655660669898369403e-03
2.319967781887803237e-03
3.935008053450258798e-04
2.985322291902894540e-03
2.071430939527346519e-03
1.134247470931953015e-02
2.068819971080059199e-03
8.200435192802221079e-03
7.498630516446711837e-03
7.502074425470807092e-04
7.784510295879396198e-03
2.202258683032541891e-03
4.336494039588138089e-03
6.879762665960618235e-04
2.674375290164901758e-03
6.673998331658534183e-04
8.615836862612077235e-03
8.466144475337811746e-04
7.539754293377834253e-03
7.602155760043507494e-03
2.950954629168354125e-03
8.095668968971773570e-04
1.019220277418371847e-03
3.894047394448599091e-03
1.108476892127247459e-03
5.867737560300266726e-03
7.162986988489391561e-03
1.775916179002857021e-03
4.104246917765223823e-03
3.118400525296490238e-03
1.018988472869612923e-02
1.267949467682326662e-03
4.859750371672563740e-03
9.605444847314209555e-03
1.797112945010123338e-03
6.901456571810417090e-05
7.632684179053988473e-03
1.612912774388932519e-03
1.517932483469876812e-03
3.416918804322913519e-03
1.929601378486021142e-03
7.571199942788435023e-04
7.947859511821534634e-03
3.661124519477278443e-03
6.830694826387994929e-04
4.007217358209892721e-03
1.531264018897947072e-03
1.475555618191232718e-03
5.018844548111509041e-03
2.855019653914323170e-03
4.560080982645740920e-04
6.297782875323225393e-03
4.858738038609285506e-03
1.684976764451874120e-03
7.095570270973347755e-03
2.006717381387403739e-03
4.310522922400198548e-03
4.129536461751325167e-03
2.106135346828230497e-03
3.800767415067543304e-03
7.374905452939887161e-04
5.326038699318952525e-03
3.334903560395748208e-03
1.186246887533725335e-02
3.046528053821363335e-03
3.678845277431831012e-03
1.356715291455620406e-02
9.030186122872504214e-04
5.888531177318954458e-03
1.509123707686964170e-03
1.068878907092793255e-02
1.612190541358351917e-03
3.802032281606185639e-04
4.150299789058591558e-03
1.940011361043723730e-03
6.021598726560853116e-04
3.085229408313572774e-05
7.598846841939402774e-04
5.560898705430710257e-03
6.565579644908727322e-03
5.717185431800810881e-03
3.531227870792537967e-03
5.002547100909360278e-03
9.683856502597997743e-04
6.932484267714173788e-03
4.954046751535666308e-03
2.702927324724651182e-03
4.093771011985829276e-04
2.025795303851053199e-03
7.162291543146018062e-03
4.575835086655793971e-03
2.016585707467760148e-03
3.046913690406264762e-03
7.837938349330834248e-03
3.608308490217196438e-03
7.573818674580293925e-03
8.282435479295356326e-03
5.829382044383714725e-03
6.838765936640595717e-04
6.376919438776424039e-03
2.079556981551481786e-03
3.877816699271007927e-03
1.827094291383891218e-03
3.109708343972975627e-03
5.617113003359539719e-05
4.709061564098494107e-03
4.747813030083338631e-03
6.865620292844181426e-03
3.573751863407946956e-05
3.181636923540481776e-03
2.463531299988046264e-03
1.541664727023035189e-03
5.656044893885874870e-03
6.206354738689986430e-04
1.660856421475835403e-03
6.360776527520611455e-04
5.411858249998185641e-03
5.620246858198871525e-04
2.561938875507022498e-03
2.924726584070982006e-03
1.111633770364042414e-02
2.192010385007980670e-03
3.416804668200728538e-03
2.337948211091465771e-03
1.177880291749806326e-04
6.576995609791475537e-04
4.792098250542317639e-03
2.486059026664840573e-03
1.451457545618856483e-03
6.891414417657264896e-03
2.995073541341077006e-03
5.217678349345615703e-03
2.285647372877541803e-03
1.091831563002924584e-03
8.743443290332164608e-03
1.671321436035208725e-03
2.855127295076708132e-03
2.443287846286907889e-03
3.380375844070262060e-04
2.419316973220885306e-03
5.064453682494180105e-03
1.067628090103781794e-03
5.391810435062441287e-03
1.525578320129734227e-03
1.453350617293044759e-03
2.760400900882526223e-03
6.683031652349038371e-03
1.775958239661349367e-03
7.190287430913558375e-03
3.838261796757622591e-04
2.699698011254377580e-03
1.592580508196438397e-03
3.307821165275757341e-03
5.107770712944005240e-04
1.803380976290038440e-03
6.729803071806891510e-03
1.742333038982105077e-03
2.279222263412075591e-03
1.411173224603392033e-03
5.404149142576204767e-03
2.222518091283176480e-03
6.132443799969528563e-03
6.430570216831152895e-03
7.453555129578800544e-03
2.938312185854174714e-03
6.606977845423048397e-03
8.152704698068906700e-03
4.894306550422757029e-03
7.250251774958263234e-04
4.612975156878181514e-03
2.720915782349012796e-03
2.702822112988020106e-03
1.082251657351353475e-03
5.034333126840695276e-03
2.326934998994929001e-03
2.444777364143255020e-03
7.498366236891452867e-03
1.678362613423969038e-03
2.256018862816867258e-03
5.187743475483394496e-04
2.237234131691066309e-03
1.674314303309208793e-03
1.717323284518432538e-02
7.403063522684128275e-03
7.700397135092075865e-03
3.303328533261645685e-03
4.888811997832200615e-04
2.836386934776361120e-03
2.897805529553534962e-03
1.776819370696698175e-03
2.021798431374121317e-03
7.650788542742543129e-03
5.375618006520779986e-03
1.237557700041455166e-03
1.132867963228778065e-03
9.870802738873083945e-03
1.200819378676539449e-03
2.794491825805055490e-03
2.589701821299563323e-03
3.082029787102309021e-04
3.401275338632767705e-03
1.430290447258243322e-03
3.305176011215597408e-03
2.031333304393974511e-04
4.835580973933947075e-05
3.005128410748551197e-03
4.172598836952891126e-03
1.366731839416356889e-03
7.167110823341073245e-03
2.110680823839561435e-03
1.738522384193538035e-03
4.293518600883027871e-03
8.067094819040569872e-04
5.156455547804475069e-04
2.379470359390309896e-03
2.594782930385102198e-03
1.265322518210048285e-02
4.198104976013335501e-03
8.579106676377735001e-06
9.703661922295056877e-03
7.317658878580551949e-04
7.330231293826299649e-03
5.907165586437407127e-03
2.930070041756520447e-03
9.400392374549300031e-03
2.540141160911882443e-03
6.806577803773593109e-03
3.616637551590516338e-04
8.614227395087991745e-04
5.512810085443615440e-04
2.409218599087602740e-03
1.327749732268107292e-03
7.919817052899061002e-03
4.751587739313926743e-03
4.699667371798349307e-03
3.635289728591424487e-03
7.770507251605043506e-03
1.309434533745415432e-03
5.528896735610634196e-03
5.146773144688395266e-03
2.229004824504497804e-03
3.158538888780701610e-04
2.512740390085315897e-03
1.938875038007256040e-03
7.275661659098863268e-03
4.280937585382681848e-03
3.070615318772273832e-03
4.327490796993765931e-03
5.588208806002094818e-03
4.048012451110314172e-03
4.228937441044227502e-03
1.173420812279684592e-03
9.519976900845524351e-03
2.929189551714925926e-03
4.334901848423573095e-03
7.733744479272267568e-03
9.712371484133586544e-03
3.390272147101010790e-03
5.811669067779474951e-03
5.818836477250941865e-03
5.280582802170212878e-03
2.391146856490160288e-03
9.519348702022416286e-03
5.477570704556065581e-03
6.107224633928124910e-03
5.398868152187505029e-03
5.810749537970711850e-03
2.232612849331520183e-03
4.313310533975940608e-03
3.901437864447745594e-04
9.396127280037439196e-04
1.268822998136119292e-03
7.389415560624146588e-04
2.804574105656645541e-03
6.618992868379769759e-03
7.720096794863412146e-03
4.678992298054834159e-03
6.623922954111311412e-04
3.601716583490598752e-03
1.532398903888219184e-04
8.654738331914519885e-04
6.165632690531573645e-03
2.317491101871456286e-04
5.884764974780873001e-03
1.004887689511738472e-02
5.285487782972822166e-03
1.960598315939636460e-03
2.628170929329139670e-03
7.510777169911596459e-04
6.266792538760650871e-03
3.492945411161969826e-03
6.248106431541011925e-03
3.028250222875228381e-03
6.207430394274529299e-06
1.043094214269491444e-04
4.674946756086511244e-03
9.061145266520447689e-03
3.998956313342679619e-03
3.022152545122270412e-03
1.462057949009688655e-03
3.411731280650552589e-03
9.517804059464411736e-05
5.217798091398482586e-03
3.306195033281665238e-03
4.512941974251767283e-03
6.431118137823147417e-03
2.434859884699236334e-03
1.286909528968956627e-02
6.142948446471042934e-03
1.318142182600609775e-03
4.282473818622174570e-03
7.989487902291312824e-03
2.794062915821051308e-03
4.369320107224424973e-03
1.852533066465194200e-03
7.853690639757295727e-03
2.957539481758788159e-03
2.847414609983979061e-03
4.055949254424253900e-03
2.630765734990464294e-04
3.958814473412031534e-03
6.279840019534496491e-03
1.296842357061324174e-03
3.639978412695053789e-03
1.363173724058985153e-03
8.079144121706717530e-03
4.419562437243408290e-03
4.073611963185669663e-03
4.536404721245116539e-03
2.169589800379484457e-03
1.501956416091662899e-03
2.328630288331318826e-03
3.265620030171913473e-03
1.610058696341787983e-03
3.280772609789416386e-03
4.832580820386016447e-03
1.307834331590391336e-03
3.860919405315180517e-05
4.038932502825715379e-03
4.143645214187379258e-03
1.834796962167397488e-03
3.940847715523842359e-03
1.220372213465771485e-03
4.250436994196942452e-03
3.465632750582174713e-03
5.268876664482327263e-03
1.467956099802711746e-04
2.883093976633481752e-03
8.996678237260122496e-04
9.712538979924754566e-04
2.004565544733094389e-03
5.183332433624228235e-03
6.843130145275789881e-04
5.717025380636372826e-03
2.154589322807725152e-03
3.080392450718556600e-03
4.080769391940216977e-03
2.081643846574259687e-03
1.568976219869941402e-03
3.905394785328548685e-03
4.662904377993657909e-03
2.181074672850561152e-03
5.158399157711469028e-03
5.891349112135991183e-03
1.686338185977211612e-03
1.150385708089719100e-03
2.433154833626133327e-04
9.973004190515508474e-04
1.244101140859318628e-03
2.030520702774202615e-03
7.450167591486853147e-03
3.339978527712752793e-03
2.607690048602452539e-03
4.204709183947985367e-03
4.209647228383416734e-03
1.581456430175621868e-03
3.853917445558304334e-03
1.889113120515132857e-04
1.300414254656842333e-04
5.272652496227640644e-03
1.776502130610202023e-03
3.190405782802397446e-03
7.022946621990379737e-03
4.012474244361295336e-03
5.045180162903853405e-03
9.896718900287560308e-03
6.824532051280414718e-04
4.829920494460839160e-03
1.902121297006217253e-03
2.135821800730440274e-03
2.321416281575499219e-03
1.295797594773174209e-02
8.190141134135594300e-04
1.156423673557417208e-04
2.405596675411765441e-03
8.126160893889579004e-03
2.240623183160755406e-03
1.009572854075058753e-03
3.600676858835639461e-03
1.777747860741258311e-03
2.050178175459857737e-03
5.659412706510951255e-03
2.799839921452797892e-03
2.725191415468806565e-03
2.142515716671567795e-03
2.842204897090290592e-03
3.281063597822909744e-04
1.249302898055057714e-03
4.055606505542410679e-03
1.862922974393210144e-03
1.642838943910563841e-03
2.575376302892297929e-03
6.761871092649400549e-04
1.653933258205012719e-03
3.210989193823317669e-03
7.339845013858321832e-03
4.866158511213798492e-03
8.934392977925634987e-04
4.855818886702017827e-04
1.523495575833852317e-03
5.636482544243005648e-04
1.063611307434844840e-03
1.021994517888794203e-02
3.713281386996080281e-03
2.150071271189940656e-03
2.510728073631838739e-03
5.103224379415847653e-03
8.607737218647744729e-03
3.562047799088481192e-03
1.796951791174053546e-03
7.821143090680693008e-03
3.234163416594902640e-03
7.480807164025137998e-03
1.070691452819695719e-03
1.154805631645894727e-03
3.677758969990529785e-04
2.452037778865387343e-03
1.947865098053035377e-04
3.402386451565913433e-03
1.219070024929025040e-03
5.458685952250155043e-03
6.543550083025882584e-03
2.809107823296300415e-03
6.190556766023846622e-04
1.356074358077177366e-03
3.763451725941358798e-03
7.765290231337010959e-04
4.825134148968147733e-03
7.122308226192716404e-03
4.601367864845688424e-03
7.833705822269327115e-03
1.007201182009920693e-03
2.041443842522902129e-03
7.348153265288193548e-05
5.991418624115838528e-04
2.054038066071173490e-03
5.732184833402199659e-04
2.292118435320163270e-03
1.249058242695026992e-03
3.403042900670818962e-03
5.682145052875507783e-04
1.250107278531230499e-02
1.622958587483790864e-03
1.272386835405256954e-02
2.602982289239938202e-03
6.972048516037153768e-04
8.096207538314251695e-04
4.192090390762197652e-03
2.724670879261535759e-03
1.200570282042282954e-03
3.945738546086934202e-03
1.461649687608912928e-03
1.080059809773134018e-02
3.567961417183293364e-04
6.181621415117864553e-03
3.209565991103519294e-03
1.482584283080961456e-04
5.113257706014836396e-03
2.690625496479230432e-03
2.339974604639478170e-04
2.948984192592392101e-03
1.094173281217167813e-04
4.745593383328582625e-03
3.081226630816194263e-03
3.221832946929112373e-03
1.878619370944288245e-04
1.202996890640878986e-03
4.406654715356224210e-03
5.144952723858635737e-03
5.744896403092742548e-03
9.393505615444442281e-04
1.668145587289846313e-03
6.858004680386519704e-03
1.803723987864366395e-03
1.278515439822794104e-03
1.768303686637325706e-03
1.664644571103085459e-03
2.373437995870185738e-03
1.771050758323338293e-03
3.959239867937807376e-03
2.031192165778612432e-03
1.936962232673407206e-03
5.518326043666817171e-03
3.055953098488572908e-03
3.979389374243873798e-04
3.222479480001987692e-03
1.569658063976386939e-03
2.030014903186521356e-03
5.068195772351345371e-03
5.592426687202493862e-03
2.073121120864931163e-03
1.808451681405626350e-03
4.850162652833193630e-03
1.090074103528356148e-03
8.510008377966523426e-04
4.689236702912391759e-03
1.214643214045836887e-03
1.619927026839849092e-03
6.951873807112867116e-04
4.043632799197324768e-03
1.220816806466167937e-03
5.896153090288535443e-04
6.695819135077064541e-03
5.272982408965737854e-03
6.645628819545467726e-03
2.457768245750159737e-03
2.497361186313053552e-03
6.167369814214745775e-04
1.807321104899658158e-03
1.138960728256486511e-02
1.815376059112300505e-04
6.177901751135053861e-03
1.509465252096462394e-03
2.931476987732482744e-03
1.210793651211265190e-03
4.010288080831663285e-03
7.427996443775613340e-04
9.228507384370242608e-03
1.785554904089060521e-03
2.151306014029924323e-03
9.544907252162735181e-03
9.011544100476205719e-04
6.872624666035482763e-03
6.974980484790917895e-03
2.567994684974869019e-03
8.701552008594487519e-03
2.122494531566515737e-04
4.076735652154435223e-03
8.109338535158206384e-04
3.587852807582678455e-04
2.482354517704689865e-04
3.441382218989560201e-03
3.777910242065514543e-03
5.638252545215871863e-04
4.139461651054760979e-03
9.160489201150088514e-04
2.509709622198708513e-03
3.989910350952204088e-03
1.891540451720342486e-03
4.630580470202452521e-04
3.018645418446122726e-03
2.745926301838198628e-03
8.498064974645079539e-03
1.510138052032434629e-04
3.511042490022971228e-03
2.717698037422375257e-03
5.712785108565192164e-03
6.284410210325122592e-03
1.713095238582508116e-03
6.999813511717417266e-03
5.874987487212283456e-03
1.366415547310904010e-03
2.740748490591298804e-04
5.144815576995431967e-03
1.616180475901657105e-03
5.322553092469419107e-03
8.986524871001233669e-04
5.612233924105683577e-04
3.957613318488086398e-04
2.079500821725784824e-03
1.975990387637339713e-03
8.476072205304019738e-03
1.605650088106857229e-03
2.110842621990270413e-03
1.042727288582755152e-03
1.743585652430079550e-03
3.826664808935225683e-03
3.700776960085307068e-03
7.414639168367026262e-04
7.991195332515512936e-03
2.847017528679877518e-03
2.333202915197376583e-03
5.390188502891113051e-03
1.189907501223716181e-04
8.339803548828454705e-03
8.101885968901604423e-03
3.357338035590368835e-03
2.264085708744871268e-03
2.111889855803225635e-03
3.359054659672210726e-03
2.552930670684749187e-03
4.849333828829084300e-03
1.601325999404488868e-04
6.039542924396551667e-03
5.853071379402380661e-03
9.729766836715646086e-05
1.162548911658144385e-03
9.898895430191863743e-05
2.419065821047249477e-03
3.253950311839886624e-03
5.553447683829807434e-03
1.334069917438830103e-04
6.077451460005885153e-03
5.996966592617180647e-04
3.021222340002547007e-03
3.280916950710151703e-03
8.498680798427872638e-04
2.069709243971527151e-04
1.288015270777161537e-03
2.233756183899213231e-05
3.259082498467506372e-03
7.616077390062254374e-04
3.997838810317444307e-03
7.447461376173311739e-04
2.022569215379459162e-03
3.745995598857659002e-03
2.309380125080193094e-05
4.602235873017798337e-03
2.828288912450819745e-03
5.515538071962714628e-05
7.847594552929373565e-03
2.145325833552247201e-03
2.035925120056229830e-04
7.035288501031977193e-04
2.551729448413871549e-03
6.944787577952628473e-03
2.997057147170884873e-03
5.280913073103270759e-03
5.810511571172623062e-04
5.939859029312009008e-03
5.088397484921937386e-03
2.251979700359032360e-03
8.448443013914777242e-04
3.337939769365244093e-03
1.604957799648468056e-03
6.015129435298729489e-04
6.064249356587753971e-03
3.078983234535721553e-03
8.800120158919712277e-04
4.894522990207146422e-03
4.069517638351218165e-03
1.879842437993040630e-05
1.603786849381332253e-03
4.318399387947090794e-03
3.125392360643837984e-03
4.784737024968073460e-03
3.593409704943930044e-04
7.100159259727793076e-03
5.119044392120578740e-03
2.988449959050795603e-03
1.223986302168085733e-03
1.053550585783313322e-02
6.871202475757536531e-03
7.766289651518886589e-03
2.270969605870681168e-03
3.367604330865834900e-03
2.196662186850902206e-03
4.649737704800866248e-03
2.545477222735206563e-04
4.466876364524332427e-03
2.334353131870529202e-03
7.670726741632914909e-03
1.745194315050734458e-03
5.707056753368953440e-03
6.475114259291587029e-03
3.452284405212019663e-03
9.781479484568451378e-04
5.439267479740535725e-03
7.243353090395647682e-04
5.230611289512938390e-03
4.149258020891008827e-03
1.295797883393446292e-03
2.447077376138396664e-03
6.348813530969861854e-03
3.756917374743581894e-03
3.303048784407379597e-03
2.580492792886496679e-03
1.680466994656953190e-03
1.884487601816719191e-04
1.770023848159653964e-03
1.714695790651331537e-03
5.634951650877743218e-03
1.715959307392031508e-03
4.376643892140642984e-03
2.273706717685875910e-03
3.142557541721789638e-04
1.493133848105287229e-04
4.017224157890274760e-04
5.803302955105729515e-03
1.584729384473511837e-03
8.836152137432759512e-03
8.284392201700645133e-06
5.290969956847082437e-04
1.000395822536608546e-03
1.207701498759971952e-03
9.060084560814321564e-03
8.162329613362559813e-03
1.675707452551861891e-03
2.222021075637077136e-03
2.705694861274215816e-03
9.198980115973955096e-03
2.932188194153782963e-03
1.859062209992730537e-03
4.872579107829237872e-03
2.097960507103108045e-03
4.778288023630668929e-03
2.491101902819977103e-03
1.405769036677111507e-03
7.463027511337250001e-03
1.136031342414406918e-02
6.318216196722153954e-03
2.068403601283060143e-03
1.231610625107499571e-03
1.074922377665828589e-03
2.306178050926860259e-03
7.535623390211140717e-04
5.354725473513594937e-03
2.988690876530581200e-03
2.568650220746125385e-03
1.990115352649456278e-03
3.058433590825842836e-03
2.862371508708966039e-05
4.198328097457740098e-03
3.508889369331175297e-03
1.655545172517953719e-03
9.484276397105961863e-04
5.847150469446813631e-03
1.642075510132615188e-03
3.172432172484837380e-03
6.157897601134813652e-03
3.188997390888096035e-03
5.985377555739344359e-03
4.506297576752584313e-03
1.549548984166441035e-03
2.428699887017855309e-03
7.380239446073516259e-04
1.154383738501769648e-03
2.325543597307987587e-03
4.206442063624331838e-03
9.841358309578035653e-04
6.347291644164037780e-03
2.570201083120854206e-03
4.366286252199828334e-03
2.900331609078710127e-03
2.418411854526241085e-03
2.836637345012136841e-03
3.115196607586438390e-03
8.793237130586233205e-04
1.108255865447010241e-02
5.842077676245754914e-03
2.208914094309695931e-04
3.415871992856749518e-03
1.132985992003963547e-03
5.391057222181967583e-03
3.059536425179721578e-03
2.667049714646446950e-03
2.491745432330638482e-04
1.418805484835480987e-03
2.183946675304247829e-03
6.275724475311805425e-03
5.789180359206108108e-03
9.052089669009955866e-04
2.952300614839808122e-03
2.456055518200166762e-03
4.755152794415749666e-03
1.538223409341102485e-03
6.562621002446110408e-03
1.981193182281210108e-03
6.144338364021070288e-03
5.906137828813856627e-03
4.969894542253935205e-03
5.356588619515227981e-03
2.628509225793388446e-04
4.742743643793943397e-04
1.160394451883732395e-03
1.680190907601450618e-03
2.472775209198768524e-04
2.108286811957234535e-03
6.044243350261573576e-03
1.177875584703056691e-03
2.843438629469378746e-03
3.064032375164235135e-03
3.366508116950839031e-03
6.956491744576092815e-04
2.431751918977367519e-03
2.227824009575459559e-03
6.768844514386786410e-04
2.373319560909206271e-03
1.422820662026004805e-04
2.550212205796909947e-03
1.085416193251446384e-03
1.323621649858356016e-03
1.767535143457635511e-03
1.476762503765528594e-03
1.263613235464922536e-03
1.495202888498735685e-03
5.988721532704110659e-03
2.223702275123053010e-04
6.185747186065609655e-04
3.026094627157196841e-03
1.662534629615965934e-03
2.762576353397494956e-03
1.367785877830110519e-03
1.320444651273850216e-03
2.437690608830187389e-03
5.868567207397997962e-03
1.121944690255108866e-03
1.781009634054312807e-03
7.260207777920728127e-03
5.257664340213370931e-03
5.205329805483580735e-03
5.801104050471529369e-03
2.850878525036539685e-03
3.603810346707900063e-03
6.345689754550670920e-03
4.716010147557118080e-03
2.640355783848182588e-03
3.046476406419181514e-03
4.349066820212956104e-03
4.052969694094036603e-03
3.812826598503131666e-03
4.773832345676120963e-03
1.068039582718565729e-02
5.557269187088496702e-03
9.068556220784810976e-04
3.791271592346240338e-03
3.736196915258731331e-04
3.758280439953919777e-03
3.483640316535425129e-03
3.251609675242236614e-03
1.192606279925269080e-03
2.253653275986836676e-03
4.059550302963473196e-03
3.913857454224698405e-03
1.442301421848703972e-03
1.409743788362182153e-03
3.631486500229225188e-05
2.240132455580510530e-03
6.271829551021117222e-03
7.507607100703092909e-03
3.418300348423317092e-04
1.572515568259034687e-03
1.297474613758684784e-03
5.299422442914230279e-03
4.080113848268834310e-03
1.390495136941943734e-03
1.955053146764762235e-03
1.712519601843164518e-03
5.920756870531271310e-03
2.807493283421247723e-03
8.919525478756386294e-04
4.281253883715332954e-04
1.897168657223408366e-03
1.611356936951747511e-03
1.543351043479506118e-03
6.971917308072196444e-04
3.555809703921839707e-03
3.403419637918481035e-03
3.958913566053460717e-03
4.639730816359295814e-04
3.096648152409874673e-03
3.313890421107618285e-03
1.493870155711272442e-03
4.743287893548006964e-03
3.265330716610745018e-03
1.796692808066643020e-03
2.039351603311535723e-03
5.407822106322068834e-03
6.331082298526026194e-04
3.401911327776810118e-03
2.049073002841171956e-03
2.302519970192825217e-03
2.836250441117056740e-03
5.239263899350374634e-03
5.167636449332239034e-05
5.396691900411713406e-03
1.020424049706510072e-02
4.354230174676342567e-03
8.322168541943631911e-03
9.825122351938551154e-04
5.690149923646153733e-03
1.079657137815563141e-02
2.363869735362432618e-03
3.039862720216482319e-03
1.667172190784041528e-03
1.122854334406809054e-03
2.984096652396766702e-03
4.365508199202373062e-03
5.489357378059897888e-03
4.771915068969445443e-03
4.968056851137809312e-04
4.239280573763362777e-04
1.195829869263589093e-03
1.328697712598261860e-03
4.059159132683873121e-03
6.143433206611211006e-03
3.159442992428284670e-03
2.933786867940923852e-03
2.219412442500759701e-04
2.219370757935729827e-03
7.805819363595665160e-03
3.757680500287494379e-03
3.327907137821639692e-03
2.297919944709260302e-03
1.238324833479222554e-03
5.247090874970780118e-03
3.872506535477518615e-03
3.771708288634726173e-04
5.298596495923115976e-03
5.224968576673984580e-03
1.135166613533321670e-02
1.900154253593237374e-03
5.158666779745055102e-03
7.013928440293548151e-03
7.153430577112820541e-04
6.579988036547062408e-03
3.046470372293620318e-03
2.011500258670598229e-03
5.957683093685527944e-05
7.032280458894295955e-03
9.581484666627410746e-03
3.574438797508986028e-03
7.627603890255338142e-04
7.530606028590974658e-03
8.470213738837688820e-04
2.189430867225815921e-03
8.646653469486004565e-03
2.252968495495235278e-03
1.603997264618592356e-05
6.069055689274681017e-03
1.679390262580466491e-03
1.788511337957152288e-03
8.244747405938364707e-03
1.875050108587173825e-03
5.713572543462474770e-03
3.112932514800256789e-03
3.012198370704702397e-03
3.188947405605505915e-03
4.373039318515068927e-03
4.551536572322316615e-04
3.268116870318142370e-03
4.141882714423204023e-04
1.507752812800519171e-03
5.235445930183203062e-03
1.734053835179525955e-03
4.551192631574502677e-03
5.735941365025512897e-03
3.521770917639492626e-03
5.039495089901493974e-03
2.650647339816217599e-04
3.409686229158572206e-03
1.833118708904145789e-03
5.020978926250677446e-03
3.451844893769869665e-03
1.520699185383841013e-03
3.385694452074408146e-03
2.614786827467688139e-03
1.300238378482229066e-03
1.055185066624111326e-03
3.842456536735136541e-03
5.144318891202212226e-04
2.310205854181571899e-03
1.635345087162593132e-04
1.532930942835826395e-03
3.697770849783946732e-03
3.000227817291278767e-04
4.015737412218807825e-03
2.434343258828905628e-03
1.563360319721911890e-02
3.646416617917199593e-03
2.634266715993773943e-03
1.995976875658421641e-03
2.639052331064681116e-03
3.498147460300791035e-03
3.193729722324679856e-03
1.099347340487225305e-03
4.875625473961201634e-03
1.486803646137504532e-04
1.565914121876722104e-03
2.173367227589746362e-03
2.457866067988968145e-03
3.602185125063089594e-03
5.384274261619428036e-03
2.439889271110826270e-03
3.338824789501241945e-03
1.818443106012708694e-03
4.014677303419232797e-03
8.156504263414999850e-04
4.099817040486854712e-03
4.688371470962399493e-03
6.481249847454185510e-03
3.017736319946298217e-03
9.214709206043543302e-04
6.431299018104022318e-03
4.118422795881877818e-03
8.023986863315022214e-04
1.596980485090315099e-05
4.070215593493190648e-03
4.804670494558297778e-04
1.284981440580667200e-04
4.245207531923060260e-03
5.507316062086629188e-03
2.717031610487418824e-03
9.088305478868819245e-04
1.766592103538411774e-03
6.253140227667552476e-04
1.357609220354455675e-03
4.396470485370606966e-03
4.425388613853803443e-03
6.601025003078785439e-04
7.796673937125712592e-03
2.514090184105681187e-04
1.784795770044257787e-03
3.451577096145492553e-03
3.227181515317147868e-03
9.044805600115132229e-04
4.258377093009633671e-03
4.405868869547626462e-04
8.614345602742561406e-03
3.028151229244365871e-04
2.068273943475118590e-03
3.659597206775628848e-03
1.520893790729036009e-03
5.461077147744712243e-03
6.435049700472393608e-03
1.334613396412704430e-03
7.265130631945490580e-03
3.634286460235334245e-03
3.315873191029041107e-03
3.028749012165436044e-03
3.531711225352342134e-03
1.375675956579700682e-03
5.779219066332506914e-04
1.749016752888472642e-03
4.707538375559401953e-05
3.435802272960199644e-04
2.921164660667342414e-03
2.336720597509788205e-03
3.645674941716224755e-03
1.637175110950486907e-03
5.486528955478170606e-04
2.613177157318238245e-03
1.616155450998673498e-03
2.614978021864079131e-03
5.635632705910325647e-03
6.955532423968272329e-03
3.457275386988458311e-03
9.282960911182781827e-03
2.218106616891058706e-03
1.211766447847681914e-02
2.715347073219068728e-03
7.601398040596633139e-04
4.184605246026305327e-03
2.050011057679514831e-03
1.855834721069539797e-03
8.639026743641276332e-04
1.089169968125957731e-03
3.120668389341770140e-04
1.322919164217946624e-03
1.356452293878636882e-03
1.819135129732642967e-03
6.888316858579069182e-03
7.303295334324583004e-04
9.403463590228852318e-05
5.020405196373772631e-03
6.818690468342999446e-03
4.583350698473668042e-04
2.043676953882602159e-03
5.927913014726047571e-04
2.298907901640937466e-03
6.495699439129067922e-03
4.291938042015607489e-03
2.826310845911173420e-03
1.114151329080057115e-03
3.775629426362167324e-03
6.461488492081922559e-03
2.388921331749611736e-03
3.369394020699589994e-03
3.829478396120641372e-03
3.405151442028585534e-03
7.863467558822157671e-03
3.863583316894369981e-03
4.502979025974357917e-03
2.851695687351691634e-03
1.680220383830770400e-03
2.145253678750472671e-03
1.816481973248882200e-04
2.314100951390127628e-03
3.724593447558601292e-03
1.444844018080502840e-03
1.148207899170319846e-03
4.539879847842698962e-03
4.365857818930087486e-04
3.177269929519764904e-03
1.010714673901148440e-03
4.139968686622111545e-03
3.962746439707305894e-04
5.538525563566638540e-03
4.855599084739804089e-03
2.068099873459784428e-03
7.070758802040193062e-04
4.729775617125947539e-04
4.547006301793661380e-03
1.742757169956787085e-03
2.875294126003266441e-03
1.386311785250719038e-04
1.145745332908121739e-03
2.464751803913026260e-03
4.549674395948985484e-03
1.543617577012671100e-03
2.363033959674327045e-03
8.486787630407994192e-07
2.045754427998968186e-03
2.475468140024462494e-04
7.949187846167837974e-04
2.205395285984262932e-03
2.343043413912746095e-04
1.138506381171661141e-03
8.682792979009029601e-04
5.783476563008192435e-04
1.074487385165932406e-03
2.638916163041332436e-03
7.666748259870869754e-03
2.770661154589585274e-03
1.066212538368669716e-03
1.005653377553946022e-03
5.243244123033287754e-03
2.358661628224480427e-03
3.734034302256429745e-03
5.784652884197371940e-03
1.582349240667995770e-03
1.373402560185373478e-03
2.142770178915421545e-03
4.479683322284501966e-03
6.790545203730774700e-03
1.018472096978593425e-03
9.678988747494509293e-05
3.770615875908869472e-03
4.990269380568667160e-03
1.466791011851895435e-02
3.957987805485885940e-03
2.513443350528462780e-03
7.078531998793100846e-04
3.297505516620361128e-03
2.548440743379214862e-03
2.938260870240846229e-04
2.660764507226025428e-03
3.173110000092126213e-03
4.291101466284050724e-03
6.150912036716224378e-03
6.204984310537014754e-05
3.991875381407524251e-03
2.363502701186570684e-04
1.024703855549647042e-03
6.732785749019387991e-03
2.670783082224231688e-03
2.367024022125324158e-04
3.320893125663753383e-03
3.949698324307130380e-03
6.644718737406369452e-04
3.154947273703508602e-03
2.105029635952262654e-03
1.084221362273839022e-02
1.604131760786852963e-03
3.558412789015357337e-03
5.963149763804295473e-04
7.807898759684241477e-04
3.062720484282192152e-03
6.252718422129108569e-03
2.883646581142437507e-05
4.253234019391529883e-04
1.778646735050205645e-03
3.048944337710405694e-04
5.576886869626780825e-03
6.221429365926110268e-03
9.414944779298472718e-03
3.387801037137381458e-03
4.539163519519764153e-04
4.689791635138567186e-03
1.556529194848698663e-03
2.124165681761461429e-03
1.346189106062125251e-03
7.141091782484004042e-04
4.744844727816568747e-04
5.224701317291877666e-03
4.516855610909370142e-03
2.564026136836960123e-04
6.435415248294558410e-03
6.736938168709073228e-03
4.844572553105137109e-04
8.900582155835895168e-03
3.859082888992225978e-03
1.745533340045861111e-03
2.308859856387807802e-03
1.656578223214856451e-03
3.605496730245215235e-04
1.208247551766635820e-03
3.384362276672837552e-03
3.490562838331016157e-03
1.299224370142218607e-03
2.062403981489390609e-03
1.212479014657575098e-03
2.745214572579344613e-05
4.563447094143527165e-03
1.108270039146107971e-03
6.289831625778188884e-04
3.951441649697792075e-03
4.047465788329917061e-03
7.427644634445370111e-03
1.441376477362540411e-03
2.749570300520827199e-03
2.678817937454442636e-03
1.059457135401809533e-03
1.014988628880334181e-03
1.009070197242083709e-02
2.722260106471021887e-03
7.887605757388511940e-03
1.038075508734613052e-02
8.236493616680924754e-04
4.006657401805685352e-03
7.032628698816781538e-04
1.069884732019011058e-03
5.809749479511082219e-03
4.934414799537449950e-03
3.625460312045721781e-03
2.057302154955128592e-03
3.177330884702467880e-03
4.392229163508878410e-03
9.493038929877153226e-04
2.471804932412802972e-03
3.855403086505794041e-04
5.561080883893026842e-03
1.015774747393751939e-02
2.914383849299192962e-05
6.088550732938661017e-03
4.495187294186585129e-03
1.410165593453964689e-03
1.557222449985569889e-03
1.726589103208366006e-04
3.515272370657796289e-04
2.924173377117246682e-03
4.357133383807135392e-03
1.768292383194004390e-03
3.557282319334728084e-03
1.039084286779245114e-03
4.133346186536779494e-03
4.291984856216640547e-03
2.052594978886312319e-03
4.901952774253140986e-03
2.186377670985520654e-04
2.330030148236321679e-04
5.396188713114502024e-03
3.956015586040426482e-03
5.487505064176109032e-03
2.526408173540257637e-03
1.699877277690026384e-03
5.502943744609896685e-04
4.582781372214029473e-05
9.606777820716805869e-04
1.318813930114443858e-03
7.826340105682427425e-03
1.579608509681426504e-05
3.421338064889680548e-04
9.125808608393126686e-04
7.001145965824841395e-03
1.510096855101502895e-04
4.084412703923271282e-04
3.111670235176326738e-03
6.152224439505402098e-03
1.254858656069741691e-03
3.036730932489181863e-03
8.379240049539188329e-03
3.939474567017101016e-04
1.274500861085546208e-03
1.819317210585339568e-04
2.746129555732787844e-03
6.033601029874523410e-03
8.901522455258537719e-03
3.321860007826209129e-03
4.576800498912565567e-03
3.213015863344027400e-03
6.963092021645299855e-03
6.226767231903821039e-03
2.494035091235709766e-04
2.203812017207267167e-03
5.238064599887622824e-04
1.987089334970730883e-03
7.350587569394626507e-03
6.266482188986447453e-03
4.541640067487634784e-05
1.725157582611598183e-04
3.542455519695239009e-04
5.579416966486124008e-03
2.095311645978507539e-03
8.927808141895891489e-04
2.889216906763016242e-03
1.370981410059811043e-03
9.429292157741596403e-03
4.443414613372862615e-03
7.111536811417197221e-03
1.800685480772769255e-03
7.461952022672242550e-03
2.369259682962389629e-03
2.855852433691578613e-03
1.390305757959025183e-06
9.842879918100586999e-04
4.192767587331839435e-03
3.998502021117915708e-03
2.061692863677352678e-03
3.490066448744984316e-03
3.180414813725654898e-03
4.140262027445152510e-03
7.181817115064735579e-03
4.606701784996993995e-03
1.564838428305147027e-04
3.210803216235095722e-03
2.741627787722932300e-04
1.488290597845155945e-03
1.658620086674339770e-03
2.843652128687873624e-03
1.531389950207722372e-03
7.537879278840339640e-03
2.307786897217810069e-03
8.541148954890190933e-04
5.871198735905413212e-03
8.392072080905792902e-03
6.184345595768568973e-03
2.810441060025095032e-03
5.962446981946644374e-03
6.514061429201572530e-03
2.197555296729566607e-03
7.169441711854324323e-04
4.502677441539417943e-03
9.924860036759207849e-04
4.484870283135131185e-04
9.487966703100981320e-04
1.559992536796339863e-03
3.367940596471901207e-03
4.821773157939171408e-04
1.298671321427789490e-03
2.199276477582036535e-04
3.180890662219651097e-03
7.735794218493704730e-04
2.110690224031029107e-03
2.923626932978032420e-03
1.822962896567032441e-03
3.305164016170305304e-03
7.719604669250776027e-03
1.588024474465552080e-03
7.642167418422729681e-03
3.233778447246815624e-03
2.947313083570244057e-03
3.630175068027281533e-03
8.005911023130536652e-05
2.731392552220672639e-04
2.829356932977932209e-03
1.578643292637993715e-03
4.254524907553250412e-04
4.969806099389275679e-03
6.846650611037767608e-04
3.839737753096450837e-03
1.601636066794978218e-04
1.573890840940527598e-03
6.084965250611844116e-03
9.939431309210546174e-06
4.753481896605882794e-03
1.163460922515660058e-03
4.712719123762354294e-03
7.138630705760429674e-04
2.138915155220999325e-04
3.257237169371449224e-03
9.199334186735556255e-04
7.607732694307813362e-03
1.613995897635072622e-03
3.387091669991054016e-03
7.436627101953401141e-04
2.959706044558222011e-03
9.741348115622804667e-04
2.775354014173224068e-03
3.180685468115095667e-03
1.699404012223110173e-03
8.466933359338134606e-04
2.648152159136607075e-04
3.606374973483304248e-03
7.564747752324576906e-03
2.773807389881902466e-03
1.528474134124866259e-04
4.728852953593654963e-03
5.567377200726088184e-04
5.409025640104058222e-05
1.565126947433389789e-03
3.483619489244344555e-03
9.516587394249516893e-05
5.023909237776367186e-03
8.746809752113539121e-04
6.398729014369515479e-04
7.363782998621080066e-04
5.719893548963297328e-04
3.604904762502994259e-03
5.620695443414233487e-03
2.002450817683172277e-03
2.177204507306169587e-03
1.520238702684866168e-03
4.474887718988353538e-03
2.719225237753855693e-03
2.182136546212095837e-03
2.206842992410799897e-03
1.534532367097336380e-03
2.969025119361476134e-03
2.460841125126411472e-03
1.015056082779370455e-03
6.887734675383776206e-03
1.048065372147815102e-03
3.742105241651378505e-03
7.237504472597550143e-03
9.493000382182766039e-03
2.002825302606509473e-03
1.465099785588625707e-03
1.247865098753589853e-03
1.011661023473648497e-04
2.915303165129472219e-04
3.241630686585412341e-04
1.779632747943484666e-03
2.144267055245484017e-03
5.597506003593659581e-03
5.512052898540702704e-03
1.818487915278904025e-03
2.680655258993204591e-03
1.093550262882003266e-03
1.212739117693211518e-03
2.814184267596394218e-03
2.826975906591741149e-03
1.680367856579234511e-03
6.564098262753886338e-03
4.856395172466409214e-04
2.067378720897791039e-03
1.744312772138503992e-03
4.141492692016874450e-03
2.214722629525176911e-03
2.426562923304855044e-03
8.217054424527565556e-03
3.796788774512534995e-03
2.055144548850269554e-03
2.830076588257892430e-03
1.436547354319422150e-03
1.203733575409338032e-03
3.196464396895781854e-03
3.373059456248163682e-03
2.760502465171981844e-03
3.456789227097630131e-04
4.474933310568040201e-04
6.970142814018403382e-03
2.517622771128816359e-03
8.728904855467133767e-04
4.670870043582458532e-03
3.700093236651111252e-03
1.502850800957027978e-02
5.313458683424736144e-03
1.382018118365959552e-04
4.800302867800187827e-04
3.230725740983242042e-03
4.695116152016141908e-03
1.071836802734718076e-02
3.403464817709976695e-03
3.950526610681674711e-03
1.819001054268390693e-05
4.024820850122714545e-03
6.234467985633302019e-03
8.598183428707236939e-03
7.096797296560906215e-03
2.931884507290341731e-03
7.128551158775793192e-04
5.071551409384887632e-05
2.315738564591995896e-03
9.710897999915745274e-03
7.883025979501436659e-03
8.607089445507478190e-03
1.279816718077039697e-04
5.170005974931369229e-03
4.051815481673020866e-04
7.569034153502090904e-03
3.506945384363550564e-03
2.112641375149528367e-03
9.618592864987614982e-03
5.965549003888743606e-04
1.074839023687865387e-02
3.948347414166181006e-03
1.612840871749411523e-03
3.239234011490493143e-03
1.417354230711364085e-02
1.939513117627464324e-03
1.660394520228294923e-02
4.682771136854199483e-03
8.073472864904225653e-05
9.798151015333772832e-05
2.460623922030064602e-03
3.588581904009809911e-04
9.670836057129660740e-03
1.101958643310589365e-03
1.269042122845863430e-03
9.659932646618088481e-03
1.001438515145419532e-02
3.162380547674710930e-03
1.977272639556227935e-04
2.726243066841979590e-03
2.080242238696822666e-03
6.975344678048147219e-04
2.714033552033437435e-03
4.210399016570724913e-03
5.352088454120798762e-04
9.813470993225914193e-03
1.154325921284649796e-03
8.114998977632677940e-03
5.079667022802552764e-03
8.629540503438941790e-04
6.428340085734905555e-03
3.018586355708545812e-04
2.420184015709088247e-03
9.218184137145206793e-04
5.856990583453895727e-04
4.221152188072362955e-03
9.422756562016227841e-04
1.389370139200276320e-03
3.958115660697964335e-04
2.518328914653132113e-03
3.033499925451604937e-03
1.095317591278273687e-03
1.860376782078820845e-02
1.492356230288064030e-02
3.967891076989956485e-04
1.652421509897823455e-03
1.293351343728648068e-03
8.939980785674999601e-04
8.185598236258247867e-03
9.787422884296258230e-03
3.210250926973764237e-03
2.207037573571427134e-03
2.816015195679239577e-03
2.030529295378638750e-03
7.456884532749015471e-03
1.651619396106719477e-03
9.458562322416364659e-03
5.626365515458733348e-03
7.549882060506960934e-04
8.001522485645519087e-03
3.802188656667059019e-03
1.935401057727475799e-03
5.593816861343884825e-03
4.181928654717849934e-03
2.523467469411468187e-03
1.052055537143119224e-02
3.144519420999960721e-03
4.907589130625163859e-03
9.942615356909864643e-03
4.986811027322526901e-03
3.764469861771794872e-03
8.121935339620025077e-03
6.893102928400880389e-03
7.083484954934274585e-04
6.807686882575990882e-03
1.018819118628532840e-02
5.347724479775182137e-03
1.659827526769477000e-03
6.355002538510609589e-03
2.346546027235131820e-03
1.472141684933925060e-03
1.137423730204890947e-03
5.354243393050946674e-03
3.468730508856438920e-03
4.484746283917538309e-03
4.206043375234843652e-03
3.219582017911166386e-03
1.613827439188196848e-03
3.106941799761997729e-03
2.958101451773879355e-04
1.325099484749190217e-04
1.033234146342166919e-02
1.313747361363038543e-03
6.059057856479986397e-03
3.285101547375400121e-03
1.349808451360720368e-03
7.726401713307779091e-03
9.793998474167646059e-03
3.033097891979079797e-03
2.614999137159394749e-03
2.627747933612637008e-03
7.401558681106535026e-04
4.107672141291830378e-03
8.230651150189944101e-03
6.042070562605627096e-03
7.827132941195927068e-04
2.517787854312798952e-03
1.340261239621429179e-03
2.800212628807393581e-03
5.036114464353661814e-03
5.680120940725398061e-03
3.293911251393158955e-03
6.557413246102397793e-03
8.352837745891244278e-04
8.582319660812820841e-03
2.888160656970336065e-03
9.674222613154927989e-04
1.176940057904786972e-02
3.424451433659125767e-03
2.676521619613105463e-03
6.044823213157860670e-03
4.615091406869362839e-03
4.040315255623620413e-03
4.404650992379601643e-03
3.591291428365877853e-03
7.576997765896173985e-04
4.514971316463293669e-05
8.009416129995686195e-03
9.356568813162031636e-03
6.926938203483613311e-03
3.507466710294768631e-03
8.705524426750983150e-04
8.244831472306026962e-04
9.690821956483897581e-04
2.028310890774829515e-03
5.871424025352273320e-03
3.238435099349802702e-03
4.064331697928328865e-04
2.260309517130279413e-03
3.365916953312406059e-03
3.328883214489564927e-03
3.995247004240730544e-03
5.902740676031324740e-03
6.816050706029997200e-03
5.279166203960823991e-03
4.921378416822394433e-04
2.586921727935097889e-03
2.081533878426106588e-03
1.222877046281104635e-03
2.666027261275269716e-03
7.798712809765821416e-03
7.033411554740404484e-04
2.322553869821696211e-03
2.403704260634920761e-03
4.879052236787646498e-04
2.884948116800784348e-04
6.713907236820778994e-03
8.706127791393888926e-03
4.432490030685503485e-03
2.612547419541674191e-03
2.551778371613948153e-03
8.550969223149158067e-04
4.345595739338532076e-03
1.393331720062283710e-03
1.176233003187193184e-03
1.729769118614910136e-03
5.434446029539555592e-03
1.150864843777297739e-03
1.543825157850815984e-02
4.562149773988777302e-03
4.882673227973107974e-03
2.968729374962489798e-04
7.050085962546907186e-04
9.835717569275587505e-04
6.379337629842944841e-04
4.476093580290400366e-03
8.483685998803773554e-03
3.166680173743403621e-03
4.054638388238285436e-03
7.007142452986250131e-03
8.658241832440948318e-03
1.583268518715906254e-03
4.280745018816253106e-03
5.494629981769927514e-03
2.028308347330562032e-04
6.451068234604661125e-03
3.302658622448923550e-03
7.170392573231381891e-03
9.524718695484961015e-03
5.724131216442087701e-03
2.172162754567377382e-03
6.691784548220251413e-03
3.977615265122555303e-03
4.829343454147000218e-03
2.432904483613478747e-03
1.992770218541590685e-03
1.221208239512671864e-02
1.184695988089114801e-03
9.059300757617755372e-04
6.075971275565415428e-03
1.046544830606495856e-02
6.416417066035174505e-03
1.272425814477883129e-04
9.466003373938699193e-04
3.155539604683402916e-03
2.191559144252406069e-03
9.561048516955144433e-03
7.048950210457746940e-04
1.412027735627599794e-03
6.231602558750898996e-03
2.551243244154216723e-03
2.767451034163409714e-03
8.840525445451402880e-04
2.530189273075082474e-03
5.841907038956933515e-03
8.934551166099892732e-04
1.981015657519675458e-03
1.031738807252977758e-02
2.722296152938832522e-04
9.669913813567113450e-03
1.082268271212108056e-03
1.232216167605656087e-03
2.665837281701449821e-03
1.657168101945868943e-03
3.554974654782056508e-03
3.759911383720291114e-03
1.677426359231593131e-03
1.588318866705549148e-03
2.824349302779999293e-03
2.385580941804074390e-03
1.442106200117349631e-03
6.605884388441726936e-03
1.812273179123150436e-03
4.512799873701423339e-03
1.983806772163784152e-03
8.345907565492112620e-04
5.846663427013175027e-03
3.081889647972946115e-03
1.142627385251124977e-02
3.218711578439072108e-04
1.101686268968415624e-03
1.746206495522844963e-04
2.353556421093559465e-03
2.517606764205634461e-03
5.727078031168420305e-03
1.744793996665163285e-03
3.477111110451713491e-03
1.326624029897985986e-03
6.502066392053205794e-03
3.122211397360389880e-04
1.384978676336044495e-03
3.155442373646714319e-03
1.264549310730161882e-03
1.063245267990271239e-03
1.022423323155008910e-02
5.621662887001601001e-03
4.895812175789880302e-03
5.697972650866755173e-04
4.213383062920006568e-04
4.741894833020931718e-03
6.214083126010413495e-03
7.735055682004222423e-03
1.593071133954227859e-03
9.737850591064415445e-04
1.265457837902042408e-02
2.098974508217459414e-03
7.587706691086492337e-03
9.059232187590896337e-03
3.428590263809381915e-03
1.345517102593068483e-02
3.845905543172911320e-03
6.819629034836766079e-03
7.385515543044981861e-04
2.026170197536911188e-03
2.799623569727347546e-03
7.525167141842974789e-04
2.296016013804586008e-04
4.014259413607564921e-03
1.065856319829248163e-03
5.253425841838970864e-03
2.457092613041974519e-03
1.914196343817916581e-03
7.972939600348569536e-03
6.406549223247096254e-03
5.419043231179470656e-03
1.170918604438973311e-02
8.140073792739413016e-04
6.995666527816083585e-03
7.195487017188629403e-03
1.165866276915159157e-02
2.943302683998733592e-03
3.002145347883574279e-03
2.489331100580387344e-03
5.727393669191365409e-03
1.053052252818324937e-03
3.306031313055277955e-03
1.994050737861905072e-03
5.941907079190412652e-03
4.863108911665495150e-04
8.278030789278982636e-05
1.291487444780045927e-03
1.480779985949028359e-03
3.622428094504582131e-03
3.538077025569716198e-03
3.901136113805646257e-03
5.267702817872608155e-03
4.005026283590389091e-03
7.300355913002079880e-04
6.982314132276223710e-03
1.754039493790209665e-03
1.000487800121152267e-03
3.622557222611010996e-03
1.098924953276229043e-03
1.405396369996115072e-03
8.063917482915071086e-03
3.942109069111549013e-03
5.206786964011982793e-03
3.059567862253606638e-03
1.721214493918438908e-03
1.743441446120830469e-03
4.941210161215914016e-04
7.990199062537575725e-03
2.532320567864671749e-03
1.501707807935059695e-03
3.651626161112722820e-04
2.994829071268547988e-03
4.564980880632557927e-03
7.664633014150458272e-03
7.951480443557105082e-05
9.760076275448034298e-04
6.320508279147980628e-03
2.102485038610264582e-03
1.258793298725365863e-03
3.777113454396557619e-03
6.698408132338112353e-04
2.535947620217030279e-03
5.584236109723151806e-03
2.482747183303468533e-04
3.242493420253037277e-04
3.136829363193570537e-03
1.013219620170324698e-03
1.149217752789340012e-02
4.573172526912527847e-03
5.981227023147001227e-03
5.321443206932222145e-04
5.659108761940497175e-03
1.331030672319484780e-03
6.464084691337311332e-03
2.027133868174350092e-03
1.228111149723586223e-03
6.558042345493514424e-05
1.003592172364676984e-04
1.230957754384353134e-03
2.020418485957499889e-03
1.441046351958371816e-03
4.709628121825666517e-04
3.634422904962369798e-03
7.181335853818777461e-03
2.072716500266273340e-03
1.312884200193224847e-04
1.058136423580094930e-03
5.017980363381060495e-03
7.536957994842846285e-04
4.154876172639637884e-03
1.516166850874176020e-03
7.847501799818416141e-03
3.103211501808882458e-03
4.810122338012345553e-03
1.428661096806388984e-03
6.917124783258709816e-03
6.071867012074720453e-03
9.139900998153944328e-03
3.642301653425856090e-03
7.563687354880689866e-04
4.918018895496282725e-03
3.527405235714299592e-03
9.938595035562537011e-04
1.484618934172344347e-03
6.436395365327171429e-03
9.797887330129519123e-03
3.179484360320332815e-03
1.629924606316460623e-03
3.224524384544235202e-04
4.839309539459391517e-04
4.624019664792375708e-03
7.424032695755668253e-04
3.078384192389698338e-03
4.023014730605717522e-03
1.499644444278860902e-05
1.224271959122932634e-03
8.796739958816123970e-04
3.740981547318901132e-03
1.560771628351116137e-02
4.771025316796411071e-03
5.856325728302666121e-04
1.276310311585561940e-03
1.015810974894607380e-02
3.889840091646961165e-03
9.732281260634330702e-03
6.264577220507274238e-03
9.482384403379517674e-04
2.401784137271929190e-03
1.593799924129971025e-03
4.474337116351611828e-04
1.852990661563863259e-03
4.044432365182417007e-03
4.917779061174949382e-03
4.269356752886012407e-03
2.741000301232231814e-03
1.449475512554399296e-03
2.061707162833388996e-03
5.536952829261979764e-03
1.395945449951657875e-02
1.011365422227375639e-02
5.792638891978406845e-04
7.383742425663853554e-03
2.229823742599654213e-03
9.465492780149352067e-03
6.040668514875910475e-04
1.719329489403151811e-03
1.439976288155602390e-03
5.068291553655579658e-03
6.262963696434822869e-03
1.187557836865865690e-02
9.566939232614507516e-03
1.558802844401675942e-03
5.223566153004987819e-03
1.546858501778323449e-03
6.902048976562832373e-03
1.370387852961071819e-03
2.650977119384721400e-03
7.995346748071570581e-04
9.908679345006058542e-03
5.081092852267866250e-03
5.113336871433817044e-03
5.575540114859299512e-03
1.172919703178801993e-03
5.961869930259317343e-04
1.782478204005784371e-03
4.209581298700028687e-03
7.038973921857428519e-03
9.726364420344404613e-03
1.705358489328700307e-03
6.557213355352622432e-03
9.638264247717808625e-03
1.608387567423017177e-03
1.852150790366132241e-03
5.905258294738133240e-03
1.029027090846254197e-03
7.743478082441773713e-03
2.161074622696670076e-03
4.082832356254157032e-03
1.216768750260675998e-02
7.155779512869611496e-03
3.796209847136056224e-03
3.968093190754004075e-04
3.782206272926363672e-04
3.834209298341310088e-04
6.683104025369049350e-04
5.401953854287883626e-03
9.184375280633714882e-04
5.852302304660994547e-03
7.528343600624960632e-04
9.517650097946051338e-03
1.864395261469927552e-03
2.338039531798125157e-03
2.491061914871797820e-03
9.085242033900750363e-04
2.824701492454653761e-04
5.163851543943135877e-03
8.122183588253442318e-03
6.184569642631246832e-03
4.503371300829183549e-03
5.190854873138955839e-04
1.900053869196761296e-03
8.335127570260990673e-03
7.929188943141485257e-03
1.171642453680022192e-02
5.066244149060178392e-03
1.714289151084209296e-03
5.099457467846582603e-03
1.305147090811028827e-03
6.086303769643702875e-04
4.892183030699996833e-03
1.374808364733874329e-03
1.801924537873742828e-03
1.163816930657143520e-02
5.743494205421184433e-03
3.823161761086295383e-03
2.256612813195095642e-04
9.206927676823241716e-03
3.131827737530807048e-03
6.713363487834472440e-04
5.718219078886399229e-03
1.180934099720779966e-04
3.654863703716072776e-03
7.150313334690652951e-03
1.544258105635713243e-03
8.571937239522729735e-03
3.552052586871351850e-03
4.360098854752178510e-03
1.340976410611188297e-03
4.437335598418298138e-03
2.689161804235974066e-03
2.411666606645059951e-03
4.569800962447985622e-03
3.955550107959904423e-03
2.945363174844043211e-03
1.876931469078915336e-03
1.390426757359380884e-03
9.100252936487002176e-03
1.181141361929864686e-03
1.936383504368751913e-03
2.866965394924538241e-04
7.548494845772768871e-03
8.831015809430716249e-03
3.087121448281917625e-03
1.971906941181171460e-03
2.439560354784721472e-03
7.140916983617409718e-04
7.517915264802148105e-04
4.313677841170053887e-03
5.046101439302223823e-03
3.775960614143022542e-03
2.915819466975580216e-03
5.191589696081225572e-03
6.170765433546944803e-03
1.888947179249842378e-03
2.881038730683849517e-04
4.796085318513831908e-03
3.260637292644049876e-03
5.542847321938237405e-03
7.551874882193975727e-04
2.326640356866161233e-03
2.147572831963783825e-03
6.507462505328488571e-03
5.347284634441194784e-03
3.563625768382857294e-03
5.455567804418737926e-03
2.359557481670109154e-03
5.081419579935427151e-03
9.734176545640681709e-04
7.140252446890545763e-05
1.184438337121827313e-03
4.271524650643315768e-03
5.963087258173573393e-03
3.511333386637621387e-03
1.390558338843810287e-03
6.607146202923934973e-03
2.232726247404794983e-03
3.023339554550195582e-03
1.707035438368379766e-03
6.112158030324228069e-04
5.706154181921963345e-03
2.779113421131690440e-03
4.305668840229469677e-03
2.538581617056932718e-03
2.643232564049555894e-03
3.806561392233450986e-03
2.312939606684830812e-03
2.710005404573463846e-03
7.151074950580623433e-04
4.617229729695477257e-03
1.723332319425990378e-03
4.024208765180877466e-03
8.446247180368449819e-03
7.255738104661918529e-04
2.005839862500280707e-04
7.128489176074817276e-04
9.986732689600047105e-04
4.535540535169387661e-04
4.119241335960817374e-03
9.185876842065726980e-03
1.412633479750720865e-03
1.200253703779300546e-02
2.009806684246951032e-03
5.886790459609436699e-03
9.451159473750142190e-03
6.332697655226078234e-03
5.710275195896400563e-03
1.047984576972917862e-03
9.897557548294218591e-03
8.202201596723215221e-03
1.366050585983711804e-03
4.217739911534085923e-03
3.867092373127833677e-03
2.033877790792564151e-03
3.309429906033108798e-03
4.858097636286906433e-03
3.767455265260548185e-03
3.990967004774466191e-03
2.207217505542459544e-04
2.289386521174712353e-03
1.593000051187390496e-03
4.071874662741575661e-04
5.835757438725675157e-04
5.033160588769397016e-03
3.404772926063998843e-03
1.980760921479405491e-05
4.308463095860377151e-03
8.793830531978942978e-04
2.504656057461260646e-03
3.223454062501844575e-03
4.647969852391162161e-04
3.820255038643072514e-03
9.385475812507674750e-03
1.594695993658542740e-03
5.943172791152080518e-03
5.147268261756636314e-03
4.940458356270411612e-03
9.712138946485959420e-04
1.407643627319774124e-03
2.922619809187765837e-03
4.644565791326915258e-03
8.157747939121960884e-04
1.934785911060350489e-03
1.765084705322567810e-03
7.470832127416636437e-03
2.665697593687267608e-03
8.773997851013615873e-03
5.356825750703231304e-03
5.255424367282441299e-03
4.319453935651219108e-05
4.857197307801330920e-04
1.364030909092247461e-03
7.085396069931745172e-03
3.240673277410579221e-03
2.297076623532590903e-03
2.995248918411796534e-03
1.094058981474320748e-05
4.075814439138856007e-03
1.663823727103542127e-03
8.120902317638508533e-03
8.708843826450711652e-04
1.984414261356106778e-04
7.281548924710108499e-03
8.314979321948767895e-04
1.474743838594596689e-03
7.302648480753288216e-04
7.121822580617034144e-04
1.355101542495723305e-03
6.165241551385640395e-03
2.253766098886268460e-03
9.537858241814899454e-03
5.091363664328635297e-03
8.631636734920141926e-03
1.970961010690162971e-03
3.477232545517167702e-03
6.554930171409581452e-03
6.090732120388501862e-03
6.327783271490730090e-03
1.432322345094193868e-03
1.768250516704657216e-03
6.850366881339952502e-03
2.522970887726409990e-04
8.270802409794963429e-04
7.314320552974237603e-03
1.011683457992992039e-03
8.515701689515287401e-03
6.282605039075552823e-03
1.009992086894996328e-03
5.186811747249636673e-03
3.975897854803078627e-04
2.628224121809130242e-03
5.386205498782173579e-04
9.474988921734048622e-03
7.054699287965500616e-03
2.863094811027455753e-03
3.324696764751648541e-03
1.028441402525960427e-03
3.087888019929145144e-04
3.663342896650531155e-03
4.313782843120113277e-04
3.553860120937608500e-04
2.244082195034018557e-03
5.505092109418959628e-03
8.363681539601514059e-03
6.674399017760412412e-04
1.227288995754354396e-03
2.920546047517014188e-03
8.239075073919518294e-04
8.280068024637893959e-03
1.074280161349543648e-02
4.180626410798036867e-03
2.586780063246548085e-03
1.191194521512299945e-03
6.277983943878953296e-03
6.393561922182308677e-03
1.475392493800650393e-03
1.232227741383649803e-03
9.387840744765769616e-03
2.760422520040127069e-04
1.805358353318933101e-03
9.536616641988199944e-03
4.724306762879074313e-03
2.131202226282284586e-03
7.325667523999387400e-03
8.999533986564273516e-03
5.971191112288771422e-04
1.614190817015736905e-03
4.603597856299362218e-03
1.313773155798237660e-03
1.461995326732156396e-02
7.070859088796266866e-03
1.353029810923862515e-03
1.969779793519408229e-03
4.276431832501518919e-03
2.368958413520727210e-03
1.382072682603643129e-03
2.537333206267002842e-04
1.817024792969862499e-03
4.451444107988435290e-04
1.266803352678135160e-02
7.172250936536829664e-03
1.676478636499809365e-03
3.252036705511618560e-03
2.687150860019876190e-03
8.703372584477559251e-04
1.707800761991012809e-03
2.155178035317773335e-04
1.422414834720658796e-03
3.775558365471103506e-03
5.142361416263355189e-03
4.157267360795691147e-03
7.420442384556045178e-03
3.475248169677280265e-03
4.621493106079239098e-03
6.023998086318342257e-03
2.149198259090610516e-04
4.135022094791366079e-03
4.205480114380127053e-03
1.034142224045701310e-03
3.959380141360024571e-04
2.495085609081828127e-03
6.166142311656752813e-03
8.900468806373745692e-04
1.737424428383739072e-03
6.862894462567300027e-03
3.736124887389264890e-03
6.687208795765534454e-04
4.672794981366266108e-03
3.350950957797068763e-03
4.620036307162064121e-03
1.110651524732902354e-03
4.919623883013334899e-03
1.338535912408432517e-03
4.346220871073593062e-03
4.775599962273024339e-04
3.564127965712598264e-03
6.623831924832402880e-04
9.694799627986054255e-03
2.581993727070330032e-03
1.714278933319632586e-03
5.378717406610184631e-03
2.906069320036160173e-03
5.256919309546222510e-03
6.278172473835788147e-04
1.835335677806250801e-03
1.302251278689222670e-03
2.092077607480069632e-03
1.990161682664260952e-04
4.054648184385147881e-03
7.506460532701256759e-03
1.908170143139289099e-03
3.586254999506894008e-03
2.484151234947920041e-03
9.203779515192756985e-03
2.004406997786640880e-03
2.541851949650647969e-03
3.242831024781754612e-03
3.936508785538588191e-03
6.489593035443094737e-03
2.839489537731852264e-03
7.996392414458574401e-04
1.115749141316559230e-03
2.985139542979800380e-03
1.832179679179250136e-03
3.846429724485300045e-03
1.444608128258336247e-03
1.537363638503391793e-03
3.436485639451909366e-03
3.165547111901136686e-03
4.791056824165512880e-04
5.854288691225838746e-03
2.006691213337189611e-03
2.153777651428849180e-03
1.354296550518941039e-03
4.436224252184951637e-03
3.670729170488048771e-03
5.038806667509289003e-03
6.664563774239466026e-03
1.292532540569482505e-03
4.161775593817753803e-04
3.874146551007739622e-03
4.496915854479997809e-03
6.511664469195752036e-03
6.098771400860975717e-03
5.123364469056287777e-03
2.946820223033601305e-03
9.470852094217818533e-04
9.994279831951433102e-03
7.401153636234526594e-03
2.830133775072243667e-03
9.046390029962908747e-04
9.609898847156101906e-05
3.607631897102870754e-03
4.534024153354171589e-03
3.895638149660577646e-03
3.080219273362441116e-03
1.762488366836352949e-03
2.639837296934565824e-03
1.883166102438711296e-03
8.606452701667378826e-04
5.811618117441275620e-03
1.421893231724393066e-04
7.348512702367254387e-03
7.513849589020175912e-04
4.625939659251348201e-04
3.940563985659039856e-03
9.954725800039442452e-04
3.591225463449707837e-03
5.401147190040817090e-04
5.987908124796588114e-03
4.798846442710816089e-04
1.583677428458943315e-04
9.133202455213838399e-04
8.280427054088315350e-03
2.817217255892956896e-03
1.648201267614472429e-03
3.214713256759329629e-03
2.535391347171111424e-03
6.812453646219697977e-03
4.833682832960807920e-04
1.133104168961039616e-03
2.977872294660577519e-03
4.788017432502404865e-03
8.554999620143711753e-04
3.148004260634006384e-03
1.417415468629460319e-03
3.719735135647945189e-03
4.756001211753196727e-03
4.881965260242612445e-03
1.088176794928738013e-03
1.637526002609138208e-03
1.156958646284097884e-02
5.768112121541861363e-03
5.882044523159008637e-03
2.712357069844916185e-03
6.058528943807421629e-03
1.232343665749067747e-04
1.807720742873665867e-03
1.040298659863880164e-03
5.314695714096469813e-03
1.401647261137576846e-03
2.232699210777318224e-03
3.599996036352518924e-03
6.025120160752172119e-03
4.383452097610962203e-03
4.781753701136835788e-03
4.321308383257961225e-03
1.918390070393091165e-03
1.271407574423659426e-02
5.222999745126180246e-03
1.642845324227774169e-03
6.441384223802181300e-03
6.409863041412389162e-03
3.017530735356230374e-03
6.207226931727603640e-03
6.888361312020882185e-03
2.255672018920381119e-03
4.845387621017356074e-03
2.014131486819868439e-03
2.578510721549892321e-03
5.668005253088318797e-03
2.880265827150882852e-03
2.586524590179021307e-03
4.376961364929926081e-03
3.659440033360468816e-03
5.813484743892173258e-05
5.892560320091397644e-03
4.282425369310684758e-03
4.256524038212957349e-03
3.051986682547846823e-03
1.052168312908112642e-03
7.747676725576359627e-03
1.221487044648403948e-03
8.970649798639094554e-04
7.469237970419050771e-03
8.454232801972201214e-03
2.805780631065016013e-04
1.030768852511933058e-02
1.676737541329972143e-03
9.101262427662342596e-05
1.329680454991222401e-02
5.429595586297430478e-03
4.687143993903411347e-03
1.104652910496702577e-03
1.499134911106125715e-03
3.993315357096876260e-03
1.314357815583557659e-03
2.368637981290704769e-03
5.847116065512181042e-03
8.445702322132134579e-03
1.008730823303598777e-02
3.726820549792874034e-03
6.639058877463735442e-05
2.319995710611513252e-03
7.333824735684228019e-03
2.507380569334616044e-04
3.929172244859058249e-03
4.230619131968696954e-03
9.116153031535191228e-03
6.816386063480355320e-03
6.389471999908300989e-03
4.247944176026225739e-03
9.111290626974492476e-03
2.485204684763199674e-03
5.261249098159993115e-03
3.578752388022363520e-03
3.425756258549700166e-03
7.621807015830442400e-03
8.160161436025833038e-04
5.650694794025097785e-03
2.077825904872774524e-03
5.890332470176198832e-04
5.509814549100170745e-03
7.895835959506067401e-04
5.361539895727287066e-04
4.074332648215578715e-04
1.647479604456408408e-03
7.430680760301364672e-03
6.732759406328560695e-03
1.602442912933881415e-03
5.627920534392215172e-03
2.759603753041552088e-03
1.717414411260952383e-03
3.012236753079607955e-03
1.029727740703357056e-02
1.112268333830064094e-03
5.951414846856279903e-03
2.368164001942702640e-04
2.416013764198250854e-04
6.912394853359819097e-03
4.215139313165463739e-03
3.212438436097290843e-03
3.566288672485474348e-03
1.076459179441938661e-02
1.955970415697084411e-03
7.953196941943145928e-03
7.054818632675477139e-03
1.345469597503405005e-03
1.160181208760005175e-02
7.911285264883187104e-03
5.427914824059372869e-04
4.459360182419320204e-04
8.018711160685729894e-03
2.237199095836643788e-03
7.505960943709368352e-03
2.193444676613564345e-03
2.059803429909144550e-03
3.684002903744179342e-03
3.637244369125883919e-03
5.775385176800187405e-03
2.483537393236485112e-03
2.131078143902179027e-03
8.523738438286377131e-03
3.746780733991344602e-03
9.380391556258436958e-03
2.557625476067339632e-03
9.037377119118542804e-04
3.321103631160463466e-03
1.618855931605005368e-03
1.116618586003832216e-02
1.666265466634298583e-03
2.609501630631841634e-03
4.603092743631420798e-03
5.586109281033346460e-03
4.317460608371904464e-03
1.876501236459318092e-03
6.607072167462818210e-03
5.949426350454495131e-03
4.779563672523200885e-03
2.003826799126816587e-03
5.628548912094197623e-03
3.695039552074261963e-03
9.294094169955231452e-03
2.430673106141380789e-03
7.741173611687395028e-04
1.079395115525355695e-03
