7.423037586380401218e-04
8.359917974725048634e-03
7.691661471053634277e-03
1.282490413799269868e-02
3.852565795714411531e-03
5.879035488171357841e-03
1.330853856902759064e-02
1.499308024397561856e-05
4.742228242885058662e-03
1.433825090465754709e-02
6.838580281082307089e-03
2.039239012656481639e-04
1.799025322738278046e-02
4.832314529712973018e-03
3.594706681752387646e-03
4.859896124735772760e-03
8.283446082717825076e-04
2.558123267529511038e-02
4.987786243828982308e-03
3.713105642102174780e-03
1.342468444082356091e-02
1.906238429180183436e-02
1.308901037511460246e-02
3.015662849483901741e-03
1.024892143400482451e-02
3.329152815072001798e-03
2.271649920522146246e-02
1.213379992823407708e-02
1.730337213520779323e-04
4.510063093626491028e-03
3.390280918209879080e-03
2.353144791601158910e-03
5.542625000638639991e-03
6.218952215330361862e-04
1.374086275563884095e-02
2.044772588935849129e-03
7.544807185970154153e-04
6.312710798632332164e-03
1.803151155906491596e-02
1.716019599303527168e-02
4.614778749765836158e-03
2.545395276370866940e-03
1.890328643282211674e-02
7.117247688501514638e-03
1.404300466041080546e-03
9.099520634110822709e-03
5.915044032370438305e-03
1.528736263823691566e-03
1.381372437505876648e-02
1.086297226246362574e-02
2.233767304622573044e-02
8.812467481569245462e-03
1.323020785295024593e-02
3.479337209366858692e-04
2.478249474586332983e-03
1.903057378866612390e-04
6.008945553534590471e-03
1.127904299985788700e-02
9.727057016011847121e-03
3.623495171589786665e-03
1.443858420267901113e-03
1.946173240801553350e-02
2.025117853276640098e-04
8.465059225403475870e-03
5.140401713190387994e-03
9.432363097794798116e-04
1.195763348891248044e-02
7.073901886035145053e-03
1.376673998629540478e-02
1.771430989348250079e-02
9.401658356518165921e-03
5.353917587216357708e-03
6.096553716405091715e-03
1.781826231621170186e-03
3.651976728111629069e-03
5.377217806752447940e-03
8.716297098476774932e-03
3.148556867772920632e-03
1.530176699498474874e-02
1.159601861162673844e-03
8.583902395330925139e-03
1.230063663818852090e-03
8.380125475035101953e-03
2.382875957946966120e-02
4.865360436483431861e-03
8.077331883249913840e-04
1.457649719709744156e-02
1.607879280494753371e-02
5.766623844502731001e-03
5.911230948046367279e-04
1.603670185348341892e-03
1.200451472622486452e-03
8.390834730906545583e-04
2.142399503931597532e-03
4.755705543470381644e-05
1.402374759309348365e-02
2.222298323343305574e-04
7.489260292882383464e-03
5.380903806171924604e-03
2.559902370046073395e-03
8.211924650087562561e-03
2.702207437492154789e-03
1.109148192944014490e-02
3.650496200995112083e-03
8.115487817833501663e-03
5.526363472937961645e-03
1.169633523199736086e-04
8.411406251338417054e-04
6.933554122622345196e-03
3.279108648688061796e-03
2.877153099716981115e-03
1.607493301499468390e-03
2.845924409935229535e-03
4.478623842339103027e-04
3.806403497237684491e-03
9.931222148833265123e-03
1.064371337867230788e-02
1.182643690156000467e-02
4.221478414540763557e-03
6.919258866854715792e-03
1.496061380760858005e-02
2.083314235784654127e-03
3.274488695017764572e-03
2.663309223702366082e-03
6.850436786055309930e-03
1.788107041227754782e-02
3.381312307035711992e-03
7.462065841758811456e-03
4.943801008673079020e-03
6.142788716234774172e-05
6.728763889926769014e-03
4.580645799808767443e-04
3.427211726047464549e-04
8.459171974718565981e-03
1.020520424237239022e-02
8.111860050606800251e-03
6.614962061251842195e-04
1.361723500353213823e-02
1.300070539964391821e-02
1.328352547886568931e-02
2.237231021856937382e-03
2.009227886754659433e-03
7.633312556879459816e-03
2.303168923785796351e-02
3.064581890085325572e-03
5.716752602023787017e-03
8.252853487527225937e-04
5.511264354508958740e-03
3.579778290962380965e-03
7.553698912938669290e-03
9.589775302748789615e-03
4.967949650893740098e-03
4.943461570394208984e-03
3.240605990380707700e-03
2.446891528800365992e-03
1.443943763111599568e-02
8.097663335484610314e-03
2.225897009715617752e-03
1.222613623402025963e-03
8.809109922489120545e-03
5.454384960459800723e-03
3.997057910070227552e-03
1.360985310471664669e-02
1.145212854435504260e-02
6.906558851420570473e-03
1.236792197595171401e-02
8.908190208791646591e-04
1.400634956111361171e-02
9.349300239081217989e-03
1.729486712956147592e-03
5.954106115514344426e-03
5.737096719183627271e-03
1.068913069898618992e-02
6.810019104512931784e-03
1.073048291466997323e-04
8.994977735150632564e-03
7.998804809192433529e-03
2.990285479080658794e-04
6.489438814831317154e-03
2.723415078371349898e-02
1.444106393106327072e-04
8.875142614610824834e-03
1.852783152776217232e-02
9.895516199798143342e-03
3.989204726396226690e-03
5.623943296391219898e-03
1.034727136381355557e-02
4.403917432180086237e-03
1.539145279956682932e-02
6.979148947435874885e-04
3.234919830990130168e-03
2.305740591400454783e-03
1.169693927474482927e-02
7.279345813488564271e-03
5.693573548478286610e-03
9.245017139033672934e-03
1.637111696902580210e-02
1.810698285077719585e-03
1.031496754968950005e-02
2.209993675627171771e-03
2.240377927379838888e-02
4.870513631577633000e-03
4.138261721414085437e-03
1.997302449955652443e-03
5.697582500268283910e-03
3.036738289102491710e-03
1.086444033347646904e-03
5.441699956934945058e-04
9.433353886356930784e-03
1.160755315004162978e-02
6.352805552320302772e-03
9.190540113595607394e-03
1.820426082931723760e-03
8.524516401917143008e-03
1.175880953252178909e-02
9.530188835949382833e-03
1.168782689177385670e-03
5.332372459311248911e-03
6.104743909094309529e-03
1.482402967601854568e-02
4.799407160885645410e-03
5.030796189943030627e-03
3.617528871151910221e-03
7.550931090130132833e-03
3.614549996498979574e-03
6.560756815689740631e-03
1.029208794181578346e-02
2.282236833190607207e-03
9.079756538758131448e-03
3.556547352596440940e-03
4.750626160768187806e-03
9.531019855759003540e-03
6.205446044055290544e-03
1.134527530523672494e-02
2.199855440966209941e-02
2.551176272076470346e-03
9.059591073762867861e-03
5.989562880326452718e-03
3.440203182131439889e-03
2.134835203738659048e-03
6.895438948636221921e-03
3.129797010283409133e-04
3.832252440419731468e-03
1.222369289242290248e-02
6.101026685403909688e-03
1.015112182631878242e-03
1.671587060043773975e-03
2.700349088464692061e-03
9.999605706237525010e-03
2.262129024499839880e-02
2.128571844189309017e-02
2.893520494387651163e-03
1.586360898628106156e-02
3.411810347449244652e-03
1.886355874044653210e-03
2.101421766523799486e-02
2.273581743044638878e-02
1.927616957220845001e-02
6.638736458286149597e-03
9.089374443394032319e-03
4.770764703975614168e-03
2.633472658699330957e-04
5.049984749042940937e-03
8.163691839628780395e-03
7.748268549139734548e-03
1.042928890211346910e-02
4.610764991183563012e-03
4.774775170477016384e-03
1.463133880002891185e-02
1.550679961754746448e-02
1.943302727680694744e-02
9.004149165452864057e-05
1.210666384087329865e-03
1.302670726978213782e-02
1.961828667693119640e-03
1.417688789564532364e-04
5.892784859972934747e-03
4.533418065428980155e-04
8.095696996385664396e-03
4.524800882336803493e-04
1.143253878588783431e-03
1.158242389504204710e-02
6.136480615152814684e-03
9.569612748994451440e-03
1.160410174289208673e-02
1.010372528671615693e-02
1.836574790903855101e-02
1.879593308672390369e-04
1.283356186001274098e-03
1.275595766844112196e-02
9.931283597174217145e-03
1.798562935380578626e-03
5.703820615217823804e-03
4.150775394622398771e-03
1.690931790506254237e-02
6.446634615974674611e-03
1.175981387547820299e-02
4.306871486102083592e-04
6.921767361537494063e-03
1.268635122021062036e-03
1.953750985284695083e-02
2.255878765282446578e-03
7.446686981014165839e-03
3.810204317986544843e-03
2.711209575314344356e-03
5.652040170526884816e-03
4.571023827769035187e-03
2.373176946425226391e-04
1.270919529909034229e-02
5.842148317809790770e-03
4.473844129120349219e-03
8.514979829680252230e-03
8.822856296557172280e-04
4.168819767635922532e-03
2.018801035946547143e-03
3.129822265339277446e-03
2.271136464087491948e-03
5.949898937501414513e-03
1.758833639094213542e-03
4.535280654187459452e-03
7.031936599931779084e-04
8.445306098308730594e-03
2.220070047707712116e-02
2.221181023676348579e-02
3.521257872478619159e-03
4.286292032371305863e-03
1.185219191155442329e-03
5.994057339316041962e-04
2.911870204674884242e-03
6.614841884843293898e-03
3.330413937227568507e-03
7.621891343439831257e-04
4.796729115822419807e-03
3.464173929171704500e-03
1.075303671585052653e-03
7.555203689985091550e-03
3.501481979105221243e-03
2.486741842042544844e-03
6.404716675927546107e-04
4.363595906992623862e-03
9.552398625558932268e-04
7.769202702665975761e-04
6.150535370167834262e-03
3.420396246883431694e-03
6.227433458462705400e-03
2.170360521091773548e-03
4.169765565198923010e-03
1.858511066536532551e-03
1.620849181516261601e-03
7.495871558512924744e-05
4.531505993382703261e-03
1.613702979136550763e-03
5.638385444685636502e-03
1.148836897814699704e-04
1.201929636243214208e-02
6.908171530078742462e-03
7.816672143445715579e-03
8.558486082331890135e-03
9.830044455594898201e-03
2.943592672782869429e-03
5.731879685108388911e-03
3.401119005633963105e-03
1.082911871035472512e-02
9.824563856434900128e-03
1.976297565079724802e-02
3.298754610018151540e-03
7.793004793310513711e-03
1.198976097968177225e-03
6.157701380532277363e-03
2.066697633281938760e-03
1.188221356859641212e-02
5.270458226884613961e-03
1.215522587516037513e-02
1.766462304260125289e-04
5.133231577975489769e-03
1.723306540140237628e-03
4.952717209366016421e-03
2.001021320283294207e-03
1.027077475604624111e-02
1.022688558803806942e-02
1.350623894540552150e-02
1.794985874194906161e-03
5.524682150880828174e-03
3.318334170208830577e-03
3.018674019068398173e-03
7.716349899597034837e-03
7.197539564595829484e-03
7.251113778306268395e-03
8.622937366399305650e-03
6.930147091507698337e-03
1.010939161351752553e-02
3.152548274713031645e-03
2.297725758699293089e-03
1.202388658404033792e-02
2.249736320005012863e-02
4.543674078679758171e-03
1.017276154177949171e-02
2.213455404156975271e-03
6.722708739503116711e-03
7.380232752129887693e-04
8.732054794848867442e-04
5.160576796534440888e-03
2.593516161651476630e-03
8.130340427984506999e-03
3.209388084599175840e-03
2.443222760400275487e-02
7.497315988188473813e-04
7.994979033696850146e-03
6.661075744197260916e-03
1.114436349838241955e-02
6.978471217160166565e-03
4.501086340982479728e-03
1.120297853263575033e-02
1.504450599272477078e-04
2.392497081621373228e-03
5.730737750133575552e-03
3.244389573798714789e-04
4.060232788197619576e-03
6.925463488678573927e-03
4.014495674582994368e-03
3.799101082676630231e-04
3.430919044824410832e-03
2.222856030170277351e-03
5.525749291077362672e-03
1.092271491314973468e-02
5.986211449205922422e-03
7.804503701655972001e-03
2.011050552198935786e-03
8.325118053312683536e-03
8.840270708452661885e-03
4.149180198000090858e-03
1.319477232146662894e-03
1.342049338500816633e-02
2.830187048935776072e-03
1.671526195130353934e-03
3.515623891387049217e-05
2.624062605890690666e-02
6.952705217238770372e-03
1.456429820430379073e-02
5.374043924034959015e-03
9.112166987974578553e-03
5.586593805835362789e-03
3.945605244543928108e-03
1.026185549015726315e-03
2.165331825137657359e-03
4.155516749212834725e-03
8.261681152164633210e-03
6.973244288871071131e-03
9.772625993180426851e-03
7.440550773618065210e-03
1.846043478143601004e-03
1.373066875008492789e-03
8.455732905102320007e-03
4.922208910616607258e-03
2.403125113404428262e-02
3.510228020807154722e-04
4.103014959661373251e-03
6.793915577039478029e-03
1.154946522379580575e-03
2.429642890627164119e-03
1.077159376444943549e-02
6.781041747965491431e-03
7.797240491081864830e-03
9.372907799027137624e-03
1.163630724626640335e-02
7.532725169224774482e-03
2.482439074800109596e-03
5.719828105003484792e-03
2.694668954618398109e-03
1.400150875136425485e-02
1.175455531644438618e-02
7.742744052802731994e-03
2.200812190718232997e-04
1.084569140236259048e-02
5.426013058522327973e-03
3.857375307570756425e-04
7.634781593980488482e-04
2.674882183775396764e-03
2.262234980345416077e-03
2.492007719589710811e-03
8.840351706931988692e-06
1.069370585723992094e-02
5.560966580616537357e-04
1.805474670309858976e-02
1.266715059147515039e-02
3.971003977207944631e-03
1.346573132962667479e-02
6.654973550442014676e-03
1.909234289894943008e-03
1.749005328445600582e-02
6.163578626829441069e-03
6.876426425952878591e-03
8.633731136835296740e-04
8.111478066881961865e-03
2.286743020434778371e-03
8.766888209567461933e-04
1.692350750595035189e-02
8.937472275956074089e-03
2.579075176510923009e-02
3.056031297995460624e-03
5.115367049991960229e-03
6.899195707611808235e-04
1.499065704657485433e-02
5.404431279160908271e-03
4.163022713949937094e-03
9.150146871541715160e-03
1.286072845842010448e-03
5.805021312081285779e-03
5.608100146146376662e-03
4.134775428093394323e-03
1.653619066366335613e-02
4.921848388400030389e-03
8.016192055146829866e-05
4.412955140886409833e-03
4.665325762671092627e-03
3.153571582803987340e-03
1.870209012001959950e-02
4.869540616748525841e-03
8.739868506916926433e-03
1.865304176642628917e-02
2.108003104569239772e-03
5.228663986821930308e-03
6.233999246955497335e-03
1.448136481902774150e-02
7.864311063017964676e-03
3.438616524267801289e-03
8.181910347787559740e-03
9.631565151702275659e-03
3.979092818080524376e-03
4.148805239350399944e-03
4.867790020590774731e-04
4.095265047521681745e-03
5.215233133426396776e-04
5.543067554807486023e-03
1.562179284877279718e-04
1.118972474780086102e-02
6.875891989134313813e-03
1.179078675367513200e-02
8.289898370420226148e-03
5.152532397135364990e-03
3.636212973431145364e-03
8.499910289852110690e-04
7.238079428413075542e-03
6.223792736308910020e-04
4.105610477982780081e-03
1.379026498667101528e-03
1.157951558170852192e-02
2.812916534088298701e-03
6.709621801403202294e-03
1.577358417433743359e-02
2.729371916810427023e-03
6.201800651325309159e-03
8.444806063393719975e-03
2.922105029494435468e-03
1.169822310771834531e-03
7.186635717752190393e-03
5.770205389554915708e-03
2.024603929917816181e-03
7.176540784411687864e-03
1.591447715223970674e-02
3.675292926186792767e-03
6.662527949601422354e-03
2.741305101812164472e-03
1.286878791757165540e-02
3.730983138104960409e-03
1.575921379854135912e-02
2.805315484468332704e-03
6.933370878761081595e-03
2.956808301368081537e-03
1.701945943600933564e-03
1.772078489305371540e-05
1.762493161198221180e-04
1.238385997510889520e-02
6.249047656124474825e-03
1.040917877260091537e-02
9.924151801608296214e-03
3.229774289143357187e-03
2.540677420268096232e-03
4.561646058624188767e-03
7.162446103075157181e-03
7.006409852275413339e-03
1.256267084773371283e-02
1.455951916795315479e-02
4.670462757005301550e-03
1.288229472314665613e-02
4.503510999372242578e-03
5.212356311218212246e-03
7.015000388949719189e-03
1.727117071395485245e-02
2.070951781356833096e-03
1.390408558747722838e-02
1.435056908245149580e-02
3.310496742211478487e-03
1.670474646499052127e-02
3.896874423354919955e-03
1.012352220678031101e-02
1.297485970121915570e-02
4.141184962137803467e-03
1.168961603884690996e-02
1.841169385091766773e-03
6.027608809560379725e-04
7.839278508079341058e-04
6.150351780064668324e-03
1.749506434609667763e-03
6.185258464654970652e-03
6.384202943932914751e-03
1.741658865999014955e-02
3.094507464045913488e-03
4.258709211028294077e-03
1.071004017234350805e-02
4.700947696614236264e-04
6.031480446705267916e-04
1.952032870709574349e-03
5.175387941273479342e-03
7.492276673627037802e-03
9.559350221948196462e-04
3.262646567238249116e-03
1.148191815946869067e-02
8.864743645572563955e-04
1.347676150113053840e-02
1.146339206008503697e-02
5.315302950224852843e-03
1.034448320617084929e-02
1.006028886217117529e-02
3.609191286989196171e-03
2.491982111364676386e-03
4.627410903410312040e-03
4.069785704277923549e-03
7.182861523046152850e-03
7.769272599289597792e-03
1.145005466533629765e-02
1.469560562073018127e-02
5.182430251281124403e-03
1.688063356570384827e-03
1.927331515457424583e-03
2.514652911459541035e-02
1.796645583176112253e-04
7.704377418591712608e-03
3.374035566383296221e-03
1.084171862184679994e-02
2.345516544319549684e-03
1.348081982187789019e-02
6.698492206289690526e-03
6.171980357381404506e-03
1.818921286010965002e-04
6.420266939604042135e-03
1.628180414936982595e-02
4.407435954944891195e-04
1.577592978092620321e-02
7.412361425572188941e-04
8.905745425932438258e-03
3.601982607811005186e-03
1.448337282715193679e-02
1.019651665366458002e-03
7.254989830618062061e-03
7.910598961643521346e-03
2.416187001803807733e-03
4.817942119503699876e-03
4.827578030279699658e-03
2.683738694228946300e-02
3.842768924139595890e-03
4.640037518792526801e-03
2.739540357957296994e-03
1.073081116851067919e-02
2.488442943010976682e-02
2.299916471344030152e-03
8.783289429718785842e-04
7.928802623959389784e-03
1.164618368830314457e-02
6.300207084970395680e-03
7.686639514490765848e-04
5.656737259025140969e-03
1.331426477079347866e-02
8.017940435305841163e-03
3.082637741034765719e-03
1.631062789460487180e-03
2.939169481807441323e-03
1.835260886710595937e-02
3.931594764459513114e-03
1.291757082114103859e-02
1.988112063681145639e-03
2.558290369597917332e-03
1.360279150351369204e-02
1.899038504581841355e-02
3.197275555122994738e-03
6.895598634158871428e-03
4.169489702515131319e-03
2.592248861075021737e-03
2.640554447643026631e-03
8.858016020811749699e-03
8.681600101257467075e-03
2.513398849653978705e-03
1.493191379386570733e-02
7.563472878115793524e-03
1.600343780066447452e-02
1.214616806723249620e-02
1.147712701202791355e-02
2.874731477092688000e-03
2.432439712898401898e-02
6.289075336725435223e-05
4.755095428009744815e-03
5.003689777340781554e-03
9.453983197269266031e-03
4.840359492418516360e-03
4.978547890127010128e-03
1.434331521789537940e-02
4.953629375466012640e-03
8.717510554019990837e-03
8.876573860944193123e-03
4.760128995289553654e-03
1.755031866488144035e-03
5.964476055145483471e-03
3.851281805465649709e-03
1.846647550694503065e-02
1.927392267828143338e-02
5.629187369713389150e-03
1.067601402018661903e-03
4.091766683343877296e-03
4.570916464817968358e-03
4.608619611430181222e-03
1.733857165400877346e-03
1.558736700967179242e-02
4.900668307143002389e-03
1.476727821632776126e-02
1.686322657571437053e-02
8.314103289141195133e-03
4.373654630886703379e-03
4.936237018427865574e-03
9.834064861433556431e-03
6.556949162297735431e-04
7.326843053447834250e-03
5.492544278748403945e-03
7.106237129371421185e-03
1.778270010557750358e-02
1.025278241137222990e-02
1.000361366138843508e-02
1.524647518786970309e-02
1.351374135545566383e-04
7.072388159335881060e-03
5.355918429321785031e-03
1.005340289740049541e-02
5.914595078691989478e-03
8.426463802329196492e-03
6.714537789321663175e-03
8.473685626239495922e-03
1.047118449109360645e-02
6.215710610200466703e-03
5.677919814890371782e-04
1.373899567365798394e-02
8.794324016659639878e-03
1.073210636973520420e-02
1.200355260818944522e-03
1.479947418296889347e-02
3.142415756551098210e-03
6.362590488895947596e-03
2.070067410053684238e-03
3.230076095555430016e-03
2.147718201283888712e-03
1.805924808462528244e-02
7.808905036224047733e-03
3.794597214673831910e-03
3.814007151515978050e-03
8.550596768870070627e-03
3.521837195637186673e-04
1.782018827360390282e-03
7.951571704648618261e-03
3.339628716056067606e-03
1.829966023485076008e-03
5.037196989339807855e-03
2.751131107979578813e-03
1.800943881855312026e-03
8.909304792308569282e-03
4.568588287556407668e-03
5.806483304753928994e-03
6.791363372756520009e-03
3.988160620836742401e-03
8.318544218106436322e-04
1.935688670019889909e-03
3.566447270374556119e-05
6.689042682690569301e-04
6.485565545240775699e-03
3.400666166213660996e-03
1.722835415020950584e-02
1.289240336990482051e-04
1.289796551008856769e-03
2.836844351795857026e-03
3.777687373471542379e-03
1.669645789558046878e-02
1.595931144535958288e-02
7.160438791583218117e-03
4.725898318693732073e-03
2.764802964442221629e-03
1.311023077945692311e-02
8.113400395306993732e-04
3.958313397156002292e-03
2.394361423901090243e-04
1.301046872463727452e-02
1.682329431200041414e-02
8.516411821865358528e-03
5.526498062411867689e-03
2.146971502981280880e-03
1.063665175728183490e-02
4.416120040443746383e-03
1.205519786303030708e-02
2.931710884675953937e-04
1.282517889845527503e-02
2.437110891887082562e-03
1.836367314742775453e-03
6.245914543080891002e-03
1.941146265023393352e-02
1.289820245855173401e-02
9.742563029786763858e-04
2.830033187550384972e-03
1.646721682039977959e-03
5.058229684486238546e-03
1.792833388876351446e-03
2.212880191954083673e-03
5.431273526849788973e-03
4.253969716532021023e-03
1.595673615837760531e-02
1.018268770440571708e-02
4.888896566125851273e-03
9.043663307667640025e-03
9.433409657811469813e-04
1.950845674588407583e-03
2.734730902742382903e-03
3.684027897314601403e-03
6.930156880937483367e-03
1.373023006413495208e-02
3.322608017707976476e-03
2.619132931922952580e-03
9.623072291388251945e-03
3.996158091455540712e-03
4.382863638508188026e-03
1.172122146394052747e-03
2.921943595132771819e-03
8.820107726107574014e-03
5.782822025880990889e-03
1.271733865011064404e-02
1.744952961448012485e-02
2.049227841609883166e-03
1.228732460511606237e-03
6.927427263419170048e-03
6.055500950484652041e-03
2.255502193649399408e-03
5.187849821591434228e-03
6.078912590806959462e-03
7.959905755880384084e-03
1.561415002231541583e-03
2.821494807164549954e-03
6.801137107975031328e-03
2.043062675127384903e-02
2.710621162393251596e-04
1.080279999575964062e-03
3.527322057460361825e-03
1.151064766893689258e-02
1.637723372405878704e-03
3.130741032439244252e-03
4.921892896359029079e-04
2.320007165323584915e-03
1.806786076114860057e-02
3.018503380228493294e-03
2.118942256179819940e-03
1.561153346108297944e-02
5.050427176450975920e-03
1.179893820780503200e-02
2.920055001900540015e-03
3.227786574604408175e-03
1.266501332614213904e-03
1.716394990394989883e-02
2.499858859406183138e-03
2.904746768311723421e-03
3.512886568696628204e-03
1.176616875447608103e-02
1.805017361925680955e-03
4.465812519331166172e-03
4.011693782547774180e-03
1.281115795440268545e-02
5.456938791556133726e-03
1.093186672885265200e-02
6.409984079298261181e-03
7.308256615229052552e-03
2.236904472880400698e-03
1.433883368976364425e-02
9.599471696499866508e-03
7.397688008158456036e-03
5.061668137808790491e-03
2.876461249596827877e-02
1.862364822919946846e-03
8.190318118031440775e-03
6.215658104097284385e-03
3.546616693169432708e-03
2.452974463780322866e-03
1.131997289773321001e-02
3.176555678356453733e-05
3.367868600402614335e-03
3.125620435221848539e-03
7.780441171053538224e-04
5.340487151387903831e-04
1.246348788192194572e-02
8.443269078857800272e-03
5.784852205708849310e-03
9.027015866707253922e-03
3.983228576392276905e-03
6.922758789645593915e-03
4.997159638694419551e-03
1.147556042300502434e-02
5.367341104103104041e-03
3.772917076161412878e-03
2.440564714813461345e-04
1.315158740064798285e-02
1.411344524773181647e-03
9.555995121185443045e-03
1.380136463691678146e-02
1.001516279774348345e-02
8.100675983847447845e-03
2.808612005537852990e-03
1.136438483965429222e-02
1.362337803291328072e-04
4.386255318426070054e-04
4.167810518075701354e-03
1.368249142506154127e-02
4.805238151685071383e-04
1.018749512916852958e-02
1.107760767166807506e-02
8.535515103339221324e-03
9.483319855334274365e-03
7.917735511903748954e-03
1.286876805230061614e-02
2.180483809430054762e-04
4.082869224922355302e-03
1.864349526962079742e-02
1.188563888743808354e-02
1.287411559964312530e-02
1.391196946739271974e-02
1.096708233848495660e-02
4.170934560485947858e-03
1.397010950347935682e-02
1.250894959062823740e-02
1.589042373047781440e-02
9.775234747201927768e-03
4.134484281613919586e-03
1.015778033003253943e-03
1.741344134907394856e-02
2.173529693122447717e-02
1.282949749714565324e-02
7.434555482389664481e-04
5.911447289227361040e-03
1.499122253495844897e-04
3.258732505078150172e-03
1.443432356267592212e-02
9.665519123475648997e-03
1.648932528792264665e-02
5.677686978711766509e-03
9.378311540582008263e-03
1.563062437614254774e-03
8.789624825123132368e-03
6.552518840368807759e-03
6.729328057363859021e-03
1.409035358730625388e-02
9.598512778728895620e-03
9.719999960420742935e-03
1.505554009898535904e-02
8.494101004209843406e-04
5.979632695124598857e-03
1.236467426419350646e-02
9.941875790420528252e-06
1.247411689380499220e-02
1.621509867230910710e-03
7.831632899399981404e-03
5.640969925589907553e-05
5.703610151493032762e-04
1.710453717095430926e-02
2.799011326744846578e-03
2.239219288137236485e-03
4.180547639426069988e-03
4.970073249540330696e-07
8.939398728606608516e-03
2.763895769874189835e-04
1.002941100349803195e-02
2.470898541706701649e-03
3.314537380796065032e-03
5.396321469538851306e-03
2.196664844352299965e-03
2.668422959100012239e-03
4.150521888015346050e-03
1.167921615002377516e-03
1.011163605524815871e-02
1.560117855163658737e-02
1.158117128015997716e-03
6.432512338017648199e-03
4.888203649531576780e-03
1.786742109821778642e-03
1.944709156296703378e-02
2.557396349251895174e-03
1.178533477304279618e-02
7.421743674935941948e-03
6.249277766900094774e-03
4.804996718058321750e-03
7.178663132094209110e-04
2.768721484344233586e-03
1.936048254164157711e-03
8.484255136777580156e-03
2.760646192288295376e-03
1.056647347936089196e-03
1.408772789979855292e-02
2.364797203599030510e-03
1.739020952657787701e-03
9.122268973763099018e-03
1.371678651575366018e-02
4.640805983450212342e-03
1.791318352896112409e-02
8.392978243117854564e-03
4.586243094757613478e-03
7.992381838251119350e-03
4.951813185922379276e-03
7.642328757763963004e-03
6.234802514744345464e-03
5.540050409724081408e-03
4.802524906955973720e-03
4.770606212396838117e-03
3.745808057393495982e-03
4.845347842668269213e-03
1.893119533352183650e-02
1.336188682549053390e-03
1.285582805934263727e-03
1.252897264883622843e-03
9.292863322561597389e-03
5.225357754553806508e-03
1.113542243245151109e-02
8.986049342212178159e-03
4.003290635546178679e-03
8.888929360596308296e-03
2.177972949825254800e-02
2.019812891866948953e-03
9.490339808375186864e-04
1.804321370750379080e-04
2.475092550067389992e-03
9.932956429107457630e-03
5.089718730507173002e-03
5.899716434006538335e-03
1.017002889885161750e-02
7.328686815050397020e-03
1.431448399348263538e-03
1.593945368140736729e-02
3.062710263538176263e-03
1.175888062837423913e-02
6.774296033741225923e-04
3.719526319860220250e-03
7.463300786889975891e-03
2.544694865943321511e-03
9.406701097864489250e-04
1.006633041622391825e-02
5.717982789968057908e-04
3.815232502212198475e-03
7.476912751176666930e-04
1.168165814202580879e-03
1.165289379341964866e-03
7.830131455175038876e-03
9.219280689891735589e-03
7.230236560692823895e-03
1.322805384265154580e-02
3.219656782135389000e-03
2.852989253907441407e-04
7.671490477602461479e-03
5.066866474432084495e-03
5.457448909246813418e-03
1.052741796157841137e-02
9.994105666287628892e-03
4.813981168217624021e-04
1.987754144263503484e-03
1.349922713834552854e-02
8.507193568579334356e-03
3.344105810419002733e-03
7.091544067944518907e-03
2.432937767755601315e-03
9.719270015980508923e-03
4.494105237182561760e-03
3.630786157728815248e-03
2.839589085982905260e-03
1.322125440112886623e-03
4.542010001338662659e-03
3.194097399699487826e-03
3.669727998830277834e-03
8.535688670035413914e-03
3.402576116509531986e-04
9.409605257034797665e-03
2.009574816699350103e-04
2.422726634031045594e-03
2.379140232442768232e-03
4.660202745993396838e-03
1.034845854101093185e-03
1.269219105757744609e-03
2.311517242603011377e-03
2.663483484345567794e-04
1.156270120389016852e-02
6.352394231431604706e-03
3.145725461740970369e-03
1.855214769556469108e-03
8.555921266398714906e-03
4.941145907354227429e-03
1.024317892608155381e-02
3.284011597721130278e-03
3.134220929581393693e-03
1.347005686428235857e-02
1.137770610811474591e-02
3.563006487132218750e-03
4.291884220114462398e-03
5.705013093518262676e-03
9.039676262191688461e-03
2.247876528273312028e-03
1.515857527762723769e-02
3.690123910149315303e-03
7.122687786070721477e-03
2.020460004205175669e-03
1.221131156728633670e-02
1.404876396508086822e-02
2.556569531013849067e-03
4.199444650443339908e-03
8.359157524478683446e-03
1.290631164291513276e-02
9.674949272047254911e-04
1.492929801739558467e-03
1.755731753986901301e-03
7.776569924227818946e-03
6.515827034566120009e-03
2.124217645566319271e-02
5.191727776842994593e-03
4.709393471339465048e-04
9.900608862733400323e-03
2.194686488967271566e-03
7.818070586135714498e-03
1.240888202148669815e-05
1.494474657459191232e-02
1.403391488783919602e-02
1.083892784102616315e-03
1.126173929060119393e-02
3.323627335193200458e-03
9.051024733903486122e-03
7.438217856571841674e-03
1.861035111229777592e-02
1.442284566528036389e-02
6.477456272845950186e-03
6.576320303280230872e-03
4.976836916923312558e-03
1.965678641987871067e-03
1.260410106029379723e-02
1.253147940427318252e-02
9.035455551120608747e-04
5.167562872971116945e-03
1.740448530402670694e-03
5.125597056373942806e-03
6.511043023301729682e-03
3.187270675518015951e-03
7.466774676070846682e-03
8.249298793350736195e-03
3.904873081772411002e-03
5.427020275513423989e-03
8.754447603518712706e-03
1.539224480656273784e-02
5.922246465128597030e-03
6.997073769157386575e-03
2.917579108741733505e-03
9.077682598730676261e-03
9.339203841995139324e-03
9.152164393622755009e-03
1.367615549889930268e-02
4.305410140124284538e-03
5.436387132653261629e-03
1.918128817958409879e-02
7.192830577673519146e-04
4.133553260174871978e-03
3.067610651113932322e-04
9.151353673956039506e-03
1.655561120099138589e-03
1.584488198590285404e-02
4.033248136798087960e-04
3.048403236984643591e-03
1.889957915539652172e-02
1.186349817095073630e-02
4.753110069936542620e-04
4.621448787954173486e-03
4.756951362622211486e-03
9.539411172413825649e-03
1.398009801483326509e-03
1.262207631219183779e-02
4.698156759509819827e-03
3.589559290068457514e-03
4.694584281021348462e-03
1.500773385248196576e-03
2.779617087424457716e-03
4.934773018975800035e-03
4.688046062781814870e-03
1.315933468920614524e-02
7.626033089492123725e-03
1.845598782577471952e-03
1.408954084834100596e-04
8.619963614979415933e-03
1.046684153481676136e-02
1.356399003616258959e-05
2.121247333814383403e-03
2.301239669946186263e-03
9.908061253868345741e-03
5.805784869991571437e-03
3.881911778179956279e-03
3.487308445023636159e-03
3.232881610329885972e-03
7.565811448754876552e-03
1.816639427376628979e-02
1.446707022260737205e-02
9.598497264270444175e-04
6.793078955383167680e-03
9.494386270701666653e-04
5.254979641809666945e-03
1.078495916667865156e-03
1.037478744585591459e-02
3.043069125575299533e-03
5.512778704975092488e-03
3.291421778641196762e-03
1.909507018054380865e-03
4.285588466992033482e-03
3.826429938656414863e-03
5.977781416832508334e-04
3.204036231261814770e-03
1.718188194399510645e-03
7.831401935081033425e-03
3.582574606493917763e-02
2.105457359529381775e-03
2.180927609872375730e-03
2.425293107664002520e-03
1.254183605465952625e-03
2.261662316633249788e-03
4.218950899571912577e-04
1.008717891322131847e-02
1.387463629484144562e-02
9.189562200431716441e-03
1.045185466828763704e-02
8.581127469103872960e-03
7.604551289635752206e-03
6.574347813726125027e-03
3.739639227337045353e-03
1.892923710724615100e-02
3.246415532509205892e-03
8.362502319312519958e-03
9.733211829742056606e-03
5.070820778897730356e-03
8.751246029800881232e-03
6.816924835668045643e-04
1.150805138680407493e-02
5.685470608327577308e-03
1.768953603085469603e-02
8.766704394177118193e-03
4.409157918772168942e-03
8.359136805966128556e-03
8.776394944806359746e-03
9.869491667467847687e-03
6.400729583323234301e-03
3.684021608853196156e-03
3.673387753923994703e-04
1.253401022548176124e-03
2.239231923101001748e-02
1.571906180694968361e-02
4.472535370510431069e-03
1.482955709176504190e-02
8.796163150858920046e-03
1.072708311242160338e-02
1.544784828132119391e-02
1.874320188282251054e-02
4.006142611623792274e-03
1.573461957428113830e-02
3.308338464256482619e-04
9.690025916114309093e-03
1.942563610456498734e-03
8.908547142850123390e-03
1.080779102319024592e-03
8.810098936471609174e-03
4.975361565432753763e-03
1.270488786602046345e-02
1.100747817047532592e-02
1.183366438239597147e-02
1.033485758539734629e-02
2.392068509847018569e-03
1.767749796662597059e-02
4.743580026048903331e-03
5.967040834481951266e-03
9.031080468691395080e-03
8.795113324811922387e-04
2.412272586018069601e-03
3.426787200371345966e-03
1.372406698090732069e-02
4.164968050557830287e-03
1.550218066780810131e-02
7.716657762473409093e-03
1.409022805068808285e-03
1.015520199537385017e-02
8.352671942929653509e-03
2.175083132833118167e-03
2.005061455672475703e-03
1.069036512013298891e-02
6.909894229797964270e-03
3.187985354727094003e-03
7.890724865324889870e-03
3.016900086609717105e-03
1.513024884696777608e-02
7.731782406821806689e-03
3.772763136621874996e-03
2.376425088634195621e-03
1.065866297229118610e-02
1.027363027891770551e-02
9.717035316087172013e-04
4.761147849460731218e-03
8.028713800961413335e-03
1.081557391070628489e-02
1.553520695530380587e-02
1.546940913938871058e-02
7.797693615010808411e-03
4.573394780023439660e-03
3.506033193091933481e-03
1.749814188282883785e-03
5.022504250245925228e-03
5.835297403487245058e-03
1.543921891877063531e-02
7.721598492816329122e-05
5.754877184811201321e-03
3.489895663286686229e-03
5.103451910585016411e-03
5.596103566762581152e-03
8.980955168424278531e-03
1.954071938862515095e-02
1.158078152005031364e-02
5.787329341226485346e-03
7.907710015991012420e-03
5.472402992173667352e-03
9.435631754782465574e-03
5.471631727538398687e-03
5.476626216350741205e-03
1.198708167579065967e-02
5.328371091211200200e-03
3.925889378662669044e-03
8.627758979689538824e-03
2.117742713603389202e-03
1.022262790897502695e-02
1.340214702804182201e-02
1.196687141919760243e-02
9.981829035623493093e-04
4.776984136519299949e-03
1.686854112104530954e-03
7.602068247285160250e-03
5.948275792854285093e-03
1.092478536576387297e-03
1.512671118089864777e-02
1.712312622616414884e-02
1.345856926305899481e-03
5.625592609917154548e-03
4.041539710296120774e-03
1.875686234158388879e-02
1.072738981699202822e-02
1.489506403106786135e-02
8.871128339123119169e-03
9.676044131738057927e-03
9.456496605243018896e-03
8.863133183787821152e-04
1.859808481214311141e-03
4.486134514953906034e-03
8.010288114961638256e-03
1.607279575069617272e-02
3.568717227202733953e-03
1.902859671935449096e-02
4.866420609506153655e-03
1.156353556685940122e-02
9.411141724790232643e-03
4.160191912695658349e-03
1.972203646227938412e-03
1.077952863293423283e-02
3.477490261771602406e-03
5.499966972825183487e-03
1.055680761747643248e-02
1.260461549834616772e-02
3.052255925477443191e-03
9.076959208978534893e-03
6.104105154764317108e-03
9.353460068127334142e-04
2.125575468733275925e-03
1.085954215386513745e-02
3.286790112883115986e-03
1.994017084784707738e-02
7.639948573354675941e-03
2.392776513595923273e-03
6.827048340901109916e-03
1.260029120920791359e-03
7.579410440456975763e-04
1.617777990749086695e-02
7.308341363031636319e-03
1.867226585069414746e-02
5.788918363506975057e-03
8.455123536635258952e-03
2.794350428074210760e-03
2.454123303156234819e-03
7.464396678788966753e-03
7.051988775510198079e-03
6.613555579877199338e-03
1.754935341933416826e-02
1.262148906648548601e-03
3.391511506852918733e-04
1.354308847740571912e-02
2.517174299412460597e-04
6.021316403724657519e-03
1.365102432404679059e-02
5.839611780682977225e-03
4.848424328346233499e-03
9.218310944765878770e-03
1.902745692419275519e-03
1.153459578782116413e-02
4.040198508458592123e-03
1.566099147820940868e-02
3.243215264827359941e-03
1.087447013229770427e-03
1.946121214903950500e-02
1.020109896533815882e-02
1.047399403485258992e-02
1.174562611947349393e-02
1.937884702875083400e-03
9.210119109413938314e-04
3.110302395223800420e-03
6.617188547238757323e-03
5.916316335258551412e-03
2.624439663273247635e-03
6.816443210585158841e-03
9.928700709048159101e-03
6.249007230355968674e-03
1.221586584590762282e-03
1.208266615807714398e-02
2.524674191299518949e-03
1.592296262114283826e-03
1.532140830858992608e-02
1.415159395014126305e-02
8.125462318238836287e-03
1.277991772284543456e-02
2.022531612028631923e-02
9.243684195112934765e-03
8.554798655151827497e-03
2.043312472830898386e-03
7.697863222315266124e-03
1.333095457768318851e-02
8.129366206666906527e-03
1.889034477897240383e-02
9.158192653025075750e-03
2.147064691015019254e-03
1.048696092070733332e-02
1.175193229452379216e-02
7.694248723876603510e-03
1.097154483637798397e-02
3.092914064930116832e-03
1.549503396626297248e-02
5.458194677021146156e-03
9.275544587585074496e-03
2.345101218972544133e-03
1.832005107584825168e-02
1.200764003719688444e-02
6.507531694435261457e-03
5.679277726109817175e-03
6.838575950254601084e-03
1.720102719548056817e-03
5.229854288754709523e-04
2.183497162141724210e-04
6.717615146176446513e-03
5.868596958809246204e-04
1.476928290771861848e-03
6.922327276520976076e-03
9.739069768202348459e-03
8.392580337163045925e-03
8.763034280358383485e-03
1.394561791484465803e-04
1.296720976078165853e-02
6.745355205434910156e-03
7.839012154891052478e-03
1.044953890035030600e-02
7.150936255567153475e-03
7.361007929238575984e-04
2.954082913741299873e-03
1.968379618569677733e-02
1.019231962602871328e-02
5.224369923684437506e-03
2.907630015757274849e-03
5.904294570893415042e-03
1.081624089186157198e-02
5.865440258996230255e-03
7.945404984820979635e-03
1.388184425871608584e-03
5.225445282109623859e-04
7.761554296807233674e-03
3.499203392436327567e-03
8.054501751652376126e-03
1.479487430835612835e-02
1.390265888624060524e-03
1.152164012593858387e-02
1.272804385946186244e-03
8.510546614518446455e-04
6.263590205276520044e-03
8.917380413950999271e-03
3.048777201471280542e-03
8.848832421063979742e-03
1.425111964892944796e-02
1.007553755741158030e-03
1.761183750614460711e-03
8.315542021068166728e-03
7.144286718134202838e-03
7.675936209688218352e-05
6.163597768044769103e-03
4.524813756479992288e-03
7.602104254286872745e-04
6.157607733860758457e-03
8.587503548060083230e-03
1.548697656047465893e-04
1.130799650528653555e-02
1.076846067456330852e-02
2.785740327189253646e-03
7.287311830841535637e-03
5.480485465975745187e-03
3.081714818990602053e-03
2.457974555606714205e-03
5.412773199414493662e-03
5.765448417508096078e-03
8.475080909344095970e-03
6.050462365470645441e-03
2.381885036049319367e-05
4.661745181470032702e-03
1.533110547720679083e-02
4.732576000939554481e-03
6.679726929604564746e-03
5.968440189030124222e-03
6.457083213900096166e-03
2.133882577917057752e-02
1.160377678990044681e-02
3.972473002970805696e-03
3.861223413141987742e-04
5.093912523910389817e-03
1.499001937518048937e-02
5.351499389900455685e-03
1.408600596952094310e-02
3.866835285891470110e-03
3.597845152693292595e-03
4.482275540218588587e-03
9.209353214871781809e-03
8.644744869591309763e-03
1.590232092304898551e-02
3.840832800927089594e-03
6.404274444889732423e-04
2.139998551899999061e-04
5.750745664949288155e-03
1.643040713196589064e-02
8.928183230775781423e-03
1.212611557936704026e-02
2.169200029698136259e-02
1.278322710854711865e-02
1.356378695947308213e-02
5.394863428826723872e-03
5.114846058212199967e-03
1.073358773723946408e-03
5.802751004890568942e-03
3.320577715983123041e-02
1.015265688056126185e-03
1.154612361184126010e-02
6.149745239006039650e-03
9.847453961950998827e-03
1.917167895023229145e-03
4.776598417464383330e-03
5.413327333731071320e-03
5.428555563986806748e-03
3.039052781326569835e-03
8.467186533476413896e-03
6.072150725697814892e-04
1.053118238746234350e-02
7.332953950017859646e-05
9.168323075232640354e-03
9.539493518827176985e-03
1.273728929517205927e-02
1.232068756606567554e-03
1.952265278908357684e-03
8.219506817554005085e-04
1.288766412929156190e-02
3.109582222532253533e-03
1.619768001653172293e-02
5.136019003138658084e-03
5.066349201825142042e-03
4.259752546675773556e-03
2.517819144357359012e-02
3.649589312314779031e-03
1.166408885213405210e-02
5.324347160037118214e-03
3.655112523349610468e-03
1.652011079427770368e-02
9.253003288377279617e-03
2.960042900611098904e-04
1.518321411137948333e-03
2.484373573782685217e-03
3.875422852136425227e-04
5.770883386976005799e-04
1.145183205370928041e-02
3.981594446229356717e-04
1.712577392716532754e-02
2.023699360886053664e-02
1.201263375451925349e-03
2.447051266964972698e-03
5.984145420704848305e-03
1.358436337994064699e-02
2.399799495157630379e-03
1.214123334426092486e-02
4.361995937085002065e-03
4.216604174629634202e-03
6.706943722935833525e-03
1.156013138024816408e-02
9.470698967459915615e-03
1.266850000250220772e-02
1.131940031359581975e-02
1.106911065302897644e-02
9.545020473935945590e-03
9.664357061290488465e-03
4.855949329952579177e-03
6.569913386743894213e-04
1.302008297518168940e-02
1.933403476045777872e-03
5.871921491212250994e-03
9.363728880170061816e-03
1.217571315638043931e-02
2.042822484136042060e-02
1.259156941783978398e-02
1.877697282517716256e-03
5.961412389559274730e-03
1.470863696013969808e-04
4.413396122603854138e-04
6.812876263545971332e-03
1.128136518927727767e-02
5.148041633923149986e-03
5.354163405921226644e-03
5.166026350272657879e-03
1.524382579348258770e-02
4.518711912765460345e-03
1.304552037561789238e-02
4.770842830664698449e-03
2.223828784834200843e-03
1.900980639886554148e-03
2.007450687559177160e-03
4.155159847583059576e-03
2.602306156701843318e-03
8.238379501061494914e-03
8.441084349850389718e-03
8.841655355654976303e-03
8.092757520537213062e-03
1.790230119719374291e-02
1.010872738142900087e-02
3.122191799251957008e-03
1.074519246103579481e-03
1.942621055081380360e-02
8.079799748811403864e-03
1.409280010378332823e-02
1.123738723431429989e-03
5.859511878016734378e-04
4.998737216338216931e-03
3.590834606835022549e-03
3.270016383700635222e-03
1.034140027227099627e-02
1.150269189816113466e-02
1.191013752072104560e-02
9.427992847047227121e-03
2.686000113463771211e-02
9.638244579776094126e-03
8.480126555687221221e-03
1.709114138560539637e-03
8.943553229229966525e-03
1.176541831692778060e-02
1.439308758729444327e-03
1.991118374615731285e-03
4.845813024373770393e-03
5.639233069877171330e-03
3.471124571210650739e-03
5.159894722397931344e-03
2.683965301281717310e-04
1.779045075890269912e-03
6.006012391214715813e-03
1.463805585459194980e-02
1.410158174449652364e-02
4.854898421691156672e-03
8.903292728071230192e-03
5.757038984428966208e-03
1.977888834891197364e-02
2.123858893345712245e-03
1.155136485957475399e-03
8.146475334123794848e-03
8.253007468934096119e-03
2.494032646308806580e-03
1.810862716159589852e-02
1.708310853395769366e-02
1.311849795296268772e-02
9.334574493843532036e-03
6.824195412612018251e-03
3.177696919013734290e-03
2.115518187930794016e-03
5.031892403767022903e-03
8.652328771612880290e-03
7.337237706528955926e-04
3.745328645520030683e-03
2.746858182798645170e-03
1.074712552176162886e-03
9.491991411950400845e-03
3.161558590681082248e-03
1.456461613095709658e-03
9.002338915301933558e-03
4.723914323598601105e-03
3.698300543537652672e-03
7.746026214260390936e-04
4.485224337518046826e-03
7.540477253205903584e-04
9.639179478182718572e-03
4.865873912306480954e-03
4.582811428593278925e-03
1.629673221808656397e-02
9.841720455428859538e-03
8.194989384291634718e-04
1.191500111679319289e-02
9.609799895552554347e-05
2.090685619083302096e-02
6.139703419292577048e-03
1.101370395303388067e-02
1.387033360806572482e-02
7.132978969401731519e-03
1.118503738200713263e-02
7.951111617298072323e-03
2.677144219389590379e-04
9.470523102202546561e-03
5.557124410385049819e-03
6.199092610347629005e-03
1.943151571122551588e-02
5.073485772805816710e-03
1.537249791335085214e-03
2.247894389371390446e-03
1.853334897035307030e-02
2.132615489807404910e-02
2.528717708235100111e-03
3.833740146698055157e-03
2.131130200915872224e-03
1.721688460654624987e-03
9.336655761880837193e-03
1.195009589478194384e-02
9.698695229335299248e-03
1.180414775986982426e-02
9.874212963112511884e-04
8.365794378888418217e-03
3.497162001581450089e-03
1.633339801444155706e-04
5.442268847717847847e-04
3.510089477094838987e-03
4.585288028966645786e-03
8.900606850302349507e-03
3.515545797031015534e-03
2.358017872862945563e-03
1.763470976148619239e-03
1.535267260082450597e-02
2.167766005152182290e-03
1.698856462911202533e-03
1.251860326836622649e-02
1.202231081121272679e-02
5.878379993317256122e-03
6.030911059137038059e-03
8.709326898047405410e-03
7.028901282335048295e-03
5.596718401815133775e-03
6.477119133890552223e-03
5.483666452612195007e-03
8.759784878105551439e-03
8.334234808423277366e-03
6.343797102443636884e-03
1.729466176915352496e-02
2.593168537070852063e-03
1.683506720566278758e-02
1.971775053433756641e-02
4.220168244657951720e-03
5.469402783017354892e-03
3.372272932577887253e-03
1.035706525091654485e-02
9.231603201494005193e-03
2.980724698062800406e-03
5.783733035772070305e-03
5.173380916346989600e-04
9.876726318215477141e-03
1.016113940309701889e-02
7.653556006918332821e-03
9.101977885211278221e-03
1.205079284032565569e-02
1.244800420451788389e-02
1.255272072515153416e-02
6.255664279086812878e-03
1.453637797727521221e-03
2.764713100845739985e-03
1.102111281006152958e-02
8.848937748102175122e-03
7.271629125516629148e-03
9.450886895606443530e-03
7.931014602700642985e-03
4.099434741622933094e-03
6.059595237597898906e-03
9.977244888855589522e-03
4.665682934173977746e-03
7.874980471047699285e-03
1.278445569744586507e-02
7.679883650153711445e-03
7.802503430415466852e-03
2.347914403119496975e-03
1.145272566512642136e-02
6.306677697855241592e-03
6.802957175425415831e-04
8.350885088307134774e-03
1.369750052601393167e-02
6.204900627589221215e-03
3.269587569912056364e-03
1.028919498645458445e-02
3.816955802917824155e-03
1.119191245550284165e-03
9.596047532786746923e-03
1.640703659569792095e-03
2.173660371881233275e-03
1.444939536543200179e-03
6.053819572417773118e-03
2.931096615935430269e-04
2.648125596605250751e-03
2.011574997001537666e-03
2.250628843002769601e-05
5.112360401700813059e-03
1.418798849367785588e-02
5.496875473524848697e-03
1.420899606172504109e-03
7.689338234416464310e-04
1.274068214933053375e-02
2.178369995024195295e-03
1.350196030076286201e-03
3.649239436897306829e-03
1.181348980550920094e-02
5.824299265811439495e-03
1.750293231272422208e-03
1.544424756243994697e-03
1.374241328993431634e-02
1.143749709010849665e-02
1.107971973980445383e-02
1.851402033581450593e-03
6.907028025537230919e-04
7.227190024011663841e-03
7.912926296550662313e-04
1.642441742254937762e-02
4.864231339054178940e-03
6.272488641770000532e-03
3.962645410428976278e-03
3.629404562664230991e-04
8.579255868352144571e-03
3.132418157304729233e-03
1.017334139227515921e-02
1.187159015118199878e-02
2.282249073061349588e-03
9.396022103986736290e-03
1.200944080858441267e-03
5.172084820430161711e-03
1.214799058131719144e-02
5.182944158821946139e-03
7.951080504735215122e-04
4.499331587383432335e-03
8.949932696438754609e-03
2.201339522755826547e-03
6.241612777218817631e-03
2.415777142996629757e-03
1.168127190322851283e-02
8.212330730797710865e-03
1.248293721930975389e-02
1.996360420051844411e-03
8.063165901682952871e-03
4.725087000899619240e-04
2.006971204830617500e-03
4.545696575749303379e-03
4.890057726687078304e-03
1.490684727474890373e-03
6.604928479504596764e-04
2.784889348339348279e-03
1.361066925805705721e-02
5.773814483146694036e-03
8.617317361768656037e-03
5.964813119802399137e-03
1.535329307030836726e-02
8.329112218748047514e-04
1.609761630090151760e-02
9.267326916852992175e-03
1.007483464248550356e-02
6.665807146293690859e-03
2.908330083521175856e-03
4.937000459213614599e-03
7.016230666016974246e-03
6.843110060100643550e-03
1.135970134676557962e-02
6.165945605611304094e-03
1.455836874385082851e-02
2.550688545107065129e-03
2.016633606859850186e-02
2.910429279628715116e-03
1.120163582575632762e-02
1.164996921327904333e-02
7.977284997412813217e-03
1.090045489682767675e-02
7.162879402070746956e-03
6.737821424009499995e-03
2.214599623325960373e-02
4.713139774172948708e-03
5.883453600061701143e-03
9.571084508721365266e-04
2.031892249291773062e-02
2.049287930419927198e-02
1.055013742340640825e-02
2.557598131799202531e-03
6.115585567006920353e-03
8.895327701484974023e-03
2.272958796148432607e-03
6.163000136354848495e-03
1.640466647473607644e-03
1.222142432681398889e-02
4.753548709580786508e-04
1.492017550019331075e-04
5.296247445753317525e-03
8.257219434814895564e-03
4.236728001587483985e-03
9.156919390992362962e-03
1.213341218204009100e-02
4.176033583944086663e-03
6.268335214342560073e-03
2.374603574540630480e-02
1.197514840825140633e-04
6.235066794128296154e-03
6.700191068131925755e-03
1.326411841801256562e-02
2.169099591267266338e-03
7.675391691685739225e-04
1.293634590597206140e-02
1.595718587851618821e-03
2.779156690538409948e-03
2.268441143761709949e-03
2.438426498507986415e-02
1.317030240836369707e-02
2.226549039116489104e-03
1.349435846724438568e-03
5.801663796850283980e-03
6.568469589896938111e-03
5.808151160009934668e-04
4.327384544746973316e-03
8.126031686441034796e-03
2.125822460588569756e-03
1.192242848225463260e-02
9.542839719473880655e-03
1.365165297690265015e-03
9.021158842421167154e-03
1.681870059686012449e-03
5.876043609443972756e-05
8.264670039926700837e-03
8.719724767023023532e-04
1.302493700722897295e-03
6.197394462084586039e-03
9.719443474758955592e-03
4.071820433454798396e-03
6.943290708215366092e-03
1.013499986226133048e-02
1.343515231226862080e-03
6.260213839785576731e-03
9.592254239901279109e-03
9.554360985242434101e-03
7.154509216638516890e-03
1.317703390874658091e-02
1.328006744918492146e-02
9.370200089282069988e-03
7.670829094371032358e-03
5.971786417964080641e-03
6.405302256877372109e-04
3.942392999319478154e-03
5.967871176924699310e-03
1.575037098225918445e-05
7.614388612075161968e-03
8.906597362445149019e-03
1.144636819604894981e-02
8.097093780980632247e-03
2.957917582747967514e-03
7.708297433408977349e-04
6.717619808877018511e-03
2.606101815612059218e-03
9.547559539059393210e-03
6.555338770999383875e-04
1.128417458690764499e-02
1.839039381909059060e-03
2.534267011332084780e-03
3.894354943052734472e-03
1.158066927696092298e-02
7.301833680365266274e-04
8.875251102944258386e-04
2.518723759190444073e-03
5.244674013215691946e-03
4.632448195484279753e-03
1.656261427512824855e-03
1.335456917496316218e-02
8.416536115685466918e-03
7.362704037325997625e-03
9.013834785529892951e-03
4.773727043007685265e-03
6.247854077188777673e-03
1.572656620445980064e-02
2.695677153220892019e-02
2.671492606626318760e-03
1.024799498226676604e-02
6.774944339799454825e-03
5.597081889914350822e-03
1.751099649919387463e-02
1.396538160652724099e-03
4.199354978610196111e-03
1.215327306272200730e-03
6.326600864147688234e-03
3.456373662626322733e-03
1.626259484369587532e-03
1.574476146388439565e-02
8.783127832578778438e-03
1.389095394931457459e-03
1.121143797283743158e-02
7.873531443030011567e-03
8.274481962573040569e-03
1.832841565210569521e-03
1.722461631015376237e-03
5.972054798728226432e-04
6.499786118807995578e-05
3.231023560353829711e-03
7.503598459631351421e-03
9.907291542284216157e-03
4.920156770294515855e-03
7.372509166092017924e-03
3.271857655153396355e-03
4.064075613617107105e-03
7.811210339687795108e-03
1.108155910892528670e-02
7.098746178899291610e-03
2.053238984852708265e-03
1.386418105284400060e-03
9.058355208724312496e-04
6.204012797550474950e-04
6.602914227030728944e-03
8.477165954322284655e-04
6.565153337711373410e-03
6.386210336773686432e-04
1.006656767066274258e-02
2.002416117129562044e-03
3.437223693677010899e-03
4.307380936567412576e-03
4.034371412911940021e-03
3.343043881311616537e-03
1.731730233812492012e-02
2.001535486292526679e-03
1.261555868854153002e-02
2.937500728719575575e-03
5.174266021164368283e-03
4.045660206986034617e-03
1.160508988417502125e-03
7.500831443009901671e-03
1.142959708216504354e-03
7.764366975383472751e-03
7.472394062922038498e-03
8.291826315710761758e-03
7.424285821147791342e-03
2.092181992526353368e-02
1.240200190883406633e-02
1.262429217370734935e-02
5.455079397870175872e-03
1.229636365098505345e-03
1.123174423193149668e-02
9.785166613117141782e-04
6.097800159226857836e-03
2.890780426650737221e-03
1.335699661904969290e-02
7.447369993642403291e-03
1.164488905911843439e-02
1.567711425414168580e-02
1.103185267834240913e-03
7.474465000866430207e-04
1.216275164753130578e-02
2.605511484467048101e-03
3.676270819680523255e-03
1.331148693626016313e-03
4.708101525857275385e-03
4.714129812353283662e-03
4.821642798740539103e-03
4.542901238874542773e-03
1.070237963732117645e-02
1.249838173688361427e-02
4.907711390773926603e-03
1.294224419707048525e-02
2.322548190538527349e-06
1.193815113589473203e-04
8.424073085381622583e-03
3.551830418655795105e-03
3.394099860305691951e-03
1.948995476450362911e-03
8.366832996726990485e-04
2.391643844589327016e-03
2.964187267120711906e-03
5.497343361915364018e-03
4.694982547581254967e-03
4.424562835152799287e-03
9.596390346153697935e-04
5.761442640604499434e-04
1.603141918837578924e-03
1.005047990194713262e-02
4.726057802515198913e-03
1.343913995870097376e-02
9.639633742658091156e-03
1.194747092141390998e-03
3.473259885358850386e-04
7.059133423940425721e-03
4.643329266151529494e-03
4.535716819588394948e-03
7.304693147621817671e-03
3.914267731089314008e-03
1.560070820635542366e-02
1.075404823237510049e-02
2.690915188952833301e-03
3.585148359477378227e-03
2.739716422512156885e-03
1.108061446071550299e-02
6.991330436834828320e-03
6.838679558853977269e-03
1.874224610807471948e-03
5.221916811493402914e-03
2.068542072885812440e-03
5.125880215636416035e-03
6.997366217382817999e-03
1.091012275459377415e-02
1.005870179995869843e-03
6.038484268140758074e-03
8.082174805319039881e-03
2.435032409311806839e-03
2.224576544229811895e-02
6.739241883467486866e-04
5.828374926531349788e-04
3.926589021542348061e-03
8.039850234265811038e-03
9.080787744698646385e-03
1.017916188900676484e-02
1.232192242141554213e-02
1.273253980701493163e-02
2.489027653225663224e-03
1.301731449435000916e-02
1.933981284111586452e-03
7.860994959384082215e-03
4.559171294432209399e-03
1.839529220112767413e-02
2.571090012779186570e-02
8.967576459277122949e-03
2.452834328063207333e-03
5.748765173442645093e-03
2.085970280548060836e-03
2.933945808024306188e-03
7.937213074312074110e-03
3.213088025452308025e-03
9.428800549144931986e-03
4.049331203997666613e-03
3.831940691590696971e-04
1.726462357110231365e-03
1.240895321511798627e-02
4.781744128148609010e-03
1.079471014250604419e-02
8.352474913842075285e-04
1.131715260723941026e-02
4.185642113199446179e-03
4.521028736890736650e-03
2.880063607137803555e-03
3.449101806393936099e-04
9.131949022551552955e-03
1.227516902652809466e-02
3.530417737318308075e-03
1.305969958978759823e-02
7.877189643636837990e-03
1.450711650210988364e-02
4.411725427394563338e-04
9.833908598911230217e-03
2.785172603234529684e-02
5.259007212397607753e-03
1.026379761006939242e-02
1.291280672344131096e-02
3.218168922389656392e-03
4.892940733829567561e-03
7.556303517745830041e-03
1.854470982571612822e-03
8.110652558549506438e-03
7.595872183835684563e-03
2.536292386203373855e-03
2.470176170436674899e-03
1.153167985971863263e-02
4.834296039942655165e-03
4.955982868514225217e-03
7.164759970882828705e-03
4.806335861453590874e-03
1.021728627342675770e-02
2.359036385527698860e-04
1.793584192547092657e-02
2.512508623327987852e-03
5.884724628620418771e-03
1.760346395945782197e-02
1.786546478703189902e-02
1.753484036359646489e-02
1.924982955722952596e-02
1.440013797211728633e-02
1.718146756259759933e-02
6.848450330091136566e-03
5.326802295308947274e-04
9.216200011436031722e-04
1.549640387236092499e-03
1.328293578107802957e-02
1.452860316186264716e-03
7.181829156047573985e-03
6.624341270578321637e-03
4.811855430301091932e-03
2.141108545114153369e-02
8.792012475206417710e-03
1.034131046812738000e-02
1.010238893322020111e-02
1.201609448022252988e-02
2.411353398276311431e-03
1.261540677651136130e-02
1.025726871133431951e-02
4.282712738397267092e-03
3.483580455258933426e-03
5.079790662381148021e-03
2.129298013810596284e-03
1.246906871153146204e-02
3.488862219197695277e-03
2.856753340249340491e-03
7.613652158446010051e-03
1.557253915932339111e-02
4.127766598028550019e-03
7.315330242783016010e-03
7.995634518867948334e-03
3.296908959351850001e-03
1.032420465041434393e-02
3.322437048713480431e-03
6.309450034040021103e-03
5.365422983118222147e-03
3.625687150501791418e-03
7.697667407147418261e-03
5.720319421375799455e-03
9.963016387132435370e-03
3.383003501558820396e-03
6.011225964034670050e-03
1.395256386263551973e-02
7.162170852368745285e-04
1.158939554860914829e-02
7.517333946372729489e-03
9.000454488184655641e-03
6.062091374996349648e-04
5.222898728401681977e-03
3.233985490484322847e-03
4.009152575711931454e-03
9.934205381919461106e-03
6.599349054549072738e-03
1.831091930418610614e-03
3.497771391071786279e-03
2.618081891189498467e-03
7.497797101803646731e-03
1.228484391672212545e-02
3.069074452697561056e-03
3.473819588458623361e-03
1.808252788703394471e-03
2.798233319874780106e-03
8.759875484272156964e-04
2.133166771865480527e-03
5.116746445922729439e-03
1.067934455745288497e-03
6.010384590592910206e-03
3.587632227100337554e-03
3.715798958320703799e-03
6.760009817849574505e-03
7.647114647004971295e-03
1.409685752535113495e-02
1.072584554890726590e-03
2.775842948852825023e-03
8.753631654343807869e-03
4.368832452700205891e-03
1.379537148556565611e-03
4.093612046818945367e-03
4.087400599820832040e-04
1.220005267924457321e-02
1.229915795072657018e-02
1.302478277099954583e-02
7.606941644628996760e-03
1.044313313268953325e-02
6.492081153647712849e-03
3.978632177310851073e-03
2.477876966462752226e-03
1.989700103148050493e-03
8.287084310448025043e-03
4.701313209895420855e-03
1.021101610750228739e-05
5.181483922598105300e-03
3.547515558797988350e-04
3.604535713440109364e-03
2.853317492281858252e-03
1.560356061177498119e-03
2.489984975329283690e-03
5.962712968600988699e-03
3.548567917889836488e-03
7.083056650057866811e-03
8.114811862856627714e-03
4.136013896337112188e-03
2.376253764803783891e-02
9.666809445735878928e-03
6.297915264164667855e-03
7.398171014947193917e-03
2.990681713633069980e-03
3.477390126449896035e-03
4.756641877003714262e-03
1.426731272218852587e-03
9.062823101698588802e-04
9.808686221481025414e-04
8.058252171778620965e-03
3.542384665812665402e-03
8.206690504350558704e-03
1.484326746196237400e-03
4.265678249923438893e-03
9.897540515765981817e-03
5.100792626064204645e-03
2.240313080732934080e-03
5.800938915088836578e-03
5.458382416978333276e-03
3.146344368115822684e-03
5.510286637676726183e-03
9.553902185914420545e-03
5.279313906714423049e-03
1.755759084063987160e-02
1.485301511641599036e-02
2.178819049512118172e-03
7.540686638154532259e-03
5.246599236502275457e-03
2.724781183775173803e-03
8.304514912722852846e-03
4.806800103683155773e-03
5.887223104339331901e-03
1.033312423894287499e-03
9.735026820201053699e-03
9.422963609121480164e-03
8.667408082220443705e-03
1.421872724366720492e-02
3.059329934207702471e-03
1.248049593205911249e-03
1.147037332360209376e-02
2.399490347847293720e-03
3.030725329500157366e-03
2.615055728961024600e-03
6.400450365562975093e-03
6.748059716152943199e-03
4.301610164061457110e-03
2.058987353521921776e-03
9.852094441324543359e-03
1.196042065002106240e-02
1.387542512544925541e-02
1.392518402653647458e-02
7.058059144920161149e-03
9.614694819619618721e-03
7.306383327514592331e-03
9.162041566036853782e-03
4.287704685278035527e-03
6.319500731529669769e-03
1.676342906292073876e-03
1.054412064754505808e-02
5.755957626320187467e-03
9.765266447211363304e-03
1.471148065641985844e-02
1.203204085909053561e-02
1.116785140695283375e-02
1.318264545483238421e-03
1.017071992780559835e-03
1.709788713651090976e-03
2.178733666709975394e-03
5.323449397303677000e-03
3.877030964084272543e-03
4.314152869557026128e-03
3.727358034634059569e-03
1.028203275609325396e-03
4.906572835771937438e-03
3.956629290645554526e-04
6.629768476046018003e-03
4.101569559870136585e-03
1.122598297482294699e-02
3.800528746009886310e-03
6.204900681605772864e-03
5.542237060461609882e-03
5.462095318577234182e-03
7.671686769239969292e-04
2.636590473642918143e-03
7.666630367334404013e-03
2.833645445475907552e-03
1.560858769262684189e-03
8.012422117632674815e-04
5.600728870743042903e-03
7.599639654069520814e-03
3.233175102833016866e-03
6.891178551466247857e-04
4.490452311581297033e-03
5.178809770417264202e-03
4.728303904119115185e-03
4.523816658983025214e-03
9.157745345389711744e-03
5.936393125789616448e-03
8.889524556897429207e-04
3.571783959114509417e-03
4.796919210955239571e-03
6.172459101191339961e-03
6.351519466559637193e-03
1.464060417305243576e-04
5.724066638792272427e-03
4.730952334354392337e-03
1.405853648180035130e-02
6.193663935597367668e-04
1.989208654406368279e-02
1.114141759088348345e-02
3.124222228618652505e-03
2.026396881509152318e-03
6.760389640323032773e-03
2.877968363829981179e-03
1.306632433069624712e-02
5.395678743405457958e-03
1.738729597347120825e-03
1.639280248308010515e-02
6.386274030650148162e-03
9.853969562188305206e-03
3.502040712267937006e-03
1.040177779827047497e-02
3.317115981831457536e-03
2.773398172342332081e-03
1.294948925772735791e-03
6.751272394776415553e-03
1.688440775941872987e-02
9.476578043654711181e-03
1.314592963604732092e-03
9.419405008394470067e-04
1.238602860365465262e-02
2.249488069287279221e-02
9.699172256138869491e-03
2.986049279835064144e-03
3.284033901726085298e-03
8.944388685398600020e-03
3.968414114219528770e-03
7.930636296915448413e-03
2.459379438234130227e-03
5.696005177805907663e-03
1.281693136928273389e-03
5.345371378313540020e-03
6.125088075969811058e-03
8.996950354191519950e-03
6.710867123808873444e-04
1.410812039931146501e-03
1.162635765948708726e-03
5.297071506448927485e-04
1.704056697271976936e-03
4.283245477465962361e-03
2.366533485445095671e-03
4.333519609939518250e-03
1.267780813039943132e-03
3.062123236482772745e-04
1.089421183607565706e-03
9.013010637949570025e-03
4.649127471443094926e-03
5.828391518088994055e-03
7.538712831368527337e-03
1.171374613928105775e-02
1.046216039379977911e-02
1.050327068608133269e-02
3.465880228967901672e-03
1.419065869210268775e-02
7.049818600545241370e-03
1.862048175618852622e-03
1.132130065130839596e-03
1.553695730742098852e-02
4.983517523778883788e-03
3.696373128497349673e-03
1.748034528254016466e-05
1.250897437278509702e-02
3.534046878186084938e-03
1.949362350650889544e-02
8.414212885096189823e-03
5.948315049178169375e-03
1.249165137926774166e-03
1.463254614409787574e-02
3.011447521682253815e-03
2.028528345007669931e-03
6.861954504567475445e-03
8.492135237781625601e-03
5.745889179203926556e-03
9.101985727097004070e-03
2.402444089900901121e-04
4.684757793727220023e-04
7.343678741614503500e-03
2.786273107716964043e-02
1.188836041156626951e-02
4.500800611652521280e-03
6.483913209157103966e-03
3.145127538418891668e-03
7.979639858588755824e-03
2.938094714555956975e-03
5.939985545213451699e-03
1.187528051030817440e-02
6.555541728953118152e-03
9.529099344016953022e-03
6.991322927724102736e-03
7.065812522231046909e-03
2.470645593657121771e-03
6.485835749121552675e-03
6.765971679306643019e-03
3.764915485791189582e-03
1.345859775966438444e-02
3.077877147300109306e-03
1.772206589839461430e-02
1.034669935722143386e-02
3.689434444507778358e-03
4.566688711290442515e-03
5.619519097578420941e-03
3.342058291616017973e-03
5.187036147934025176e-04
4.107679808472058762e-03
2.294739420334114197e-02
2.720257732069253104e-03
1.591156467166965002e-02
1.195728991761340222e-03
1.442268006567347556e-02
1.192107957645397419e-02
7.905596962865260591e-03
9.189083838061449030e-03
1.051895411077172389e-02
1.556339581712853914e-02
4.585624903558977372e-04
1.195028737326723871e-02
5.618921850901113270e-03
5.706060393497364462e-04
5.157234113248821902e-04
8.198685434698036942e-03
6.606011493235960062e-03
8.284076341899745954e-03
1.552702875636655967e-02
1.933489251334238835e-03
8.226324859789711568e-04
1.523367893613898237e-03
9.793561677596075710e-03
1.469165493318182886e-02
6.994490970356152110e-03
8.117038678264765564e-03
5.587893531294297646e-03
9.951312902043612033e-04
1.442426371922526929e-02
6.399770281325806338e-03
4.710844811732200176e-03
3.631648801366983963e-03
1.103272154909019573e-02
8.591227904461942733e-03
1.657866010339012833e-02
7.212191348040760015e-03
5.789514917935601607e-03
3.279940818351691819e-03
1.894219159218255488e-03
2.514936008320617367e-03
5.243260268199411919e-03
4.105166680736332366e-04
1.453345052726401354e-02
5.737570653979966531e-03
1.115237783669316592e-02
2.421334681135018426e-03
3.582393065142241550e-03
1.900932816279694154e-02
1.737236378827673516e-03
7.343518175899314479e-03
6.839135991313138006e-03
1.306018324376302013e-03
1.366357517094850087e-02
1.245969661729356970e-02
1.115077681872159859e-02
1.467701542206137919e-03
8.820974335073219694e-03
2.941884745888034142e-03
1.601296362749026966e-02
1.024972241923975159e-02
6.260740679551613647e-03
8.004668830340538888e-03
9.292059276677502172e-03
1.386023371653061741e-02
9.095166673944502650e-03
1.668007242806104863e-03
2.623910726387891808e-03
7.033787134080171123e-03
6.201841374597324118e-03
7.037061832731369808e-03
1.179297281116971179e-02
5.913945498996169350e-03
5.375564384187066051e-03
3.733978967532526529e-03
8.292588918065267947e-03
1.109754285567816391e-02
1.144491831836186475e-02
1.211201526994128749e-03
8.542162245177332275e-03
6.348710398645185035e-03
3.977511231279064023e-03
3.721101736745922612e-03
8.987499460123324346e-03
1.314762967266494553e-02
4.527327249122563985e-03
1.442275563656398056e-03
1.764119542941374125e-03
2.032249798157945153e-02
2.205789891343615770e-03
1.758868364930982154e-03
8.731285237557686067e-04
2.846242003394523074e-03
4.451259382157853051e-03
5.279762098290868844e-03
8.263484425450176585e-03
3.008063914016417730e-03
1.090291403216317283e-02
9.816179517515440621e-04
5.686815402154589590e-03
1.084107177225983321e-02
4.581452581052455029e-03
1.672608800086756650e-02
3.880937296395805137e-03
3.481946275379641052e-03
9.940817728290378755e-03
1.158805160115698859e-03
7.502642122050381425e-03
1.648973570299087335e-04
2.058629564898989059e-02
2.766760323805884502e-03
7.478356244874413521e-03
1.378072588262669630e-02
9.229740150772896938e-04
9.081641834869924601e-03
1.029396085155071059e-03
4.113413811745890783e-03
5.193384902076180788e-03
3.090215430654117724e-03
6.767609344642480521e-04
3.180053203479424329e-02
9.963519972560109378e-03
1.186678931169589737e-02
3.901097613625264821e-03
4.385738444371011478e-03
1.036195509337134793e-02
3.292004628112987254e-03
3.330418405383974139e-03
9.973472079577563876e-03
3.613278474571351984e-03
1.054383316772739866e-02
2.611568500227918858e-03
1.648628446857539542e-04
6.183359360100735072e-03
1.164082099362630934e-02
5.830641362574196266e-04
3.344553269227349725e-03
7.507487712978915678e-03
8.176035394429377948e-03
4.139610718620327472e-03
1.005720181174654584e-03
6.306262039737887438e-03
3.948534300120878741e-03
1.257291251220623088e-03
5.426374704166012260e-03
4.373622839645451878e-03
3.263472346202883536e-03
6.376891010537567329e-03
6.033714275370441645e-03
3.594641667789437011e-03
7.016000205423179870e-03
2.136233074645149392e-05
1.624277976070192739e-02
1.277610962611490505e-03
1.388410292389996060e-02
1.125340558898905823e-02
2.032262554671007346e-02
6.691837866230008472e-04
8.487066095531743681e-03
3.066070026959354620e-04
6.534311231684585691e-03
2.110340432735603733e-02
2.408785793843326996e-04
4.379622978559156131e-03
3.698371316835426595e-03
9.862745378682912303e-03
7.509187251294826594e-03
1.918742074948098916e-03
1.569544343052547064e-03
5.344885380806551831e-03
6.941031904642767231e-03
2.107825120390116949e-03
9.913720276037497545e-03
2.017830441615708816e-03
1.339712677722232695e-02
9.030132864928527847e-03
1.499159711337087449e-03
2.160917412870728971e-03
1.398604789264116903e-02
7.277584626989823044e-03
1.009929114022761190e-03
8.137091733268011790e-04
2.406267822901226802e-02
2.983288121542928672e-03
2.829008317605240762e-03
2.236280043585873838e-03
8.233338418303554757e-03
1.298388479990006394e-02
8.329477733203378281e-03
2.431076253257980022e-03
3.534962482803916638e-03
5.325446337273638010e-03
2.627106690954398010e-03
1.068461885428738205e-02
8.096455987509883559e-04
8.933098140853813415e-03
1.101245341829528920e-03
4.688601006023009922e-03
8.726540450287211675e-03
3.902745890223405841e-03
4.200315859290056249e-03
7.166108553957693111e-05
5.732049043200819352e-04
4.359952686884382110e-03
1.500770103075044562e-02
5.057314898908100119e-03
7.642899260533328291e-03
2.278687201776520566e-03
1.254261342443380861e-02
7.368051305783340950e-03
7.020152968177425373e-04
8.792580357127202303e-03
6.953440362860451073e-04
4.184152127623488177e-03
1.319507493427784562e-04
5.272147645363315337e-03
1.256745238707205475e-02
8.175750461527520052e-03
1.138325703831757126e-03
8.891874846906590996e-03
3.585075096368977535e-03
5.702978987136258192e-03
7.732623450303690270e-03
1.098151528481840049e-02
1.238028289415447729e-03
1.499470428168840977e-02
2.782130847721310529e-03
6.545826401675437951e-03
2.353893120112101548e-04
8.998551938719644150e-03
8.014004737656026459e-03
6.345102613285965448e-03
1.335798877791659258e-03
1.374921729344341648e-02
1.177760427868533707e-03
4.462227433303444374e-03
1.204656901435815532e-02
4.974576398471726620e-03
2.486251115963941660e-03
6.194139977656966216e-03
1.791134880751521150e-02
1.777337861537223174e-02
1.747709332904484256e-02
4.388111126622149492e-03
5.167649375877401106e-03
1.832153855527845609e-03
1.425625480396127027e-02
1.187811745704484001e-02
1.314824347333311619e-02
5.126586057560240245e-03
1.366066001347732324e-02
5.227020407405267265e-03
9.297333542687594155e-03
1.568328338942005448e-02
3.618277140409294039e-03
1.494982812088128075e-02
1.258828844493381505e-02
3.149761173124242426e-03
2.599306978822797567e-03
7.686422629434185375e-03
1.394629082054838008e-04
3.912776844972026997e-03
1.342360472316779865e-02
5.677752423039400054e-04
2.520089010355384181e-03
5.536025380868364598e-03
8.964330810706133690e-03
1.095928142976425497e-02
1.122838296290029321e-03
1.683410645693693072e-02
8.234014747858288755e-03
2.188087520786751849e-03
5.566310429956219594e-03
3.610678351695032016e-03
1.346076752371616917e-03
9.721180571392977476e-04
9.225283355202265959e-03
1.960346346943110923e-04
1.036865457444964729e-02
2.662958819792502537e-03
6.423062369655883376e-03
2.417926722602071424e-03
7.228534094047068745e-03
6.357847793501169957e-03
4.566757093360852317e-03
5.059216901227664605e-03
7.599768641005109904e-03
5.531417707378662868e-03
1.143936317919813997e-02
2.065976403956956492e-06
4.281846774856452940e-04
1.305004315023265346e-02
1.584755567307570209e-02
2.752326336215567791e-03
2.002473430677777569e-03
4.442588872435605449e-03
8.012427875187142726e-04
1.906129274012629323e-03
1.366609828972927812e-03
2.642017123653014996e-04
2.226603108630219145e-03
5.209660762561678371e-03
2.712483781809422231e-03
3.377818936512284702e-03
5.172126168438108060e-03
3.886915526728956360e-03
8.257943707246830772e-03
9.882814813840427523e-03
2.167902689782759060e-02
4.680097239606948248e-03
1.102603403008238329e-02
4.548365953422298970e-03
9.509585032011097852e-03
7.135864634698659524e-03
5.646052783815883221e-03
6.777589349025495667e-03
1.362140363610366695e-02
9.391478508362338315e-03
1.078810454830149423e-02
4.302560397023086694e-03
8.464569941484855267e-03
7.321544361216804873e-03
6.194530652368552583e-03
7.413425727137381085e-03
1.754039153401418943e-02
2.015373013953105849e-02
8.123821244913466064e-03
1.828537190954604430e-03
1.650438739081005329e-04
5.823173716747463528e-03
7.681275180079965258e-03
4.490578139197663222e-03
9.663751268439867495e-03
5.377757645493966808e-03
9.139989093100520188e-04
4.704383805608023782e-04
1.916959553474624836e-02
7.499800732489481148e-06
2.422597440571199953e-02
6.918938063932419599e-03
1.651884125627958375e-02
7.472187704688726569e-03
2.986131159829900667e-04
3.261033333974572377e-03
1.828774913266778893e-02
7.014848872687178341e-03
2.640789565851016049e-04
6.364725058895272236e-03
1.319511001560574187e-02
3.074571454719409163e-03
1.649170586049289325e-03
4.753017853033983733e-03
3.585900306676090277e-03
6.205603910439931419e-03
7.625299119121042336e-03
7.465854343027414700e-03
3.896436554883951804e-03
4.003918604768520392e-03
1.190192240877023348e-02
2.407115519868930926e-03
2.590429829413775070e-04
6.912108164675736729e-03
9.626554347370074385e-03
7.923007915323894076e-03
3.228318726813531655e-03
1.008785179364794261e-02
2.646130233421384662e-03
4.464376816226504723e-03
1.291055519059942751e-03
1.544286597678541607e-03
1.101531542727654522e-02
6.346877724447986526e-04
7.168901146672285521e-03
1.566742910012776033e-02
5.840307565111560288e-03
1.792882623424146870e-04
6.722224918732103149e-03
8.329403795895418128e-03
1.146032463402086622e-03
1.970284514212794838e-03
2.110667445316876355e-03
1.249714382503779725e-02
6.937163249197992633e-03
1.039756533322638843e-02
7.935717484671665767e-03
7.314504550073247686e-03
1.019950714962567298e-02
5.808881721792893797e-03
4.997147891198908468e-03
3.371843401493926015e-03
1.187696034464084775e-02
3.821997738975094813e-03
1.028642125586811187e-02
1.767404132938106553e-02
1.512685205464929343e-02
4.844788728558120997e-03
6.811127780820012100e-03
1.120161257815083129e-05
5.682262345306916297e-03
1.562992530169216021e-02
1.232451563101667367e-03
5.308472396631076784e-03
1.097149514432568460e-02
8.214232055245796133e-04
3.552383073979033506e-03
4.658351152230306297e-03
2.717063038374803799e-03
2.962675359778320534e-03
1.034724311549264225e-02
3.810164208851590806e-05
6.971877470101140763e-03
7.397590186844137062e-04
5.323135446599050816e-03
2.763990729956854533e-03
4.302063672213387452e-03
5.409579346127694512e-03
9.261060243055875552e-03
1.749362860812190591e-03
1.389250610078344994e-02
4.901144543676464599e-03
1.151419714031735528e-02
6.519246406886758036e-03
2.922834514846683104e-03
1.576076053473880398e-02
1.218293201098366932e-02
1.484365335298316966e-03
1.270429543267145335e-02
1.796374762198239480e-02
1.958958893101358069e-04
7.464913114386459610e-03
2.611765466504973807e-02
2.649656145037634913e-02
4.410385385759956270e-03
7.400790502235780714e-03
2.864042883379507693e-04
6.132378556921998930e-03
2.531770383948909586e-03
6.398033838311519179e-03
9.484998026908246158e-03
1.045319533705474022e-02
1.350210080634695010e-03
3.057005725687979552e-03
1.384462755206093167e-02
3.794560320298932116e-03
6.400466766418747531e-03
3.105599268089223250e-03
6.945481052895894573e-04
1.288767701966091932e-03
1.110650845025789452e-02
2.417845612298858814e-03
6.750044239688732369e-04
3.188458925834167061e-03
5.559287512623232487e-03
1.636779144183576548e-02
2.080642622110255580e-02
8.513857692495949148e-03
1.158115580847889590e-02
7.452141217097975247e-04
2.244058610089286546e-03
7.497976005296935580e-03
2.724217785798220461e-04
6.752584189345719069e-04
9.814767494883568436e-03
1.735902085126887762e-02
1.865392446135160850e-02
1.325933451055753571e-03
1.427755027791496704e-02
7.440584232363721883e-04
8.330339777473884724e-03
6.472831587160677788e-03
9.663642997156491124e-03
2.192195830249844216e-03
1.466637102807820045e-02
6.921664164378812760e-03
3.765782727191906154e-03
1.317474343967299684e-02
3.520603428442733301e-03
1.336078788322056336e-02
