6.129818829095937290e-03
9.318944354268658692e-03
8.828905197606625246e-03
1.339501378473175602e-02
7.157121011601499938e-03
1.603761154716621534e-02
1.396615899721632276e-02
6.429663147902713038e-03
1.045192947179173978e-02
1.757004578318000984e-02
1.935657592073270969e-02
7.390365372445022174e-03
2.776223202455437716e-02
8.322171480194926960e-03
1.850721964536975600e-02
7.880557220496881010e-03
6.759656913278761815e-03
3.058890800308518981e-02
1.199162644267038474e-02
1.307056265232447827e-02
1.664251528088611307e-02
1.957448479344504888e-02
1.913300303505215474e-02
7.636569753181729828e-03
1.255440832055576723e-02
5.333107999891964490e-03
2.892951298571591265e-02
1.371485897828654543e-02
6.069677890207970591e-03
6.586238997012674144e-03
5.519013041900534822e-03
1.003055926851871039e-02
9.598644724318539101e-03
1.090386018176853558e-02
1.685112766886346161e-02
8.525416816369280407e-03
4.964278428674467371e-03
6.999596038945021977e-03
1.970605397054335170e-02
1.971176469777626700e-02
8.306244104497937167e-03
7.662712914428717118e-03
3.116281148747238050e-02
9.873269804413428719e-03
4.826041878712597141e-03
1.457528914688718119e-02
1.154034730870036156e-02
8.590832096336622342e-03
1.605338665526928263e-02
1.884997989074667715e-02
2.243672399764295305e-02
1.056150141602419344e-02
1.552297589663652506e-02
1.377686328051047626e-02
7.245590481988277085e-03
5.162250908120170380e-03
7.614103070627758520e-03
1.252147249699481213e-02
1.022167936208862905e-02
1.058614677277587394e-02
7.760296163175420085e-03
2.326408752633605040e-02
3.904424571651764209e-03
9.206747465161816552e-03
9.884793901909213337e-03
1.026931757611470458e-02
1.414563013347257953e-02
9.439025870400680543e-03
1.491094632154886523e-02
2.015878025821242481e-02
1.282072488256275240e-02
6.912747612193217463e-03
8.843193584151819858e-03
6.624485584674009130e-03
6.903735856530719001e-03
7.252088611159870392e-03
1.435816469678281165e-02
8.904588320865379145e-03
1.834387574203988347e-02
1.171102469250945299e-02
1.271565223788429823e-02
7.052296808707238761e-03
1.233475520428811874e-02
2.547354211418582925e-02
6.578157505310481233e-03
7.204110162650410182e-03
1.589092101325271719e-02
1.655585121906761811e-02
1.025022794274958911e-02
7.330389544906328915e-03
8.248005389096139950e-03
4.516374227213152022e-03
5.834543476270123361e-03
5.404263976334147505e-03
4.452543401016239959e-03
1.684837216722733996e-02
8.241766120333407497e-03
1.104486426609382031e-02
6.376688010343956742e-03
1.286369552777176517e-02
1.035943424505634744e-02
1.135760167274614367e-02
1.293660001917211130e-02
1.075237263021011982e-02
1.076041628437372430e-02
9.732745901796157825e-03
7.589948088433273732e-03
7.102016127211972785e-03
9.507520283651088935e-03
8.835633471661953273e-03
9.672969085830181515e-03
8.910926889000907181e-03
9.670223410747547446e-03
9.310453999949588194e-03
7.202857023381218846e-03
1.606682570001546559e-02
1.365076904919435008e-02
1.724992829723837051e-02
8.256643348362952342e-03
1.284177008722892956e-02
1.681822196593545093e-02
1.197946241920244334e-02
7.686219360735585711e-03
6.040629565440356480e-03
9.254596639721817536e-03
1.848389137170397545e-02
8.105415007555771476e-03
1.103619618785009644e-02
9.617195279147299283e-03
5.303693339928005832e-03
1.014540336451988552e-02
5.044379681350305046e-03
1.410544574437286834e-02
9.421240296575216638e-03
1.501574633717955159e-02
1.080681175976221098e-02
8.682443156569647630e-03
1.605743891410654073e-02
1.534239216577356658e-02
1.934804599583651516e-02
7.508805695993945976e-03
1.322222683468260961e-02
8.707241250999661272e-03
2.690405013979767224e-02
6.266385474104893549e-03
1.761300989033161637e-02
8.130428235732413064e-03
7.451520578590098247e-03
8.067417165465494075e-03
9.972467365339417189e-03
1.262854362917106670e-02
1.153045765795526235e-02
6.426016502257663951e-03
6.857327822076430233e-03
5.230660150663137171e-03
1.489523916577512562e-02
9.892305734367541278e-03
7.400008572929596580e-03
8.363301758946669467e-03
1.129162697419320259e-02
1.001924283311123390e-02
6.869750918682503323e-03
1.757237733564557050e-02
1.655123776505853031e-02
1.142346642928532968e-02
1.443302186279824505e-02
7.026112274821580579e-03
1.463255175870795642e-02
1.128348627922115370e-02
9.362025963527389333e-03
1.222310704044555531e-02
1.221784950339489632e-02
1.738967825714063040e-02
1.144869659931485421e-02
1.397003218853511662e-02
1.247172088695384061e-02
9.705917825760194267e-03
1.228972417024173057e-02
1.063939674679422950e-02
2.801142706716741940e-02
4.725372291713270112e-03
1.520939012078941464e-02
2.524816967032316589e-02
1.330101210343414067e-02
8.013641327363882697e-03
6.676333531573823594e-03
1.257898913976117881e-02
5.964862501711442819e-03
2.012813971749147918e-02
5.230483656358888428e-03
8.115148255883414263e-03
6.477129679314616584e-03
1.514180417871737773e-02
1.548257284000126299e-02
1.007515494011083923e-02
1.564740800973174126e-02
1.703045137346546889e-02
1.239070533379376185e-02
1.763229136001305195e-02
9.248235247842535173e-03
2.347856322516894689e-02
8.401033722081409014e-03
5.351863671500753546e-03
9.864489869050918625e-03
7.401488418925194351e-03
9.367687916282797442e-03
1.700474274465780741e-02
1.069534832709156079e-02
1.416683546950858567e-02
1.205366696933165074e-02
8.481988393343986923e-03
1.313889197236845809e-02
5.431081627823842323e-03
1.564895278397133993e-02
1.316444627096113526e-02
1.158983852023657939e-02
9.132819433959570021e-03
5.943023355364568903e-03
9.418132685335849769e-03
1.699017577550841415e-02
9.092515513024757023e-03
8.980911738746464451e-03
1.019446787350491990e-02
1.060748440951886883e-02
7.508292932000684705e-03
1.460921113632268446e-02
1.205190007538269222e-02
1.092486358625298706e-02
9.903806389765471008e-03
1.199666035580722150e-02
7.077768943145525127e-03
1.380008023374922413e-02
8.623595782621994513e-03
2.133967210612644841e-02
2.807759937066733880e-02
8.266713018460889253e-03
1.198471693640743192e-02
1.003627148489794063e-02
7.131387687457672701e-03
1.326576327664763175e-02
8.050335539223853545e-03
4.983265616056550135e-03
1.065236392814887523e-02
1.360827524258753293e-02
8.512601196790587146e-03
7.512495076740457849e-03
9.625216411898444846e-03
6.052294068018268698e-03
1.209407113837557973e-02
2.605933206569989447e-02
2.281348460699340192e-02
7.345145380261635520e-03
1.852996566869186124e-02
1.172425188409955896e-02
8.102585083690277620e-03
2.541576141141950462e-02
2.630827455935611306e-02
2.469507439539397886e-02
9.662590958141929059e-03
1.257138577266358158e-02
1.627053233965912449e-02
1.122449072070199304e-02
7.279815874141161609e-03
1.004160021992724257e-02
1.049898857486887722e-02
1.723794854244013741e-02
8.749325931893573230e-03
8.888000774767205320e-03
1.856004355781404325e-02
1.603967696847642330e-02
2.336465639697680660e-02
9.313112981732259849e-03
3.097592626584622002e-03
1.604329670626744933e-02
4.826751725119419155e-03
6.333653102534982961e-03
7.807848784803859965e-03
1.139954557637371142e-02
8.736169789239510777e-03
4.189241706354958697e-03
4.899574161586380851e-03
1.356643303603694180e-02
9.193447828571859118e-03
1.216853079589929124e-02
1.806457331346374498e-02
1.382855631896779888e-02
1.997967077366090763e-02
4.837003790477422543e-03
7.267803803437843796e-03
1.391376675507796125e-02
1.566627184294051844e-02
7.826922770723941311e-03
8.520107418169524036e-03
7.127122964288274722e-03
2.102346639306169884e-02
1.026793171077358506e-02
1.440593699987884578e-02
1.247919566656630064e-02
1.426404788443958946e-02
7.288047121710342080e-03
1.999201108573310168e-02
8.576035120634420070e-03
1.082805975838213065e-02
5.489967711046292269e-03
7.043435421090952706e-03
1.215468420002923169e-02
9.122567993412525680e-03
1.068533740381348920e-02
1.366852251190389667e-02
9.007552634519402565e-03
1.148287030196603817e-02
1.444495355757915815e-02
8.545043850486905290e-03
6.402861630725749549e-03
9.035162598702739523e-03
7.988494463289988468e-03
9.548553144955621713e-03
9.666397612089658656e-03
7.595487041338109743e-03
9.110087838336451693e-03
1.142275546561527522e-02
1.129712077966120096e-02
2.397352704569142776e-02
2.889307367022126219e-02
6.302759782700788523e-03
1.361008853262996900e-02
1.447771343807507244e-02
4.860173907187268633e-03
5.880812450326380371e-03
8.514372059583153601e-03
8.020545952013976784e-03
1.036445354413156536e-02
1.146642734658461990e-02
9.211489878363086914e-03
8.296625289080089907e-03
1.125861930604113263e-02
7.783605523823994461e-03
7.304064226108224894e-03
1.423859850484683262e-02
9.093712977008538631e-03
6.821939687292707943e-03
8.315639334514450531e-03
1.126405264972225352e-02
5.817449918728434186e-03
1.172275684404053275e-02
8.711645672322423928e-03
1.022005419943739640e-02
1.073154957871997987e-02
1.191886538542098403e-02
7.808420690121096498e-03
8.241693962530941692e-03
5.391110072765553304e-03
1.081546253162363885e-02
6.554968857784894756e-03
1.271443216038918925e-02
9.677184154723140683e-03
9.247885476771687194e-03
1.195457788986363859e-02
1.187188227948020834e-02
8.188115995796918165e-03
8.313973165288340850e-03
6.541982865132272250e-03
1.366568619598953344e-02
1.661277627356746306e-02
2.283888701218643805e-02
9.789490101928503482e-03
1.327318327870030158e-02
6.164183360335448274e-03
1.616648063255114384e-02
6.298200051396282521e-03
1.613948828241149047e-02
8.998711440398965075e-03
1.696508301219887618e-02
1.090292832903751868e-02
8.832758427266333007e-03
7.705026626553825551e-03
9.587319639828496137e-03
1.027308708060963374e-02
1.629347220062182799e-02
1.439829968573638937e-02
1.580802468594579707e-02
4.212847551446603257e-03
6.331446113516811525e-03
7.336232064862692297e-03
7.231451814835215645e-03
1.221860110278742001e-02
9.781598604423851970e-03
1.052493630666693873e-02
9.401412902977893463e-03
1.016756969679748560e-02
1.367452636181882945e-02
1.102347690853860106e-02
6.726405082041869363e-03
1.378950248630794219e-02
2.694180768917075336e-02
5.934034991621465853e-03
1.653976330838503525e-02
8.283357096829153943e-03
8.356155443956247292e-03
5.578343247392788043e-03
5.152943813764247066e-03
9.466860049698030966e-03
1.183455881251016702e-02
9.209177317423428502e-03
1.476478128444592454e-02
3.113620322627448297e-02
9.417943982663748784e-03
1.012701850152618495e-02
1.797718753009004689e-02
1.850829718757166648e-02
1.220915649847531537e-02
1.541333845265214879e-02
1.161908882734706203e-02
1.272860469334407413e-02
8.942263596958958602e-03
1.156300014754598794e-02
5.214813848313457241e-03
1.028089139824083127e-02
1.040870725072031745e-02
6.335172705405412927e-03
9.967808641216806959e-03
5.297250164253709467e-03
1.130046836025217979e-02
1.163335018059187369e-02
1.265168338798626849e-02
8.252215633542201584e-03
1.142748260362446040e-02
5.474188727419614618e-03
1.032797353479298665e-02
1.397016497336240476e-02
9.956977072638630022e-03
4.705065623515566897e-03
1.454589650138055426e-02
5.934213111843028576e-03
3.984987609476769999e-03
9.973076870304383237e-03
2.892706434565871926e-02
9.109935885980722375e-03
1.597795310209342706e-02
9.902768603410836215e-03
1.137471583487692679e-02
6.639026294596040399e-03
7.119118357182761467e-03
5.204809100315234763e-03
6.434116050664376481e-03
8.031173624393032895e-03
1.129027615681753478e-02
1.068255790388367675e-02
1.248193882841610279e-02
8.342724375203161222e-03
9.438463386781130796e-03
9.261884289844167506e-03
1.178065236523702201e-02
1.549858235835474031e-02
2.520830126179247205e-02
4.181285509042559703e-03
7.647633485259739544e-03
8.083071832439427118e-03
5.239697712312918476e-03
5.708228369612548120e-03
1.559338723591341229e-02
1.294327107264415556e-02
1.192366524366427968e-02
1.614123563301661859e-02
1.226329942597248306e-02
9.299007423862486535e-03
6.728224753975681899e-03
8.968406933096457687e-03
9.369574159533747629e-03
1.647785923029967958e-02
1.463504561947854242e-02
1.781853870367496387e-02
1.347401597140289106e-02
1.240264860581206247e-02
7.271868599108969808e-03
1.098783670060905771e-02
9.026353245317118162e-03
8.299248014709541266e-03
8.266634415654630641e-03
7.530962270205835557e-03
5.173183766516848726e-03
1.377395113475280916e-02
7.759757638146117485e-03
2.119196064808594529e-02
1.361439744954653745e-02
6.910914073384463209e-03
1.550654063954513655e-02
1.133047711870258621e-02
1.046740228827849895e-02
2.092791520534518709e-02
8.800165119219762952e-03
2.225598927700765672e-02
4.231950162354089322e-03
9.233760613008613199e-03
7.020760475196043994e-03
5.134160426295200988e-03
1.858494027739203414e-02
1.478120992433530102e-02
2.721361852467525655e-02
9.921003545054738609e-03
8.456502806825765342e-03
1.120113525451421795e-02
1.698218462392235215e-02
9.022582431470456063e-03
1.161353167507655354e-02
1.309961994354392166e-02
7.640650852618826802e-03
1.104060410555904835e-02
7.489191518300324611e-03
6.051847621994790698e-03
1.873255057832748025e-02
1.484159351505472818e-02
9.359929881323895279e-03
1.030718044540747391e-02
6.612647823751204544e-03
7.895870900607048284e-03
2.177356491978997208e-02
7.738331706115066794e-03
1.419661572819408413e-02
2.092854585386585628e-02
6.078757387811305375e-03
1.433656799124600686e-02
7.209632509291693560e-03
1.531132973264303157e-02
1.120676616169115521e-02
9.151039569020011366e-03
1.257913905520481428e-02
1.020512390890935921e-02
5.624432634622446997e-03
8.132719501053415831e-03
4.784316761836839536e-03
7.191064192666000825e-03
4.641042630375334134e-03
7.945678306381029343e-03
8.947097498765831797e-03
1.330524330703527873e-02
1.028131531825237678e-02
1.312733808008234755e-02
1.479182584011883364e-02
8.318526717498704245e-03
8.270952005632369389e-03
7.307999265183046447e-03
8.408115785722853827e-03
8.213386680723419944e-03
7.046275229829363287e-03
1.572846111850439987e-02
1.527767263404961051e-02
1.341411176763497408e-02
1.709432824516751714e-02
2.099207485994775482e-02
4.714467273404329521e-03
9.995825566340790086e-03
1.034706323081145858e-02
9.778117886716003807e-03
6.751297076766228644e-03
1.327456475385461326e-02
8.370208410896751161e-03
6.201450594512186720e-03
1.119697640682586724e-02
1.697282135746433843e-02
8.724405790675954578e-03
1.056212798762970299e-02
8.281420220815516320e-03
1.458747693249938353e-02
6.245974966462618759e-03
1.846189672009289351e-02
1.051407947114542385e-02
8.356228590959132591e-03
8.765223458061346604e-03
8.434268251060266300e-03
4.298922465835961979e-03
5.491556356467620914e-03
1.928970650263945458e-02
9.177981076748215408e-03
1.218464413989619327e-02
1.157198440018681641e-02
9.811810374870950924e-03
4.822356330575225045e-03
8.217798741300633841e-03
1.125703333208444290e-02
1.468407262013404942e-02
1.548050724712623193e-02
1.524952658010904523e-02
8.487115080277820786e-03
1.458565347744117738e-02
9.247156748320538647e-03
1.215471307836197591e-02
1.166309294177947549e-02
1.908756069276925510e-02
8.964994034150604654e-03
2.182432860112618750e-02
1.642082074855732640e-02
7.255514703821990506e-03
2.062464716140154086e-02
9.475339668800590587e-03
1.229095743921633684e-02
1.373291444105206004e-02
9.210456448195101370e-03
1.408615696280764683e-02
9.298324450138409358e-03
5.915156394381697845e-03
6.274247166569268952e-03
9.858567994753339100e-03
7.250810754907626755e-03
9.995674480133042231e-03
9.927264116497285656e-03
1.856019767335281151e-02
8.468301855329608482e-03
1.069876517590640994e-02
1.461878501545428762e-02
4.569075377324458703e-03
5.547040531205953834e-03
1.051945999865770871e-02
9.897301571242111615e-03
1.253153395722238043e-02
4.973047872284083910e-03
9.753586624559782217e-03
1.282609439655184834e-02
6.880451304725412540e-03
1.563361075503984579e-02
1.691091118954283698e-02
9.397930644204986750e-03
1.314897267550036407e-02
1.224164372745588716e-02
9.063618945399951748e-03
5.984220537852452844e-03
7.692898255198800557e-03
1.147224402288569631e-02
1.323557874935201058e-02
1.111180982787697558e-02
1.325167596385845754e-02
1.925742687697789071e-02
8.301550097639300713e-03
6.057950092948561488e-03
7.401331784790729507e-03
2.695150516133682991e-02
3.931815507356829255e-03
1.515165612333832686e-02
1.880644617378368980e-02
1.293378175869897180e-02
1.073157796680151641e-02
1.624746740851622934e-02
1.161201812951425522e-02
1.068491422026020786e-02
1.024758167443187012e-02
1.352178075895482147e-02
1.788420034335658562e-02
7.145475790394925815e-03
1.919436389711396199e-02
3.467147888012678866e-03
1.270613067605495285e-02
6.562644811237717049e-03
1.779969951458529320e-02
4.408101023684227529e-03
1.302894798588020639e-02
1.381094255005133921e-02
7.565396968840042320e-03
1.042123445961831534e-02
9.927179623765736496e-03
3.180500664266760341e-02
1.486483663858923811e-02
9.311159838324789204e-03
9.296519974974297093e-03
1.300202971448662440e-02
2.782916176699721036e-02
5.559966875370780590e-03
1.056832323642148755e-02
9.395166825014502829e-03
1.504087512779849097e-02
9.017263466632880961e-03
7.507487120533127938e-03
6.714282589157947491e-03
1.515869771811486841e-02
1.171631752585318258e-02
5.727280296092769618e-03
7.789341228647041378e-03
6.498405014258268678e-03
2.030579194190348241e-02
1.431988907434766749e-02
1.416433104672091062e-02
9.292963961978059281e-03
5.060373787306182876e-03
1.987510421705854582e-02
2.110531548403715707e-02
1.120071510895027239e-02
1.328040012438267553e-02
1.283787022888881885e-02
7.644262447898222609e-03
7.948135273652167168e-03
1.370747428899461544e-02
9.566976097395431602e-03
6.165258812738954111e-03
1.832579017269841612e-02
1.857495039774066312e-02
2.352969732750257587e-02
1.306444240804358753e-02
1.370890549589501121e-02
7.226792110811615204e-03
2.603474322396891888e-02
8.725066999194579578e-03
1.088820587698660289e-02
1.513752960682050903e-02
1.561407595379139292e-02
7.815298250425654208e-03
6.341376818134353797e-03
1.602202979662836410e-02
9.556526362081480333e-03
1.363118126973498871e-02
1.206269928515444657e-02
6.224490972008539687e-03
7.353684440273768920e-03
8.008278139578411947e-03
6.587131343902118998e-03
1.911377103420344378e-02
2.167567365653938483e-02
9.158881751925262299e-03
8.450125267706536797e-03
7.267422260556943153e-03
8.577663200562350709e-03
7.578015312416737023e-03
7.525742233448842917e-03
1.650651414294719913e-02
1.243642073302597684e-02
1.720105893810675371e-02
1.975923777571148010e-02
1.191830231662999520e-02
1.767787244384133594e-02
8.757306511562142765e-03
1.700274765289826878e-02
6.496888157523090200e-03
9.300928087717029794e-03
6.254399790521390431e-03
1.209796133060446477e-02
1.850544013350761963e-02
1.474066195562549406e-02
1.156724588687271620e-02
1.897206412050772562e-02
9.070663562321635079e-03
8.440500878808132254e-03
7.928264818881472151e-03
1.187316746128679219e-02
9.285709287553527494e-03
9.957744539818460042e-03
1.059665815498404828e-02
1.025088932082834914e-02
1.981755843188954744e-02
8.528678344930717276e-03
6.988893893787765516e-03
1.416877706584225571e-02
1.106408888426031051e-02
1.618687667382121345e-02
5.816388513840762935e-03
2.307329007552690395e-02
6.699367526735881817e-03
1.050704811309722576e-02
8.688104868129759364e-03
6.560307168768817095e-03
7.816656938950896152e-03
2.303441706871893827e-02
1.161963124002601822e-02
7.228079840540456782e-03
7.809390739019390210e-03
1.181992976264451857e-02
5.743392206176109981e-03
5.005577015127983705e-03
1.088509540389521503e-02
6.315999177103337296e-03
1.140473080731282431e-02
7.811257301244829698e-03
3.844762710582286854e-03
8.465116144957974403e-03
1.142622229920268323e-02
1.723258763063108961e-02
1.009388420892230048e-02
7.517275791157654492e-03
8.891749419787714145e-03
8.163941545212457726e-03
1.169591607412621970e-02
1.068685631324694900e-02
8.745669227294389225e-03
1.039760469917140606e-02
9.343642333162996416e-03
1.901626239359615125e-02
8.145728377723522248e-03
4.535556163450097690e-03
1.132888746533207598e-02
1.109133500673126910e-02
1.731883208035987429e-02
2.444106830865591315e-02
1.038525709192254440e-02
6.670820096358401341e-03
7.821745548114778998e-03
1.468781303120865120e-02
6.286176065120575689e-03
7.259111590230469917e-03
6.741111305118414193e-03
1.533431219273508062e-02
1.865152180501728624e-02
9.509714728422411639e-03
1.050390956892426411e-02
5.605279894232638796e-03
1.285082163767203682e-02
7.003510454214321654e-03
1.634082473669971197e-02
7.467874529429224632e-03
1.751107226136246892e-02
8.213118564878241559e-03
6.288613996770732115e-03
1.044140882835951564e-02
2.374857347394829232e-02
1.377917199535975620e-02
8.399350116543618378e-03
1.172903030003560887e-02
5.423682551340950307e-03
1.058812364730715716e-02
8.080511402900066031e-03
1.318178112215204721e-02
1.180656780319501963e-02
6.913401382518240615e-03
1.764559142596255556e-02
1.190111137697000623e-02
8.582979013955795849e-03
9.922388375762938861e-03
1.497172485738314761e-02
8.584234718014428778e-03
4.926691543969277144e-03
7.291345261452294134e-03
1.365523863154751924e-02
1.635275686754691926e-02
7.450102168776474680e-03
5.421748622180494297e-03
1.771152438814596608e-02
6.845809876322422188e-03
1.065356256584401584e-02
1.117129196643710555e-02
6.842183808634608004e-03
1.118307550378731807e-02
9.419185262811104534e-03
1.400727348816692940e-02
1.818150257810320289e-02
4.305875402794301192e-03
6.419592931191398302e-03
1.301527702008781380e-02
1.021607774095916778e-02
6.014127257985121301e-03
1.460444531515403023e-02
1.022326065444335678e-02
1.501983404184389567e-02
1.281443080578508788e-02
7.186901138789448563e-03
1.612831865683235846e-02
2.287592135527323489e-02
7.356807628541394209e-03
5.013006256466146469e-03
1.099254000505794047e-02
1.523109632288806303e-02
5.393713133112193643e-03
4.552459396016975308e-03
6.583160745216139892e-03
8.888179629110046567e-03
2.121687099391643752e-02
9.769335399353517788e-03
7.857910238448581261e-03
1.808791084853859227e-02
8.271846948625496965e-03
1.423330880552223926e-02
6.810925014430072380e-03
8.049113118811125969e-03
8.927176276893685272e-03
2.017598442007565926e-02
6.217571153980674427e-03
8.024494550178914651e-03
1.217808845895786488e-02
1.362821612863699718e-02
7.791901349569179541e-03
1.081356470456603693e-02
6.494649128590531360e-03
1.643695018375630756e-02
9.089560449046185653e-03
1.298602814781564009e-02
1.542888744120264957e-02
1.081855475185438883e-02
6.140979736776389433e-03
1.917512576582470693e-02
2.197148837536808466e-02
1.009154403841534473e-02
6.885228961459329000e-03
3.118667801353684071e-02
4.159767973643075864e-03
1.129938203087770161e-02
1.196541766593206720e-02
6.444934498958210939e-03
1.013730018118845326e-02
1.230656065238227952e-02
4.344068030246149743e-03
1.230401274164741494e-02
8.151966483041259842e-03
1.282578569258826899e-02
8.476687804278801655e-03
1.474987851518811018e-02
1.026101144160193775e-02
7.563036549533731431e-03
9.580901581422841470e-03
1.946936768783726762e-02
1.002642274428515272e-02
8.967227299162069606e-03
1.270822820533602099e-02
8.448142948356569121e-03
9.640639382420450668e-03
7.915255910130513869e-03
1.495693622352035207e-02
8.494989819551468022e-03
1.052887079873537565e-02
1.667974330084325690e-02
1.469714260511914734e-02
1.298602473283733474e-02
1.026671521873722542e-02
1.317126345593998098e-02
7.351559703397544769e-03
8.531084501211110352e-03
7.680171368738212233e-03
2.114649856102005995e-02
7.021479778007986769e-03
1.402662246574841280e-02
1.301386713020945968e-02
1.173711634707166711e-02
1.141588587997904684e-02
1.007935063917717727e-02
1.884311755113751707e-02
5.685498952031981662e-03
6.861538808057303721e-03
2.173088169333055666e-02
1.431096281080036434e-02
1.467421528013629871e-02
2.144952180597797797e-02
1.173089410531504354e-02
9.296131994553230582e-03
1.967789928556635051e-02
1.294519714574464755e-02
1.637451769764931148e-02
1.140740539182569929e-02
8.638775556673108230e-03
7.127579276150993771e-03
2.152309813329212826e-02
2.619327289858955354e-02
1.288011345554665281e-02
7.790540267732863969e-03
1.157491021466627509e-02
5.622195376451222595e-03
7.759859969438042890e-03
1.759909568724894735e-02
1.222181308683342217e-02
1.748689380554796502e-02
8.008523871695217775e-03
1.055185012663821705e-02
5.830974812734306990e-03
1.217043817602703887e-02
1.491038824277776155e-02
1.008395902637914884e-02
1.419119044014656265e-02
1.109245561315425239e-02
9.761738067990768236e-03
1.612580258736578953e-02
4.586185685737628574e-03
7.560603775459271390e-03
1.449164641073584850e-02
4.852090018169708668e-03
1.333478765414841324e-02
1.077085677072569733e-02
1.395145225416425001e-02
6.340585865986072926e-03
4.242093225370610794e-03
2.240808719466231419e-02
6.375101093618527198e-03
8.031535734572629523e-03
8.113949987780325057e-03
4.856568075943595506e-03
1.520936380336720441e-02
8.496588287609572673e-03
1.422565908129102760e-02
5.986947669332622589e-03
1.087295650509259755e-02
6.939038611091638033e-03
9.411990585972480894e-03
5.452804100064626187e-03
5.714468695267575608e-03
1.133305197360244543e-02
1.643840417439804483e-02
1.661462551440706994e-02
6.609136731068006310e-03
8.838809422535858287e-03
6.585282942606704958e-03
1.063138781790336218e-02
2.335994610932308826e-02
6.348785201820233287e-03
1.366739732202836184e-02
9.561367799031569512e-03
1.631879176374987153e-02
8.939929715277543029e-03
5.456665411483648670e-03
7.418236999028170013e-03
5.269123006790315394e-03
1.199279480584912981e-02
5.699434317419489748e-03
5.867385862706520940e-03
1.748834264506013425e-02
7.314793831155571441e-03
6.418517271638507146e-03
1.206043923637318063e-02
1.585491984307568769e-02
7.272476897490198419e-03
1.888492801031589619e-02
1.242345525203574982e-02
1.182277943452119361e-02
1.085533450465541068e-02
7.870829733506836193e-03
1.019497402719061509e-02
8.410737925844891799e-03
1.097596764310298893e-02
8.588823768423421018e-03
1.119740312818400495e-02
8.095007293463253248e-03
7.968897224292790030e-03
1.971444830865206471e-02
4.576348264454598892e-03
8.683479885828021202e-03
4.709984406261804972e-03
1.108533046064901634e-02
1.314805731616751697e-02
1.904258477387652318e-02
1.169167101748959207e-02
1.156489965257825707e-02
9.543176786966950376e-03
2.389635065227567121e-02
5.612542732097261164e-03
6.813297129449251074e-03
6.165131956710528417e-03
6.574939041083405038e-03
1.198534224714242237e-02
8.110344514981581918e-03
1.638198780618620176e-02
1.190541361667976292e-02
9.529305870114060731e-03
7.465658550449173238e-03
1.901088583132926405e-02
6.460399236191679412e-03
1.629439369916874450e-02
9.389090924035210436e-03
1.033645019198164983e-02
9.874235131829578807e-03
5.085745811244081482e-03
4.850874268281974572e-03
1.204066519880636274e-02
6.245098875030195146e-03
8.440789213680020484e-03
8.145986760891590212e-03
7.195625322647571619e-03
6.735315278483371311e-03
1.485318932121001273e-02
1.672465100693846726e-02
9.721709841443541833e-03
1.772513042872611230e-02
8.765007062661814979e-03
6.499970512018585396e-03
1.124293269154884312e-02
1.418620072022323646e-02
1.428272088173708834e-02
1.332994248581817476e-02
1.332627451087924769e-02
5.389620893150626722e-03
8.699764983035930890e-03
1.919595764247035083e-02
1.227261223121124678e-02
8.057056476203489775e-03
1.147460846542069923e-02
6.936465788654494306e-03
1.236110498516545912e-02
9.302689722625226421e-03
8.201799428321441751e-03
1.290490917981734591e-02
3.309018304159527368e-03
5.667259042953031768e-03
1.022226310245356873e-02
5.104522354106176031e-03
1.131526985170091051e-02
7.624220022700083262e-03
1.311900433782845626e-02
6.449784165592207553e-03
1.059858953628806284e-02
1.031737528963436352e-02
7.413036944022559360e-03
9.770265336956775182e-03
5.125447488661149728e-03
7.087842212267858252e-03
7.138628256322878882e-03
1.367798303470782809e-02
1.059809647220183448e-02
7.263978011827135553e-03
6.493592242363845427e-03
9.838411480959045191e-03
9.321960390839434396e-03
1.488512157079539995e-02
1.196565499725401292e-02
5.709247947056125989e-03
1.750697929076043893e-02
1.454444048855558363e-02
1.017084084187284271e-02
9.351315780985936313e-03
9.292526629518146550e-03
2.317581934710978564e-02
7.879170530001179673e-03
1.778863023597760523e-02
1.063250285439213197e-02
1.064428528589891898e-02
1.787698874970481897e-02
1.547621893593417383e-02
1.797905599576135258e-02
6.588996043794547591e-03
1.168024814264728532e-02
9.606011260105306454e-03
1.597482390045555645e-02
4.158886175686165795e-03
4.553125907535125923e-03
4.273526152572391934e-03
1.108176182688801539e-02
1.435838531845901045e-02
2.579749273449449820e-02
7.968421538413683267e-03
1.208069095195995861e-02
1.177314524309194116e-02
6.376314096413244689e-03
1.465285905588180337e-02
5.103552970626319685e-03
1.544457356060304279e-02
1.880284799085203337e-02
8.198215253694096996e-03
1.687924057409988590e-02
9.349950247942289197e-03
1.462864181676204814e-02
1.062113481501476830e-02
2.039627202978226000e-02
1.752052161493191859e-02
1.026794489574332087e-02
7.931793038998562542e-03
8.745523168324479193e-03
5.867254118498530999e-03
1.314116428525867464e-02
1.550114294549369102e-02
5.626456732602924671e-03
9.480202226187384867e-03
7.476885635224815412e-03
7.366888551181724649e-03
1.660657582974171473e-02
6.725022706896369336e-03
9.534243350336247397e-03
1.148811074215737131e-02
7.535898012938420376e-03
6.994588547908951216e-03
1.075683592895114622e-02
1.673328793468567555e-02
1.207660296712373404e-02
1.100511515566189244e-02
6.649536258568265919e-03
1.195673426117482493e-02
1.282919699953143783e-02
1.010140517920927669e-02
1.474542112935618883e-02
6.657533195590785956e-03
1.217358728674326415e-02
2.548341483927994700e-02
7.469520254191364464e-03
6.651690277123250596e-03
6.823003865589115369e-03
1.455811406686059739e-02
7.692002444636348440e-03
1.908227363442447505e-02
6.548023466399570044e-03
8.258594952396849931e-03
2.145459619364242093e-02
1.998821721338675528e-02
6.159326433491500198e-03
7.547362735009536042e-03
8.070786094686938777e-03
1.260148091196211344e-02
4.255918753025784117e-03
1.532732976884325186e-02
1.172447422513845684e-02
6.600985940488914364e-03
9.008991120982606793e-03
6.604241507872708576e-03
6.137708836140917321e-03
6.184614508296126280e-03
8.926719623098640019e-03
1.422590871523811071e-02
9.394947474752758654e-03
1.685193114413796947e-02
8.251423197834083234e-03
1.327853098462129441e-02
1.540165211482013435e-02
4.832533962105814256e-03
5.411503106662083479e-03
5.025362077499872203e-03
1.285957294267152211e-02
1.211484279532424289e-02
1.033282834958614872e-02
1.114540726107249302e-02
6.923492907595025017e-03
1.077961200186435507e-02
2.950927394321101183e-02
1.486158439120019610e-02
9.112900285058959243e-03
7.685450258904859278e-03
5.452900996285943609e-03
7.417605371770248125e-03
6.952748748940688894e-03
1.275986709608299512e-02
1.238760706255646708e-02
6.919637732266050063e-03
6.375274451918567890e-03
5.079836889611964723e-03
6.641439130202732993e-03
1.414811229298232678e-02
7.365566854005376439e-03
6.546432596443451518e-03
7.484809510183710636e-03
9.450252940990593736e-03
3.971794533210003253e-02
9.663689029805177036e-03
6.122511938223108331e-03
8.361015945329166796e-03
5.595680271841456908e-03
7.500540785237462711e-03
1.020347863770976020e-02
1.255653482758962818e-02
1.516303387740603609e-02
1.569238358122268182e-02
1.423314170947700963e-02
1.770753679705966768e-02
1.344936665927232676e-02
1.065172910268710575e-02
1.069696580444940391e-02
2.263337823737656199e-02
8.052732457100721802e-03
1.014248978416364133e-02
2.077831044654622136e-02
1.213249963580222308e-02
1.431714813782592778e-02
9.551106288149199125e-03
1.233692003169020723e-02
9.332982223525982529e-03
2.056900834366922476e-02
1.309512467296162531e-02
8.273552491790852823e-03
1.047306961549938562e-02
1.141722268807303896e-02
1.196829133511005498e-02
1.330597935007999701e-02
7.268676806875990458e-03
4.420562888861458671e-03
7.094458279336582178e-03
2.446464390005924708e-02
1.724516835750890958e-02
9.899075340043963708e-03
1.620573475315349038e-02
1.085417576168518951e-02
1.123262878680918349e-02
1.811751795431296511e-02
2.021429437244610244e-02
1.280394288257161520e-02
2.159012561248269124e-02
7.315667791342494661e-03
1.741583160616280712e-02
6.505518988674704670e-03
1.518041729774123778e-02
5.793966764321718983e-03
1.029708133890321238e-02
7.084590377732701873e-03
1.360108326088574696e-02
1.128497482749212140e-02
1.326488955341193106e-02
1.504924363768365969e-02
6.898606637487367417e-03
2.298713944845998461e-02
8.228859248979928515e-03
7.619983620010054026e-03
1.016203401923968484e-02
7.358861394787356847e-03
1.134743670879250627e-02
8.355339905071118567e-03
2.066916053283237090e-02
7.271704050622372975e-03
1.716585666105712935e-02
1.398561441959594344e-02
5.747155818827157439e-03
1.168530523548325442e-02
1.331104341109687339e-02
5.503321177780396561e-03
1.144474696426901229e-02
1.234195666340314954e-02
8.353207531480319470e-03
9.427744829238311752e-03
1.592518364036650536e-02
1.171029042651718435e-02
1.717528979267702802e-02
1.327857450206912197e-02
1.107340404011192270e-02
6.881308440003930903e-03
1.666808962425570320e-02
2.038451899287956059e-02
4.294284265692234481e-03
1.008306918042164643e-02
9.433893048929701056e-03
1.151117658947126490e-02
1.902447591766572715e-02
1.741804045894011430e-02
1.129086420113683750e-02
1.008543783658706963e-02
1.057248736130751710e-02
9.123276994203479567e-03
8.091948536838105069e-03
1.100665580899392801e-02
1.640945787362928926e-02
6.828096158751570562e-03
8.878716929132647595e-03
9.453833285778196274e-03
6.358922546450724439e-03
1.452393348816665222e-02
1.392670036871950304e-02
2.246037191944294520e-02
1.484398841106617656e-02
1.338539366483259413e-02
1.102321609145441063e-02
1.096355743372421331e-02
1.206147730317599226e-02
8.757757728681141163e-03
7.976994237864541704e-03
1.400285452114628966e-02
1.180118514467003166e-02
5.698018043782844544e-03
1.505581696540339055e-02
5.997514578897846123e-03
1.356049076211932568e-02
1.383104033738455016e-02
1.989372172367003325e-02
7.619220925552241085e-03
7.371425690252417749e-03
8.155339331485978588e-03
1.049858644529035392e-02
9.197750698412070561e-03
8.183913027954736741e-03
1.649970100324914951e-02
2.157598728213048350e-02
6.890212178820620363e-03
1.414905158789047344e-02
8.044588780091663227e-03
2.925088165216661873e-02
2.011332549791911006e-02
1.790601322418284777e-02
1.356782670057448716e-02
1.190783129068417358e-02
1.217002116235491732e-02
9.551369076589029047e-03
1.212924139934330736e-02
5.966028950424194163e-03
1.064224729695851558e-02
1.692468232990610930e-02
7.650068091788407923e-03
2.120081401119565043e-02
9.581183317995239576e-03
1.807642491430199935e-02
1.154718394931789072e-02
7.830926241051141060e-03
6.512412512626433031e-03
1.200068076352820909e-02
6.357626307837310232e-03
7.394946946468623425e-03
1.142680244002896271e-02
1.597294882886580308e-02
9.272551822594815585e-03
1.083431907292157700e-02
1.521526945823569940e-02
5.482006553377807324e-03
1.104048377383811709e-02
1.433765999202786870e-02
7.442467569826834509e-03
2.479429355788947270e-02
1.020873009301284662e-02
4.494084137122680150e-03
1.006456664538399152e-02
1.393493015211162353e-02
6.383263104043377344e-03
2.324286023774332216e-02
1.299874823038750862e-02
2.029380109587106129e-02
1.031945142673954853e-02
1.853029959298803375e-02
7.944387562571946296e-03
4.388408585295876761e-03
9.407602481208600029e-03
1.245227672653691046e-02
1.131800636377778245e-02
1.932527622726482736e-02
5.286579376929285111e-03
5.580601678791268991e-03
1.688140125689643195e-02
4.541447756494032886e-03
7.813665280483541795e-03
1.712936735434400157e-02
8.957900427862439466e-03
6.072215812592955328e-03
1.219607864504835930e-02
9.227054770290921484e-03
1.335612057027327562e-02
6.940488381048165109e-03
1.726413378628512130e-02
8.325442302743854897e-03
1.007817847672827852e-02
2.266208268980606302e-02
1.431756744628183246e-02
1.261897271997050943e-02
1.248377702041092788e-02
7.823002907739856279e-03
1.682858363095133744e-02
9.555239787225802001e-03
8.672852012299024638e-03
8.345406096253863912e-03
5.333418052126731243e-03
8.952945031979896509e-03
1.797781992106239207e-02
8.300263037552308917e-03
4.568264888284817062e-03
1.382150534394487908e-02
6.070030302179884110e-03
8.460212855130593013e-03
2.385918151278939095e-02
2.318565061381872017e-02
1.259656616717264553e-02
1.350688542259429956e-02
2.196568258642032923e-02
1.494927203815676203e-02
1.358899649351498658e-02
7.801584388698500766e-03
1.046247034853025649e-02
1.494655917274028897e-02
1.571455191610379720e-02
2.035047884509956148e-02
1.229234990363883145e-02
9.539530853567783353e-03
1.218307961289114526e-02
2.913978964828476195e-02
9.467177221208841406e-03
1.411895089248589932e-02
7.080998631713905818e-03
1.835056048366676476e-02
8.207995727542284278e-03
1.279137752576348097e-02
1.061041387753761632e-02
2.431612962950068305e-02
1.629613018589406992e-02
1.305142156666921557e-02
7.575511405625765665e-03
1.035332487963622032e-02
4.594571044018989393e-03
9.534644329466913926e-03
6.240600483091434704e-03
1.241372181486273020e-02
6.561755373930102872e-03
6.060063499834904450e-03
1.177494748281981453e-02
1.303499268345422075e-02
1.112521076424290850e-02
1.236833696813151480e-02
7.560125094239505961e-03
1.586033733195462217e-02
1.356605715680961680e-02
9.026015980080140388e-03
1.258040712463846279e-02
9.912841499921873356e-03
6.957162119339290428e-03
7.668669541762436481e-03
2.392959772624782266e-02
1.288763982146083620e-02
1.880682125175053496e-02
8.114095516465023514e-03
9.726690505101691017e-03
1.308188484556719981e-02
1.074653171126587793e-02
1.067760795270346168e-02
6.132741949782086893e-03
3.913083571248280809e-03
1.002553320044192141e-02
1.118168238248620945e-02
9.891432019023031763e-03
1.630698410392112177e-02
6.274096586813381581e-03
1.688720350441474255e-02
5.789474448167452984e-03
6.219185144531955318e-03
2.027781844965760583e-02
1.507179202952685891e-02
8.684606054094216182e-03
1.257126464397621997e-02
1.496313190299939505e-02
4.497784824650705691e-03
5.531755497936188988e-03
9.851409477685018484e-03
7.586953190232208037e-03
7.304036112202140670e-03
1.033480599885334278e-02
1.207319704815441527e-02
9.779488930699496013e-03
1.087883718327441358e-02
9.963005965542519674e-03
7.063307027008705608e-03
1.370644902856762298e-02
1.313982002174605458e-02
8.583915644962341468e-03
9.027929768032232072e-03
2.439811346760214009e-02
5.000495628535454352e-03
7.742146237020054722e-03
7.243947316333230156e-03
1.003333709945280344e-02
1.103634650105544956e-02
8.963056475013516863e-03
6.549412507867860729e-03
1.226014341842585759e-02
1.632269588138381827e-02
7.234796914918706703e-03
9.212721301320152961e-03
9.743035961262825131e-03
8.691208546249516720e-03
2.461206188037156836e-02
1.371238243742026013e-02
1.027391316449188623e-02
5.804429477034883655e-03
6.908290188053909341e-03
1.628577348128372806e-02
7.596739636142897829e-03
1.516260765884793089e-02
7.747220686708058447e-03
5.024718752021625594e-03
1.496858082335825006e-02
1.438412264242497351e-02
1.169191958000809044e-02
2.208962752551583281e-02
5.454418814766105218e-03
1.142569392334620397e-02
5.052581165815372283e-03
1.339479566708677398e-02
2.038114433826307414e-02
1.419562580503697623e-02
1.372774191193334645e-02
2.745945145601018378e-02
1.676793056152110079e-02
1.385918388044114422e-02
9.583691075364069237e-03
1.425689803252936337e-02
5.027691724636944998e-03
7.377847253669350160e-03
3.856345134930590224e-02
8.935425791862522046e-03
1.236268429019869719e-02
1.063456107360881246e-02
1.208466470478643598e-02
5.328129644493447351e-03
6.909735542774019489e-03
8.943358854765031535e-03
1.142731143349812357e-02
6.142998696414631032e-03
1.386219644224298726e-02
4.058777331544881350e-03
1.276828064148137661e-02
7.517885356829514046e-03
1.310991569561141372e-02
1.209380363415082926e-02
1.652267611895168881e-02
6.828868347183676864e-03
5.351926615382757678e-03
1.143689799660592768e-02
1.404553355341395422e-02
5.093974815929729408e-03
1.918466326823120918e-02
1.709907125752715279e-02
1.136467391621663429e-02
8.109247176170635354e-03
2.772448960413743599e-02
9.653916716356143041e-03
1.793754372455489202e-02
1.069031750714330951e-02
9.914552694387832044e-03
1.971039625025457903e-02
1.046696727273097212e-02
7.168919947390262754e-03
8.821246763317263165e-03
3.138793290488765386e-03
1.266471792573922034e-02
9.588378234857057245e-03
1.266347755944657524e-02
6.598846560284092784e-03
1.992771750781029486e-02
2.057156712463763595e-02
6.339779327968965601e-03
5.085075659294681881e-03
8.567909209428417605e-03
1.510365437579662233e-02
7.331361023721052680e-03
1.333926374257942728e-02
8.693978201751183243e-03
8.901122536134105021e-03
1.547072614293712456e-02
1.292037615004587234e-02
1.133825913549535262e-02
1.417285110243309519e-02
1.926261435543357228e-02
1.355884496869718889e-02
1.606307025760307650e-02
1.237472451520863805e-02
1.433261648955354295e-02
9.600045390811043008e-03
1.491719307453130347e-02
1.088921711545741237e-02
8.525523215165956362e-03
1.213674410851058386e-02
1.469253348145697219e-02
2.450867053842788190e-02
1.601586082990682711e-02
9.919981944232042839e-03
8.272951218908017323e-03
8.237999941888922081e-03
4.996113784332624833e-03
1.287138675881216617e-02
1.270686562330337888e-02
6.824198793428890367e-03
1.042508594912873628e-02
1.146627574438002090e-02
1.830101375767591299e-02
7.014302426296688091e-03
1.683339633882488875e-02
7.503994718578703427e-03
6.505499623008123913e-03
6.656364735885027077e-03
9.374929050452934093e-03
5.943435210616027607e-03
7.791649617922457444e-03
1.501783384046832641e-02
1.396529559442583057e-02
2.307345018352332036e-02
1.154522960846321444e-02
1.874022333478817318e-02
1.336257561124356945e-02
6.600197792565223875e-03
5.825343289690988399e-03
2.330134404780129231e-02
1.293594642534712236e-02
1.763920857566349601e-02
1.246399088602652937e-02
5.811516448789417165e-03
1.186083123762075864e-02
1.044522231225057836e-02
7.970573724987899469e-03
1.628700415559940912e-02
1.585573916500473274e-02
1.446741346759351961e-02
1.161684388479802474e-02
2.994998331694252378e-02
1.384208092435577041e-02
1.052506377238297472e-02
9.290991867820673142e-03
1.135333892735165481e-02
1.315021410666659431e-02
5.172686935888828365e-03
9.243507162632983234e-03
6.825934334925558289e-03
1.168748055347611225e-02
7.121416003438236011e-03
8.883648957508406829e-03
1.343455633263402130e-02
7.012867296684421707e-03
1.047249807712271642e-02
1.517989900602107096e-02
1.908417832426729382e-02
1.258513085388719178e-02
1.203148354781923696e-02
9.560096677545945262e-03
2.180489180808441868e-02
7.979812036547673931e-03
1.016755868902007205e-02
9.585759265769388388e-03
1.055108587942026228e-02
5.970445644142763006e-03
2.089226853990533428e-02
1.852901201977113013e-02
2.591496772895275635e-02
1.249922712114618154e-02
9.999504977984826140e-03
5.943062752570531758e-03
8.576376089397465263e-03
1.044703028398844165e-02
1.143201173974228539e-02
5.974434214523456112e-03
1.181251131690467561e-02
6.008830624959446767e-03
1.104818467095947283e-02
1.726640837588454269e-02
5.274503893189176965e-03
4.431236794668296300e-03
1.651496081999705504e-02
9.312225236550328300e-03
8.918526773460434126e-03
7.267499844097481329e-03
7.026157550312681598e-03
1.156922521608134968e-02
1.471538968555323457e-02
7.095557924436987629e-03
9.517649905966037854e-03
2.242119622280338773e-02
1.193367763734127888e-02
4.768149757225378059e-03
1.194741058982021382e-02
7.706671637021524947e-03
2.269518993342493907e-02
1.246714194211802178e-02
1.252494585401879926e-02
1.789952840609846871e-02
1.151636937221980732e-02
1.368324871542114796e-02
1.311310400368721069e-02
5.178854523716007290e-03
1.361110816575865877e-02
8.545335967876637601e-03
8.967795243352231355e-03
2.135093695214661594e-02
1.180680596472794171e-02
4.412101003874976599e-03
6.767672385951328806e-03
2.002727321583872011e-02
2.240018288312384948e-02
4.797288024605069097e-03
6.369221345464266999e-03
1.046674710935169977e-02
5.335308013798468856e-03
1.114784022824405647e-02
1.611185439728320470e-02
1.213780890152464480e-02
1.815366482126834144e-02
9.945677777342036216e-03
1.154304572130365920e-02
6.234847770609204011e-03
5.985301385554618776e-03
1.508634679235895323e-02
8.200548757493977478e-03
9.747963602022164872e-03
1.071101465531728962e-02
1.135508193486866116e-02
5.533311027326062378e-03
5.809784582200278567e-03
1.682314590778328026e-02
6.170359350625494177e-03
2.255236717305131311e-02
1.524429592831113255e-02
1.358313533718965779e-02
7.626314593974413414e-03
1.129826335393261001e-02
1.041322680193521553e-02
9.026641904413379436e-03
8.695730899068210978e-03
1.094055816397146788e-02
1.122788555912514717e-02
1.362648121180155131e-02
1.022656524546731310e-02
9.608569663089091412e-03
2.304146424978529423e-02
6.176079172407282145e-03
1.843380869109259232e-02
2.254547399606441141e-02
6.272089830179665253e-03
8.095066929140413634e-03
6.518893383304563867e-03
1.429271309027766237e-02
1.326353574418422110e-02
9.157498537223911217e-03
7.040398422269709446e-03
4.028535110079153880e-03
1.320192064341061886e-02
1.178949670499087471e-02
1.170782515443065039e-02
1.549681747272496635e-02
1.766615165467957591e-02
1.597793918251706746e-02
1.470625424187427602e-02
1.233187831303570077e-02
5.673243071605623897e-03
6.997346941105399114e-03
1.226386822117279778e-02
1.370290407336582222e-02
1.252768819030810818e-02
1.237876435551600422e-02
1.025592400892782335e-02
8.875332805927962920e-03
9.442199593567195473e-03
1.050581267785221859e-02
8.247247372490757941e-03
8.893252390618881786e-03
1.469521381812950375e-02
9.282360424164880219e-03
9.797863849403089936e-03
5.446857451184849291e-03
1.470863058295780561e-02
9.765136108575786164e-03
7.873776268874416520e-03
1.201427339291732434e-02
1.784340843237546687e-02
2.725292296477900555e-02
1.072855235573745049e-02
1.233492975311201514e-02
4.956525123400443329e-03
4.882532417596740365e-03
1.055090500549574033e-02
5.875405428244126135e-03
6.919465618585438592e-03
7.881865498302786238e-03
7.174246831939097915e-03
9.634712623660213887e-03
6.331796676107823152e-03
7.826577359372467041e-03
6.950234318793864149e-03
6.829134211868716740e-03
1.665014534164038079e-02
8.423420583914334459e-03
4.876985784346228071e-03
6.837082114482873237e-03
1.947635748207878284e-02
7.264257161963837833e-03
5.001784271083202331e-03
1.155201972405113867e-02
1.671164913174342029e-02
7.482071698540327873e-03
6.611233917633830247e-03
7.299153654869392285e-03
1.881141024775129927e-02
1.382504312876963078e-02
1.174911552772980351e-02
6.802955846303534483e-03
6.776187698285212994e-03
9.887866929415414785e-03
9.281728038923794250e-03
2.077980613913561758e-02
1.259507766591119564e-02
8.886992265399436611e-03
1.538221573824962406e-02
5.682865048285822875e-03
1.093145534816799408e-02
9.967339693324849328e-03
1.324234412568974298e-02
1.468323719076701853e-02
1.060186951964300038e-02
1.081048821478447150e-02
7.265758215310888675e-03
1.844171295938522651e-02
1.489895119759367635e-02
6.568927328806162431e-03
4.888612152590672381e-03
8.645925238295678814e-03
1.040577361026777566e-02
5.394263318902149315e-03
9.708625109798987851e-03
7.801453437182729114e-03
1.566526347257882201e-02
9.838977133029225275e-03
1.324450851703587798e-02
5.755524368342277396e-03
9.480797024319998281e-03
7.535466767557459644e-03
5.090491138038720151e-03
1.148222196346021864e-02
7.489767701310425137e-03
1.212792204209075381e-02
6.511120567124079050e-03
6.127240942707968922e-03
1.882769448592787678e-02
1.443671452158199787e-02
1.203960644485688528e-02
9.024897055599889750e-03
1.651611840080306065e-02
6.346920415078425443e-03
1.867896164105392956e-02
1.342789503337552849e-02
1.647801188978684911e-02
1.301809964376641170e-02
7.556271281518470682e-03
1.321208317325982956e-02
1.164292364278798203e-02
7.882923273390773575e-03
1.338319402425197993e-02
9.031133644254268206e-03
1.946459422552723403e-02
4.113451218803420434e-03
2.523873373631503950e-02
1.231457508897292746e-02
1.256633172347135403e-02
1.281850595157847834e-02
1.079231333049936181e-02
1.364727729220655168e-02
1.306310536810484195e-02
1.588761743560050330e-02
2.485285238708971264e-02
8.663253091489121066e-03
8.953906106336576021e-03
8.289855826491110413e-03
2.685187026132766427e-02
2.802323399904351614e-02
1.207761633969727834e-02
1.039269141942173076e-02
1.280100236484886349e-02
1.235998351233938940e-02
7.734125221008227025e-03
1.530584904536918568e-02
7.430960920737709509e-03
1.435455681539529738e-02
4.340496183534922614e-03
6.742888582242842314e-03
1.054889998320194047e-02
1.328711566362976611e-02
1.117802170903126058e-02
9.995041465977076017e-03
1.858785221701585513e-02
5.584820095411011445e-03
8.738423800113930343e-03
2.972723090739278276e-02
6.048296692292552158e-03
9.564132634071138839e-03
8.395566288404054250e-03
1.471429248108357263e-02
5.320337166205972232e-03
9.653664257080628655e-03
1.510625591538565515e-02
9.571552169869707374e-03
1.025944329815207598e-02
5.239354452238383780e-03
2.627235182837585684e-02
1.754396433237645145e-02
7.356893346243995914e-03
5.476879059783725315e-03
1.048922393957830469e-02
8.372159607842287465e-03
5.273582142170680359e-03
5.427876526791281485e-03
1.119741463842557384e-02
1.121743603695622357e-02
1.684670837091332626e-02
1.710734931134887463e-02
4.192294524713998001e-03
1.013109752103292203e-02
1.527212372200960344e-02
6.643559690949542643e-03
1.020649627216746805e-02
8.449272229143798413e-03
7.055314803228739627e-03
1.068346453833888231e-02
1.889692687486621558e-02
7.791010064519311024e-03
1.534509810197597947e-02
1.039530331627223220e-02
6.531134249787632490e-03
1.088291010780710437e-02
1.208149089091086273e-02
1.302989455881606827e-02
1.038214127433870378e-02
2.224921853059595722e-02
1.724798105224475270e-02
1.583794427239972394e-02
8.498738720062770299e-03
1.308310875993575276e-02
1.037467307024090256e-02
1.008492436057769476e-02
6.702336398807313272e-03
7.017384614819807687e-03
1.512169584434907947e-02
1.086219622934728700e-02
1.372547803422825147e-02
1.220691263396883434e-02
1.152635499559257794e-02
8.360040259254290784e-03
8.809056784883896596e-03
3.545400073989148342e-03
1.733193061228703244e-02
8.647184642180833283e-03
2.018293495502343493e-02
7.240284339320117619e-03
8.992548196655977474e-03
5.160195608405551866e-03
1.601470165998730363e-02
5.481852949984789350e-03
8.359865596074701061e-03
1.293238719625386043e-02
1.054516295511209734e-02
1.062296780515995138e-02
1.011256171838215666e-02
1.529172835444112151e-02
1.058151486294420414e-02
1.282816084275124370e-02
1.162119119545291200e-02
7.140463427364547935e-03
8.611932656751230750e-03
1.734115777496942484e-02
3.188439820652365364e-02
8.998698130682164162e-03
1.826891347572290325e-02
1.865430986722755105e-02
6.361467947995573524e-03
2.119088411282832665e-02
5.024059259307194630e-03
6.121647603727706742e-03
1.381929903541822061e-02
1.241403847477843929e-02
6.099946107011889121e-03
6.111230689877979010e-03
2.543798712046570903e-02
1.130009638917567338e-02
1.484892580641623307e-02
1.187136018364803348e-02
1.630648660397247818e-02
1.386972062896531070e-02
8.312013492565304557e-03
1.074948770872920581e-02
6.225446236478211944e-03
7.998724273681718372e-03
1.229147149407135327e-02
1.546951916434858958e-02
1.370267777116193110e-02
5.993628989663947991e-03
8.501849906585026359e-03
8.363114786342367574e-03
1.738124845906103069e-02
1.139887162458122147e-02
1.351979029202964727e-02
1.128292615564951626e-02
1.246674252852074567e-02
1.432578238019657606e-02
7.866412937663857727e-03
1.019808390663123378e-02
9.677328941768604739e-03
4.074365073343508281e-03
1.322531766600234214e-02
1.065272949658815048e-02
1.056448891353163611e-02
8.818567163831074820e-03
7.629265858341825225e-03
8.117164343795486500e-03
7.267882735496599203e-03
1.401069713409339688e-02
1.898291903093636546e-02
6.969332663165586639e-03
1.538382276907291658e-02
7.063638548168913595e-03
8.491300615466976232e-03
7.317375471908975533e-03
4.690163328454202869e-03
1.051438490642913649e-02
5.688374610018321828e-03
9.620212724743910232e-03
8.267987645532869426e-03
1.152125649993688931e-02
9.513398374948439651e-03
2.436902178436545566e-02
1.607140544537206603e-02
1.498290596264546630e-02
8.968441485574888197e-03
5.676303609631949687e-03
1.790989292812842498e-02
7.236006653743158254e-03
9.713140211950114025e-03
6.551934344560133607e-03
1.938272972626996909e-02
8.822783473395568246e-03
1.455505941900134964e-02
2.089280229669086830e-02
6.888834334924556768e-03
4.843706824454654426e-03
2.021683918390289672e-02
5.697520479796114486e-03
1.053169495504177773e-02
5.014004173665064824e-03
7.531822020232045722e-03
8.464633808250276656e-03
7.355684214007945400e-03
1.050122610004603808e-02
1.904222732010994040e-02
1.334647715170976523e-02
9.440624446452128629e-03
2.099444607339512325e-02
1.353314077140715249e-02
5.862977403888301395e-03
1.071323798849056416e-02
6.341038667403503352e-03
1.188963058497362509e-02
1.347228410587642151e-02
5.748883360042472170e-03
5.590321568903332088e-03
5.023832447007488093e-03
1.656310457645531267e-02
6.440531093402197642e-03
6.393520956113271647e-03
9.402165451275160124e-03
1.414655316161140403e-02
7.612653260553739649e-03
1.295340955876003036e-02
1.102969897453951430e-02
1.929335569771417624e-02
1.063018234513722973e-02
3.134604584698226070e-03
6.254774308578303806e-03
8.669734544913623026e-03
1.368875911027143781e-02
7.332320402256261097e-03
1.116568751766736610e-02
5.320985822626289434e-03
1.901510942289632092e-02
1.458787894814988009e-02
8.872103834971042935e-03
1.064186665385111891e-02
7.217846952113887715e-03
1.755247591384423433e-02
1.303285896385653932e-02
1.201544188469222570e-02
7.320421971486048424e-03
1.075173092431137324e-02
9.313160359853940931e-03
1.170759937208085653e-02
7.834058420070693154e-03
1.921050221757453907e-02
5.630850514353837044e-03
7.521313670866040628e-03
1.089075540028446032e-02
4.796352317756226100e-03
2.254820037439999106e-02
7.711996233742469432e-03
3.993109771324043593e-03
5.630329144738105938e-03
9.210255152306088405e-03
1.072034354047664631e-02
1.247644658013375742e-02
1.322906961976430193e-02
1.588494278437059884e-02
7.225327453355183394e-03
1.565916804909648491e-02
7.832299861617170872e-03
1.145025951744417167e-02
1.163042581568872469e-02
1.933387865591661148e-02
2.897841118537662283e-02
1.060903323685095760e-02
5.857348666651654087e-03
8.495423659670549299e-03
9.409585597449319008e-03
1.023313177730643397e-02
1.181804113380832862e-02
8.655317835986305400e-03
1.063674595886800016e-02
5.561485957452436471e-03
6.743461516902747241e-03
6.753327256837855612e-03
1.726625667536961853e-02
1.140231022562024875e-02
1.133730927900010454e-02
7.489159820750487112e-03
1.394777754942129119e-02
8.665856286483527432e-03
6.125220302601860900e-03
8.726692226505038119e-03
8.060161414124729015e-03
1.604984137517236065e-02
1.781069613707925159e-02
9.420952465258473907e-03
1.453035820820179624e-02
1.266974944295328094e-02
2.333315239637426958e-02
6.157949368959254877e-03
1.294389559713808764e-02
3.363780874166340251e-02
7.380689359289844577e-03
1.852681506888482002e-02
1.364203654528248558e-02
8.184219383940557688e-03
7.850902468690532446e-03
1.673640139448092853e-02
8.413320608218151364e-03
9.308967453612870813e-03
1.180813905930058229e-02
4.224453496190786785e-03
1.043031387596509395e-02
1.286168032811222696e-02
9.484286697105794722e-03
7.613686167824351356e-03
9.429385222689205814e-03
1.705532077939056479e-02
1.621242148745111189e-02
4.914055782945286367e-03
1.890569206071659319e-02
5.584351844984328586e-03
7.306807807573733812e-03
1.778332724146670929e-02
1.963045839320040273e-02
2.065547420852566901e-02
2.119495260019791869e-02
2.312714470847402476e-02
1.900309212546334378e-02
8.647550465695002034e-03
6.459214135241699364e-03
4.368210658058765440e-03
5.815659372981689737e-03
1.411285957859440866e-02
6.891614194365146273e-03
1.048671801823436618e-02
8.321665493206866632e-03
1.342340441265939439e-02
2.942343122467146535e-02
1.164751555815691370e-02
1.172423906681177401e-02
1.046726763881834950e-02
1.425165288560182632e-02
8.160999447894412909e-03
1.618337075762005597e-02
1.085389943757226160e-02
7.726826919257081053e-03
8.765020372710173591e-03
1.328671482193214542e-02
8.644644186307014894e-03
2.015712323803682537e-02
1.117637847309099590e-02
4.372603493133028416e-03
8.911250351661941654e-03
2.222061797542318820e-02
1.065693034750986659e-02
8.596958066301049750e-03
1.074488500807392263e-02
9.106951929801931911e-03
1.528690967024654360e-02
8.458384657269524612e-03
9.176175793808369688e-03
1.195606408411637941e-02
4.669677696121134376e-03
1.032276936597762047e-02
1.455764729437462358e-02
1.187738111667265874e-02
7.654555698681363152e-03
1.013582197159077457e-02
1.485878277220972071e-02
6.790518765579778987e-03
1.340803837378764900e-02
9.751833159108741489e-03
1.261640584094386210e-02
8.856205290328128532e-03
8.629485692303184505e-03
1.060315349193477995e-02
1.139730634193210357e-02
1.193551875964256326e-02
1.095367582760681073e-02
1.357426168326091552e-02
7.354012116732124883e-03
7.071034523558505924e-03
8.928390220834057228e-03
1.665372600095529898e-02
6.977610305875289048e-03
1.007677758311939682e-02
8.960132137162794136e-03
5.750105403342527927e-03
9.492947952980730630e-03
7.262532535918094986e-03
1.229782880921241432e-02
5.069911835582545725e-03
8.070950433506602489e-03
1.141493709333421709e-02
1.145109692553734557e-02
1.163553494637118400e-02
1.195554551125650039e-02
1.921584956392268992e-02
8.804484928579162789e-03
5.090902539853077620e-03
1.340819368895702565e-02
1.004017269692493788e-02
1.204621044089088273e-02
6.460981981393484029e-03
7.971079630800823740e-03
1.509942092344511780e-02
1.373955682954306270e-02
1.716384994716410248e-02
1.342676004343897229e-02
1.329015467269016766e-02
7.384971042289694906e-03
6.021673266363933470e-03
1.287453649514083351e-02
8.507689098587215351e-03
1.302574182998981513e-02
9.335186135870544508e-03
7.153620672517426587e-03
9.968194428884247227e-03
5.496989834410277720e-03
5.772982031875108742e-03
4.684898347588670360e-03
4.904643365862741342e-03
1.213699966472043049e-02
9.305477519560916358e-03
7.844491588213257927e-03
1.273551721315639360e-02
1.234675633915524075e-02
9.329499757314589289e-03
2.598374041965267195e-02
1.272176366511465137e-02
8.639728118446368330e-03
9.729308834225262534e-03
5.755293680490455518e-03
7.701828255517632199e-03
6.991838701747504943e-03
8.496235851288384822e-03
8.462091013197598974e-03
5.842995232615679456e-03
1.115850302263315941e-02
5.576820649514519987e-03
9.906099057351078555e-03
5.545973820739398367e-03
8.268329579242875496e-03
1.386829816880524695e-02
6.570614477921881552e-03
8.065277652561746863e-03
1.400199749726618176e-02
1.119230941730993412e-02
9.332358480936098905e-03
7.762093311513644164e-03
1.134223063167666759e-02
1.121780375149940452e-02
2.042952223752857871e-02
1.707964711319522044e-02
4.947404427740316121e-03
9.109381320857050726e-03
1.266289536516965707e-02
4.917146604713202966e-03
1.131805048937059230e-02
6.661409296795598595e-03
8.445602530054496793e-03
6.697039715959708303e-03
1.294264350161027088e-02
1.282447677122038748e-02
2.068721664964730256e-02
1.543856300996532434e-02
1.187278107998120807e-02
4.692813172304205298e-03
1.363224237281232022e-02
5.293639173226084675e-03
6.046164321798425285e-03
8.822559590607265134e-03
1.253848647650016197e-02
1.185056786150789736e-02
7.633628503479108172e-03
5.238786287044486754e-03
1.310456759204789781e-02
1.527890317140867191e-02
1.374892560071762707e-02
1.546474491106529167e-02
9.640301022689095820e-03
1.403239849512871208e-02
9.491161819178924042e-03
1.252004141377342609e-02
1.243470179127775278e-02
1.066157926579038191e-02
1.774248574493386341e-02
1.148766571498801951e-02
8.135479983675461546e-03
1.142688325953578748e-02
1.937967480719481050e-02
1.468170508491153069e-02
1.527089463356815988e-02
8.813705859691116709e-03
1.038835909373368727e-02
8.683845432936239742e-03
7.557280180067875094e-03
7.473229139077554664e-03
1.454492618108283591e-02
1.209266323110652283e-02
8.140789724887805001e-03
8.651489414339526285e-03
1.366179238867694379e-02
8.422391010216309995e-03
7.671781523830170126e-03
8.076206872644049739e-03
1.299481197925065126e-02
6.081189296526643383e-03
1.479256830269798373e-02
8.372959179228966001e-03
8.982730412893947733e-03
1.216095721851489717e-02
1.016224819982654119e-02
9.779173283756064164e-03
1.114148474393610901e-02
3.904419425020797321e-03
4.951113617960563838e-03
9.588355613667068345e-03
1.899921382738534517e-02
5.710707912347350208e-03
6.618522321914452507e-03
8.763207623000628804e-03
8.225770198687892831e-03
1.199803112746114682e-02
7.815412270962879618e-03
1.139928952451049401e-02
1.025326041372593387e-02
1.436686847255476060e-02
8.783533950500318696e-03
6.212185010087869184e-03
7.651688638267756595e-03
8.542646263732881981e-03
7.563117892182853914e-03
9.172565452378789522e-03
1.185390814324543789e-02
1.696775003576936683e-02
5.648309146540840021e-03
2.510015333930700962e-02
1.409237437756163253e-02
6.972344759644422130e-03
9.462136446113107724e-03
9.199929470497622552e-03
6.057988636792954566e-03
1.364489697193345050e-02
8.380650768721022506e-03
9.662385214960489410e-03
1.904992763331037064e-02
1.339224440717111733e-02
1.761111213180507895e-02
7.823824227120782307e-03
1.155502381278365742e-02
5.659475148694800145e-03
8.090069079053439222e-03
6.932344064603504843e-03
9.970943651302988445e-03
2.025961691219905700e-02
1.376558609272570712e-02
5.741449942729418866e-03
5.875198613305643996e-03
1.467123098111858606e-02
2.475854284638560887e-02
1.165997872667893197e-02
5.115958637009265092e-03
5.416474544202579816e-03
1.074170891065513896e-02
6.666965647743269135e-03
2.000874061006180371e-02
1.645841462823580820e-02
6.531768993843083647e-03
5.263345520385057097e-03
7.516260652422258881e-03
1.365243835468682616e-02
1.759373145866045124e-02
1.285174817867214270e-02
9.328710561533469503e-03
8.370416158871666137e-03
4.443209240277895718e-03
8.550650146694399600e-03
6.191662703217309591e-03
8.322461610417154071e-03
6.521025267753044301e-03
1.135720005904439743e-02
9.695088424582542011e-03
7.605577178813396032e-03
1.924254483636842275e-02
7.329909967420240174e-03
9.604741140847344177e-03
1.154780352804044008e-02
1.478692157630439284e-02
1.453624812010158307e-02
1.687386422586475282e-02
9.182690525494023592e-03
1.758215574544135310e-02
1.248972471087302603e-02
7.260128923769033731e-03
4.264682293342762949e-03
2.027235131852873559e-02
7.292812834712184000e-03
7.721693187539413646e-03
7.662939143689205188e-03
1.410210604633386003e-02
6.678944951469545539e-03
2.274856512793502206e-02
1.080643700259564452e-02
8.064381768331499792e-03
6.176466411100590449e-03
1.551700125721969595e-02
4.807488736365710981e-03
7.049922321078865017e-03
8.902953595879489757e-03
1.067144596533783733e-02
6.453020995393068601e-03
1.266484145049729705e-02
6.517110304114751181e-03
4.281996941230332976e-03
1.282536654008038964e-02
2.981640763386321155e-02
1.318220721883393842e-02
8.560933080601650091e-03
8.236077699340723854e-03
6.132140729585647439e-03
9.507085420966693984e-03
6.233638807548309152e-03
1.219632982141567387e-02
1.400041738392611423e-02
8.581705400124178817e-03
1.452497680009789786e-02
1.002696132784457878e-02
8.759145618575724795e-03
7.650919744550651116e-03
1.235695796104064464e-02
1.067162226363731203e-02
4.967064163105434742e-03
2.020300355693673000e-02
6.243714062104404119e-03
2.090598030527766535e-02
1.330156214166790252e-02
5.777100000082278225e-03
8.633751514474610755e-03
6.854059387457068185e-03
6.520029279341654077e-03
1.098362388849461954e-02
6.728937831141409975e-03
3.174752854912650524e-02
1.094028019448364981e-02
1.785773855664469709e-02
7.289217706133083174e-03
1.545171308173993313e-02
1.430513308486526525e-02
1.099559849495162882e-02
1.232179162992014937e-02
1.301470911486730941e-02
3.201716617664775860e-02
8.991708321747959171e-03
1.381628852079101397e-02
1.020097599293072824e-02
6.555613019526015418e-03
6.775103700737441365e-03
9.713234412775504159e-03
9.903686651327799073e-03
1.701169228522341273e-02
2.079507441385373273e-02
7.952078304369416401e-03
7.660401841623604852e-03
5.627961907482216877e-03
1.494835958449839720e-02
1.518177365711350334e-02
8.450858211704650666e-03
1.393075766473186698e-02
1.194056978837025433e-02
6.681566939281035657e-03
1.634297970313969284e-02
7.951837103253610317e-03
7.162678529950552639e-03
6.692212768802834229e-03
1.491505589550144902e-02
1.043359641668536661e-02
2.010805072446826894e-02
1.165290646126719738e-02
9.502768548726135689e-03
7.846385084393198150e-03
3.972778093955328486e-03
6.172653776181771801e-03
7.836562961115671466e-03
3.895044559376227913e-03
1.587346976036648621e-02
1.496693775012728281e-02
1.198971081675347800e-02
7.742377711351399600e-03
1.154800451989224964e-02
2.336972729457330658e-02
8.874979284698370635e-03
1.054856532266353064e-02
1.065838160290985721e-02
1.052862754505467027e-02
1.586857304423078263e-02
1.811609214218981231e-02
2.030817332920959936e-02
6.106258572521601133e-03
1.640200881968807700e-02
4.871039886879778569e-03
1.743890228553934482e-02
1.209730437364993187e-02
1.243644312755790536e-02
1.085358433433781383e-02
1.422759830671334498e-02
1.965804547889858644e-02
1.239887668491063306e-02
6.708376975977740735e-03
1.113176525343476976e-02
1.415737622821581533e-02
8.908758626047905485e-03
8.654760377076424829e-03
1.323412593557057870e-02
1.447915759709555820e-02
1.281544812726817702e-02
5.909156426587440329e-03
1.224416751976830330e-02
1.441580267798345770e-02
1.224122733377769508e-02
1.073320273429200639e-02
1.645822727281052653e-02
7.738751870587330835e-03
9.130921745561453029e-03
5.320558110745194670e-03
1.525964083644175580e-02
1.642840481037692937e-02
7.203373220138411734e-03
1.310226297520983296e-02
4.323964554835121009e-03
2.277506629166763108e-02
8.253692221181377006e-03
8.462581754359387726e-03
6.122191243086196055e-03
8.367963116877978613e-03
8.966061746191418547e-03
9.274285426521840583e-03
1.058431142751015651e-02
7.796470079516889390e-03
2.462576751853384760e-02
6.039050407314787601e-03
7.318863891268008286e-03
1.328774680395116738e-02
8.091281294367435456e-03
1.697164692535551786e-02
6.944495275867808813e-03
5.403408346881358876e-03
1.190215727981254988e-02
7.575861625810805661e-03
1.247131360053715769e-02
6.353153466759182792e-03
2.333786188815024920e-02
1.099802250439976294e-02
8.647409456710256417e-03
1.513339684077873865e-02
7.594067035061672667e-03
1.335343719842520087e-02
1.567020216245778447e-02
8.756537897531660106e-03
1.078300379499198651e-02
1.497470558666334425e-02
5.274950454507282109e-03
3.077596022789318847e-02
1.197970208481167684e-02
1.267300830752496853e-02
9.153445661839182054e-03
6.011221096905644719e-03
1.563318291181029288e-02
6.060012799667476371e-03
6.630473134396059828e-03
1.267135546160210770e-02
7.550072601631819570e-03
1.333712688089490339e-02
4.495698467408078616e-03
8.064129952184338063e-03
7.594542891828494867e-03
1.482676999464445887e-02
1.571480856816570223e-02
6.626449977005379778e-03
1.376600156937213618e-02
9.826155759236523957e-03
7.731548262289136136e-03
9.630473363226687081e-03
1.210412312352785597e-02
5.548974842125629567e-03
6.429427130458429361e-03
1.078857474791453108e-02
7.881723260171041162e-03
5.828819269384821582e-03
8.124282676005440892e-03
1.155589931048634465e-02
6.490071915646205593e-03
1.057566166465375747e-02
1.200390324326141601e-02
1.852161352311743059e-02
9.669316918639722300e-03
1.459320101814620164e-02
1.385773836166212698e-02
2.957139537792206202e-02
5.384702248197750438e-03
1.225021571544672450e-02
8.466779879191106001e-03
9.420420377504443166e-03
2.324969057476010056e-02
7.709408121480078660e-03
1.043562581003534134e-02
5.888097391872027138e-03
1.120690442996166020e-02
1.216739117306503762e-02
6.984776483541194764e-03
5.996606703658257341e-03
7.203031089631595912e-03
1.089290903293878114e-02
1.090880409495067864e-02
1.188001146454518465e-02
7.448585229736718986e-03
1.817330302978418730e-02
1.035159711851055611e-02
1.277369821362526504e-02
6.995135915144919461e-03
1.654295118732263328e-02
1.153644276042208559e-02
9.297666346273754032e-03
1.279401081404194472e-02
3.053438620527666389e-02
6.202948935856988054e-03
7.511419833503214447e-03
5.398123821012380807e-03
1.287592677285482462e-02
1.416825997816707240e-02
9.911729377181516254e-03
1.477892793510645307e-02
8.206896684476642015e-03
8.773487278538993905e-03
6.783787281841067301e-03
1.228317901181659975e-02
5.206406327956987316e-03
1.399363812566262535e-02
8.963642306767374487e-03
7.599747570392564357e-03
1.146228579716506574e-02
7.999883626930810385e-03
1.004202630970837430e-02
6.248956236267244439e-03
6.149139790527729729e-03
8.944596739596912330e-03
1.827149321282940664e-02
6.891150849387398490e-03
9.007857681601496788e-03
7.986479447629084294e-03
1.504058943013699551e-02
9.634904787717588764e-03
8.991439382101952885e-03
1.651465079841987413e-02
5.038424363845718859e-03
7.164499441592165133e-03
8.215421476295276318e-03
8.730838969144309389e-03
1.655760097739337328e-02
1.252535033058968170e-02
7.673512672197242701e-03
1.027362801343566917e-02
8.353938793951479203e-03
1.018481274130532237e-02
8.886239450591132752e-03
1.397882668232653877e-02
5.395737241209066018e-03
1.587920568881680608e-02
8.269909574984947442e-03
9.193057779116359240e-03
7.510492175857698752e-03
1.138652182297782145e-02
9.171127440656557522e-03
1.131872439400277881e-02
9.304109693284150218e-03
1.535589878592927109e-02
7.122935649543670096e-03
6.584618205725546389e-03
1.593617516544174398e-02
1.964412500431319403e-02
7.144590501112722640e-03
1.501831965788338885e-02
1.902568441257215456e-02
1.994766818809140529e-02
2.131123794421026230e-02
1.236384116918709877e-02
1.149251943931612480e-02
8.584998819355940669e-03
1.468618958652126265e-02
1.559353472264669166e-02
1.662608777259447224e-02
1.581299450095416739e-02
1.481705441417457102e-02
8.406220336172354549e-03
2.074752817121876605e-02
1.989953449887411907e-02
9.512874283489172397e-03
1.677861991546931997e-02
1.492626042848626058e-02
7.739488042320838770e-03
1.155951362311358199e-02
9.981426352836964347e-03
4.043490516147459253e-03
6.720887401617432928e-03
1.677729005352570496e-02
1.356138110171935252e-02
6.745612959648827206e-03
1.129698825227936666e-02
1.215421118121902920e-02
1.167353601220338932e-02
8.824009275793496393e-03
2.149855050693240746e-02
1.036284608123837908e-02
5.381833373910500581e-03
1.192282708323020614e-02
9.069657711511584092e-03
8.222890645160329734e-03
9.279662405288390675e-03
1.041499650952151280e-02
6.198507915590966560e-03
1.358487807695107734e-02
6.510683434102169757e-03
7.940035200152888856e-03
6.355124511813287254e-03
1.363880305993411118e-02
1.041329239832921617e-02
7.544988460087723864e-03
1.009059588437690412e-02
9.989553188935700392e-03
7.861494132900015766e-03
1.339541771152445195e-02
5.649393242981883695e-03
1.209194606227074510e-02
1.525927155463384539e-02
2.052657929093736761e-02
1.063943334963596971e-02
4.236478910161399491e-03
8.903703515464425275e-03
4.761894039600586721e-03
5.750305789211822456e-03
4.414632771341645869e-03
9.690401636725368140e-03
8.051277977618185103e-03
1.028146256378085002e-02
5.205501740734475025e-03
6.054370866724501088e-03
1.032836068428387259e-02
7.521807384083169928e-03
1.538887927589002724e-02
1.747644503873737459e-02
2.177240560093730848e-02
7.101948678379875132e-03
1.405266427689893724e-02
9.135335511332439568e-03
2.118901855118976441e-02
1.215369298984205967e-02
7.218996636069092455e-03
1.534724495771466919e-02
1.725865182891615432e-02
1.043363498847996174e-02
1.562692435646681130e-02
1.233036970057216526e-02
1.173497567554999954e-02
9.419539938386029682e-03
7.382330109369718459e-03
1.545465828804270039e-02
1.873435542335684725e-02
2.229540179977089476e-02
1.196734014793650325e-02
6.581570657231349333e-03
3.436754128092402768e-03
1.105638695719812770e-02
1.670569820572886249e-02
8.074149214919184095e-03
1.239159420809423165e-02
7.205818331039931697e-03
8.482560257385713537e-03
9.823411595390959400e-03
2.444980924474575781e-02
8.589931575050257714e-03
2.669164283311707339e-02
1.679780150677898792e-02
1.904310372590591049e-02
1.160572957259659727e-02
7.642938921942587539e-03
8.723623959985755613e-03
2.098173471991525776e-02
8.835379633440554326e-03
1.218747315758509156e-02
1.102682780196699922e-02
1.544616646291500049e-02
1.174614587299630496e-02
5.677172013898143348e-03
8.768705150738397361e-03
8.984490153663447776e-03
7.696518115309012621e-03
9.613615029717859084e-03
1.063812610387835159e-02
9.547061097412186739e-03
6.917153961142921866e-03
1.316759263429915019e-02
9.354217133902777495e-03
1.516353643976267943e-02
1.335591595594264394e-02
1.463868015617106680e-02
1.037328731997996280e-02
5.859358652050914405e-03
1.188134223013995877e-02
7.720028457435948802e-03
1.391383046954998773e-02
9.908837664482111895e-03
1.770582207083414364e-02
1.299847357802600550e-02
5.222840439286009773e-03
9.623679928882706430e-03
1.719312820217240231e-02
8.227191826814110251e-03
9.893568883525417912e-03
9.041582955371598937e-03
1.270929786938269045e-02
1.152323751325508815e-02
6.440091424863343510e-03
1.019182881040513189e-02
1.451973407704214118e-02
7.757116938364455247e-03
1.192684660534438709e-02
1.051919206055068438e-02
1.263817296351293570e-02
1.380807818650538026e-02
1.224691411325326031e-02
7.106297690894125899e-03
8.371804529424233671e-03
1.462369600603924576e-02
5.914150277212900167e-03
1.662295821615646790e-02
2.467725502535247570e-02
1.708597781208960956e-02
6.864917451086608065e-03
1.158042555768209157e-02
9.043954567250298698e-03
7.231243739402526231e-03
1.728171308637163617e-02
9.021464560322838347e-03
9.373178122689222735e-03
1.262765970341553877e-02
7.472775548067703277e-03
6.575365778129331484e-03
9.996050775899090884e-03
7.317553844937376220e-03
1.026113192700162796e-02
1.155485672030296014e-02
3.624484430273642536e-03
1.000315003596672671e-02
4.953617582656271758e-03
1.061472999123282135e-02
7.546899500806010519e-03
1.159308977292438161e-02
8.264503138457678783e-03
1.236294223350535744e-02
5.376499516737049712e-03
1.380755828347613769e-02
1.224047156250563512e-02
1.342676011570543768e-02
1.005665398181017876e-02
5.048086984767326951e-03
1.730220453840438169e-02
1.321513932177317482e-02
9.368565804536148345e-03
1.581960332537196354e-02
1.951489449417608685e-02
5.063734203065690422e-03
9.730862757397290563e-03
2.922803342975879501e-02
2.796094808072990129e-02
1.006276672362085498e-02
1.012426692526814491e-02
7.066078092742439538e-03
7.351630291432545254e-03
6.749455312145675318e-03
8.124552708304874984e-03
1.263048100583124243e-02
1.242018422319049811e-02
4.637260347637875771e-03
7.768644985635064781e-03
1.855126356900974743e-02
6.569099368781551422e-03
1.641568247369765837e-02
8.250459839222325231e-03
7.138217917698046547e-03
6.237659441830906495e-03
1.192565783765173019e-02
7.531389462201648795e-03
9.515873191235216244e-03
1.210776090982123264e-02
1.288198182019299406e-02
2.078659995632477220e-02
2.712046669302282595e-02
1.098274991072447845e-02
1.507623849820914803e-02
8.921828044198491792e-03
4.767010739413629627e-03
1.105122172470570686e-02
1.251678493636717779e-02
5.011422088435855612e-03
1.421090193597764929e-02
2.054189029890965759e-02
1.938332445210482272e-02
6.622045487852122429e-03
1.788386693577919198e-02
5.953877397184752750e-03
9.885889068970123150e-03
8.106833142326746663e-03
1.312731000391345430e-02
7.025262097878025996e-03
1.664929673896844639e-02
1.076852207987251224e-02
5.642842073504793741e-03
1.897255323446531833e-02
6.777554364132541698e-03
1.677551223555923815e-02
