6.132268510139579631e-03
9.389762074186671845e-03
8.890435123911827331e-03
1.322527863278267699e-02
7.190468201206293153e-03
1.608481070435211283e-02
1.415334788716634401e-02
6.431952506861331881e-03
1.048141766088761528e-02
1.781991337752668672e-02
1.944088641381841800e-02
7.396719092745890345e-03
2.835971887701272190e-02
8.287736670686791235e-03
1.839042701606512925e-02
7.910338492056353393e-03
6.750642529390371224e-03
2.974260329003723322e-02
1.191216876654114208e-02
1.299786709277386473e-02
1.682917631731993199e-02
1.920802463574169602e-02
1.884218704808640274e-02
7.609261750661643932e-03
1.267603999334676081e-02
5.349982636741221903e-03
2.967213721713564747e-02
1.355670055711662332e-02
6.063642657613626044e-03
6.563071793864011169e-03
5.504284020214731711e-03
1.007346016541584358e-02
9.645426976065216845e-03
1.092640991125516312e-02
1.660279320295674974e-02
8.536121892943376172e-03
4.970888686785373059e-03
6.956784338236790717e-03
1.933851548291304692e-02
2.007431234267496520e-02
8.352111893771814108e-03
7.644841836716645932e-03
3.046163441162211619e-02
9.951958719743364198e-03
4.822828478078075749e-03
1.473203399899816572e-02
1.145466530651458210e-02
8.566854564944563835e-03
1.628798011443470528e-02
1.910951354332235744e-02
2.293749864097047869e-02
1.046892893069939143e-02
1.574206556169552643e-02
1.380910522906784489e-02
7.267081285592068979e-03
5.158275779479257542e-03
7.658860641777991835e-03
1.264704234798640949e-02
1.031237607201671534e-02
1.056326704553920554e-02
7.744464450550847014e-03
2.278977972031057814e-02
3.904275763100564095e-03
9.284888980182591164e-03
9.845635900820860764e-03
1.027916026498321145e-02
1.433003148339292467e-02
9.366005919365816279e-03
1.511978277360848631e-02
2.053328253162839748e-02
1.295552706082492636e-02
6.951448104107158486e-03
8.901587807271321706e-03
6.614168783295677582e-03
6.877024538343365356e-03
7.210043959714537189e-03
1.445971111431351708e-02
8.943921237857999432e-03
1.861166805430938820e-02
1.174508867391269376e-02
1.283526911317458066e-02
7.066085398258661887e-03
1.243878592581658220e-02
2.610935968457294212e-02
6.609869870798013546e-03
7.206335880610903119e-03
1.565588631054029567e-02
1.682605094093711853e-02
1.031423215998834506e-02
7.328151559731119723e-03
8.228498893532590688e-03
4.522422878053085002e-03
5.832074310683274705e-03
5.416337088823630977e-03
4.453711975777354705e-03
1.709960248732604951e-02
8.235705261875057512e-03
1.097699413657244639e-02
6.412993840991166976e-03
1.281111184675994864e-02
1.026575563500914737e-02
1.133797458148690963e-02
1.307261950111487936e-02
1.080584265286212674e-02
1.066424535771545376e-02
9.691207546543198145e-03
7.597351549248276652e-03
7.102642466159598059e-03
9.580875514056745937e-03
8.795219376629446334e-03
9.647142504032093016e-03
8.939534846074700600e-03
9.633163522660363048e-03
9.305823534359332350e-03
7.176969588196703206e-03
1.587064782120019626e-02
1.349000740659857082e-02
1.701486753597837923e-02
8.223708083936328087e-03
1.274122742585787407e-02
1.655795495520778760e-02
1.202646015230570027e-02
7.655965825203752372e-03
6.056331958015587734e-03
9.190517408531960475e-03
1.815424486439174909e-02
8.081148874735226764e-03
1.111533161472949040e-02
9.663175122495364089e-03
5.302455825838601686e-03
1.007941870958197969e-02
5.044029464814186493e-03
1.409342109092615730e-02
9.503085941848067944e-03
1.486477466578472670e-02
1.090583207276441674e-02
8.671344711890072166e-03
1.628070147765474027e-02
1.513399233102823843e-02
1.904843300550432272e-02
7.518067006363260418e-03
1.322647808144235791e-02
8.647869286357577276e-03
2.758330294151304513e-02
6.290202128541997305e-03
1.756374973863765801e-02
8.130887796717644819e-03
7.408760577531697290e-03
8.034931493813282297e-03
1.005501479141283037e-02
1.276126157550346724e-02
1.160168181850370489e-02
6.459110430514411125e-03
6.884322447801504222e-03
5.242540361254229182e-03
1.511316407493642697e-02
9.978446585959003731e-03
7.415761548568215039e-03
8.381562660124798961e-03
1.118891695202640750e-02
1.008647719811752753e-02
6.901379758922537681e-03
1.730835407087916514e-02
1.676387401475815456e-02
1.151671727600767081e-02
1.424442904840833753e-02
7.041132873483722278e-03
1.443804654032363258e-02
1.139589604318010617e-02
9.365038361359066810e-03
1.231485797100547765e-02
1.212684053898321380e-02
1.761086877649266011e-02
1.153920082224153820e-02
1.393523092363038902e-02
1.259743954318297277e-02
9.773595502560229048e-03
1.230844160640153472e-02
1.055671710966706034e-02
2.877409631012405392e-02
4.726472467620456037e-03
1.537155041464722573e-02
2.471098870555805613e-02
1.315667690268537346e-02
7.976116882439644035e-03
6.710528231106556094e-03
1.271405068026689421e-02
5.992199856006742188e-03
1.978325031727004232e-02
5.238315617091498025e-03
8.147269072371387047e-03
6.492917399031630614e-03
1.499141769390343638e-02
1.563280267574025315e-02
1.014241470447497726e-02
1.582429074642512437e-02
1.731472111848810294e-02
1.243567712059234429e-02
1.741069570059796540e-02
9.253709303600627864e-03
2.398958252335429975e-02
8.440791835088987116e-03
5.373748127288317279e-03
9.838225776275065851e-03
7.355450681706081698e-03
9.341302522006425177e-03
1.703157311125876733e-02
1.067228401508985881e-02
1.430766734088487376e-02
1.218948005126182718e-02
8.537119769405887224e-03
1.300355837726399622e-02
5.440606603808970446e-03
1.581203913170985478e-02
1.301550943441596130e-02
1.170881332255924341e-02
9.117355635892126012e-03
5.973731999454789249e-03
9.476848862337853424e-03
1.724827061718833821e-02
9.129387772101003884e-03
9.033385105657404379e-03
1.017691573560769794e-02
1.069998403199735187e-02
7.476528996951996298e-03
1.448059538282520965e-02
1.218337789878998906e-02
1.088389376043670878e-02
9.989519686085647152e-03
1.197873514254361484e-02
7.113282631032638754e-03
1.395301829604397512e-02
8.678226258909134405e-03
2.103869137061657041e-02
2.739037059506612554e-02
8.236853842124984906e-03
1.210739913684384314e-02
1.008313942480779969e-02
7.105153346473944490e-03
1.332512772522810238e-02
8.101156144959096791e-03
4.981764154297924768e-03
1.070806264757245829e-02
1.378254206207715597e-02
8.460942649211433686e-03
7.503404331274232848e-03
9.653164204965378539e-03
6.070269389994106986e-03
1.221711552168173835e-02
2.669660960588829401e-02
2.331904577305248666e-02
7.371757697269489158e-03
1.821658412413883557e-02
1.166169011728721353e-02
8.078171710572229838e-03
2.483798216368334269e-02
2.567489114537734388e-02
2.416686843110170402e-02
9.597816226200654027e-03
1.248028864307707507e-02
1.639241568043525027e-02
1.119727839780506988e-02
7.320435492222042775e-03
1.011942963940708033e-02
1.042699719381388716e-02
1.745651312301940011e-02
8.797248318088698310e-03
8.856863856941801783e-03
1.825622360431122804e-02
1.627680071471230422e-02
2.287421147344430306e-02
9.297872082251702405e-03
3.100982430450417021e-03
1.627215337247490262e-02
4.835695556230784620e-03
6.328854356884052769e-03
7.764329439592488648e-03
1.141473565203406440e-02
8.671135284909804036e-03
4.189527439583658718e-03
4.903648008073617330e-03
1.342669935384792866e-02
9.133883569209839612e-03
1.229660191136492178e-02
1.781417310273098603e-02
1.398615989719064964e-02
2.036572789472700096e-02
4.838015689575158457e-03
7.267744258503968692e-03
1.374550695295188342e-02
1.548056954789315751e-02
7.848020617616368461e-03
8.572833742912235391e-03
7.094084298006628556e-03
2.141241373323634137e-02
1.033873794682974023e-02
1.423916115978347309e-02
1.245463973427949657e-02
1.413575294666047019e-02
7.283438083139566130e-03
2.038817397850605645e-02
8.547944894553028902e-03
1.092067022181042804e-02
5.469270044499744202e-03
7.055488747411299034e-03
1.220433543538940874e-02
9.071360549574919094e-03
1.066643447933811155e-02
1.349794850918586975e-02
8.945485037517096616e-03
1.152359019811278334e-02
1.459518298266127348e-02
8.526743467440124624e-03
6.429665532343048322e-03
9.005358690183458761e-03
8.007590615155470160e-03
9.577449797761759462e-03
9.716106645209977855e-03
7.607619628238831977e-03
9.068597489923347840e-03
1.145384181171369906e-02
1.119097966711871117e-02
2.452782080477181048e-02
2.963029868973784953e-02
6.279561699668086833e-03
1.368774071982310249e-02
1.452911751553188739e-02
4.863002427317898897e-03
5.901382307851897775e-03
8.561560654821222596e-03
8.005651334495047025e-03
1.035196611492263281e-02
1.139943030200340525e-02
9.190993833263322657e-03
8.316448120386935386e-03
1.134812767047355120e-02
7.757296392848432934e-03
7.290922158192807839e-03
1.424708197636290544e-02
9.047312914422775409e-03
6.816421396949153694e-03
8.324878064379710729e-03
1.134587359403695442e-02
5.793352460939461823e-03
1.177559524282645841e-02
8.704004757093285194e-03
1.017129871271223868e-02
1.069540992501822468e-02
1.187663481309884396e-02
7.808743585879610385e-03
8.197294129393706622e-03
5.384359472112619852e-03
1.074842641591196128e-02
6.561698517381739371e-03
1.286467181570644276e-02
9.729969487769380213e-03
9.178856952822021797e-03
1.206916791355172082e-02
1.175423984800260183e-02
8.206677783465701065e-03
8.273349777776375577e-03
6.521849540668801966e-03
1.380707887080803720e-02
1.641468448933085592e-02
2.332976622182289517e-02
9.753897594757891462e-03
1.337666624338742713e-02
6.167297827606649414e-03
1.602714657837169682e-02
6.308523536151259582e-03
1.592138721930642237e-02
9.045490968571337498e-03
1.672878659542217233e-02
1.088573046944352370e-02
8.884175738088659000e-03
7.725463911272416155e-03
9.527941806469901118e-03
1.023784677607846201e-02
1.609911640358971385e-02
1.423171928076123749e-02
1.558350656521927287e-02
4.206674830572310238e-03
6.367142697489002433e-03
7.361273691587286346e-03
7.257775671087592778e-03
1.232990603391028589e-02
9.859804851519004404e-03
1.046322122448016534e-02
9.483527328259437270e-03
1.010897122553029714e-02
1.351765070947308182e-02
1.106932214714160569e-02
6.745982906545776141e-03
1.396266352555782138e-02
2.628333585220816310e-02
5.959075699945082238e-03
1.634121598426510960e-02
8.290187418162215868e-03
8.300238630924116484e-03
5.572783125269960627e-03
5.155072905363132681e-03
9.408357576477368450e-03
1.184528498471555148e-02
9.132995537862826849e-03
1.477490696096355610e-02
3.028884630381190740e-02
9.426257240792490499e-03
1.021083879747111851e-02
1.815102471981132337e-02
1.825626553715306230e-02
1.214651389763745856e-02
1.543565982693579329e-02
1.150059490354854094e-02
1.271011356506421448e-02
8.907775365810792836e-03
1.152286453962411868e-02
5.217208960197927334e-03
1.021992977489858019e-02
1.032496094064238278e-02
6.311549752324238996e-03
9.976764186195587539e-03
5.316842521014081280e-03
1.129248779536887702e-02
1.157847585337402722e-02
1.280012704644198362e-02
8.206169876214471776e-03
1.150350596567567205e-02
5.480343574377562373e-03
1.024381095909568037e-02
1.384328259035805773e-02
9.901710637955656383e-03
4.701893554571823751e-03
1.474409745273697926e-02
5.920315288814893655e-03
3.979772565270244152e-03
9.964558002212409171e-03
2.816944486629129052e-02
9.043123135548112798e-03
1.573772463044964195e-02
9.969481872388582036e-03
1.148943686596189465e-02
6.678300798706809753e-03
7.086335517130264855e-03
5.212021561216061312e-03
6.447466744152760033e-03
7.999537833078055465e-03
1.119235887055245425e-02
1.076504259154919749e-02
1.259692674095453345e-02
8.280545658388385744e-03
9.424052373973706639e-03
9.284521574228840265e-03
1.168030563834653729e-02
1.557370777010251735e-02
2.581877500381848586e-02
4.177906313049654236e-03
7.685986777507746240e-03
8.134657464223166851e-03
5.244820603084708772e-03
5.717139321644407711e-03
1.541054029583321418e-02
1.283278999702002279e-02
1.181500518030233551e-02
1.632624176379074074e-02
1.212137518746106250e-02
9.373111745975605882e-03
6.736029589044843432e-03
9.026945753004668796e-03
9.339365842389358435e-03
1.669201724441646967e-02
1.444663806416767587e-02
1.764458321405429006e-02
1.347909201672544896e-02
1.227510549487564884e-02
7.310188052789239575e-03
1.100520675162984692e-02
9.046626689026731824e-03
8.275850254756753413e-03
8.276021254221999079e-03
7.556679918958738272e-03
5.173292181398186744e-03
1.391229598360036075e-02
7.747134812109584580e-03
2.078521967992959241e-02
1.344844267552412244e-02
6.885107976852974931e-03
1.529400025947633655e-02
1.124370139554446701e-02
1.046746387560627822e-02
2.053239307181260395e-02
8.860348360562670528e-03
2.203676403238523027e-02
4.234315525406704903e-03
9.311581674571198577e-03
7.037946126676532764e-03
5.134129059323045904e-03
1.826802443783948418e-02
1.461957207177739214e-02
2.650619015846556251e-02
9.945979344945969983e-03
8.421233622721303533e-03
1.120809295788454708e-02
1.723165022722688774e-02
9.078112052304054477e-03
1.158683018281233060e-02
1.296985897541950983e-02
7.640659342742525499e-03
1.111783159209773532e-02
7.444291834504724453e-03
6.024453853194808133e-03
1.905852891451419520e-02
1.494904761658123922e-02
9.371704041551083553e-03
1.036365338736489929e-02
6.578463726618516763e-03
7.913452376297916077e-03
2.220127496163596531e-02
7.775350012556921098e-03
1.404967399838697416e-02
2.052263843357220868e-02
6.086354669582467146e-03
1.423152835942837792e-02
7.163470503757978815e-03
1.509738869813821889e-02
1.110910754224092231e-02
9.111463767450655310e-03
1.246368969310755921e-02
1.030044089379517774e-02
5.602730227921088463e-03
8.098752397449371018e-03
4.786962165336852357e-03
7.157017714079440436e-03
4.644584629539513614e-03
7.901160365483952952e-03
8.955543429373652789e-03
1.314939322319745064e-02
1.036170799685198068e-02
1.296789787232798495e-02
1.494492278871682733e-02
8.368894447629976474e-03
8.250279175284001842e-03
7.294089604131706595e-03
8.468852060607788557e-03
8.222138870289105034e-03
7.024630893342401379e-03
1.571466753428889945e-02
1.546401061220343404e-02
1.348190916728942215e-02
1.693417526200840031e-02
2.062766134015780670e-02
4.704164860692611194e-03
9.933203939648620889e-03
1.044097532170717123e-02
9.807718595459629513e-03
6.764470476381075070e-03
1.316091406619387776e-02
8.412298947450911474e-03
6.192400884876655270e-03
1.111284915524371995e-02
1.670664029046479288e-02
8.766265551405581433e-03
1.064590831556690154e-02
8.266545242851518552e-03
1.438914946546138857e-02
6.269084775766673411e-03
1.817240248243119985e-02
1.046970435605937624e-02
8.403893625568122430e-03
8.752429409692232334e-03
8.428590723460882908e-03
4.300326432705732504e-03
5.495634631729106635e-03
1.957103684857035286e-02
9.113675982175425960e-03
1.229566199865801679e-02
1.145383130862994217e-02
9.854809177892699668e-03
4.810415163356888957e-03
8.259713911738322117e-03
1.134919445844358686e-02
1.455891949096546449e-02
1.527771449845104559e-02
1.504015377991597784e-02
8.456589875983385254e-03
1.438644481513975948e-02
9.217969604666885475e-03
1.221929919892600185e-02
1.173366039857142405e-02
1.943125956906947144e-02
8.997754689064616299e-03
2.214194622379873564e-02
1.666762911512900680e-02
7.282314407029128953e-03
2.100588568024276681e-02
9.427535870292722345e-03
1.240869429747328001e-02
1.391104235126204743e-02
9.172180698169912771e-03
1.426726166007145913e-02
9.268803554648879714e-03
5.913553215769397353e-03
6.263544615640996745e-03
9.789300780615645819e-03
7.234576658614067304e-03
9.942139643052795919e-03
9.855038934598370909e-03
1.886742052295071331e-02
8.432259116943731717e-03
1.075265135376648334e-02
1.479998840466505670e-02
4.571160866981811323e-03
5.545155952384372283e-03
1.055259210372879418e-02
9.961147876138890661e-03
1.263754462709798000e-02
4.975238320028018725e-03
9.795458067965848170e-03
1.298261703532968721e-02
6.889867664783439274e-03
1.541119023725485114e-02
1.668429325946171882e-02
9.458541002115322671e-03
1.301715272929514916e-02
1.237378377284171008e-02
9.107801476961973827e-03
5.974157339967382276e-03
7.651621211863446001e-03
1.153360929324024654e-02
1.315237510659015077e-02
1.121065539768950452e-02
1.341397370152340451e-02
1.957867584666984906e-02
8.348558018145112863e-03
6.069681329839727094e-03
7.423683528844151128e-03
2.766958184888466954e-02
3.930692273287145037e-03
1.500545571428824748e-02
1.869466906381098137e-02
1.307954260376845840e-02
1.073563723402836539e-02
1.601374468595449796e-02
1.151783495882568141e-02
1.063195512733617655e-02
1.027100345140803499e-02
1.363416908409862544e-02
1.818644067822849236e-02
7.145336016434995254e-03
1.946315014699145571e-02
3.464196332528848756e-03
1.283617243640800855e-02
6.538412675975437474e-03
1.755088146637796484e-02
4.405082086627806759e-03
1.314266389389061492e-02
1.390352692225925620e-02
7.550154748615161941e-03
1.038515331271231378e-02
9.958203193533946354e-03
3.275083547951939539e-02
1.495447869789850483e-02
9.363435706060269093e-03
9.277557347201566620e-03
1.314669209838636131e-02
2.857714171385922902e-02
5.569420010721535044e-03
1.055663569044927412e-02
9.458753574437558584e-03
1.519281875797781449e-02
8.955135952591959658e-03
7.522630356392280039e-03
6.678677967901865478e-03
1.537517123058549165e-02
1.181404424004980913e-02
5.706994786370366349e-03
7.776646357014450894e-03
6.474757745843790629e-03
2.070298836681967042e-02
1.436876384455105550e-02
1.435182785284180688e-02
9.315362402255869881e-03
5.047737532205396130e-03
1.955664999888259703e-02
2.153388474923659257e-02
1.114586378831847364e-02
1.316253968947684976e-02
1.276414765939310088e-02
7.617016126159079602e-03
7.978824469628952726e-03
1.357868181329750963e-02
9.652870901524961481e-03
6.145238847553483041e-03
1.863028827594597966e-02
1.875915742887132587e-02
2.308918710709733160e-02
1.322131614398342966e-02
1.355280168129118466e-02
7.242118921524467491e-03
2.538719367802144689e-02
8.712481468687307065e-03
1.082924398280797965e-02
1.525727096928665080e-02
1.543311094745591569e-02
7.783378114683802036e-03
6.309320170118541855e-03
1.578432513195455675e-02
9.615385309447015486e-03
1.377091686865418614e-02
1.195182278603747900e-02
6.252873084282924328e-03
7.372279263860369129e-03
8.058441717291272774e-03
6.613032960229887382e-03
1.946218341122261247e-02
2.125206160354567442e-02
9.220568661268054370e-03
8.463008778461006756e-03
7.245070658920440068e-03
8.613246043697120324e-03
7.540225502450572694e-03
7.518734335914012759e-03
1.676989360699144074e-02
1.239433845187595980e-02
1.747587024432134539e-02
1.940060137960676265e-02
1.200001420878013536e-02
1.755790831308181449e-02
8.809246297230019854e-03
1.720206670120404124e-02
6.500604852517136850e-03
9.229890369506775147e-03
6.289693461351459486e-03
1.199722421984160230e-02
1.883865715582657904e-02
1.457522277139225962e-02
1.168019364641374735e-02
1.865373794517924746e-02
9.062469066682616106e-03
8.498864055529426614e-03
7.973727626449869307e-03
1.199062707561089104e-02
9.227011775412808856e-03
1.003579474145861392e-02
1.051677790118873967e-02
1.015951837055262610e-02
1.955123759665685843e-02
8.471751931066419730e-03
6.984315637924606857e-03
1.436127412251675048e-02
1.098154089598252399e-02
1.639192947830867345e-02
5.824906120763836785e-03
2.348338711172706650e-02
6.684902716532867273e-03
1.058724913825148488e-02
8.719712863834144095e-03
6.535478581147371492e-03
7.809157308186678165e-03
2.258109810873594123e-02
1.172696405092109144e-02
7.207189549822329289e-03
7.840026513026385202e-03
1.170456850614335666e-02
5.742849156093128397e-03
4.994413171196008389e-03
1.097244741692590154e-02
6.336931467597252225e-03
1.136557687429051028e-02
7.845593883838038879e-03
3.854664940531568260e-03
8.458928033185266274e-03
1.131506505453866093e-02
1.725527541813250479e-02
1.013588140326995499e-02
7.568043865915191105e-03
8.927659907356643929e-03
8.174974560638932630e-03
1.169211907130184719e-02
1.070231390322901911e-02
8.737892703301114103e-03
1.033638374862766093e-02
9.389240573200762982e-03
1.935974034995724402e-02
8.144066969047639160e-03
4.530578151480330398e-03
1.128176784748687739e-02
1.115369562271352130e-02
1.705584740187136503e-02
2.398168797244633679e-02
1.030121106542235959e-02
6.697275232400921353e-03
7.806473457904471690e-03
1.448595510278187330e-02
6.294493703505888056e-03
7.227620071205751937e-03
6.741921630776030044e-03
1.554717328112715027e-02
1.898160594236367529e-02
9.588336073162341891e-03
1.057841756130309396e-02
5.619089305830280226e-03
1.299817639236921715e-02
7.033359161312825389e-03
1.656596570511695635e-02
7.472800846720180010e-03
1.725966795320576369e-02
8.237077869624258655e-03
6.271562177702244903e-03
1.037232851084405813e-02
2.425284543824813080e-02
1.395231604066519970e-02
8.419948152947286796e-03
1.178132861138032027e-02
5.417012070997014386e-03
1.065618038176910018e-02
8.073691594201586400e-03
1.323911986252280723e-02
1.172858850890542461e-02
6.886948208179184336e-03
1.736723797979712949e-02
1.202876913838739348e-02
8.628568597599530279e-03
9.831304951561816233e-03
1.491883468984763275e-02
8.611364838013311346e-03
4.911662888590539490e-03
7.319449707397535955e-03
1.353540927605617616e-02
1.612327943603429972e-02
7.482921317038296674e-03
5.435064392203031204e-03
1.792217789543449138e-02
6.879149030722127300e-03
1.071399543537056645e-02
1.120600842670817568e-02
6.820879242387801848e-03
1.108465701166263563e-02
9.465979446831357738e-03
1.419491326587130758e-02
1.849989003000434423e-02
4.315070436136771506e-03
6.407983651284145446e-03
1.312770815754145913e-02
1.028429698557401656e-02
6.023433949621267817e-03
1.449865594856099109e-02
1.028032322451093682e-02
1.516950863986783402e-02
1.277655767441317723e-02
7.160709184361725016e-03
1.598665652612484001e-02
2.238699109398671963e-02
7.346260019482474951e-03
5.019655692154464423e-03
1.105251982587759571e-02
1.542965155506357926e-02
5.388924427432489374e-03
4.566660182834580972e-03
6.587884449512281144e-03
8.855705525852790305e-03
2.080422720599961126e-02
9.802759182906482793e-03
7.870865457895273240e-03
1.839213996654264979e-02
8.239465430464729470e-03
1.406130583850074070e-02
6.786353414686712229e-03
8.083582960467402406e-03
8.947493466011745625e-03
1.980146096501078992e-02
6.203397669034747125e-03
8.036550895293015015e-03
1.215306816898497136e-02
1.379978834183592622e-02
7.803118289582534547e-03
1.075665113812590210e-02
6.519796524134716109e-03
1.667039093092569785e-02
9.037980913791843554e-03
1.284076612589854852e-02
1.529371513858358844e-02
1.073321284928548981e-02
6.153522602193308051e-03
1.943010645224904631e-02
2.168069454159664636e-02
1.001670937318486880e-02
6.849982713281738481e-03
3.213685613902094590e-02
4.154240306263806866e-03
1.139855261668832817e-02
1.205455012894050826e-02
6.422016627512923577e-03
1.009878934734274349e-02
1.216678751120016215e-02
4.345583400243035847e-03
1.237171296316950421e-02
8.185989939963896067e-03
1.280990413435059531e-02
8.482044219320276565e-03
1.494697611213689249e-02
1.018854163240299517e-02
7.524729793436686111e-03
9.664915196900405320e-03
1.933975873681780672e-02
9.967285998518263940e-03
8.934835308337964882e-03
1.286146797149064457e-02
8.404703608412066734e-03
9.686485042446334529e-03
7.925321198409043463e-03
1.515608531626733146e-02
8.487780915547497515e-03
1.043546264357810179e-02
1.692974094660628509e-02
1.453237353770821597e-02
1.286071492116898710e-02
1.027554498767234425e-02
1.333061640414778294e-02
7.342822253897491290e-03
8.523427902430699699e-03
7.716035688656318163e-03
2.079694956148320922e-02
7.021575561355360151e-03
1.418927707713346642e-02
1.316508896848413331e-02
1.184820625167182229e-02
1.130576571993237994e-02
9.994011242139151305e-03
1.856471372235725045e-02
5.685516546740322121e-03
6.887137404692155428e-03
2.216957358177078230e-02
1.412633996479942949e-02
1.485644400033725963e-02
2.109311697884199907e-02
1.186322983354185998e-02
9.332191155006464359e-03
1.999545909311656669e-02
1.310689549949278429e-02
1.663881153705597943e-02
1.152035412050571306e-02
8.595777776088418115e-03
7.125976452670731640e-03
2.194171505722991578e-02
2.557989293227038580e-02
1.303865064927642661e-02
7.782185426494985653e-03
1.150591719258478758e-02
5.623460823837309400e-03
7.727669245342783794e-03
1.786313581143790519e-02
1.234004915442116733e-02
1.777917117696887345e-02
8.047714590544373034e-03
1.045097846116437024e-02
5.825949840373352041e-03
1.206355300624574640e-02
1.477648357807454828e-02
1.015298759033635492e-02
1.438820118109437017e-02
1.119839828857339091e-02
9.853046496897315681e-03
1.636963213584380003e-02
4.591344690006645378e-03
7.603407864732476124e-03
1.466126981936398226e-02
4.851231076893195923e-03
1.350154109529995601e-02
1.074747749543179115e-02
1.403527709657287868e-02
6.342776602014365064e-03
4.243396672904122154e-03
2.197420780856184155e-02
6.352127615477817964e-03
8.013504033241001384e-03
8.073402585419933372e-03
4.855342071168759592e-03
1.504824255992174252e-02
8.506964524477925171e-03
1.406129872027899776e-02
5.971311782087640289e-03
1.092822001994292469e-02
6.978234275400424513e-03
9.416564502845227794e-03
5.439852878214765028e-03
5.689402520737427658e-03
1.133276581529249830e-02
1.663590668241345799e-02
1.687616855247849393e-02
6.611429777283083647e-03
8.901570499352169999e-03
6.615898947795304311e-03
1.066591191831101244e-02
2.386091354643448889e-02
6.362873924295800281e-03
1.384123626157084813e-02
9.484735542184067822e-03
1.645506403070424659e-02
8.991986332571495072e-03
5.464299399585030581e-03
7.400289441020178709e-03
5.256653124126099176e-03
1.210446720942958028e-02
5.716687984104799197e-03
5.876236450832081695e-03
1.776354553913931170e-02
7.307828372148342244e-03
6.411014015153422389e-03
1.216351786762939584e-02
1.608567342889854340e-02
7.236889118082516677e-03
1.855062667220291894e-02
1.234169189683914127e-02
1.175130193277313523e-02
1.093486463927089217e-02
7.826722735299865633e-03
1.027756046022449375e-02
8.352624125711829300e-03
1.103718946844560803e-02
8.559412877679998741e-03
1.112651162015703549e-02
8.056946580338208638e-03
7.998186789607857408e-03
2.007540050307327073e-02
4.581589538393589754e-03
8.687324675739471064e-03
4.704699378003207415e-03
1.097404301927929968e-02
1.310547650207250121e-02
1.930137643910876180e-02
1.180812532682733174e-02
1.162440317993527691e-02
9.457006415963888774e-03
2.439710542056487685e-02
5.603926818143803099e-03
6.811963549207772015e-03
6.168343282398131532e-03
6.556737025702222450e-03
1.186342131981567294e-02
8.062194503425551204e-03
1.651325909093247918e-02
1.201437814405031772e-02
9.456693978771000403e-03
7.449406892429209955e-03
1.933830890316204712e-02
6.444615369358137717e-03
1.607675355271452611e-02
9.366649593811345043e-03
1.036405385901363087e-02
9.949571845080988630e-03
5.097857135101255613e-03
4.849078074775725264e-03
1.191781167293596601e-02
6.242026027242013678e-03
8.423695966463135357e-03
8.148455295466521670e-03
7.201921304800569350e-03
6.748178541459565194e-03
1.499982850441906705e-02
1.653334417286430463e-02
9.799152819078695703e-03
1.798614038046474767e-02
8.796187034272840224e-03
6.497428113698288168e-03
1.114902045858318612e-02
1.413538650174910039e-02
1.439615941750781170e-02
1.318884651471364904e-02
1.346676611021137109e-02
5.382892014226030308e-03
8.691364524783499676e-03
1.950054859797244189e-02
1.236428062333662196e-02
8.091159722281558025e-03
1.156536127287707480e-02
6.958612066569835886e-03
1.226245436806615990e-02
9.354271280921212448e-03
8.178425834961951593e-03
1.292109552644402776e-02
3.313200390709370325e-03
5.642297265732401472e-03
1.018787530352634023e-02
5.085025748780944328e-03
1.120798621559752906e-02
7.635163029800952871e-03
1.298685065382371856e-02
6.453409953900870848e-03
1.062123292331578102e-02
1.029026565514727133e-02
7.382895980749850685e-03
9.791882998252612533e-03
5.129586814591686854e-03
7.067850937119600323e-03
7.149438775433136252e-03
1.382405965775011791e-02
1.066522906304134995e-02
7.283942437312530653e-03
6.488935682221775095e-03
9.752044211883706404e-03
9.267030115024740486e-03
1.505967981835010586e-02
1.198541961741461312e-02
5.726815278513073398e-03
1.727839344982558950e-02
1.439209700084420791e-02
1.021957028060699844e-02
9.302805044176729043e-03
9.355535501607073479e-03
2.291471127415492179e-02
7.888866630992870388e-03
1.750516344749494801e-02
1.069077707897475756e-02
1.073372328223551851e-02
1.779870136623749530e-02
1.527484178899319450e-02
1.826293898386357334e-02
6.600514603206583675e-03
1.160960012120539932e-02
9.683868014888758619e-03
1.576413633056043123e-02
4.162513513904710950e-03
4.557536331518041370e-03
4.268133574516186704e-03
1.118014820636245750e-02
1.423573118638673737e-02
2.641029275217263508e-02
8.005446130008938774e-03
1.205876214054872088e-02
1.189885690578652150e-02
6.367142782945230464e-03
1.479133924986409873e-02
5.100504279679200434e-03
1.566327989217013855e-02
1.910615880247912637e-02
8.181172127167559913e-03
1.665652338011757924e-02
9.394120774469445767e-03
1.477766219923778990e-02
1.053072000791905292e-02
2.005244969158958071e-02
1.780083798891296532e-02
1.018998749004756434e-02
7.976174190482330367e-03
8.799192050433647661e-03
5.879609479755888712e-03
1.330544389430132583e-02
1.529493748891762317e-02
5.619001677879488857e-03
9.432249465969436836e-03
7.482079526938977682e-03
7.331327952627499783e-03
1.676019217500972908e-02
6.752055092355246577e-03
9.600985659976041947e-03
1.156806627466306150e-02
7.500441327025598494e-03
6.956522379996349197e-03
1.083560176666990144e-02
1.698803956991807446e-02
1.215771747034202245e-02
1.109145888004161619e-02
6.672135072039206243e-03
1.207778757106959568e-02
1.270971699273262118e-02
1.019786827209564692e-02
1.495365202923219089e-02
6.633205925154908068e-03
1.211594724145100520e-02
2.493200588443876542e-02
7.474394222159720831e-03
6.673214581521188203e-03
6.828992804390160258e-03
1.471320953288034888e-02
7.696512934009979573e-03
1.875492881674779497e-02
6.543952860761976902e-03
8.223558548752868402e-03
2.102980154827069695e-02
1.970109947655070137e-02
6.166676194266053172e-03
7.586286811497221227e-03
8.028756467931977628e-03
1.246993458533868747e-02
4.248840593734537485e-03
1.553654686164847656e-02
1.179562627949523775e-02
6.620974583912243167e-03
9.050101328607240009e-03
6.612830855329657892e-03
6.159928305433680362e-03
6.157432658004479038e-03
8.973828770830340196e-03
1.404601049677206212e-02
9.325455028185335865e-03
1.677554852144951675e-02
8.259870565775304097e-03
1.341652821246243008e-02
1.522970929189752798e-02
4.834333187740551957e-03
5.426719093133153086e-03
5.032758097716382752e-03
1.299298737253458402e-02
1.220605266210527708e-02
1.035444116987284911e-02
1.116894295171702405e-02
6.950404452042034317e-03
1.085045267364368599e-02
2.884751545430896957e-02
1.507384940767666007e-02
9.094417178017051226e-03
7.735139158069010389e-03
5.454283413135314028e-03
7.384078036071192556e-03
6.953981810039085859e-03
1.287207480723710253e-02
1.234038385090711031e-02
6.881479416287141285e-03
6.397549153799605634e-03
5.069122381004351890e-03
6.671754166631790189e-03
1.423845771018155196e-02
7.354288435337146164e-03
6.562493386025857085e-03
7.477262375886988346e-03
9.517840601915347060e-03
4.125674179620333892e-02
9.629756751055875211e-03
6.106005565196993660e-03
8.380838795755962689e-03
5.599158000184126065e-03
7.515138561375678782e-03
1.018794701420093311e-02
1.267195864924145279e-02
1.494725156159682454e-02
1.556604291848507661e-02
1.407563284247933567e-02
1.790093734381992263e-02
1.357668239448678142e-02
1.060313225804884046e-02
1.072406510871266525e-02
2.218532800552294043e-02
8.023538944024041428e-03
1.005980189757624266e-02
2.105344610832889790e-02
1.205259114028032347e-02
1.416904972134308549e-02
9.535633791718085145e-03
1.246719600933846560e-02
9.289892084379998763e-03
2.018403508464918297e-02
1.321428716425805325e-02
8.228562352446979616e-03
1.038814632268050993e-02
1.152722832413290675e-02
1.209555141171913227e-02
1.319325695497558168e-02
7.289839360193037937e-03
4.419851863124871737e-03
7.093748599249464701e-03
2.500832071651036895e-02
1.696902715290349653e-02
9.843834450418784826e-03
1.643729596674206248e-02
1.076759166963384140e-02
1.135545902733860191e-02
1.782338456985326294e-02
1.984125246198742074e-02
1.272503358075692190e-02
2.121619008041546184e-02
7.308943733913800429e-03
1.720570708413922054e-02
6.495920804055203140e-03
1.534038158689515069e-02
5.784384081584132732e-03
1.020896724007503559e-02
7.048236490519067463e-03
1.343414045604799344e-02
1.140173729917212490e-02
1.310373320267358040e-02
1.520789641557040647e-02
6.909730754447891525e-03
2.253223485745111873e-02
8.260884046602601574e-03
7.668549662916622836e-03
1.025306811528505120e-02
7.358339531296022133e-03
1.139500328498319927e-02
8.379218157641336526e-03
2.033500534196798493e-02
7.246789483250072779e-03
1.688890983655825725e-02
1.384949907692140623e-02
5.759666260915743095e-03
1.181166382103144251e-02
1.319387336163321996e-02
5.513868659343093039e-03
1.139842611261741336e-02
1.220304732834958002e-02
8.298547812923511360e-03
9.389009088148507834e-03
1.608724534639534298e-02
1.175652404714902337e-02
1.745072843914818178e-02
1.338872242510140941e-02
1.101568701899766946e-02
6.899291065017746499e-03
1.688369935543134262e-02
2.011729697999415506e-02
4.299977847641791792e-03
1.012817216353336172e-02
9.365188676727701639e-03
1.162442375654981069e-02
1.870569471451866139e-02
1.768138513796180603e-02
1.138642984611693866e-02
1.014380159520095193e-02
1.059105954378121092e-02
9.123435508871471922e-03
8.047348936664909871e-03
1.105898258330009418e-02
1.666623436473487971e-02
6.822541568781301247e-03
8.828073942689317749e-03
9.500414719344731779e-03
6.329979625944889138e-03
1.440693012570173209e-02
1.380247878326563982e-02
2.200382299023780769e-02
1.465422447455099787e-02
1.333575075839165194e-02
1.093056635214084520e-02
1.088790674194452072e-02
1.195495591094048425e-02
8.814175731645798248e-03
7.931405185645232572e-03
1.382698990302866880e-02
1.173999962300675479e-02
5.679098761238391378e-03
1.519764217946159221e-02
6.014421465392123974e-03
1.371814977800343317e-02
1.366263122470944523e-02
2.017359167208313681e-02
7.635151818353068214e-03
7.343805280849648350e-03
8.137348385785206709e-03
1.058865458345755253e-02
9.152397222970233906e-03
8.199571831808727049e-03
1.674745556390184326e-02
2.198955068165143675e-02
6.888610640450790364e-03
1.426083993681591215e-02
8.066920823341901595e-03
2.859466084066024025e-02
1.984191622645264941e-02
1.818994591336640237e-02
1.370750973813710666e-02
1.178750762528313345e-02
1.229270940921232610e-02
9.530657464264246509e-03
1.217112090272162543e-02
5.940018685470229223e-03
1.056979868129528412e-02
1.665624579707574923e-02
7.671848327672268000e-03
2.161982057650909186e-02
9.521515310020942438e-03
1.782407893971360222e-02
1.142995109344235351e-02
7.792988259009193258e-03
6.522546841651120919e-03
1.186950550330545355e-02
6.384669152952143940e-03
7.432648431163609189e-03
1.154766146474447974e-02
1.575119407870795296e-02
9.230770082349633310e-03
1.093662477226231555e-02
1.508359105560271897e-02
5.487842966975336328e-03
1.099856229571678432e-02
1.420758256185209074e-02
7.423510046792529404e-03
2.535174335423219169e-02
1.029466448540781835e-02
4.505263891632469049e-03
1.014313567400203925e-02
1.388915781341152310e-02
6.380357358702729541e-03
2.280757787642415796e-02
1.309892720361654356e-02
1.994585578733159073e-02
1.024924702078394007e-02
1.832204848953734519e-02
7.973558456411778544e-03
4.399454643119170456e-03
9.331285715623267168e-03
1.256141894646360321e-02
1.140540309411543739e-02
1.897423284782422462e-02
5.292922445102536677e-03
5.586458375641446643e-03
1.713742715154590798e-02
4.538361069280506116e-03
7.762035206404525010e-03
1.738551974185131507e-02
9.009007148884111069e-03
6.042222643452808267e-03
1.207560762820443154e-02
9.229496465235546496e-03
1.351930998511148736e-02
6.973259213210531576e-03
1.698378196646458879e-02
8.299685755561956105e-03
1.007339705764568466e-02
2.219705048132157924e-02
1.415102385897723525e-02
1.276306341577512424e-02
1.233667039884056571e-02
7.809187632952236183e-03
1.686125150797789657e-02
9.512589640575299516e-03
8.730628279636836950e-03
8.292410697753351684e-03
5.344811755904184392e-03
8.891028073151178296e-03
1.819875235975307315e-02
8.353823205361276399e-03
4.575729105818542898e-03
1.399641080864871302e-02
6.083112161097197976e-03
8.486430332884079344e-03
2.430248756782658892e-02
2.278359259722062546e-02
1.249744203924414883e-02
1.367232937637515022e-02
2.243710891479746075e-02
1.479044353158926600e-02
1.346089957792664590e-02
7.814334341655465241e-03
1.038335357283972846e-02
1.514578540401951591e-02
1.555631064543184540e-02
2.074621984828301652e-02
1.217210785470147424e-02
9.553853998736171194e-03
1.205250806397933395e-02
2.864477521634574073e-02
9.539029479458340302e-03
1.395765049029202426e-02
7.099755755682370974e-03
1.804390510067415548e-02
8.251838187254849702e-03
1.291914234891510666e-02
1.056451423145845191e-02
2.382574330249583386e-02
1.607762021923230672e-02
1.315970726308109302e-02
7.537248876946035618e-03
1.042819386697492468e-02
4.585089664955091515e-03
9.534935280315589776e-03
6.241348164630587669e-03
1.248467406679757905e-02
6.566655247838375058e-03
6.052101591222532571e-03
1.170026140695610076e-02
1.292505855323044031e-02
1.104494386783207507e-02
1.224861346185166650e-02
7.553048306794384742e-03
1.564580822616455300e-02
1.345353079325929506e-02
9.090989659150120611e-03
1.270898245661277945e-02
9.987328510670981374e-03
6.968613603661345975e-03
7.699290511405989731e-03
2.342139655370072820e-02
1.302744149970578094e-02
1.866529261546462370e-02
8.132109773588155552e-03
9.659624690639882424e-03
1.294501682108823229e-02
1.079512681952434806e-02
1.058732977600705498e-02
6.135923198930076997e-03
3.909476428654492380e-03
1.011059696576551564e-02
1.121694000881249577e-02
9.813841604739737684e-03
1.654228167749622475e-02
6.279884129941648054e-03
1.671177127175279414e-02
5.776076287422399029e-03
6.223287003544721030e-03
2.047946893551197065e-02
1.491459942994986451e-02
8.659610911942481476e-03
1.269672694405994499e-02
1.475435439547665394e-02
4.502345296504679795e-03
5.525579630434321148e-03
9.766180028190995718e-03
7.636969148601758031e-03
7.299625017472700927e-03
1.026539938099834022e-02
1.199826408975830649e-02
9.777362342869112821e-03
1.079590769591277921e-02
1.005215429356576089e-02
7.057856964397495395e-03
1.387180638257587070e-02
1.299199561511248623e-02
8.559385805954011078e-03
8.961186887186580602e-03
2.415669822515686266e-02
4.986620607990859683e-03
7.728946084721099487e-03
7.206269490904701827e-03
1.009976310118473712e-02
1.112595959567418656e-02
8.915595732659264971e-03
6.549263092491206147e-03
1.229759506905312057e-02
1.655955262837357014e-02
7.270850991687538220e-03
9.144195281740222225e-03
9.675463556726313086e-03
8.747884640787587096e-03
2.405211637049038328e-02
1.387556945977024177e-02
1.022041877007708391e-02
5.810679369266457707e-03
6.940972064894150931e-03
1.604749000475067661e-02
7.640589234085409624e-03
1.538118620262721864e-02
7.710837846493789026e-03
5.005134097484458498e-03
1.501468380595089719e-02
1.453043830955045961e-02
1.180672857495279268e-02
2.249915457243193209e-02
5.433302533406330487e-03
1.141336700588091967e-02
5.057018768028387345e-03
1.334487840932630995e-02
2.067144688577915446e-02
1.434454046632837806e-02
1.355398954487369717e-02
2.812757046461580868e-02
1.653928971524209340e-02
1.404489146147946781e-02
9.641937265908444299e-03
1.436154075266879958e-02
5.020400829882913640e-03
7.341373441943552063e-03
3.997575315139171442e-02
8.913877800805889220e-03
1.221794219595107034e-02
1.055712618254159296e-02
1.196653474955297267e-02
5.341337184108303077e-03
6.939297647907186756e-03
8.887898445367067857e-03
1.150687721864198515e-02
6.160514442767208061e-03
1.399858994363424765e-02
4.061492592610200375e-03
1.291481161635687699e-02
7.525691827997023527e-03
1.324369965618474657e-02
1.198365578890767114e-02
1.628974573520638666e-02
6.840099840579485016e-03
5.341220598333136331e-03
1.143302033642593606e-02
1.420484225233756975e-02
5.076646438928040378e-03
1.951841330595312923e-02
1.696824173152990112e-02
1.129962066739906117e-02
8.071301885944679941e-03
2.700755191724414986e-02
9.702105214757478224e-03
1.818742743012597557e-02
1.062092116002814196e-02
9.931378797506367623e-03
2.006615514960079574e-02
1.056085807448824826e-02
7.165476989353594325e-03
8.812217311056750463e-03
3.131596898458368847e-03
1.264245191490345928e-02
9.575353787917280021e-03
1.281369787504142536e-02
6.604762796344926766e-03
2.029897608136192050e-02
2.098449877555791376e-02
6.347714819200099209e-03
5.071938303524807512e-03
8.623828154539230420e-03
1.531919626138412635e-02
7.340021456755582534e-03
1.350647512063164225e-02
8.740665599241843539e-03
8.942169169265839004e-03
1.561050145441265913e-02
1.277199777375581137e-02
1.144508218804348755e-02
1.398561977550802880e-02
1.900426960961978246e-02
1.372293334205350497e-02
1.624770938818024743e-02
1.249078512112311058e-02
1.443557669295767419e-02
9.602371273358934617e-03
1.471890955094336435e-02
1.088578376959553617e-02
8.471318065517348742e-03
1.226195335526393537e-02
1.450700821881459497e-02
2.399908504863918976e-02
1.581532250247509250e-02
9.947375049912707268e-03
8.226785518842826689e-03
8.248259193541877810e-03
4.994237269527124906e-03
1.275983005557436260e-02
1.283953261401148474e-02
6.860160889804756482e-03
1.046371710203184910e-02
1.139042731171317421e-02
1.860568046233295955e-02
6.978366954693275559e-03
1.658970222059896749e-02
7.535703831217211747e-03
6.495224708077378811e-03
6.638209070626117751e-03
9.346218669813534385e-03
5.964690125873708081e-03
7.762372602908698682e-03
1.517282237933379081e-02
1.410858725256462602e-02
2.278553551004492903e-02
1.144177902605291418e-02
1.843234011941581596e-02
1.350174561558887230e-02
6.583614521602752095e-03
5.815899092088161991e-03
2.379740402693168028e-02
1.305998784717224762e-02
1.736830946135093159e-02
1.249346525362414299e-02
5.803557136272128117e-03
1.177924195341691418e-02
1.049692913989764588e-02
7.997357215155808177e-03
1.648739530571491710e-02
1.564983396902075094e-02
1.428430734627959310e-02
1.151960634734073251e-02
2.910931591312281019e-02
1.369570392577446408e-02
1.061292719191770512e-02
9.297386836991477360e-03
1.146562085995726787e-02
1.331371232238207254e-02
5.169940107992502566e-03
9.274533126494710275e-03
6.859862768177528089e-03
1.173235503135014110e-02
7.140216965847222090e-03
8.842154999348041458e-03
1.341458269375893179e-02
6.995647506358581603e-03
1.053059704578525324e-02
1.540580084766323722e-02
1.938991558008922034e-02
1.267351874812764137e-02
1.214309791491983113e-02
9.504797219754078375e-03
2.225884478127139465e-02
7.966642855305846455e-03
1.016501452073099825e-02
9.663718060440876223e-03
1.046353643925860590e-02
5.984075963520919458e-03
2.049257012596188837e-02
1.885803858325118057e-02
2.634966660277550388e-02
1.238680894694506492e-02
1.006445583965519426e-02
5.962020314576193386e-03
8.601909897347973302e-03
1.037959450894514885e-02
1.154269954001438739e-02
5.972825193534016253e-03
1.179148817545948996e-02
5.995495876068564038e-03
1.105408687133114382e-02
1.705892620475751853e-02
5.291121337010457060e-03
4.436625406461136047e-03
1.634089876885658210e-02
9.257299309405260176e-03
8.961373721012641860e-03
7.252668880034252377e-03
6.992696355415211652e-03
1.157937723595094115e-02
1.484070395379878324e-02
7.124734357598552087e-03
9.557240302777932767e-03
2.201487591925488027e-02
1.205842110041460170e-02
4.769359856670289319e-03
1.207878612964002375e-02
7.715740092857423585e-03
2.317517299433067418e-02
1.254934786525823548e-02
1.238570536243920224e-02
1.817776546727493253e-02
1.158870281866008871e-02
1.351712754667738769e-02
1.323599389115226801e-02
5.180639518476004221e-03
1.346175384006475378e-02
8.490125311963124879e-03
8.905279103977458907e-03
2.179237031632380237e-02
1.188674366185208178e-02
4.405276879541764577e-03
6.780814248450836752e-03
2.041236814311863865e-02
2.192477610754950401e-02
4.786269030399930083e-03
6.344563234447125888e-03
1.043488023286429089e-02
5.348942290021245494e-03
1.104428518852426828e-02
1.632386312024827757e-02
1.203403180901062471e-02
1.840447103712050669e-02
9.969454728661265863e-03
1.164374297608889580e-02
6.213196654036448954e-03
5.980986103598710107e-03
1.512044641880298974e-02
8.234748542834756380e-03
9.691244491332712263e-03
1.061229235837777944e-02
1.136987952379945981e-02
5.522709242794785790e-03
5.797800461434684388e-03
1.658236261489899263e-02
6.177914151013342084e-03
2.242250851273006398e-02
1.508370188412909429e-02
1.375321014793169649e-02
7.670653477189456719e-03
1.124028395969690029e-02
1.050567372839672498e-02
8.959603388472835508e-03
8.741601435627400357e-03
1.101955994565924357e-02
1.128649875316685945e-02
1.349434616757169692e-02
1.014250947140366531e-02
9.670108991265538578e-03
2.259831417367656747e-02
6.194072732680319313e-03
1.811381424656773736e-02
2.208129033026097129e-02
6.294196530685333517e-03
8.056292430460533158e-03
6.538297943850059947e-03
1.412343213736802147e-02
1.312566284392580399e-02
9.116884567914058241e-03
7.080153836098817405e-03
4.029858166086061448e-03
1.305498205039263594e-02
1.191102600714832177e-02
1.177244415669280973e-02
1.532373676385443383e-02
1.791231641733902896e-02
1.619948116976155372e-02
1.451004981492225870e-02
1.224701885099697095e-02
5.663570586572768371e-03
7.010197557621863744e-03
1.213124788363273768e-02
1.384021171360924791e-02
1.244284802019551134e-02
1.224968188683396055e-02
1.034494852879171319e-02
8.921418233865012828e-03
9.486697536213372847e-03
1.060393644503409595e-02
8.208228512865543142e-03
8.957954534571495320e-03
1.449991333962043390e-02
9.354724898484108320e-03
9.881055247569103805e-03
5.435174680196322092e-03
1.452397448496164922e-02
9.833975072614709392e-03
7.881005227834759694e-03
1.190008835989861923e-02
1.757141541822722364e-02
2.696605325352140203e-02
1.067453256962685483e-02
1.247172315107986443e-02
4.939359358067360421e-03
4.879126053314639284e-03
1.064625415365002062e-02
5.883507379695758835e-03
6.900206362967452843e-03
7.892701465392488666e-03
7.216487564740931698e-03
9.630619313678189311e-03
6.346501293996123505e-03
7.839299235595389645e-03
6.958029213632884076e-03
6.795557788619560093e-03
1.690529088540528371e-02
8.470984753795447048e-03
4.871643700574826603e-03
6.841234269183307445e-03
1.918691118838698056e-02
7.279461106856894952e-03
5.006359271108551563e-03
1.157455385306164174e-02
1.688856901243097203e-02
7.523418155335984125e-03
6.603512681092347202e-03
7.318776245964671301e-03
1.855481505409590712e-02
1.365767347183871605e-02
1.188077098870435680e-02
6.809489468171256270e-03
6.767646949155037978e-03
9.967856150359844999e-03
9.303617041393921414e-03
2.108133839703602019e-02
1.250748122781483555e-02
8.940726078433556059e-03
1.528479286111080783e-02
5.686065630251636166e-03
1.083015109538370407e-02
9.933486015294604177e-03
1.336294532918853688e-02
1.449529454043811498e-02
1.059842831854019077e-02
1.090835217172311626e-02
7.270914747241731882e-03
1.828236453688400834e-02
1.509506888044211126e-02
6.535756903298671310e-03
4.883274959967434485e-03
8.672136491551346929e-03
1.049234970207298459e-02
5.385902105529823299e-03
9.776670427154418933e-03
7.811510171192244216e-03
1.587140608620379173e-02
9.754820180555982476e-03
1.308211575048212789e-02
5.765848133495327273e-03
9.547067855786461887e-03
7.541680342221415527e-03
5.102168957192265361e-03
1.155480110416529094e-02
7.454756091786559138e-03
1.208404347077582028e-02
6.512080459447191182e-03
6.112904883860608568e-03
1.853109948458054115e-02
1.431816482669964058e-02
1.215500957196784422e-02
8.979228678804480196e-03
1.676972278521630944e-02
6.351728003919073461e-03
1.838045980283650044e-02
1.355903569270230577e-02
1.667989584212819024e-02
1.291027018863880570e-02
7.535874191043104645e-03
1.311556386038863035e-02
1.157217606501198537e-02
7.829055403699797244e-03
1.321921891096079077e-02
8.982334015048474424e-03
1.914851514799059337e-02
4.122601770390314953e-03
2.581030686799546184e-02
1.236556206897517635e-02
1.270273775465946206e-02
1.297166281484149822e-02
1.088820893510656848e-02
1.379820572748503144e-02
1.294592573662910716e-02
1.575018993578564466e-02
2.427385103279470352e-02
8.626873969189161398e-03
8.893718564241278809e-03
8.287494992135298680e-03
2.623273311811722547e-02
2.737478531515100469e-02
1.194808319132001015e-02
1.038249835015030847e-02
1.269573904299174140e-02
1.224626970843237413e-02
7.711757678601186168e-03
1.517744944912858412e-02
7.417008489583417317e-03
1.417176874248874015e-02
4.343367184765017409e-03
6.742053605378959223e-03
1.059285559055881017e-02
1.341961942926554220e-02
1.121564411965011304e-02
9.903050723546776360e-03
1.832135853771551040e-02
5.564832322568586884e-03
8.679065006093385909e-03
3.052635588998311653e-02
6.051172194540660985e-03
9.496679152880794020e-03
8.454174618797462987e-03
1.452574008183009704e-02
5.306075784610678019e-03
9.669244153695511629e-03
1.528171755809225492e-02
9.566896609191960846e-03
1.027207702085848606e-02
5.231857983888214304e-03
2.693288431173936417e-02
1.729170746195477643e-02
7.346215351785580390e-03
5.481372754667891527e-03
1.055069752897450086e-02
8.313790244233024151e-03
5.268332270588088964e-03
5.448138137038722323e-03
1.128994831707079427e-02
1.117043179549653646e-02
1.661486612702520183e-02
1.691823136731997190e-02
4.184766491426254210e-03
1.022735797696798163e-02
1.533503248258962816e-02
6.641089972970340774e-03
1.029475410861241044e-02
8.465461363538174036e-03
7.058800237825669371e-03
1.073980913807659650e-02
1.866113454296967900e-02
7.826052116975857828e-03
1.547902233436366376e-02
1.049774793030956548e-02
6.518251740443285758e-03
1.096198189378609633e-02
1.195726811325229823e-02
1.289129013993184879e-02
1.046436760548025667e-02
2.259666110235521164e-02
1.749994813292835016e-02
1.566764663361664908e-02
8.431932011513550151e-03
1.302869136700544536e-02
1.036090848960729074e-02
1.003205627919191885e-02
6.739578131310260817e-03
7.015465442467950542e-03
1.496698260785774004e-02
1.075955588615624091e-02
1.356312253719513077e-02
1.231923381572985060e-02
1.148030775743588520e-02
8.342981270545847192e-03
8.754386098964001342e-03
3.553715691752271609e-03
1.746440346459841864e-02
8.639463788033608857e-03
2.046662051349885589e-02
7.261467396093236951e-03
9.008699226340439667e-03
5.178783755697566327e-03
1.582535662435350862e-02
5.479278846944013806e-03
8.347696554741946759e-03
1.292514556950445301e-02
1.061302938509860877e-02
1.067976372005001798e-02
1.014657336550929892e-02
1.549984977871353420e-02
1.048861357896730719e-02
1.293215691393673726e-02
1.172873144071930052e-02
7.111097057731271404e-03
8.552182170683896023e-03
1.762851726685759485e-02
3.283917408132859539e-02
9.032305701412097695e-03
1.805325352181101281e-02
1.847629429362890666e-02
6.396395082873924769e-03
2.160040920536913933e-02
5.033565053987035590e-03
6.096065526235754095e-03
1.386971244088319212e-02
1.231464755356549527e-02
6.083903302529369492e-03
6.120524451140155198e-03
2.496813237484201559e-02
1.138784302004938395e-02
1.479394099125466017e-02
1.199996059785077632e-02
1.646320493440607546e-02
1.373219191739440993e-02
8.288984159526715731e-03
1.077386518135739837e-02
6.221328030813961553e-03
8.009694741920928701e-03
1.222634828593636286e-02
1.531923326922592261e-02
1.356894869962074757e-02
6.022352079217294964e-03
8.567178480471247803e-03
8.398940880883174268e-03
1.726622987701837211e-02
1.148189506554299875e-02
1.367194731030853608e-02
1.137760936755439871e-02
1.247043111398426010e-02
1.437791590269121150e-02
7.867420354857405582e-03
1.020652094766926268e-02
9.748631538763144130e-03
4.068822373184727628e-03
1.333573400828308268e-02
1.065201773394882159e-02
1.067058094634265250e-02
8.793430191585212621e-03
7.659138417123497432e-03
8.075397926904733306e-03
7.242137996937574214e-03
1.392616934005415710e-02
1.931902085624153179e-02
6.990978307734526352e-03
1.517057250390359789e-02
7.046084955955027145e-03
8.448866404646848335e-03
7.292541451172212912e-03
4.694274177466322903e-03
1.059985160720806202e-02
5.686939918346001904e-03
9.695128076317338639e-03
8.207449910848384905e-03
1.143351179107448407e-02
9.444517163532445761e-03
2.383416897925868388e-02
1.585444214184117059e-02
1.478061696880555997e-02
8.913919951994028062e-03
5.674490770228380124e-03
1.815223335139169725e-02
7.243271000245294147e-03
9.781232999978777681e-03
6.537729494923720866e-03
1.908540283232553272e-02
8.885002688011197844e-03
1.436981841238010871e-02
2.052926442153928110e-02
6.902583986824451477e-03
4.837859732653593953e-03
1.992385309317852224e-02
5.712874668956744763e-03
1.047833207979714971e-02
5.017585416398343511e-03
7.500798834261942875e-03
8.419762014442151374e-03
7.393126162223563440e-03
1.046743661575935160e-02
1.880793027730202210e-02
1.351957786813549889e-02
9.491558917620743913e-03
2.066525369156878289e-02
1.349606708687205690e-02
5.863864750943580638e-03
1.081315126330744184e-02
6.315222142974545941e-03
1.194759868192747480e-02
1.346547755834339583e-02
5.757364083052632538e-03
5.605187568204027422e-03
5.011964976149537766e-03
1.642689640806585874e-02
6.473634258088127938e-03
6.364791730892846965e-03
9.381075977581941616e-03
1.411682262645672266e-02
7.617592533607186502e-03
1.309738239413784332e-02
1.099486057060000167e-02
1.898779450294437593e-02
1.053511104455481448e-02
3.138638464673316336e-03
6.260795469503153791e-03
8.734560062120829901e-03
1.372360718707937681e-02
7.363965263123757252e-03
1.125969310661657091e-02
5.338045933072831269e-03
1.869140252605161825e-02
1.441078317994945630e-02
8.903013025967897523e-03
1.068891003202987987e-02
7.201939052587180354e-03
1.732472721402321739e-02
1.314272982854955418e-02
1.211273337469740211e-02
7.300965068493099619e-03
1.070332428821932705e-02
9.286743021743829041e-03
1.178221206723484814e-02
7.782178072387661676e-03
1.896417597691153409e-02
5.640694741799374447e-03
7.483096723770621406e-03
1.080200289959962374e-02
4.784424522735175253e-03
2.302836593780137331e-02
7.714407593417942771e-03
3.990174528149871905e-03
5.611843020684411688e-03
9.287258540639470317e-03
1.062450246336176136e-02
1.261274694533190757e-02
1.339468620142893716e-02
1.566679630840340023e-02
7.239785299278356755e-03
1.546313447945218793e-02
7.817306079915674333e-03
1.135215943547331595e-02
1.155596285953376483e-02
1.968770798123923096e-02
2.819558452321462710e-02
1.070276757329674359e-02
5.869749122430960829e-03
8.447264506859916353e-03
9.422271949857249571e-03
1.018453896607503413e-02
1.192124472392235707e-02
8.623384090467176716e-03
1.073521778173909536e-02
5.582177962678670953e-03
6.749369375853864379e-03
6.741889086207604465e-03
1.702669700138666545e-02
1.147870118690087413e-02
1.145703030057315663e-02
7.483152917029765351e-03
1.379259857087377500e-02
8.634059046869743681e-03
6.154191392865030266e-03
8.761188858157395454e-03
8.049664209409935350e-03
1.616642871532369269e-02
1.805282339710825162e-02
9.377983006105823638e-03
1.433904538514504598e-02
1.256604255980697110e-02
2.292914103347287735e-02
6.154553156165917110e-03
1.281681443183385963e-02
3.262118831611774544e-02
7.424037137327492777e-03
1.875020885830425491e-02
1.380019970865196434e-02
8.149956375624031746e-03
7.893251924245583279e-03
1.690747098746744198e-02
8.433969123871790791e-03
9.239236767279807028e-03
1.170975890542767968e-02
4.235377456940626201e-03
1.039155292516779142e-02
1.300055998255164602e-02
9.446076891734515521e-03
7.650922883680153462e-03
9.500845977538122447e-03
1.718991163034180869e-02
1.634121094565734594e-02
4.912301107296317658e-03
1.925465384530464230e-02
5.568675433132154635e-03
7.262074821045043892e-03
1.809670203869879340e-02
1.999916901866726632e-02
2.026694171856426724e-02
2.077482179864506909e-02
2.351872857729109950e-02
1.935048372813365572e-02
8.582722217101341339e-03
6.455579354765322506e-03
4.365237814431900502e-03
5.819860288769442870e-03
1.392403038596077766e-02
6.897398327783463463e-03
1.057209815164532329e-02
8.378797335459322107e-03
1.333729051608322294e-02
2.870019859361611081e-02
1.175642938921448930e-02
1.160594011185739523e-02
1.056842829026934799e-02
1.406913930686972021e-02
8.169437820732176544e-03
1.641192370693921043e-02
1.096299717423266512e-02
7.764914305345889563e-03
8.744461277251617745e-03
1.318916117588198912e-02
8.625037694710655650e-03
1.985670109861242122e-02
1.114048913030006756e-02
4.384143472040944595e-03
8.981754696032661842e-03
2.181552620184355751e-02
1.068569596192575459e-02
8.537957366153840419e-03
1.084027515598053049e-02
9.150754346877062323e-03
1.545530648770332069e-02
8.496857627878575542e-03
9.237687540219677654e-03
1.202902361444840862e-02
4.653720415772843316e-03
1.025350971635130733e-02
1.466334695797437242e-02
1.175644328740206579e-02
7.672673085713742173e-03
1.020541643613154421e-02
1.464908092631362832e-02
6.790922598251246736e-03
1.324765145178416481e-02
9.827939680386624591e-03
1.249127461489017363e-02
8.856915913753319464e-03
8.596919071981887206e-03
1.058632180107809372e-02
1.145886834250825145e-02
1.182621204106294559e-02
1.103901984185880723e-02
1.353644762413013132e-02
7.324911434690771148e-03
7.097016031526482208e-03
8.993042720879475607e-03
1.642975436617785667e-02
6.999953370333872674e-03
1.004641605980005625e-02
8.965654503099787509e-03
5.739393996665379319e-03
9.499889623630913479e-03
7.254452529981306880e-03
1.221187498265621785e-02
5.065390238978675734e-03
8.032059729949426671e-03
1.145752753083093337e-02
1.150818953549917999e-02
1.156187247710772047e-02
1.185270285249307928e-02
1.891855339865974178e-02
8.787347350909344157e-03
5.075592765120039672e-03
1.327672056383835848e-02
1.006611945837387889e-02
1.200605539595676029e-02
6.491598450289065049e-03
7.975059980836241708e-03
1.529593160962046568e-02
1.356350184997234115e-02
1.741282317896541282e-02
1.350506137006508324e-02
1.314101923461145384e-02
7.341090358534287097e-03
6.043714715368914657e-03
1.281099300320075358e-02
8.536395859926220950e-03
1.293159151672859664e-02
9.291289041163941498e-03
7.154164651535233933e-03
9.912918160017708882e-03
5.497080240851119973e-03
5.790947224320707257e-03
4.672277091734002193e-03
4.896531201790706514e-03
1.218941563783840047e-02
9.368888641342262846e-03
7.868625511737101230e-03
1.284780495185825107e-02
1.245186597436423633e-02
9.375599443412789211e-03
2.534646278214731929e-02
1.285837569936774082e-02
8.579356775826670056e-03
9.789772886704387403e-03
5.769358781051771475e-03
7.736333875726963787e-03
6.957993404382170101e-03
8.516906513465850870e-03
8.460136000289159366e-03
5.848022375996992685e-03
1.106995558190793268e-02
5.596191579305668899e-03
9.992887166749054445e-03
5.552801593220265883e-03
8.314049144507625055e-03
1.371275334123155283e-02
6.604808820047969840e-03
8.089202805805842389e-03
1.410852395258812772e-02
1.111779989923173534e-02
9.290797357210618668e-03
7.719061917362134324e-03
1.122692030421261825e-02
1.129552407214583221e-02
2.005026732172799850e-02
1.682716433293603153e-02
4.934376033590527795e-03
9.044111155830536486e-03
1.257257298990053541e-02
4.928840452531874257e-03
1.121539205839484216e-02
6.695640782596510264e-03
8.487882609110174170e-03
6.696093078202609503e-03
1.307016560906174886e-02
1.296117612594151029e-02
2.079244720779389877e-02
1.566665804342572133e-02
1.181380550260440788e-02
4.696557670241563280e-03
1.379660573615587582e-02
5.306552383402126857e-03
6.030743239447699383e-03
8.834558615935765233e-03
1.260531276372362994e-02
1.194683741550419016e-02
7.597159068728699845e-03
5.229869784224744876e-03
1.299553845196343982e-02
1.548081757618559144e-02
1.393442973601064991e-02
1.567710484655096548e-02
9.717036416673818788e-03
1.389045207081427910e-02
9.553182732184814854e-03
1.265211637464652879e-02
1.251110436466107596e-02
1.071991349782550930e-02
1.776962523759737997e-02
1.161485550485445196e-02
8.084661715052879685e-03
1.153862184549335826e-02
1.905850599079240634e-02
1.449917030913501839e-02
1.508122685290201777e-02
8.835124124943905671e-03
1.041482974233180411e-02
8.671537936347084932e-03
7.578277912443785042e-03
7.515227268250599009e-03
1.452511217200378769e-02
1.212331699678567513e-02
8.115373293462431817e-03
8.653743518483476838e-03
1.375522909368967137e-02
8.431938201747413847e-03
7.626892659077412137e-03
8.040151696543712187e-03
1.285666558386665964e-02
6.057825518362239606e-03
1.492348908833082514e-02
8.328681108204101166e-03
8.927378742574392304e-03
1.214617648966172421e-02
1.011850756164179091e-02
9.706387237430197379e-03
1.115911809997269591e-02
3.899247364919236538e-03
4.957399935047217959e-03
9.651765177099879550e-03
1.911115408375814104e-02
5.693192655921819161e-03
6.619827735059577445e-03
8.714780565674326920e-03
8.187564019277573935e-03
1.207624864310725098e-02
7.777438305590606005e-03
1.129047145675611021e-02
1.032717518638561448e-02
1.431650346591499361e-02
8.742954279458155231e-03
6.243103904399677391e-03
7.691439602370214908e-03
8.486044747841085811e-03
7.560499296072535451e-03
9.230053085236717206e-03
1.177943523282230093e-02
1.671099190044507063e-02
5.647169832571304927e-03
2.564931214082831132e-02
1.392177138893833585e-02
6.987441503551009535e-03
9.492184957547255761e-03
9.269040538379038491e-03
6.038227299025070507e-03
1.382130059090953128e-02
8.331405427788547702e-03
9.692801853181581828e-03
1.871605641058405115e-02
1.345793699746070278e-02
1.739503857899259501e-02
7.791279419317465212e-03
1.143750829787181650e-02
5.639911480223861601e-03
8.056480336989029975e-03
6.919335905572750883e-03
9.901231096896083092e-03
2.063044414071454197e-02
1.361639059455077745e-02
5.731700975720187101e-03
5.872813618345375068e-03
1.482736322931918309e-02
2.533673312261642760e-02
1.177688345214335068e-02
5.100406390687223061e-03
5.432029961249050520e-03
1.084152949569359460e-02
6.686662723138588407e-03
1.978362761726167388e-02
1.654142886557571912e-02
6.566102018721623086e-03
5.258659123244408332e-03
7.553888425860399818e-03
1.376299842620718090e-02
1.778804860794536147e-02
1.284921600506807975e-02
9.321659024163363519e-03
8.367060899616276387e-03
4.447271810776255198e-03
8.574444816062913935e-03
6.216693861149716338e-03
8.328680780569228809e-03
6.552769063958996908e-03
1.139128376532542834e-02
9.704402153485983465e-03
7.597432573199845544e-03
1.902740141118742026e-02
7.365381489341856804e-03
9.546417952361831508e-03
1.164692691288444354e-02
1.459953822780853810e-02
1.436684459639804741e-02
1.708685045699836688e-02
9.222045383710616995e-03
1.730962702970117312e-02
1.241890697075521098e-02
7.281712623046316009e-03
4.271244751663126268e-03
1.991790190378194339e-02
7.257097266161244634e-03
7.757844419196398798e-03
7.673161439515875475e-03
1.428675077380356720e-02
6.650015275342237298e-03
2.227813322435471394e-02
1.070636685005759738e-02
8.106196682124349601e-03
6.174553755921105384e-03
1.529057079910633998e-02
4.790682657837745315e-03
7.070129626984995690e-03
8.967973495715330506e-03
1.076759529210689209e-02
6.489378157123352163e-03
1.277483172586099669e-02
6.508471164288259260e-03
4.280810672796639058e-03
1.270832224246097424e-02
3.068903341205421464e-02
1.302189956924956586e-02
8.512422946210948527e-03
8.188732100191746174e-03
6.150054352041359022e-03
9.433993518143750021e-03
6.251868930387332983e-03
1.228225204161856494e-02
1.417945251638604194e-02
8.640079723472046322e-03
1.436243393791114889e-02
1.010290703698113815e-02
8.696756824497407778e-03
7.674302147527330663e-03
1.229307470138090407e-02
1.058972667264715915e-02
4.948156479198966527e-03
2.051532616750270654e-02
6.267495344946697605e-03
2.051748600721360616e-02
1.314927451161372954e-02
5.760280248693839394e-03
8.594535692276807429e-03
6.813897618619943648e-03
6.538859050705266539e-03
1.095738869440512041e-02
6.759815093098559859e-03
3.091040403212593629e-02
1.089578184487624904e-02
1.758835088099020352e-02
7.298183941819895264e-03
1.522621050845072641e-02
1.412126658379040701e-02
1.091737527912388893e-02
1.219711441844751471e-02
1.287175688781325850e-02
3.135884873172800624e-02
8.973843461401022001e-03
1.365942085079589405e-02
1.014152586766255311e-02
6.557834488293394666e-03
6.765273984695167019e-03
9.631664307490446150e-03
9.980099196796661520e-03
1.683018816647819174e-02
2.042689211916395159e-02
7.964038238900081682e-03
7.646482972418510750e-03
5.617772258657063693e-03
1.477413621691449179e-02
1.540816549648503161e-02
8.508607022900651490e-03
1.382019700582837358e-02
1.202984064600891301e-02
6.687179801927792960e-03
1.609522148856366852e-02
7.905324198230461591e-03
7.190936474707111496e-03
6.721301043805894514e-03
1.473404589771801741e-02
1.035290070552370538e-02
2.047428759888551830e-02
1.174894642424866020e-02
9.569511152743324228e-03
7.814768023470249764e-03
3.980611176594829256e-03
6.186080852615094029e-03
7.794680124513670219e-03
3.893772067499925559e-03
1.565545213277992620e-02
1.508633950893611096e-02
1.211295976961503443e-02
7.765574877689287482e-03
1.160990925638049828e-02
2.289974293960001656e-02
8.875882647947114235e-03
1.046513039341851262e-02
1.073894845704681522e-02
1.050198504055575681e-02
1.610148406056934739e-02
1.837175165557535655e-02
2.059258027409038502e-02
6.093663868644003112e-03
1.658063654973226941e-02
4.886314097215909043e-03
1.715189365898630094e-02
1.197597472428044152e-02
1.233847253891148972e-02
1.095142808171795969e-02
1.438262605067670667e-02
1.997233904122441839e-02
1.229509701174873876e-02
6.693378731830064259e-03
1.118124102675011923e-02
1.403155358272204466e-02
8.954655147428089434e-03
8.595048751045636370e-03
1.309813804271616269e-02
1.436603557067257092e-02
1.272440843672012142e-02
5.889905686266850605e-03
1.214079218549398397e-02
1.456297354537085254e-02
1.237143416360279857e-02
1.073569585629825796e-02
1.627397795752676124e-02
7.694503521518378068e-03
9.177724490389010600e-03
5.300391053568711749e-03
1.542687388249944051e-02
1.619037503206085388e-02
7.230877501425416083e-03
1.311313832344522187e-02
4.331561851713072731e-03
2.327117347652882598e-02
8.274814454395786750e-03
8.440208703830470727e-03
6.118629574842018165e-03
8.396079495577232765e-03
9.014649715788452394e-03
9.236650069753908274e-03
1.048932699047788568e-02
7.826777707151431202e-03
2.426596378665241138e-02
6.038673344966358041e-03
7.357809642447608878e-03
1.343604277020058260e-02
8.046567515385669167e-03
1.723578296827117315e-02
6.971067300592876173e-03
5.422504829836020945e-03
1.203055837665162504e-02
7.576837634138565772e-03
1.258482995631106209e-02
6.347769165634232526e-03
2.283066740292059166e-02
1.105015856647578731e-02
8.711956729792273355e-03
1.534328836840772800e-02
7.604572751468331553e-03
1.349013162087678297e-02
1.566243405060343402e-02
8.799813534289917943e-03
1.084521270105913079e-02
1.498458636493356887e-02
5.270040373593916361e-03
3.170332070657310569e-02
1.185365871023457383e-02
1.252824048526109124e-02
9.201207500771878267e-03
6.034100403022815348e-03
1.544150041783513491e-02
6.041077824483435249e-03
6.605277122994951573e-03
1.281139302416448543e-02
7.580913968049227472e-03
1.346331420756305582e-02
4.504473261536411609e-03
8.072355915643649252e-03
7.644741327608193214e-03
1.501870364018389331e-02
1.568600093611498963e-02
6.645795608058942955e-03
1.386556302267075678e-02
9.901185645912441435e-03
7.765334079675189662e-03
9.633082096291278179e-03
1.216692505989072984e-02
5.528857521117811966e-03
6.442906050863536453e-03
1.071310500555535533e-02
7.922782645649592559e-03
5.848933651785330305e-03
8.070211172479050885e-03
1.147488396609087045e-02
6.515889276206612672e-03
1.065757895818897349e-02
1.198235793769329878e-02
1.820496896729838915e-02
9.690079656282161308e-03
1.440458891196417200e-02
1.369452067928334134e-02
3.028282012215695665e-02
5.377105801565143332e-03
1.214024142302381343e-02
8.452654961743468268e-03
9.475474189610923539e-03
2.274059507379332448e-02
7.716690978317012478e-03
1.049618767539457417e-02
5.911859015213555453e-03
1.131754823994612046e-02
1.227770304975877268e-02
6.967709097877024943e-03
5.988837206047796340e-03
7.164799602295239198e-03
1.080624535932465415e-02
1.086983871821071632e-02
1.176805321477134535e-02
7.430863926877972168e-03
1.789699927049578573e-02
1.026119994988083407e-02
1.278300926788872825e-02
7.005301217288556308e-03
1.629469747570860827e-02
1.143908707679209581e-02
9.312509517237343298e-03
1.281996296557794991e-02
2.972113249349028763e-02
6.224724215623047251e-03
7.483811494902754997e-03
5.407655672242771792e-03
1.275628706953415951e-02
1.400179650158646545e-02
9.824440005773787954e-03
1.471070324924572681e-02
8.185309666071628396e-03
8.724892757216310205e-03
6.766026464620975012e-03
1.215996923557501226e-02
5.203491853055189180e-03
1.384966860209890099e-02
8.964931379475038833e-03
7.641199899569440200e-03
1.156894062547736760e-02
7.972139804550521305e-03
9.990954231640963162e-03
6.247384909662525784e-03
6.145438357039411520e-03
8.895542452916445006e-03
1.797768177989477606e-02
6.926737187147612163e-03
9.077483876265035265e-03
7.965244781804173280e-03
1.522709499837165102e-02
9.705406214513339139e-03
8.992665135547537117e-03
1.633462153867705491e-02
5.044764454314528898e-03
7.134971838065213949e-03
8.205460249746734935e-03
8.675718180161186982e-03
1.678554871189153266e-02
1.264449319504372220e-02
7.659982612640231156e-03
1.036840117706521770e-02
8.335350605620293549e-03
1.014008219856881929e-02
8.825066600459001431e-03
1.414430509665414587e-02
5.398085120666484132e-03
1.563704507267199215e-02
8.295309343964536383e-03
9.139087945728216825e-03
7.505336482262363329e-03
1.149343501711968391e-02
9.099749645947690160e-03
1.123172282400675299e-02
9.305879148151015301e-03
1.557152373190178081e-02
7.119004330364299242e-03
6.556547160374704211e-03
1.615176993725110990e-02
1.947088124110585988e-02
7.168187947356800989e-03
1.494289351023749511e-02
1.868511249531724580e-02
2.032814198313190671e-02
2.090352002989808583e-02
1.244341735836454639e-02
1.141310257218068613e-02
8.611986122911379285e-03
1.489509695525336776e-02
1.579889912424580628e-02
1.686563415690894852e-02
1.569805489177579852e-02
1.461065977505288625e-02
8.368891744521989029e-03
2.098873668815272667e-02
2.024840035618000189e-02
9.470814178683898549e-03
1.651513964563938730e-02
1.474942233517244176e-02
7.710883440735598164e-03
1.150817301075706192e-02
1.004636915683280313e-02
4.044223087225235283e-03
6.693148437407863728e-03
1.653846207484156380e-02
1.359998273302926754e-02
6.762517484966839264e-03
1.137697881865945906e-02
1.227018280329728733e-02
1.155242410340210496e-02
8.844991203268514832e-03
2.190962799148030854e-02
1.027238279634545316e-02
5.394505171709884986e-03
1.186532014274623709e-02
9.029217865865881570e-03
8.225448793491579522e-03
9.273574529335240277e-03
1.051134647698017538e-02
6.193672304069473486e-03
1.374141614670423318e-02
6.521818831141971626e-03
7.991096585113505874e-03
6.368390213832156657e-03
1.376498794651382675e-02
1.048817273468413691e-02
7.517317288478590764e-03
1.014188350366283797e-02
1.006969677531660383e-02
7.905157578250950057e-03
1.355803936159535698e-02
5.649535214040609689e-03
1.208039862227637713e-02
1.547202743960964487e-02
2.089132320718791250e-02
1.063029491592010038e-02
4.245253217012330896e-03
8.947172337778147230e-03
4.761804322518029334e-03
5.762274045082399140e-03
4.419855594033784280e-03
9.705407320051403011e-03
8.033254940062439439e-03
1.024335434092285384e-02
5.192954591223535900e-03
6.038940161533713075e-03
1.028887350182387458e-02
7.541691441983376654e-03
1.553552716871137336e-02
1.768812862557229276e-02
2.224930676550714373e-02
7.129764544485331194e-03
1.388103702034487741e-02
9.171469556897500139e-03
2.093037100689715616e-02
1.205344891806603772e-02
7.180141520334015585e-03
1.548463055779738043e-02
1.751454637979287660e-02
1.053387699514229600e-02
1.548816953406451959e-02
1.241001228861143835e-02
1.162399154531976696e-02
9.484649704513561583e-03
7.341195848936838374e-03
1.530340207811795375e-02
1.906911413974314573e-02
2.276118728212237624e-02
1.185664082142576237e-02
6.575716848561236581e-03
3.437678047806650566e-03
1.097829373775961216e-02
1.653856312831446240e-02
8.039720842382060140e-03
1.227304871490486789e-02
7.171977679787569504e-03
8.470107462384844979e-03
9.839864672508111948e-03
2.497740912001900418e-02
8.602335747427690069e-03
2.737073243330642031e-02
1.663865240856004374e-02
1.871044131811902198e-02
1.152092584801837905e-02
7.649464146385823518e-03
8.708752176651289242e-03
2.139038330190375092e-02
8.776424732882164362e-03
1.216411958549678228e-02
1.095325987349139892e-02
1.523582595961141435e-02
1.179437564203709814e-02
5.669132244637357584e-03
8.809785634892678893e-03
8.957724306078688678e-03
7.747191271134982148e-03
9.690366342926229684e-03
1.057730829063022182e-02
9.498023610354551158e-03
6.888703827868070464e-03
1.301937746885604638e-02
9.332117733614926636e-03
1.518302560143913911e-02
1.346930481486885087e-02
1.447145159959249174e-02
1.044165165117792379e-02
5.844310448818107809e-03
1.175629633687619476e-02
7.744697235246562721e-03
1.382217531478720576e-02
9.887019946602265685e-03
1.777807321665920634e-02
1.314439507252929823e-02
5.218340944054078966e-03
9.546418516170850077e-03
1.747752615772402152e-02
8.181584157549777470e-03
9.907089093956209999e-03
8.977222816584298423e-03
1.258993888403414294e-02
1.149961867343479716e-02
6.430906578656072833e-03
1.015867071324787381e-02
1.434299922603416745e-02
7.811837169765028718e-03
1.204024244861105070e-02
1.044205456732145293e-02
1.252749179873762289e-02
1.364995983470181605e-02
1.229229300129992472e-02
7.068156715386572815e-03
8.408705944374395350e-03
1.481239664122386765e-02
5.894799463344754971e-03
1.675905310296912920e-02
2.417805433382280711e-02
1.736277256939587274e-02
6.896230384438574446e-03
1.149017006562576444e-02
9.052324157512949346e-03
7.192521556937357674e-03
1.756512941102154543e-02
9.044696283944437046e-03
9.314890981874558371e-03
1.275297576215692064e-02
7.457652734357487524e-03
6.558737656453902769e-03
9.967993428749058471e-03
7.344461266023290247e-03
1.028458731717432802e-02
1.167927823353949977e-02
3.624372604336723730e-03
1.007469163382828693e-02
4.950311636661545306e-03
1.066365916234798122e-02
7.519557977806123894e-03
1.155271411736264950e-02
8.228971874709884241e-03
1.223839265564449080e-02
5.365401171073016541e-03
1.398535100925407497e-02
1.232301097111174887e-02
1.327251175491045432e-02
1.013378138948578880e-02
5.059806296298803227e-03
1.758863115254298559e-02
1.306366845346435164e-02
9.360763108658055887e-03
1.598555167693559848e-02
1.987893980295097479e-02
5.063882567393333291e-03
9.809282283315137740e-03
3.004167150229968691e-02
2.873586426167583363e-02
1.009469545448429817e-02
1.020618562028033360e-02
7.069665709409886888e-03
7.304029215435479429e-03
6.759209375503553996e-03
8.178981878185390825e-03
1.250142608538365278e-02
1.255211133437482939e-02
4.630159530344580762e-03
7.747337565279942620e-03
1.883855783701703784e-02
6.595670432603879460e-03
1.656640414182364643e-02
8.220360881280945262e-03
7.135411085915005502e-03
6.229945161868209562e-03
1.205771443436381117e-02
7.521390118054343404e-03
9.537564567625219508e-03
1.217220718928447958e-02
1.297291635323661631e-02
2.115655125409102860e-02
2.775405989677777116e-02
1.108050547195059063e-02
1.488249939249360401e-02
8.917626002133789351e-03
4.778596304534074579e-03
1.114421296936069471e-02
1.252689345043417855e-02
5.012891659219225436e-03
1.437414979535133613e-02
2.016559420782709430e-02
1.975033605682554455e-02
6.630791782271680188e-03
1.816758732672112478e-02
5.956111570607110217e-03
9.965238555185400651e-03
8.159532204134831157e-03
1.326601756177398818e-02
7.044827315376220832e-03
1.690702188060778932e-02
1.085779927041093454e-02
5.662624146058357032e-03
1.926619941766720412e-02
6.805339284672502244e-03
1.702603442081871213e-02
