186.168	0.000802939
198.622	0.00150518
211.91	0.00211621
226.086	0.000661171
241.211	0
257.347	0.000580856
274.563	0.00217774
292.931	0.00102059
312.527	0.000956599
333.435	0.000896617
355.741	0.00168079
379.539	0.0015754
404.929	0.00147662
432.018	0.000692015
460.919	0
491.754	0.00121591
524.651	0.000284916
559.749	0
597.195	0.000250306
637.146	0.000469222
679.77	0
725.245	0.000618336
773.763	0.000579564
825.526	0.000181074
880.751	0.000339441
939.672	0.000477236
1002.53	0.000298208
1069.6	0.000279509
1141.16	0.000261983
1217.5	0.000122778
1298.94	0.000115079
1385.84	0
1478.55	0.0001011
1577.46	0.000379043
1682.99	8.8819e-05
1795.58	0
1915.7	7.80298e-05
2043.86	7.31371e-05
2180.59	0.000137102
2326.46	0.000257011
2482.1	6.02239e-05
2648.14	0.000112895
2825.3	0
3014.31	9.91815e-05
3215.96	4.64812e-05
3431.1	0.0001307
3660.63	4.08349e-05
3905.52	3.82745e-05
4166.79	7.17491e-05
4445.54	0
4742.94	0
5060.23	2.95405e-05
5398.75	2.76882e-05
5759.91	0
6145.24	2.43248e-05
6556.34	0
6994.94	2.137e-05
7462.89	0
7962.14	0
8494.79	1.75969e-05
9063.08	0
9669.38	0
10316.2	0
11006.4	0
11742.7	1.27298e-05
12528.2	0
13366.3	0
14260.5	0
15214.5	0
16232.3	0
17318.3	8.63145e-06
18476.8	1.61805e-05
19712.9	0
21031.6	0
22438.6	0
23939.7	0
25541.2	5.85257e-06
27249.8	5.4856e-06
29072.8	0
31017.7	0
33092.7	0
35306.6	0
37668.5	0
40188.4	0
42876.9	0
45745.3	0
48805.6	0
52070.6	0
55554	0
59270.4	2.52203e-06
63235.5	0
67465.8	0
71979.1	0
76794.4	0
81931.8	0
87412.8	0
93260.5	0
99499.5	0
106156	0
113257	0
