129.286	0.000739274
142.813	0
157.755	0.00121173
174.26	0.00219391
192.493	0.000496528
212.632	0.000898996
234.879	0.00122077
259.454	0.000368381
286.6	0.00166744
316.586	0.000905705
349.709	0.00109323
386.298	0.00049484
426.715	0.00044797
471.361	0.00060831
520.678	0.000734257
575.155	0.000332355
635.332	0.000300875
701.804	0
775.232	0.000123289
856.342	0.000223224
945.938	0.000202081
1044.91	0.00018294
1154.23	8.28063e-05
1275	0.000224889
1408.4	0
1555.75	0
1718.53	0.000166849
1898.33	5.03484e-05
2096.95	9.11591e-05
2316.34	0
2558.69	0
2826.4	0.000101448
3122.12	0
3448.78	5.54271e-05
3809.61	0
4208.2	0
4648.49	2.05611e-05
5134.84	3.72272e-05
5672.08	5.05517e-05
6265.54	1.52545e-05
6921.08	0
7645.21	5.00067e-05
8445.1	2.26351e-05
9328.69	0
10304.7	9.27516e-06
11382.9	2.51899e-05
12573.8	7.60134e-06
13889.4	1.37627e-05
15342.6	0
16947.8	0
18721	0
20679.7	4.62181e-06
22843.4	4.18405e-06
25233.4	0
27873.5	3.42899e-06
30789.8	3.1042e-06
34011.3	0
37569.7	2.54401e-06
41500.5	2.30305e-06
45842.6	0
50639	1.88744e-06
55937.2	0
61789.7	0
68254.5	2.80063e-06
75395.8	0
83284.2	2.29522e-06
91998	0
101623	9.4051e-07
112256	0
124001	0
136975	6.97777e-07
151306	6.31686e-07
167137	0
184624	0
203940	4.68656e-07
225278	0
248848	0
274884	0
303644	0
335413	0
370507	0
409272	0
452092	2.11412e-07
499393	0
551643	0
609360	0
673115	0
743541	0
821335	0
907269	0
1.00219e+06	0
1.10705e+06	0
1.22288e+06	0
1.35082e+06	0
1.49215e+06	0
1.64827e+06	0
1.82073e+06	0
2.01122e+06	0
2.22165e+06	0
2.4541e+06	0
