158.28	0.000906801
169.307	0
181.104	0.000792519
193.722	0
207.219	0.00138528
221.656	0.00129505
237.1	0
253.619	0
271.289	0.000529059
290.191	0
310.409	0.00138715
332.036	0
355.17	0.000404111
379.916	0.00113337
406.386	0.00105955
434.7	0.000660355
464.986	0.000617343
497.383	0.000577133
532.037	0.000809312
569.106	0.001261
608.757	0.000235772
651.171	0.000440831
696.54	0.000618176
745.069	0.000192637
796.981	0.00036018
852.508	0.000673439
911.905	0.000629575
975.44	0.000441426
1043.4	0.000275116
1116.1	0
1193.86	0.000240444
1277.04	0.000224783
1366.01	0.000105071
1461.19	0.000196454
1562.99	9.1829e-05
1671.89	0.000257543
1788.38	0.00040128
1912.98	7.50286e-05
2046.26	7.01416e-05
2188.83	0.000131146
2341.33	0.000122604
2504.46	5.7309e-05
2678.95	0
2865.6	0
3065.25	9.36484e-05
3278.82	4.37743e-05
3507.26	0
3751.63	3.82576e-05
4013.01	0
4292.61	0
4591.69	0
4911.6	0
5253.81	0.000136594
5619.85	2.55395e-05
6011.41	2.3876e-05
6430.24	0
6878.25	4.17339e-05
7357.48	3.90156e-05
7870.09	0
8418.42	0
9004.96	0
9632.36	1.49006e-05
10303.5	1.39301e-05
11021.3	0
11789.2	0
12610.6	0
13489.2	0
14429.1	0
15434.4	0
16509.7	8.69354e-06
17660	0
18890.4	0
20206.6	0
21614.4	0
23120.4	1.24157e-05
24731.2	0
26454.3	0
28297.5	0
30269	0
32378	4.43289e-06
34633.8	0
37046.9	0
39628	0
42389	0
45342.4	0
48501.5	0
51880.8	0
55495.4	0
59362	0
63497.9	2.26036e-06
67921.9	0
72654.2	0
77716.3	1.84682e-06
83131	0
88922.9	0
95118.5	0
101746	0
108835	0
116417	1.23288e-06
124528	0
