269.23	0.000689085
298.254	0.000311014
330.407	0.000561497
366.026	0.000253428
405.485	0
449.197	0.000206504
497.623	0.000372817
551.268	0.000336537
610.697	0.000607576
676.532	0.000411338
749.465	0
830.26	0.000111725
919.765	0.000504265
1018.92	0.000364155
1128.76	0.000164359
1250.45	0
1385.25	0.00020089
1534.59	0.000181341
1700.02	0.000218259
1883.29	9.85098e-05
2086.31	0.000222309
2311.23	0
2560.38	7.24588e-05
2836.4	3.27038e-05
3142.18	0.000147606
3480.92	0.000106594
3856.17	0.000120276
4271.88	4.34287e-05
4732.41	5.88038e-05
5242.58	3.53876e-05
5807.75	0
6433.85	7.20884e-05
7127.44	1.30147e-05
7895.8	1.17482e-05
8747	4.24196e-05
9689.96	9.57291e-06
10734.6	0
11891.8	2.34013e-05
13173.8	2.81654e-05
14594	0
16167.3	0
17910.1	0
19840.9	0
21979.8	0
24349.4	0
26974.3	0
29882.2	3.10422e-06
33103.7	0
36672.4	5.05891e-06
40625.8	0
45005.4	4.12223e-06
49857.1	0
55231.9	1.67948e-06
61186.1	0
67782.2	1.36852e-06
75089.4	0
83184.3	0
92151.9	1.00661e-06
102086	9.08655e-07
113091	0
125283	0
138789	0
153751	0
170326	0
188688	0
209029	0
231563	0
256527	0
284181	0
314817	0
348755	0
386353	0
428003	0
474143	0
525258	0
581882	0
644611	0
714103	0
791086	0
876368	0
970844	0
1.0755e+06	0
1.19145e+06	0
1.31989e+06	0
1.46218e+06	0
1.61981e+06	0
1.79443e+06	0
1.98787e+06	0
2.20218e+06	0
2.43958e+06	0
2.70257e+06	0
2.99392e+06	0
3.31668e+06	0
3.67423e+06	0
4.07032e+06	0
4.50912e+06	0
4.99522e+06	0
5.53372e+06	0
6.13028e+06	1.51316e-08
6.79114e+06	0
