120.455	0.00224418
129.367	0.00208958
138.938	0.00194563
149.218	0.0018116
160.258	0.0016868
172.115	0.0015706
184.849	0.000731202
198.525	0
213.213	0.00126786
228.987	0
245.929	0.00219838
264.124	0.000511735
283.666	0.00238241
304.653	0
327.193	0.000413095
351.4	0.00153855
377.399	0.0017907
405.321	0
435.309	0.000931488
467.515	0
502.105	0.00080757
539.253	0.00100258
579.15	0.000466759
621.999	0.000217302
668.018	0
717.441	0
770.521	0.000350832
827.529	0.000163332
888.754	0.00030416
954.509	0.000141603
1025.13	0.000131848
1100.97	0.000368297
1182.43	0.000342925
1269.91	0.000106434
1363.87	0.000198203
1464.77	0
1573.15	0
1689.54	0
1814.54	7.44882e-05
1948.79	6.93568e-05
2092.97	0.000129158
2247.82	0
2414.12	5.59879e-05
2592.73	5.21309e-05
2784.56	9.70794e-05
2990.58	9.03917e-05
3211.83	0
3449.46	0.00011755
3704.67	3.64841e-05
3978.77	3.39707e-05
4273.14	0
4589.29	5.89031e-05
4928.83	0
5293.49	0
5685.13	0
6105.75	6.64103e-05
6557.49	2.06118e-05
7042.65	0
7563.7	1.78698e-05
8123.3	0
8724.31	0
9369.78	4.32758e-05
10063	0
10807.5	0
11607.1	3.49341e-05
12465.9	0
13388.2	2.01912e-05
14378.7	0
15442.5	0
16585.1	8.1496e-06
17812.1	0
19129.9	0
20545.3	0
22065.3	6.12552e-06
23697.9	0
25451.2	0
27334.2	4.94478e-06
29356.5	0
31528.5	4.28697e-06
33861.1	0
36366.3	0
39056.9	0
41946.6	0
45050	0
48383.1	0
51962.7	0
55807.2	0
59936.1	0
64370.5	0
69133	0
74247.8	1.82041e-06
79741.1	0
85640.8	0
91977	0
98781.9	0
106090	0
113940	0
122369	0
131423	0
141146	0
