174.794	0.0006788
189.526	0.000626037
205.499	0.00115475
222.819	0
241.599	0.00147331
261.961	0.00135879
284.039	0.0016709
307.979	0.00115576
333.935	0.000355309
362.08	0.000655381
392.597	0.000604438
425.685	0.00139364
461.562	0.000514124
500.464	0.000237081
542.643	0.000437305
588.378	0.000403313
637.967	0.000557945
691.736	0.000343051
750.036	0.00063277
813.251	0.000291793
881.792	0.000403667
956.111	0.000124097
1036.69	0
1124.07	0.000211109
1218.81	0.000292049
1321.53	8.97826e-05
1432.91	8.28038e-05
1553.68	7.63674e-05
1684.62	7.04314e-05
1826.6	0
1980.55	0.000119815
2147.48	0.000165753
2328.47	5.09563e-05
2524.71	4.69955e-05
2737.5	8.66851e-05
2968.22	7.9947e-05
3218.39	7.37327e-05
3489.64	3.40007e-05
3783.75	6.27157e-05
4102.65	0
4448.42	2.66724e-05
4823.34	2.45992e-05
5229.86	0
5670.64	2.09236e-05
6148.57	1.92972e-05
6666.78	0
7228.66	3.28277e-05
7837.91	1.5138e-05
8498.5	0
9214.76	3.86283e-05
9991.39	0
10833.5	1.09522e-05
11746.5	0
12736.6	1.86314e-05
13810	0
14973.9	1.58476e-05
16236	1.46157e-05
17604.3	0
19088.1	6.21594e-06
20696.8	1.14655e-05
22441.2	0
24332.6	4.87619e-06
26383.3	4.49716e-06
28607	0
31018	0
33632.2	3.52787e-06
36466.8	0
39540.3	0
42872.8	0
46486.2	0
50404.1	0
54652.2	0
59258.4	2.00225e-06
64252.8	0
69668.1	0
75539.8	0
81906.4	0
88809.6	0
96294.6	0
104410	0
113210	0
122752	0
133097	0
144315	8.22161e-07
156478	0
169666	0
183966	0
199471	0
216283	0
234511	0
254276	0
275707	0
298944	0
324139	0
351458	0
381079	0
413197	0
448022	0
485782	2.44246e-07
526724	0
