168.596	0.00060056
185.248	0.000546578
203.543	0.000497448
223.646	0
245.734	0
270.003	0.000750008
296.67	0.000341296
325.97	0.000621237
358.163	0.000282698
393.537	0.000771863
432.404	0.000702484
475.109	0.00063934
522.033	0.000193958
573.59	0.000176524
630.24	0.000160657
692.485	0.000438648
760.877	0.000399219
836.023	0.000484447
918.592	0
1009.31	0.000300953
1109	0
1218.53	0
1338.87	0.00015125
1471.1	0
1616.39	0.000125282
1776.03	5.70103e-05
1951.44	0.000103772
2144.17	0.000141666
2355.94	8.59549e-05
2588.62	3.91144e-05
2844.28	0
3125.19	9.71963e-05
3433.84	2.94866e-05
3772.98	0.000107345
4145.61	2.4424e-05
4555.05	4.44572e-05
5004.92	6.06917e-05
5499.22	3.68242e-05
6042.34	5.02714e-05
6639.1	3.05018e-05
7294.8	1.38801e-05
8015.26	2.52649e-05
8806.87	0
9676.67	1.04635e-05
10632.4	2.85691e-05
11682.5	1.73341e-05
12836.2	1.5776e-05
14104	1.43579e-05
15497	1.96011e-05
17027.5	1.78392e-05
18709.2	0
20557	1.47763e-05
22587.2	0
24818	4.07979e-06
27269.1	0
29962.3	0
32921.5	3.07557e-06
36172.9	0
39745.5	2.54752e-06
43670.9	0
47983.9	2.11013e-06
52723	0
57930.1	0
63651.5	0
69937.9	0
76845.2	0
84434.6	0
92773.7	0
101936	9.93289e-07
112004	9.04006e-07
123066	0
135220	0
148575	0
163249	0
179372	5.64483e-07
197087	0
216552	0
237939	0
261439	0
287259	0
315630	0
346803	0
381054	0
418688	0
460039	2.20095e-07
505474	0
555397	0
610249	0
670520	0
736742	0
809505	0
889455	0
977300	0
1.07382e+06	9.42915e-08
1.17988e+06	0
1.2964e+06	0
1.42444e+06	0
1.56512e+06	0
1.7197e+06	0
1.88954e+06	0
