234.271	0.000804012
246.708	0.000763478
259.806	0.00144998
273.6	0
288.125	0.00196119
303.422	0.000620774
319.531	0.000589478
336.495	0.00055976
354.36	0.00053154
373.173	0.00100949
392.985	0.000479296
413.849	0.000455133
435.821	0.00172875
458.959	0
483.325	0.000779419
508.986	0.000370062
536.008	0.000702812
564.465	0.00033369
594.433	0.000950602
625.992	0.000300893
659.227	0.00085717
694.225	0.000271319
731.082	0.000515281
769.896	0.000244652
810.771	0.000464636
853.815	0.000220606
899.145	0.000418968
946.881	0
997.152	0.000566683
1050.09	0.000179371
1105.84	0.000340657
1164.55	0.000323483
1226.38	0.000307175
1291.49	0.000145844
1360.05	0.000138492
1432.26	0
1508.3	0.00024976
1588.38	0.000237168
1672.71	0.000112606
1761.51	0.000320787
1855.03	0
1953.52	9.64191e-05
2057.23	0.000183116
2166.45	0.000173885
2281.47	0.000247678
2402.59	0
2530.15	7.44448e-05
2664.48	7.06917e-05
2805.94	0.000134256
2954.91	6.37436e-05
3111.79	0
3276.99	0.000114957
3450.97	0
3634.19	0
3827.13	0
4030.31	4.67349e-05
4244.29	0
4469.62	0
4706.91	0
4956.81	0
5219.97	0.000180419
5497.1	0
5788.95	3.25372e-05
6096.29	3.08969e-05
6419.95	2.93393e-05
6760.79	0
7119.72	0
7497.71	2.51218e-05
7895.77	2.38553e-05
8314.97	2.26527e-05
8756.42	0
9221.3	0
9710.87	0
10226.4	0
10769.4	0
11341.1	0
11943.2	1.5771e-05
12577.3	1.49759e-05
13245	0
13948.2	0
14688.7	0
15468.6	0
16289.8	0
17154.7	1.09799e-05
18065.4	2.08527e-05
19024.5	0
20034.6	9.40158e-06
21098.2	8.9276e-06
22218.3	0
23397.9	0
24640.1	0
25948.3	0
27325.9	0
28776.7	0
30304.4	6.21547e-06
31913.3	5.90212e-06
33607.6	0
35391.9	5.32202e-06
37270.9	1.01074e-05
39249.6	0
