181.73	0.00164274
193.905	0
206.896	0
220.756	0.000676168
235.545	0.000633713
251.325	0.000593924
268.163	0
286.128	0
305.296	0.00146679
325.749	0.000916461
347.572	0.00128838
370.857	0.00080499
395.702	0
422.212	0.000353539
450.497	0.000662682
480.678	0.000621074
512.88	0
547.24	0.00109106
583.901	0.000766919
623.019	0
664.757	0.000224546
709.291	0.000210447
756.809	0.000197234
807.51	0.00018485
861.608	0.000519731
919.331	0.000324733
980.92	0.000304344
1046.63	0.000285235
1116.75	0.000133663
1191.57	0.000501082
1271.4	0
1356.57	0.000110034
1447.45	0
1544.42	9.665e-05
1647.89	0.000271745
1758.29	0.000169788
1876.08	0.000318256
2001.76	7.45684e-05
2135.87	0.000209659
2278.96	0.000130997
2431.63	6.1386e-05
2594.54	0.000115064
2768.35	0
2953.82	0.000101068
3151.7	9.47223e-05
3362.85	0
3588.13	8.32011e-05
3828.52	0
4085	3.65406e-05
4358.67	0
4650.67	3.20961e-05
4962.24	6.01617e-05
5294.67	2.81922e-05
5649.38	0
6027.85	7.42893e-05
6431.68	2.32083e-05
6862.56	8.70044e-05
7322.31	8.15416e-05
7812.86	0
8336.27	1.79059e-05
8894.74	0
9490.63	0
10126.4	2.94809e-05
10804.8	1.38149e-05
11528.7	1.29475e-05
12301	1.21346e-05
13125.1	0
14004.4	1.06586e-05
14942.6	0
15943.7	0
17011.8	0
18151.5	1.64469e-05
19367.5	0
20665	7.22323e-06
22049.5	0
23526.6	0
25102.8	0
26784.5	0
28578.9	0
30493.5	0
32536.3	0
34716.1	0
37041.8	0
39523.4	0
42171.2	0
44996.4	0
48010.8	0
51227.2	0
54659.1	0
58320.9	0
62228.1	0
66396.9	0
70845.1	0
75591.2	0
80655.4	0
86058.7	0
91824.1	0
97975.7	0
104539	2.85573e-06
111543	0
