144.447	0.00138831
158.853	0.000631206
174.696	0.000573964
192.119	0.00156574
211.279	0.00284749
232.35	0.00172617
255.523	0.00117722
281.007	0.00107046
309.032	0.00162231
339.852	0.000295038
373.746	0.000536563
411.02	0.00121976
452.012	0.000221828
497.092	0.000605134
546.668	0.000366838
601.188	0.00066714
661.145	0.000606639
727.082	0.000137906
799.595	0
879.34	0.000114028
967.038	0.000207374
1063.48	0.000282851
1169.55	0.000171467
1286.19	7.79585e-05
1414.46	0.000567109
1555.53	6.446e-05
1710.66	0.000117229
1881.27	0.000159896
2068.89	9.69304e-05
2275.22	4.407e-05
2502.13	8.01469e-05
2751.68	3.64393e-05
3026.11	0
3327.9	6.02596e-05
3659.8	5.47949e-05
4024.8	2.49128e-05
4426.2	2.26536e-05
4867.63	0
5353.09	0
5886.96	0
6474.07	1.54878e-05
7119.74	0
7829.81	1.28061e-05
8610.69	1.16447e-05
9469.44	0
10413.8	9.62844e-06
11452.4	8.75527e-06
12594.6	0
13850.7	0
15232	0
16751.2	0
18421.8	0
20259	0
22279.5	9.00103e-06
24501.4	0
26945	7.4425e-06
29632.3	0
32587.5	3.07692e-06
35837.6	0
39411.7	0
43342.3	2.31343e-06
47664.9	0
52418.6	0
57646.4	1.73938e-06
63395.5	0
69718.1	0
76671.1	0
84317.7	1.18918e-06
92726.8	0
101975	0
112145	0
123329	0
135629	0
149155	0
164031	0
180390	0
198380	0
218165	0
239923	0
263851	0
290166	0
319104	0
350929	0
385928	0
424417	0
466745	0
513294	0
564485	0
620782	0
682694	0
750780	0
825657	0
908001	0
998557	0
1.09814e+06	0
1.20766e+06	0
1.32811e+06	0
1.46056e+06	0
1.60623e+06	0
1.76642e+06	0
