148.375	0.000983643
158.541	0.000920568
169.404	0.00172308
181.011	0
193.414	0
206.666	0.000706203
220.826	0.00132184
235.957	0.000618538
252.124	0.00115775
269.399	0.000541755
287.857	0.00253508
307.581	0.00142351
328.655	0
351.174	0.002078
375.236	0.000777902
400.946	0.00036401
428.418	0.000340668
457.772	0.00095647
489.137	0.000298379
522.651	0.000279246
558.462	0
596.727	0.000489163
637.613	0
681.3	0.00021422
727.981	0.000400967
777.861	0.000375255
831.158	0.000175596
888.107	0
948.957	0.000307597
1013.98	0.000143936
1083.45	0.000269413
1157.69	0.000252137
1237.01	0.000117985
1321.77	0.000220838
1412.33	0.000413354
1509.1	0.000193424
1612.5	0.000181021
1722.98	0.000169413
1841.04	0
1967.18	0
2101.97	0.000138868
2245.99	6.49817e-05
2399.88	0.00012163
2564.31	5.69151e-05
2740.01	5.32655e-05
2927.75	0.00014955
3128.35	4.66534e-05
3342.7	4.36618e-05
3571.73	0
3816.46	0
4077.95	3.57896e-05
4357.37	0
4655.92	9.40404e-05
4974.93	5.86734e-05
5315.8	0
5680.03	0.00010278
6069.21	4.80946e-05
6485.06	4.50106e-05
6929.4	2.10622e-05
7404.18	0
7911.5	0
8453.57	1.72647e-05
9032.79	1.61576e-05
9651.69	1.51215e-05
10313	0
11019.6	0
11774.7	1.23951e-05
12581.4	1.16003e-05
13443.5	2.17129e-05
14364.6	0
15348.8	0
16400.5	0
17524.2	0
18724.9	0
20007.9	0
21378.8	0
22843.6	0
24408.8	5.97933e-06
26081.2	0
27868.2	5.23708e-06
29777.7	0
31818	0
33998.1	4.29284e-06
36327.5	4.01756e-06
38816.6	0
41476.2	0
44318.1	0
47354.6	0
50599.2	0
54066.2	0
57770.7	0
61729	0
65958.5	0
70477.8	0
75306.7	0
80466.6	0
85979.9	0
91871	0
98165.8	0
104892	0
