160.54	0.0013602
175.244	0.000623035
191.294	0.00114152
208.815	0.00052287
227.94	0.001916
248.817	0.000438809
271.606	0.00120597
296.482	0.00147305
323.637	0.000337363
353.278	0.000309057
385.635	0.000566251
420.955	0.00129685
459.51	0.000712822
501.596	0.00108836
547.537	0.00079763
597.686	0.000182676
652.427	0.000669396
712.183	0.00061323
777.411	0.000702222
848.614	0.00012866
926.338	0.000117865
1011.18	0.000107976
1103.79	9.89161e-05
1204.89	0.000362466
1315.24	0
1435.71	7.60483e-05
1567.2	0.000209002
1710.74	0.000127644
1867.43	0.000175401
2038.46	0.000160684
2225.16	4.90674e-05
2428.97	4.49504e-05
2651.43	4.11789e-05
2894.28	3.77238e-05
3159.36	3.45586e-05
3448.73	3.16589e-05
3764.59	0
4109.39	2.65692e-05
4485.77	0
4896.61	4.45953e-05
5345.09	4.08536e-05
5834.64	0
6369.04	3.42856e-05
6952.37	3.14088e-05
7589.14	2.87735e-05
8284.22	0
9042.97	0
9871.2	0
10775.3	0
11762.2	0
12839.5	0
14015.5	0
15299.1	7.13655e-06
16700.4	6.53776e-06
18229.9	0
19899.6	5.48669e-06
21722.2	5.02633e-06
23711.7	4.6046e-06
25883.5	0
28254.1	0
30841.9	0
33666.7	0
36750.2	0
40116.1	2.72167e-06
43790.3	0
47801	0
52179.1	0
56958.2	0
62174.9	0
67869.5	0
74085.6	4.42122e-06
80871.1	0
88278	0
96363.3	0
105189	0
114823	0
125340	0
136820	0
149351	0
163030	0
177962	0
194261	0
212053	0
231475	0
252676	0
275818	0
301080	0
328656	0
358758	0
391616	0
427484	0
466637	0
509376	0
556029	0
606956	0
662546	0
723228	0
789468	0
861775	1.26695e-07
940705	0
