274.685	0.00102438
294.209	0.000478202
315.121	0.000446468
337.519	0.00041684
361.509	0.000778356
387.204	0
414.725	0.00033924
444.203	0.000950182
475.776	0.000295709
509.593	0
545.814	0.000257764
584.609	0.000240659
626.161	0.000449377
670.667	0.00104889
718.337	0.000783428
769.395	0.00018286
824.081	0.000170725
882.655	0.000637582
945.392	0.000446454
1012.59	0.000555769
1084.56	0
1161.65	0.000242227
1244.22	0.000113076
1332.65	0.000211145
1427.37	0.0002957
1528.83	0.000184051
1637.49	0.000171837
1753.88	0.000240651
1878.54	0.000224681
2012.07	0
2155.08	0.000130567
2308.26	0
2472.32	5.69065e-05
2648.05	5.31301e-05
2836.27	0.000148813
3037.86	9.26252e-05
3253.79	4.32392e-05
3485.06	4.03699e-05
3732.77	7.53818e-05
3998.08	3.51897e-05
4282.26	0.000164272
4586.63	0
4912.64	0
5261.82	2.67382e-05
5635.81	2.49638e-05
6036.39	0
6465.45	2.17605e-05
6924.99	2.03164e-05
7417.21	3.79365e-05
7944.4	0
8509.07	1.65343e-05
9113.88	1.5437e-05
9761.67	0
10455.5	0
11198.7	2.51264e-05
11994.6	0
12847.2	2.19023e-05
13760.3	1.02244e-05
14738.4	0
15785.9	8.91244e-06
16908	0
18109.8	7.76881e-06
19397	0
20775.6	0
22252.3	6.32254e-06
23834	1.18059e-05
25528	0
27342.5	5.14551e-06
29285.9	0
31367.5	4.48525e-06
33597	0
35985	3.90971e-06
38542.8	7.30053e-06
41282.3	0
44216.6	3.18187e-06
47359.4	0
50725.6	0
54331	0
58192.7	0
62328.9	0
66759.1	0
71504.2	0
76586.5	0
82030.1	0
87860.6	0
94105.6	0
100794	0
107959	0
115632	0
123851	0
132654	0
142083	0
152182	0
162998	0
174584	0
186993	0
200284	0
214519	0
229767	6.12322e-07
246098	0
