195.845	0.000757259
209.05	0
223.146	0.000664609
238.192	0.00124525
254.253	0.000583296
271.397	0.0010929
289.697	0.000511931
309.231	0
330.082	0.000449297
352.339	0.00084183
376.097	0.000788653
401.457	0.000369417
428.526	0
457.421	0.000648439
488.265	0.000607478
521.188	0
556.331	0.000266577
593.843	0.00099895
633.885	0
676.627	0.000657548
722.251	0
770.952	0.000577098
822.936	0.000720858
878.426	0.000337661
937.657	0.000158166
1000.88	0
1068.37	0.000416443
1140.41	0.000130045
1217.3	0
1299.39	0.000114135
1387	0.000320775
1480.53	0
1580.35	0.000281528
1686.92	0.000263744
1800.66	0.000329445
1922.08	7.71586e-05
2051.68	7.22846e-05
2190.02	0
2337.69	0
2495.32	0
2663.58	0.000111358
2843.18	0
3034.89	9.77333e-05
3239.53	4.57798e-05
3457.97	0.000128664
3691.13	4.01787e-05
3940.02	0.000150563
4205.69	7.05258e-05
4489.28	0
4791.98	9.28457e-05
5115.1	5.79871e-05
5460	8.14862e-05
5828.16	5.08925e-05
6221.15	0
6640.63	0
7088.4	0
7566.36	0
8076.55	0
8621.14	0
9202.45	1.61158e-05
9822.96	4.52934e-05
10485.3	1.41441e-05
11192.3	0
11947	0
12752.6	0
13612.5	0
14530.3	0
15510.1	9.56184e-06
16555.9	0
17672.3	8.39196e-06
18863.9	7.86185e-06
20135.8	7.36522e-06
21493.6	0
22942.9	0
24489.9	0
26141.2	1.13465e-05
27903.8	0
29785.4	0
31793.7	0
33937.6	0
36225.9	0
38668.6	3.83528e-06
41276	3.59301e-06
44059.1	0
47030	3.15341e-06
50201.1	0
53586.1	0
57199.4	0
61056.3	0
65173.2	0
69567.7	0
74258.6	1.99714e-06
79265.8	0
84610.5	0
90315.7	0
96405.6	1.53834e-06
102906	1.44117e-06
109845	1.35013e-06
117252	0
125158	0
