195.2	0.000870578
206.687	0
218.849	0
231.728	0
245.364	0.000692592
259.802	0
275.09	0
291.278	0
308.419	0.000550995
326.568	0.000520373
345.785	0.000491454
366.132	0.000928282
387.678	0
410.491	0.000827971
434.646	0.000390978
460.223	0.000738499
487.305	0.000697457
515.98	0.000988044
546.343	0.000622089
578.493	0.000587516
612.535	0.000277432
648.58	0.000524028
686.746	0.000742358
727.157	0.000467401
769.947	0.000882851
815.255	0.000208447
863.229	0
914.026	0.000929608
967.812	0
1024.76	0.000331661
1085.07	0.000313229
1148.92	0
1216.52	0.000139691
1288.11	0.000395782
1363.91	0.000124595
1444.17	0
1529.15	0
1619.14	0.000209911
1714.42	0.000297367
1815.3	0.000187227
1922.12	0.000176822
2035.23	8.34977e-05
2154.99	7.88573e-05
2281.81	7.44748e-05
2416.08	0.000140672
2558.25	6.64269e-05
2708.8	6.27353e-05
2868.2	5.92488e-05
3036.98	0.000111912
3215.69	5.28463e-05
3404.92	0
3605.28	9.42712e-05
3817.43	0
4042.07	8.40841e-05
4279.93	3.97056e-05
4531.78	0
4798.46	0
5080.82	0
5379.81	0
5696.38	5.96649e-05
6031.59	0
6386.52	2.66087e-05
6762.33	7.53898e-05
7160.27	0
7581.61	2.24144e-05
8027.76	0
8500.15	1.99922e-05
9000.35	1.88812e-05
9529.98	1.78318e-05
10090.8	0
10684.6	1.59049e-05
11313.3	1.5021e-05
11979	0
12683.9	0
13430.3	1.26532e-05
14220.6	0
15057.5	0
15943.5	0
16881.7	1.00663e-05
17875.1	0
18927	3.59142e-05
20040.8	0
21220.1	8.00831e-06
22468.8	0
23791	1.42858e-05
25191	0
26673.3	6.37105e-06
28242.9	0
29904.9	0
31664.7	1.07335e-05
33528	0
35500.9	4.78683e-06
37590	4.52081e-06
39802	0
42144.2	0
44624.1	0
47250.1	0
50030.5	0
52974.6	0
56091.9	0
