103.772	0.000712503
117.807	0
133.74	0
151.828	0.000973966
172.363	0.000428966
195.675	0.000377861
222.14	0.00133138
252.184	0.00117276
286.291	0.000258261
325.012	0.000454986
368.969	0.000400781
418.872	0.000706067
475.524	0.000932924
539.837	0.000136963
612.85	0.000361938
695.737	0.000106273
789.834	0.00046806
896.658	0.000329838
1017.93	7.26355e-05
1155.6	0.000255928
1311.9	0
1489.33	4.96451e-05
1690.76	0
1919.43	0.000154083
2179.03	0.000203589
2473.74	0.000119556
2808.32	0.000131641
3188.14	2.31916e-05
3619.33	4.08573e-05
4108.84	1.79948e-05
4664.55	4.75531e-05
5295.43	2.79252e-05
6011.62	4.91966e-05
6824.69	2.16678e-05
7747.72	1.90864e-05
8795.59	0
9985.18	0
11335.7	1.30452e-05
12868.8	1.1491e-05
14609.3	0
16585.2	8.91615e-06
18828.3	3.92696e-06
21374.8	3.45912e-06
24265.7	0
27547.6	8.05201e-06
31273.4	0
35503.1	0
40304.8	0
45756	1.61592e-06
51944.4	0
58969.8	0
66945.4	2.2089e-06
75999.7	0
86278.5	0
97947.6	0
111195	0
126234	0
143307	0
162689	0
184692	0
209672	0
238029	0
270223	2.73618e-07
306770	0
348260	0
395362	0
448834	0
509538	0
578452	0
656687	0
745503	0
846332	0
960797	0
1.09074e+06	0
1.23826e+06	0
1.40574e+06	0
1.59586e+06	0
1.8117e+06	0
2.05673e+06	0
2.3349e+06	0
2.65069e+06	0
3.0092e+06	0
3.41619e+06	0
3.87822e+06	0
4.40274e+06	0
4.99821e+06	0
5.67421e+06	0
6.44164e+06	0
7.31286e+06	0
8.30192e+06	0
9.42474e+06	0
1.06994e+07	0
1.21465e+07	0
1.37893e+07	0
1.56543e+07	0
1.77715e+07	0
2.01751e+07	0
2.29037e+07	0
2.60014e+07	2.84361e-09
2.95181e+07	0
