125.158	0.00105007
134.681	0
144.929	0
155.957	0.000842698
167.823	0
180.593	0.00145548
194.334	0.000676281
209.121	0.000628461
225.033	0.00175207
242.155	0
260.581	0.000504352
280.408	0.000937379
301.744	0.00130665
324.704	0
349.41	0.0011284
375.997	0.00139814
404.606	0.000974461
435.392	0.000603705
468.521	0.00112204
504.171	0.0010427
542.533	0.000726727
583.814	0.000225113
628.236	0.00104598
676.038	0.000583211
727.477	0.000722631
782.83	0.000671534
842.396	0
906.493	0
975.468	0.000538918
1049.69	0.000125203
1129.56	0.0002327
1215.51	0.000108123
1308	0.000100478
1407.52	0.000280119
1514.62	0.000173541
1629.86	0.000322541
1753.88	0
1887.33	0
2030.94	0
2185.47	0.000120271
2351.76	0.000111767
2530.7	0
2723.26	9.65197e-05
2930.48	8.96948e-05
3153.45	0
3393.4	3.87294e-05
3651.6	7.19817e-05
3929.45	0
4228.44	3.1081e-05
4550.18	5.77667e-05
4896.4	0
5268.96	0
5669.88	0
6101.29	2.15404e-05
6565.54	0
7065.1	1.86019e-05
7602.68	0
8181.17	0
8803.67	1.49284e-05
9473.53	0
10194.4	0
10970.1	1.19803e-05
11804.8	0
12703	0
13669.5	0
14709.6	8.93457e-06
15828.9	0
17033.3	0
18329.4	0
19724	0
21224.8	0
22839.8	0
24577.7	5.34731e-06
26447.8	0
28460.2	0
30625.7	4.29131e-06
32956	0
35463.6	0
38162	3.44385e-06
41065.7	3.20034e-06
44190.4	0
47552.8	2.76376e-06
51171.1	0
55064.6	0
59254.5	0
63763.1	0
68614.8	0
73835.7	0
79453.8	0
85499.4	0
92005	0
99005.6	1.32744e-06
106539	0
114645	1.14636e-06
123369	0
132756	0
142857	0
153727	0
165424	0
178011	0
