169.883	0.0012553
185.815	0.00114767
203.242	0
222.303	0.000959294
243.152	0.00131556
265.955	0.00040092
290.898	0.000366544
318.18	0.00167558
348.02	0.000612762
380.66	0.00112044
416.36	0.000512186
455.408	0.00093654
498.118	0.000214059
544.834	0.00039141
595.932	0.000357849
651.821	0.000817915
712.952	0.000448671
779.816	0.000957133
852.951	0.000250019
932.945	0.000114291
1020.44	0.000208982
1116.14	0.000191063
1220.82	8.73403e-05
1335.32	0.000239554
1460.55	7.30047e-05
1597.53	6.6745e-05
1747.35	0.000122044
1911.23	0.00011158
2090.47	5.10062e-05
2286.52	9.32655e-05
2500.97	4.26343e-05
2735.52	7.79573e-05
2992.07	0.00010691
3272.68	3.25809e-05
3579.61	0.000119149
3915.32	0
4282.52	0
4684.16	6.82899e-05
5123.46	0
5603.96	7.61082e-05
6129.53	1.73956e-05
6704.39	0
7333.16	2.90807e-05
8020.9	0
8773.14	1.21538e-05
9595.93	0
10495.9	1.01589e-05
11480.2	0
12556.9	0
13734.6	7.7634e-06
15022.7	1.41955e-05
16431.6	0
17972.6	0
19658.1	0
21501.8	0
23518.3	0
25724	0
28136.5	0
30775.3	0
33661.6	0
36818.5	0
40271.5	2.6477e-06
44048.4	0
48179.5	0
52698	0
57640.3	0
63046.1	1.69125e-06
68958.8	1.54624e-06
75426.1	0
82500	0
90237.2	1.18163e-06
98700.1	0
107957	0
118081	0
129156	8.25568e-07
141269	0
154517	0
169009	0
184859	0
202196	0
221159	0
241901	0
264587	0
289402	0
316543	0
346230	0
378702	0
414218	0
453065	0
495556	0
542032	0
592866	0
648468	0
709285	0
775805	0
848564	0
928147	0
1.01519e+06	0
1.1104e+06	9.60254e-08
1.21454e+06	0
