69.6457	0.00131875
77.2287	0
85.6373	0
94.9614	0.000967185
105.301	0
116.766	0
129.479	0
143.576	0
159.209	0.000576885
176.543	0
195.765	0
217.08	0.000423094
240.715	0.000763102
266.924	0.000344087
295.987	0.000310302
328.213	0.000839502
363.949	0.000757072
403.575	0.000455158
447.516	0.00143663
496.241	0.000185082
550.271	0.000166909
610.184	0.000451562
676.62	0.000271482
750.29	0.000367239
831.98	0.000220787
922.565	0.000199108
1023.01	0.000179558
1134.4	0.000323855
1257.91	0.000438085
1394.87	0.000460915
1546.74	0.000178139
1715.15	0.000107099
1901.89	9.6583e-05
2108.97	0.000174199
2338.59	0
2593.21	3.54175e-05
2875.56	0.0001597
3188.65	2.88038e-05
3535.82	0
3920.8	2.34251e-05
4347.69	4.22501e-05
4821.06	0
5345.98	6.8721e-05
5928.04	3.09867e-05
6573.48	0
7289.19	0
8082.83	1.1363e-05
8962.88	1.02473e-05
9938.75	9.24113e-06
11020.9	1.66675e-05
12220.8	1.5031e-05
13551.4	0
15026.9	1.22241e-05
16663	0
18477.2	0
20489	4.48266e-06
22719.8	0
25193.5	0
27936.5	0
30978.2	0
34351.1	0
38091.2	0
42238.6	0
46837.4	0
51937	3.53679e-06
57591.9	0
63862.4	0
70815.7	0
78526	0
87075.9	0
96556.6	0
107070	0
118727	0
131654	0
145988	0
161883	5.67354e-07
179509	0
199054	0
220727	4.16104e-07
244759	0
271408	0
300959	0
333727	0
370063	0
410355	0
455034	0
504577	0
559515	0
620434	0
687986	0
762894	1.20391e-07
845957	1.0857e-07
938063	0
1.0402e+06	0
1.15345e+06	0
1.27904e+06	0
1.4183e+06	0
1.57272e+06	0
1.74396e+06	0
1.93384e+06	0
