230.239	0.000540664
248.735	0
268.717	0
290.303	0.0004288
313.624	0.000396915
338.819	0
366.037	0.000340081
395.442	0.000314793
427.209	0.000291385
461.527	0
498.603	0.000499324
538.657	0.000231097
581.929	0.000213913
628.677	0.000792026
679.181	0.000366566
733.741	0
792.685	0.000157039
856.363	0.000290723
925.157	0.000269105
999.478	0.000124547
1079.77	0.000230572
1166.51	0.000213427
1260.22	0.000197556
1361.46	0.000274299
1470.82	0.000169268
1588.98	0.000156682
1716.63	0.000290062
1854.53	0.000268493
2003.51	0.000186396
2164.46	0.000115024
2338.33	5.32354e-05
2526.18	0.000147831
2729.11	0.000136838
2948.35	4.2221e-05
3185.2	0.000195407
3441.07	7.23507e-05
3717.51	6.69708e-05
4016.14	0
4338.77	2.86906e-05
4687.32	2.65572e-05
5063.86	4.91649e-05
5470.66	4.5509e-05
5910.13	4.2125e-05
6384.91	0
6897.83	1.80466e-05
7451.95	5.01139e-05
8050.58	6.185e-05
8697.31	0
9395.99	2.64969e-05
10150.8	0
10966.2	0
11847.2	2.10146e-05
12798.9	0
13827.1	0
14937.8	0
16137.8	1.54274e-05
17434.2	0
18834.8	6.60916e-06
20347.8	0
21982.4	0
23748.3	0
25656.1	0
27717.1	0
29943.7	8.3144e-06
32349.2	0
34947.9	3.56194e-06
37755.4	0
40788.4	0
44065	0
47604.9	2.6149e-06
51429.1	0
55560.5	2.24048e-06
60023.9	0
64845.8	0
70055	1.77692e-06
75682.7	1.64479e-06
81762.5	0
88330.7	0
95426.6	1.30448e-06
103092	0
111374	0
120321	0
129987	0
140429	8.86441e-07
151710	8.20526e-07
163897	0
177064	0
191288	0
206655	0
223256	0
241190	0
260566	0
281498	0
304111	0
328542	0
354934	0
383447	0
414251	0
447528	5.56309e-07
483480	0
