179.034	0.00102945
198.462	0.000464336
219.999	0.000837762
243.872	0.00113363
270.335	0.00102265
299.671	0
332.19	0.000277412
368.237	0.00100102
408.196	0.000451514
452.492	0
501.594	0.000367442
556.024	0.000497208
616.361	0.000448535
683.245	0.000539503
757.388	0.000121672
839.576	0.000548808
930.682	0
1031.68	0.000178648
1143.63	0.00016116
1267.73	0.000363458
1405.3	0
1557.79	0.000118313
1726.83	0.000160096
1914.22	9.62827e-05
2121.94	4.34287e-05
2352.21	0.000156709
2607.46	0.000141369
2890.4	0.00012753
3204.05	2.87614e-05
3551.74	0.000103784
3937.16	0
4364.4	2.11147e-05
4838	3.80956e-05
5363	1.71832e-05
5944.96	4.65032e-05
6590.08	0
7305.2	0
8097.93	1.13799e-05
8976.67	3.07976e-05
9950.78	1.85218e-05
11030.6	0
12227.6	2.26095e-05
13554.4	6.79875e-06
15025.3	0
16655.8	5.53281e-06
18463.2	0
20466.7	9.00519e-06
22687.6	4.06182e-06
25149.6	0
27878.7	3.30551e-06
30903.9	2.98192e-06
34257.5	0
37974.9	0
42095.8	2.18913e-06
46663.8	0
51727.5	1.78151e-06
57340.7	1.60712e-06
63563.1	0
70460.6	0
78106.6	0
86582.4	0
95977.8	9.60151e-07
106393	0
117938	7.8137e-07
130736	0
144923	6.35877e-07
160649	0
178082	0
197407	0
218828	0
242574	0
268897	0
298077	0
330422	0
366278	0
406025	0
450085	0
498925	0
553066	0
613082	0
679611	0
753359	0
835109	0
925731	0
1.02619e+06	0
1.13754e+06	0
1.26098e+06	0
1.39782e+06	0
1.5495e+06	0
1.71765e+06	0
1.90404e+06	0
2.11066e+06	0
2.33969e+06	0
2.59358e+06	0
2.87503e+06	0
3.18701e+06	0
3.53285e+06	0
3.91622e+06	0
4.34118e+06	2.12277e-08
4.81227e+06	0
