131.935	0.00126668
147.724	0.0011313
165.403	0.00101038
185.198	0.00180477
207.361	0.000805936
232.177	0.000719795
259.963	0.00128572
291.074	0.00143537
325.908	0.000256391
364.911	0.000686962
408.581	0.00122707
457.478	0.00054796
512.227	0
573.527	0.000145695
642.164	0
719.015	0.000232429
805.062	0.000103793
901.408	0.000185399
1009.28	0.000165583
1130.07	0.000221827
1265.31	0.000132078
1416.74	0.000176942
1586.28	0.000368736
1776.12	0.000235231
1988.68	0
2226.67	0.00011258
2493.15	3.35158e-05
2791.51	0
3125.59	5.34683e-05
3499.64	4.77534e-05
3918.46	0
4387.4	3.80909e-05
4912.46	5.10294e-05
5500.36	0
6158.61	4.07039e-05
6895.64	1.21178e-05
7720.87	2.16452e-05
8644.87	9.66584e-06
9679.44	1.72654e-05
10837.8	1.54201e-05
12134.8	0
13587.1	0
15213.1	0
17033.7	0
19072.2	4.38124e-06
21354.7	0
23910.3	0
26771.7	0
29975.6	0
33563	0
37579.6	2.22354e-06
42076.9	1.98588e-06
47112.5	5.32088e-06
52750.6	0
59063.6	1.41475e-06
66132	1.26353e-06
74046.3	0
82907.8	0
92829.7	9.00142e-07
103939	0
116378	0
130305	0
145900	0
163360	0
182910	0
204800	4.08007e-07
229309	0
256752	0
287479	0
321882	0
360404	2.31851e-07
403535	0
451828	0
505900	0
566443	0
634232	0
710134	0
795119	0
890274	0
996818	0
1.11611e+06	0
1.24968e+06	0
1.39924e+06	0
1.56669e+06	0
1.75418e+06	0
1.96411e+06	0
2.19917e+06	0
2.46235e+06	0
2.75704e+06	0
3.08698e+06	0
3.45642e+06	0
3.87006e+06	0
4.33321e+06	0
4.85178e+06	0
5.43242e+06	0
6.08254e+06	0
6.81047e+06	0
7.62551e+06	0
8.53809e+06	9.78672e-09
9.55988e+06	0
