154.619	0.000987364
164.747	0
175.538	0.000869697
187.036	0.00163246
199.288	0
212.342	0.00143792
226.251	0.00134952
241.071	0
256.862	0
273.687	0.00111562
291.614	0.000523517
310.716	0.000982667
331.068	0.000461128
352.754	0.0021639
375.861	0.000812349
400.481	0.000381205
426.713	0.00143108
454.664	0.000671551
484.446	0.000315133
516.179	0.00059152
549.99	0.00111031
586.016	0.00104205
624.402	0.000733495
665.302	0.000458935
708.881	0
755.315	0.000606364
804.79	0.000189696
857.506	0.000178034
913.675	0
973.523	0.000156817
1037.29	0.000294353
1105.24	0.000276258
1177.63	0.000129637
1254.77	0
1336.96	0.000228376
1424.54	0.000107168
1517.85	0.00020116
1617.27	9.43966e-05
1723.21	0.000177187
1836.08	0.000166294
1956.35	7.80355e-05
2084.5	0.000219715
2221.04	0.000206208
2366.52	0
2521.54	6.05444e-05
2686.71	0
2862.69	0
3050.21	0.000100101
3250.01	4.69738e-05
3462.89	8.8172e-05
3689.72	8.27516e-05
3931.41	3.88322e-05
4188.93	7.28898e-05
4463.31	0
4755.67	0
5067.18	3.01282e-05
5399.1	2.8276e-05
5752.75	7.96132e-05
6129.58	0
6531.08	2.33752e-05
6958.89	0
7414.71	2.05895e-05
7900.4	0
8417.9	0
8969.29	0
9556.81	0
10182.8	2.99849e-05
10849.8	0
11560.5	0
12317.7	0
13124.6	0
13984.3	0
14900.3	1.02458e-05
15876.3	2.88477e-05
16916.3	1.80495e-05
18024.3	0
19205	0
20463	0
21803.3	0
23231.5	0
24753.2	0
26374.7	0
28102.3	0
29943	0
31904.4	0
33994.2	0
36221	0
38593.5	0
41121.5	3.71253e-06
43815.1	0
46685.1	0
49743.1	0
53001.4	0
56473.2	0
60172.3	0
64113.8	0
68313.4	0
72788.2	0
77556	1.96845e-06
82636.1	0
