224.781	0.00079518
237.357	0.00075305
250.636	0.0014263
264.658	0.000675367
279.465	0
295.1	0.000605697
311.61	0.000573606
329.044	0
347.453	0.00102887
366.891	0.000487178
387.418	0.000922731
409.093	0
431.98	0.000413772
456.148	0.000391849
481.668	0
508.616	0.000351427
537.071	0
567.118	0
598.847	0.000298476
632.35	0.00113065
667.728	0.000267686
705.086	0.000507006
744.533	0.00120036
786.187	0.000682056
830.172	0.000215306
876.617	0
925.661	0.000386192
977.449	0.000548595
1032.13	0.000173176
1089.88	0
1150.85	0.000310624
1215.24	0.000441249
1283.23	0.00013929
1355.02	0.00013191
1430.83	0.000124921
1510.88	0.000709816
1595.41	0
1684.67	0.000106099
1778.92	0
1878.44	9.51539e-05
1983.54	0.000360449
2094.51	8.5338e-05
2211.69	0.000161633
2335.43	7.65347e-05
2466.09	7.24797e-05
2604.06	0
2749.75	0
2903.59	6.15588e-05
3066.03	5.82973e-05
3237.57	0
3418.7	5.22834e-05
3609.96	4.95133e-05
3811.93	0.00014067
4025.19	8.88112e-05
4250.39	8.41058e-05
4488.19	0
4739.29	3.77148e-05
5004.43	3.57166e-05
5284.42	0
5580.06	0
5892.25	3.0335e-05
6221.9	2.87278e-05
6570	0
6937.57	2.57643e-05
7325.7	0
7735.55	2.31065e-05
8168.33	8.75289e-05
8625.32	2.07229e-05
9107.88	0
9617.44	0
10155.5	0
10723.7	0
11323.6	1.57848e-05
11957.1	0
12626.1	1.41565e-05
13332.5	0
14078.4	1.26961e-05
14866.1	0
15697.8	2.27728e-05
16576	2.15663e-05
17503.4	0
18482.6	0
19516.7	1.83168e-05
20608.6	0
21761.6	0
22979	0
24264.6	1.47327e-05
25622.2	0
27055.7	0
28569.3	0
30167.7	0
31855.5	0
33637.7	0
35519.6	0
37506.8	0
39605.2	1.35392e-05
41821	0
44160.7	0
46631.4	0
49240.3	0
