111.876	0.000817224
124.113	0
137.688	0
152.748	0
169.455	0.000539544
187.989	0
208.55	0.000438399
231.36	0.000790353
256.665	0.00142486
284.738	0.00064219
315.882	0.000289438
350.432	0.000521803
388.76	0.000940715
431.281	0.000847968
478.453	0
530.784	0.000516753
588.838	0.000155269
653.243	0
724.692	0.000252323
803.955	0.000113723
891.888	0.000307532
989.439	9.2404e-05
1097.66	0.000166587
1217.72	0.000225245
1350.91	0.000270717
1498.66	0.000244026
1662.58	0
1844.42	0.00029742
2046.16	0.000134048
2269.96	0.000120832
2518.24	0
2793.67	3.27269e-05
3099.23	2.95003e-05
3438.21	0
3814.26	4.79401e-05
4231.45	8.64272e-05
4694.27	5.84296e-05
5207.71	1.75563e-05
5777.3	6.33016e-05
6409.2	4.27954e-05
7110.21	1.28587e-05
7887.89	1.15909e-05
8750.63	1.04482e-05
9707.74	0
10769.5	1.6979e-05
11947.5	3.06101e-05
13254.2	6.89804e-06
14703.9	6.21795e-06
16312.1	5.60491e-06
18096.3	1.01046e-05
20075.6	0
22271.4	0
24707.3	0
27409.7	6.67123e-06
30407.6	0
33733.5	0
37423.1	2.44309e-06
41516.3	0
46057.1	0
51094.7	0
56683.2	3.22594e-06
62882.9	0
69760.8	1.3106e-06
77390.9	0
85855.6	1.06491e-06
95246.1	0
105664	0
117221	0
130042	7.03068e-07
144265	0
160044	0
177549	0
196969	0
218512	0
242412	0
268926	0
298340	0
330971	0
367171	0
407331	0
451883	0
501308	0
556139	0
616966	0
684448	0
759309	0
842359	0
934493	0
1.0367e+06	0
1.15009e+06	0
1.27589e+06	0
1.41544e+06	0
1.57025e+06	0
1.742e+06	0
1.93253e+06	0
2.1439e+06	0
2.37839e+06	0
2.63853e+06	0
2.92712e+06	3.12348e-08
3.24727e+06	0
