155.279	0.000905876
166.318	0
178.141	0.00236885
190.806	0
204.371	0
218.9	0
234.462	0
251.13	0.000560121
268.983	0.00104589
288.106	0.000976469
308.588	0.00182332
330.526	0.000425574
354.023	0.00119198
379.192	0.00111287
406.149	0
435.023	0.00129339
465.949	0.00060377
499.074	0.000563696
534.555	0.000526282
572.557	0.000491351
613.261	0.000229369
656.859	0.000214145
703.556	0.000399863
753.573	0.000186662
807.146	0.000174272
864.528	0.00032541
925.989	0.000303812
991.819	0.000141823
1062.33	0.00013241
1137.85	0.000123622
1218.74	0.000230833
1305.39	0.000107756
1398.19	0.000301812
1497.59	0
1604.05	0.000175385
1718.09	0.000245616
1840.23	0.000152875
1971.06	7.13643e-05
2111.18	0.000199883
2261.27	0.000124411
2422.03	5.80766e-05
2594.22	0
2778.64	0
2976.18	4.7263e-05
3187.76	8.8252e-05
3414.39	0.000123592
3657.12	7.69256e-05
3917.11	0
4195.59	0
4493.86	3.13012e-05
4813.34	2.92236e-05
5155.53	0
5522.04	0
5914.61	0
6335.09	8.88152e-05
6785.47	0
7267.86	0
7784.54	1.80695e-05
8337.96	0
8930.72	3.1501e-05
9565.62	1.47051e-05
10245.7	1.37291e-05
10974	0
11754.2	0
12589.8	1.11728e-05
13484.9	2.08624e-05
14443.5	0
15470.4	9.09244e-06
16570.2	8.48894e-06
17748.2	0
19009.9	7.39946e-06
20361.4	0
21808.9	1.28996e-05
23359.3	0
25020	1.12441e-05
26798.7	0
28703.9	0
30744.5	0
32930.2	0
35271.2	3.98804e-06
37778.7	0
40464.5	6.95243e-06
43341.2	0
46422.4	0
49722.6	0
53257.5	0
57043.7	0
61099	2.30222e-06
65442.6	0
70095.1	0
75078.2	0
80415.7	0
86132.6	0
92255.9	1.52471e-06
98814.6	0
105839	0
113364	0
121423	0
130055	0
139301	0
