246.215	0.000513416
265.692	0
286.711	0.0004409
309.392	0.000817157
333.867	0.000378626
360.278	0.00070174
388.779	0.000650297
419.534	0
452.722	0.000279224
488.535	0.000517509
527.182	0.000719357
568.886	0.000888829
613.889	0.00123551
662.452	0.000572467
714.857	0.000530501
771.407	0.000819351
832.431	0.000607429
898.283	0.000140725
969.343	0.000260817
1046.03	0.000120849
1128.77	0
1218.07	0.00010378
1314.43	0.000288515
1418.41	0.000267365
1530.61	0.000165177
1651.69	0.000229602
1782.36	0.000141847
1923.35	6.57241e-05
2075.5	6.0906e-05
2239.69	0.000169323
2416.87	0.000209214
2608.06	0.000193877
2814.38	0
3037.01	8.32467e-05
3277.26	3.8572e-05
3536.52	0.000142978
3816.28	3.3124e-05
4118.18	0
4443.96	2.84455e-05
4795.51	0
5174.86	7.32835e-05
5584.23	2.26371e-05
6025.99	0
6502.69	1.94398e-05
7017.1	1.80147e-05
7572.2	0
8171.21	0
8817.62	0
9515.15	0
10267.9	2.46226e-05
11080.1	0
11956.7	0
12902.5	0
13923.2	0
15024.6	8.41357e-06
16213.2	0
17495.8	7.22522e-06
18879.8	0
20373.3	6.20471e-06
21985	0
23724.2	1.06567e-05
25600.9	0
27626.1	0
29811.6	0
32169.9	0
34714.8	0
37461	0
40424.4	0
43622.2	0
47073.1	0
50796.9	0
54815.3	0
59151.6	2.13706e-06
63830.9	3.9608e-06
68880.4	1.83522e-06
74329.3	0
80209.3	1.57601e-06
86554.5	0
93401.6	0
100790	0
108764	0
117368	0
126652	0
136671	0
147483	0
159150	0
171740	0
185326	6.821e-07
199986	0
215807	0
232878	0
251301	0
271181	0
292633	0
315782	0
340763	0
367720	0
396809	0
428200	2.95214e-07
462073	0
