169.102	0.000915064
180.03	0.000859517
191.664	0
204.051	0.000758335
217.237	0
231.276	0
246.223	0.000628451
262.135	0
279.075	0.00166341
297.11	0.000520812
316.311	0.000489198
336.753	0.00137851
358.516	0
381.685	0
406.351	0.0011424
432.611	0.000357685
460.569	0.00134389
490.333	0.000315579
522.021	0.000296422
555.757	0.000835286
591.673	0.000523055
629.91	0.000245652
670.618	0
713.956	0.000216734
760.096	0.00203578
809.217	0.000764881
861.513	0
917.188	0.00033742
976.461	0.000158469
1039.57	0
1106.75	0.000419442
1178.27	0.000262654
1254.42	0
1335.48	0.000115867
1421.79	0.000108834
1513.67	0.000511137
1611.49	0.000192044
1715.64	0
1826.51	0.000254155
1944.55	7.95756e-05
2070.21	0
2204	7.0208e-05
2346.44	6.59462e-05
2498.08	0.000123886
2659.51	0
2831.38	0.000163954
3014.36	0
3209.17	9.64354e-05
3416.56	0
3637.35	0
3872.42	3.99592e-05
4122.67	7.50671e-05
4389.1	3.52552e-05
4672.75	3.31151e-05
4974.73	6.22099e-05
5296.22	8.76505e-05
5638.49	0
6002.87	7.73323e-05
6390.81	0
6803.82	4.54858e-05
7243.51	0
7711.63	0
8209.99	1.88476e-05
8740.56	1.77035e-05
9305.42	3.32577e-05
9906.79	0
10547	0
11228.6	0
11954.3	1.29442e-05
12726.8	0
13549.3	0
14424.9	1.07272e-05
15357.1	0
16349.6	0
17406.2	0
18531	8.35024e-06
19728.6	0
21003.6	0
22360.9	6.92005e-06
23806	0
25344.5	0
26982.4	0
28726.1	0
30582.5	0
32558.9	0
34663	0
36903.1	4.1931e-06
39288	3.93857e-06
41827	0
44530.1	0
47407.8	3.26399e-06
50471.6	0
53733.3	0
57205.8	0
60902.8	0
64838.6	0
69028.8	0
73489.8	0
78239.1	1.97777e-06
83295.3	0
