139.294	0.000930338
150.043	0
161.621	0
174.093	0
187.527	0
201.997	0.00128309
217.585	0.00119117
234.375	0.00165876
252.461	0.000513309
271.942	0.000476537
292.927	0
315.531	0
339.879	0.000762567
366.107	0.00141588
394.358	0.000657223
424.789	0.00030507
457.568	0.000849647
492.877	0.000262927
530.91	0.000244091
571.878	0.000226605
616.008	0.000631114
663.543	0
714.746	0.000362619
769.901	0.000168321
829.311	0.000312526
893.306	0.000290137
962.239	0.000404028
1036.49	0.000375084
1116.47	0.000348214
1202.63	0.000431025
1295.43	0.000100037
1395.39	0.00018574
1503.07	0.000431086
1619.06	8.00408e-05
1743.99	0.000148614
1878.57	0
2023.53	0.000128083
2179.68	5.94539e-05
2347.88	0
2529.05	5.12407e-05
2724.21	0.00014271
2934.43	4.41621e-05
3160.87	0
3404.78	3.80613e-05
3667.51	0.000106004
3950.52	0.000131214
4255.37	0
4583.74	0
4937.45	2.62464e-05
5318.45	2.43662e-05
5728.86	6.78619e-05
6170.93	4.20003e-05
6647.12	0
7160.05	1.80991e-05
7712.56	1.68025e-05
8307.71	0
8948.79	1.44813e-05
9639.33	0
10383.2	2.49617e-05
11184.4	0
12047.4	0
12977.1	0
13978.5	9.2707e-06
15057.2	0
16219.1	7.99e-06
17470.6	7.41762e-06
18818.8	6.88623e-06
20270.9	6.39291e-06
21835.2	5.93494e-06
23520.1	5.50977e-06
25335.1	0
27290.1	0
29396	4.40844e-06
31664.3	8.18526e-06
34107.7	0
36739.7	0
39574.8	0
42628.6	0
45918.1	0
49461.4	0
53278.2	0
57389.5	0
61818	0
66588.2	0
71726.6	0
77261.5	1.6773e-06
83223.4	0
89645.5	0
96563.1	0
104014	1.24589e-06
112041	0
120687	0
130000	0
140031	0
150837	0
162476	0
175014	0
188519	0
203066	6.38168e-07
218736	0
