204.031	0.000484793
224.659	0
247.371	0
272.38	0.000726284
299.918	0.0003298
330.239	0
363.626	0
400.389	0.000741126
440.867	0.00022436
485.439	0
534.516	0.000185051
588.555	0.000504181
648.058	0.000305259
713.576	0.000277231
785.718	0.000377666
865.153	0.00011433
952.619	0.000311497
1048.93	0.000188598
1154.97	0.000342563
1271.74	0.000233333
1400.31	0.000141272
1541.88	6.41507e-05
1697.77	0.000116521
1869.41	0.000105823
2058.4	0.000240266
2266.51	0.000261846
2495.65	0.000237805
2747.96	3.5995e-05
3025.77	9.80703e-05
3331.68	0.000178132
3668.51	0
4039.39	2.44871e-05
4447.77	0
4897.43	4.03937e-05
5392.56	5.50274e-05
5937.74	3.33166e-05
6538.04	1.51288e-05
7199.03	2.74795e-05
7926.85	1.24782e-05
8728.25	2.2665e-05
9610.66	1.0292e-05
10582.3	9.34701e-06
11652.2	8.4888e-06
12830.2	0
14127.3	7.00154e-06
15555.6	1.27174e-05
17128.2	0
18859.9	1.57339e-05
20766.6	0
22866	0
25177.8	0
27723.2	0
30526	0
33612.2	5.88553e-06
37010.4	2.67257e-06
40752.1	2.42719e-06
44872.1	0
49408.6	2.00194e-06
54403.8	1.81812e-06
59903.9	1.65119e-06
65960.2	0
72628.7	0
79971.4	0
88056.4	1.12329e-06
96958.8	0
106761	0
117555	8.41419e-07
129439	0
142526	0
156935	0
172801	5.72409e-07
190271	0
209507	0
230688	0
254010	0
279691	0
307967	0
339102	0
373385	0
411134	0
452700	0
498467	0
548862	0
604351	0
665450	0
732727	0
806805	0
888372	0
978186	0
1.07708e+06	0
1.18597e+06	0
1.30587e+06	0
1.43789e+06	0
1.58326e+06	0
1.74333e+06	0
1.91958e+06	0
2.11365e+06	0
2.32734e+06	0
2.56263e+06	0
2.82171e+06	0
