137.763	0.00169746
149.545	0
162.335	0
176.219	0
191.291	0.000611235
207.651	0
225.41	0.00155614
244.689	0.000477845
265.616	0.00176079
288.333	0.00121654
312.993	0.000373565
339.762	0
368.821	0.000634039
400.365	0.000584084
434.606	0.000269033
471.777	0.000247836
512.126	0.00045662
555.926	0.000420644
603.472	0.000775004
655.085	0.000178486
711.112	0.000328847
771.93	0
837.95	0.000139535
909.617	0.000642707
987.413	0.000118414
1071.86	0.000327253
1163.53	0
1263.05	9.25724e-05
1371.07	0.000170558
1488.33	0.00031424
1615.62	7.23704e-05
1753.8	0.000200005
1903.8	6.14158e-05
2066.62	0.000226308
2243.37	0.000104239
2435.24	4.80131e-05
2643.52	0.000132691
2869.61	8.14909e-05
3115.03	7.50704e-05
3381.45	0.000103734
3670.65	6.37072e-05
3984.59	8.80317e-05
4325.37	5.40639e-05
4695.31	0
5096.88	4.58804e-05
5532.79	0
6005.99	1.94678e-05
6519.66	1.7934e-05
7077.26	1.6521e-05
7682.55	0
8339.61	4.20607e-05
9052.87	0
9827.12	1.1898e-05
10667.6	0
11580	0
12570.3	9.30153e-06
13645.4	8.56868e-06
14812.5	0
16079.3	0
17454.5	0
18947.4	6.17096e-06
20567.8	0
22326.9	1.57106e-05
24236.5	9.64855e-06
26309.3	0
28559.5	0
31002	0
33653.5	0
36531.8	0
39656.2	0
43047.8	0
46729.5	2.50213e-06
50726.1	0
55064.5	2.12339e-06
59774	0
64886.2	0
70435.7	0
76459.8	0
82999.1	1.40873e-06
90097.7	1.29774e-06
97803.4	0
106168	0
115248	0
125105	0
135805	0
147420	0
160028	0
173714	0
188572	0
204699	0
222206	0
241211	0
261841	0
284235	0
308544	0
334933	0
363579	0
394674	0
428429	0
465071	0
