119.9	0.00148527
133.365	0.000667654
148.343	0
165.003	0.000539638
183.534	0.000970304
204.146	0
227.073	0.000784258
252.575	0
280.941	0.000316942
312.492	0.000854824
347.587	0
386.624	0.000460613
430.044	0.000414106
478.341	0.000930738
532.062	0.000334705
591.816	0.000451367
658.28	0.000811587
732.21	0.000243214
814.442	0.000327986
905.909	9.82902e-05
1007.65	0.000530197
1120.81	0.000158888
1246.69	0.000285691
1386.7	0.000256846
1542.44	5.77281e-05
1715.66	0
1908.34	0.000233297
2122.66	4.19483e-05
2361.05	7.54257e-05
2626.21	3.39051e-05
2921.15	3.04818e-05
3249.22	2.74041e-05
3614.13	4.92744e-05
4020.02	8.85986e-05
4471.49	5.97398e-05
4973.67	7.16107e-05
5532.24	1.60951e-05
6153.55	1.447e-05
6844.64	1.3009e-05
7613.33	2.33911e-05
8468.36	1.05147e-05
9419.41	9.45303e-06
10477.3	0
11653.9	0
12962.8	0
14418.6	1.2351e-05
16037.9	5.55198e-06
17839	9.98283e-06
19842.5	8.97489e-06
22070.9	0
24549.6	0
27306.7	0
30373.4	0
33784.5	2.63558e-06
37578.8	0
41799.1	2.13024e-06
46493.4	0
51715	0
57522.9	0
63983.1	1.39165e-06
71168.8	0
79161.5	0
88051.9	0
97940.7	0
108940	0
121175	7.34822e-07
134784	0
149921	0
166758	0
185486	0
206317	4.31579e-07
229488	0
255261	0
283928	0
315815	2.81943e-07
351283	0
390735	0
434617	0
483427	0
537719	0
598109	0
665280	0
739995	0
823102	0
915542	0
1.01836e+06	0
1.13273e+06	0
1.25995e+06	0
1.40145e+06	0
1.55884e+06	0
1.7339e+06	0
1.92863e+06	0
2.14523e+06	0
2.38616e+06	0
2.65414e+06	0
2.95221e+06	0
3.28377e+06	0
3.65256e+06	0
4.06276e+06	2.19166e-08
4.51904e+06	0
