177.474	0.00137297
192.041	0.00126883
207.804	0
224.86	0.000541819
243.317	0.00050072
263.288	0.000925477
284.898	0.000855277
308.283	0
333.586	0.000730447
360.967	0
390.594	0
422.654	0
457.345	0.000532785
494.884	0.000246186
535.504	0.000682536
579.457	0
627.019	0.000582918
678.484	0.000538702
734.173	0.000165946
794.434	0.000766794
859.64	0.000566904
930.199	0
1006.55	0
1089.17	0
1178.56	0.000103375
1275.3	9.55332e-05
1379.98	8.82867e-05
1493.24	8.15899e-05
1615.81	7.5401e-05
1748.43	6.96816e-05
1891.94	0.000193188
2047.23	0.000238045
2215.27	5.49972e-05
2397.09	5.08255e-05
2593.84	4.69702e-05
2806.74	0.000130222
3037.12	0.000120344
3286.41	7.41439e-05
3556.15	0.00010278
3848.04	0
4163.88	5.85192e-05
4505.65	8.11205e-05
4875.47	4.99781e-05
5275.64	9.23743e-05
5708.67	0
6177.23	1.9723e-05
6684.25	1.82269e-05
7232.89	1.68444e-05
7826.56	3.11333e-05
8468.96	1.43859e-05
9164.08	2.65893e-05
9916.27	1.22862e-05
10730.2	2.27085e-05
11610.9	0
12563.9	9.69709e-06
13595.2	8.96153e-06
14711	1.65635e-05
15918.5	7.65357e-06
17225.1	0
18638.9	1.3073e-05
20168.8	0
21824.2	5.58249e-06
23615.5	5.15904e-06
25553.9	9.53541e-06
27651.3	8.81212e-06
29920.9	4.07185e-06
32376.8	0
35034.3	0
37909.9	0
41021.5	0
44388.5	0
48031.9	0
51974.3	0
56240.3	0
60856.5	0
65851.5	0
71256.6	0
77105.3	0
83434	0
90282.2	0
97692.5	0
105711	0
114388	0
123777	0
133936	9.09639e-07
144929	0
156825	0
169697	0
183626	0
198698	0
215007	0
232654	0
251750	0
272414	0
294773	0
318968	3.81961e-07
345149	0
373478	0
404133	0
437304	0
