144.323	0.00186796
155.03	0.000869478
166.531	0.000809429
178.886	0.00150705
192.157	0.000701486
206.412	0.00130608
221.725	0.00182382
238.174	0
255.843	0.00105373
274.824	0.000980958
295.212	0
317.113	0.00127521
340.638	0.000791428
365.909	0.000368385
393.054	0.000685886
422.214	0.000319258
453.536	0.000891628
487.183	0.000276683
523.325	0.000257574
562.149	0.000479571
603.853	0.000892901
648.651	0.000623426
696.772	0.000773827
748.463	0.000180096
803.989	0.000335316
863.634	0.000468237
927.704	0.000290599
996.528	0.00027053
1070.46	0.000503692
1149.87	0.000351679
1235.18	0.000327391
1326.81	0.000101594
1425.24	0.000283732
1530.97	8.80454e-05
1644.55	0.000163929
1766.56	7.6304e-05
1897.61	0
2038.39	0.000264513
2189.61	0.000123123
2352.05	5.73097e-05
2526.54	0.000106703
2713.97	0
2915.31	0.000138711
3131.59	0
3363.91	8.01419e-05
3613.47	0
3881.54	0
4169.5	0
4478.82	0
4811.09	0
5168.01	0
5551.41	4.85625e-05
5963.25	0
6405.64	0
6880.85	1.95899e-05
7391.32	0
7939.66	0
8528.67	0
9161.39	2.94268e-05
9841.04	1.36972e-05
10571.1	1.27513e-05
11355.3	0
12197.8	0
13102.7	1.02876e-05
14074.7	0
15118.9	8.91569e-06
16240.5	0
17445.3	7.72672e-06
18739.5	0
20129.8	6.69632e-06
21623.1	0
23227.3	0
24950.4	0
26801.4	0
28789.7	0
30925.5	0
33219.8	0
35684.2	3.77744e-06
38331.5	0
41175.2	0
44229.9	3.04761e-06
47511.1	0
51035.8	0
54822	0
58889.1	0
63257.8	0
67950.7	0
72991.7	0
78406.8	0
84223.5	0
90471.8	0
97183.5	0
104393	0
112138	0
120457	1.11903e-06
129393	0
138993	0
149304	0
160380	8.40472e-07
172278	0
