238.796	0.00048468
259.428	0
281.843	0
306.195	0.00113398
332.65	0.000347932
361.391	0.000640522
392.616	0.000589582
426.538	0.000271346
463.391	0.000749299
503.429	0.00091961
546.926	0.000423237
594.18	0.00155831
645.518	0.000179297
701.291	0.000165038
761.884	0.000303825
827.711	0.000279662
899.226	0.000386131
976.92	0.000236948
1061.33	0.000218104
1153.03	0.000301137
1252.65	9.23959e-05
1360.88	0.000255143
1478.46	0.000234852
1606.2	7.2058e-05
1744.98	0.000331636
1895.74	0
2059.54	0.000168591
2237.48	5.17275e-05
2430.8	0
2640.83	0.000131481
2869	8.06829e-05
3116.88	3.71331e-05
3386.18	6.83599e-05
3678.75	0.000125847
3996.6	8.68785e-05
4341.91	5.33127e-05
4717.06	4.90728e-05
5124.61	2.2585e-05
5567.38	2.07889e-05
6048.41	0
6571	0
7138.74	3.24258e-05
7755.53	0
8425.62	2.74733e-05
9153.6	1.26442e-05
9944.48	1.16386e-05
10803.7	1.0713e-05
11737.1	0
12751.2	1.81535e-05
13853	1.67097e-05
15049.9	0
16350.2	0
17762.9	0
19297.6	0
20964.9	5.52063e-06
22776.3	0
24744.2	0
26882.1	0
29204.7	0
31728.1	0
34469.4	0
37447.6	3.09071e-06
40683.1	2.84491e-06
44198.1	0
48016.9	0
52165.6	0
56672.7	2.04224e-06
61569.3	0
66889	0
72668.2	0
78946.8	0
85767.9	0
93178.3	0
101229	0
109975	0
119477	9.68716e-07
129800	0
141015	0
153199	0
166435	0
180816	0
196438	0
213411	0
231849	0
251881	0
273644	4.22956e-07
297287	0
322973	0
350878	0
381195	0
414130	0
449911	0
488784	0
531015	0
576896	0
626740	0
680891	0
739720	1.56464e-07
803633	0
873067	0
