135.431	0.000780385
148.245	0.00142586
162.272	0.000651304
177.626	0.00119001
194.432	0.000543574
212.829	0.00248294
232.966	0.000453663
255.009	0.0016578
279.138	0.000757249
305.549	0.000345896
334.459	0.000631995
366.105	0.000288683
400.745	0.000527459
438.663	0
480.168	0.000880427
525.601	0.0010054
575.332	0.0011022
629.769	0.000839104
689.356	0.000153314
754.581	0.000420186
825.978	0
904.131	0
989.678	0.000213581
1083.32	0
1185.82	0.000178253
1298.02	0.000162845
1420.84	0.000297538
1555.27	6.79548e-05
1702.43	0.000186243
1863.51	0.000170144
2039.83	0.000207249
2232.83	0
2444.1	4.32422e-05
2675.36	3.95044e-05
2928.49	0.000108269
3205.58	3.29701e-05
3508.89	3.01202e-05
3840.89	0
4204.31	0
4602.11	2.29652e-05
5037.55	8.39204e-05
5514.19	7.66664e-05
6035.93	1.75098e-05
6607.04	3.19926e-05
7232.19	0
7916.48	0
8665.52	0
9485.43	0
10382.9	1.0179e-05
11365.3	0
12440.7	0
13617.8	7.76103e-06
14906.3	0
16316.7	0
17860.6	5.91741e-06
19550.5	5.40592e-06
21400.3	4.93863e-06
23425.2	4.51174e-06
25641.6	4.12175e-06
28067.7	0
30723.5	0
33630.4	0
36812.5	0
40295.6	0
44108.3	0
48281.7	0
52850	1.99978e-06
57850.6	0
63324.3	0
69315.9	0
75874.4	1.39294e-06
83053.5	0
90911.9	0
99513.7	0
108930	0
119236	0
130518	8.0976e-07
142867	0
156385	0
171182	0
187379	0
205108	0
224515	0
245758	0
269012	0
294465	0
322327	0
352824	0
386208	0
422750	0
462750	0
506534	0
554461	0
606923	0
664349	0
727208	0
796015	0
871333	0
953776	0
1.04402e+06	0
