108.005	0.00188343
118.624	0
130.287	0
143.097	0.000710778
157.166	0.0012943
172.618	0.00058922
189.59	0.00160942
208.23	0.00146535
228.703	0.0017789
251.189	0.000809829
275.885	0.00147467
303.01	0.000335666
332.801	0.00122247
365.522	0.000556519
401.46	0.00177345
440.931	0.000692013
484.283	0.000840088
531.897	0.000382443
584.192	0.000174104
641.629	0.000792591
704.713	0.000432984
774	0.000394225
850.099	0.00023929
933.679	0.000108935
1025.48	9.9183e-05
1126.3	0.000270913
1237.04	0
1358.66	0.000374302
1492.24	0.000136318
1638.96	6.20576e-05
1800.1	0
1977.08	0.000102889
2171.47	4.68393e-05
2384.96	0
2619.45	7.76575e-05
2876.99	0
3159.85	0
3470.53	0
3811.75	2.66833e-05
4186.51	4.85893e-05
4598.13	6.63596e-05
5050.21	0
5546.74	3.66738e-05
6092.09	5.00863e-05
6691.05	0
7348.91	0
8071.45	1.26012e-05
8865.02	0
9736.62	2.08923e-05
10693.9	0
11745.3	0
12900.1	0
14168.4	0
15561.5	0
17091.4	1.19019e-05
18771.8	5.41822e-06
20617.5	0
22644.6	0
24870.9	0
27316.2	0
30001.9	0
32951.7	3.08664e-06
36191.4	0
39749.7	0
43657.9	0
47950.3	0
52664.7	0
57842.6	0
63529.6	0
69775.8	0
76636.1	1.32718e-06
84170.8	0
92446.4	0
101536	0
111519	0
122483	0
134525	0
147752	0
162278	0
178233	0
195757	5.19572e-07
215004	0
236143	0
259360	0
284860	0
312867	0
343628	0
377413	0
414519	0
455274	2.23404e-07
500036	0
549199	0
603196	0
662501	0
727638	0
799178	1.27268e-07
877753	0
964052	0
1.05884e+06	0
1.16294e+06	0
