112.521	0.000810494
124.859	0.000730404
138.55	0.000658227
153.742	0.000593183
170.6	0.00106913
189.307	0
210.065	0.000434138
233.099	0.00117371
258.659	0.000352577
287.022	0.000635473
318.494	0.000572678
353.418	0.00154826
392.171	0.000697634
435.174	0.00125739
482.891	0.000377713
535.842	0
594.598	0.000460129
659.797	0.00013822
732.145	0.000373685
812.427	0.000224506
901.511	0.000505802
1000.36	9.11641e-05
1110.06	8.21555e-05
1231.78	0.000222112
1366.84	0.000200163
1516.72	0.000180384
1683.03	0.000216745
1867.58	0.000341822
2072.37	0.000132019
2299.61	3.96577e-05
2551.77	7.14778e-05
2831.57	3.22073e-05
3142.06	5.80493e-05
3486.6	0
3868.91	4.71437e-05
4293.14	2.12425e-05
4763.9	1.91434e-05
5286.27	5.17552e-05
5865.92	3.10939e-05
6509.14	0
7222.88	1.26262e-05
8014.88	0
8893.74	0
9868.96	1.84816e-05
10951.1	0
12151.9	0
13484.4	0
14963	6.09485e-06
16603.7	1.09851e-05
18424.4	0
20444.7	0
22686.5	0
25174.1	0
27934.5	0
30997.6	0
34396.5	2.65135e-06
38168.2	2.38935e-06
42353.4	0
46997.6	1.94047e-06
52151	1.74872e-06
57869.5	0
64215	0
71256.3	0
79069.7	0
87739.9	0
97360.8	9.36694e-07
108037	0
119883	0
133029	0
147616	0
163802	0
181763	0
201694	0
223810	0
248352	3.6721e-07
275584	0
305802	0
339334	0
376543	0
417832	0
463648	0
514488	0
570903	0
633504	0
702969	0
780052	0
865586	0
960500	0
1.06582e+06	0
1.18269e+06	0
1.31238e+06	0
1.45628e+06	6.26234e-08
1.61597e+06	0
1.79316e+06	0
1.98978e+06	0
2.20797e+06	0
2.45008e+06	0
2.71874e+06	0
3.01685e+06	0
3.34766e+06	0
