211.922	0.000992333
232.077	0.000906154
254.148	0.00041373
278.318	0.0007556
304.787	0.00068998
333.774	0.00031503
365.517	0.000287671
400.279	0
438.346	0.000959503
480.035	0.000438088
525.688	0.00140015
575.682	0.00018265
630.432	0.000333577
690.388	0.000152304
756.046	0.000834462
827.949	0.000507996
906.69	0.00023194
992.919	0
1087.35	9.67018e-05
1190.76	0.000176608
1304.01	8.06352e-05
1428.02	0
1563.83	0
1712.56	6.13987e-05
1875.43	0.0001682
2053.79	0.000102395
2249.11	9.35026e-05
2463.01	4.26912e-05
2697.25	0.000155935
2953.76	3.55982e-05
3234.68	9.75201e-05
3542.3	2.96837e-05
3879.19	2.71058e-05
4248.11	0
4652.12	4.52046e-05
5094.56	6.19182e-05
5579.07	5.6541e-05
6109.66	6.8841e-05
6690.71	4.71469e-05
7327.02	0
8023.84	1.31045e-05
8786.93	2.3933e-05
9622.6	1.09273e-05
10537.7	9.97829e-06
11539.9	9.11173e-06
12637.4	0
13839.3	7.59785e-06
15155.4	0
16596.8	6.33549e-06
18175.2	5.78529e-06
19903.7	5.28287e-06
21796.6	4.82408e-06
23869.5	4.40514e-06
26139.6	0
28625.6	7.34648e-06
31348	0
34329.3	3.06294e-06
37594.1	0
41169.4	2.55405e-06
45084.8	2.33224e-06
49372.5	0
54068	0
59210.1	1.77586e-06
64841.1	0
71007.8	0
77760.8	0
85156.2	1.23477e-06
93254.8	1.12754e-06
102124	0
111836	0
122472	0
134119	0
146875	0
160843	0
176140	0
192891	0
211236	0
231325	0
253325	0
277417	0
303800	0
332693	0
364333	0
398982	2.63542e-07
436927	0
478480	0
523985	0
573818	0
628390	0
688152	0
753598	0
825267	0
903753	0
989703	0
1.08383e+06	0
1.1869e+06	0
1.29978e+06	0
1.4234e+06	0
1.55877e+06	6.74564e-08
1.70701e+06	0
