138.013	0.000806624
150.411	0
163.922	0.00135827
178.646	0.000623158
194.693	0.00171539
212.182	0
231.242	0.000481421
252.014	0.000441741
274.651	0
299.323	0
326.21	0.000341267
355.512	0.00125256
387.447	0.00114932
422.25	0.000527293
460.18	0.000725747
501.517	0.000443953
546.567	0.00020368
595.663	0.000186892
649.17	0.000514464
707.483	0
771.034	0.000288767
840.294	0.000529933
915.776	0.00036469
998.037	0.000223088
1087.69	0.00030705
1185.39	0.000187828
1291.87	0
1407.92	0
1534.39	7.25533e-05
1672.22	0.000133146
1822.43	6.1086e-05
1986.13	5.60511e-05
2164.54	5.14312e-05
2358.97	9.43841e-05
2570.87	0
2801.81	0.000158933
3053.49	0.000109375
3327.77	0.000167266
3626.7	9.20877e-05
3952.48	8.44975e-05
4307.52	0
4694.45	2.37141e-05
5116.14	0
5575.7	3.99321e-05
6076.55	1.83204e-05
6622.4	5.04311e-05
7217.27	0
7865.57	0
8572.12	0
9342.13	0
10181.3	1.09342e-05
11095.9	1.0033e-05
12092.6	1.84121e-05
13178.8	0
14362.6	1.5502e-05
15652.8	1.42243e-05
17058.8	0
18591.2	0
20261.2	0
22081.2	0
24064.7	9.25214e-06
26226.3	8.48955e-06
28582.2	7.78981e-06
31149.6	0
33947.7	0
36997.1	0
40320.5	0
43942.4	2.53343e-06
47889.6	0
52191.4	2.13301e-06
56879.6	0
61988.9	0
67557.2	0
73625.7	0
80239.3	0
87447	1.27306e-06
95302.1	1.16813e-06
103863	0
113193	0
123360	9.02436e-07
134441	0
146518	0
159679	0
174023	0
189655	0
206691	0
225257	0
245492	0
267543	4.161e-07
291576	0
317768	0
346312	0
377420	0
411323	0
448271	0
488537	0
532421	0
580247	0
632369	0
689173	0
