131.642	0.000899262
142.763	0
154.822	0
167.9	0
182.084	0.000650147
197.465	0.00179851
214.145	0.00165842
232.235	0.00152924
251.852	0.00141013
273.127	0
296.199	0.000799335
321.219	0.000368536
348.354	0
377.78	0.000626719
409.693	0.0011558
444.301	0.00106577
481.832	0.000737068
522.534	0.000906207
566.674	0.00104453
614.542	0.000192633
666.455	0.000177628
722.752	0.000491376
783.805	0.000755169
850.016	0.000278538
921.819	0.000898948
999.688	0.000355254
1084.13	0.000109194
1175.71	0.000100689
1275.03	9.28456e-05
1382.74	0.000171227
1499.54	0.00015789
1626.21	0.000145591
1763.58	6.71253e-05
1912.56	6.18967e-05
2074.12	0
2249.32	5.26296e-05
2439.33	4.85301e-05
2645.39	4.475e-05
2868.85	4.12642e-05
3111.19	7.61001e-05
3374	3.50862e-05
3659.02	0.000129413
3968.1	0
4303.3	5.50187e-05
4666.81	0
5061.03	4.67813e-05
5488.56	4.31374e-05
5952.19	0
6454.99	0
7000.26	1.69109e-05
7591.6	0
8232.88	0
8928.34	1.3259e-05
9682.54	0
10500.5	0
11387.5	0
12349.4	0
13392.6	0
14523.9	0
15750.8	1.50318e-05
17081.3	1.38609e-05
18524.2	0
20089	0
21786	0
23626.3	0
25622.1	0
27786.4	0
30133.7	3.92853e-06
32679.1	7.24505e-06
35439.6	0
38433.3	0
41679.9	0
45200.7	0
49019	0
53159.8	0
57650.3	0
62520.2	0
67801.5	0
73528.9	0
79740.1	0
86476	0
93780.9	0
101703	0
110294	0
119611	0
129715	0
140672	0
152555	0
165442	0
179417	6.59808e-07
194573	0
211009	0
228834	0
248164	0
269127	0
291861	0
316516	0
343253	0
372249	0
403693	0
