120.419	0.000691229
134.886	0.00185128
151.091	0
169.243	0.000983641
189.575	0.000439071
212.351	0.000783958
237.862	0.000699876
266.439	0.000624812
298.448	0.000557798
334.304	0.000248986
374.466	0.000666845
419.454	0.000396882
469.847	0
526.294	0.000474471
589.522	0
660.347	0.000252101
739.68	0.000225062
828.545	0.000401847
928.085	8.96869e-05
1039.58	0
1164.48	7.14801e-05
1304.38	0.000127627
1461.08	5.69694e-05
1636.62	0.000152578
1833.24	4.54044e-05
2053.48	0.000162138
2300.18	0.000144748
2576.53	0.000129224
2886.07	5.7682e-05
3232.8	5.14954e-05
3621.18	6.89585e-05
4056.22	4.10416e-05
4543.53	0
5089.39	3.271e-05
5700.82	5.84035e-05
6385.71	3.91047e-05
7152.88	3.49105e-05
8012.22	0
8974.8	1.8549e-05
10053	8.2798e-06
11260.8	7.39176e-06
12613.6	6.59897e-06
14129	5.89121e-06
15826.5	0
17727.8	9.39054e-06
19857.7	8.38337e-06
22243.3	3.74211e-06
24915.6	3.34076e-06
27908.9	0
31261.9	2.66257e-06
35017.7	4.754e-06
39224.6	2.12206e-06
43937	1.89446e-06
49215.6	0
55128.3	1.50988e-06
61751.3	0
69170.1	0
77480.1	1.0743e-06
86788.5	0
97215.1	0
108894	7.64383e-07
121977	0
136631	0
153046	0
171432	0
192028	0
215098	7.73944e-07
240940	3.45468e-07
269886	0
302310	0
338629	0
379312	0
424882	0
475926	0
533104	0
597150	0
668891	0
749251	0
839265	0
940093	8.85412e-08
1.05304e+06	0
1.17955e+06	7.0567e-08
1.32125e+06	0
1.47999e+06	0
1.65779e+06	0
1.85696e+06	0
2.08005e+06	0
2.32995e+06	0
2.60986e+06	0
2.92341e+06	0
3.27462e+06	0
3.66803e+06	0
4.10871e+06	0
4.60232e+06	0
5.15524e+06	0
5.77458e+06	0
6.46834e+06	0
7.24543e+06	0
8.11589e+06	0
9.09093e+06	0
