206.262	0.00140915
220.455	0.00263686
235.624	0.000616774
251.838	0
269.167	0.000539914
287.688	0
307.484	0.000472632
328.642	0.000442204
351.256	0.000413735
375.426	0
401.26	0.00108653
428.87	0.000677719
458.381	0.000317044
489.923	0.000296632
523.634	0.000277535
559.666	0.000259667
598.177	0.0004859
639.337	0.000227309
683.331	0.000212674
730.351	0.000397965
780.606	0.000372344
834.32	0.000348372
891.73	0.000162972
953.091	0.00015248
1018.67	0.000285326
1088.77	0.000133478
1163.69	0.000374655
1243.76	0.000233689
1329.34	0.000327967
1420.82	0.000306852
1518.58	9.5699e-05
1623.08	0.000179076
1734.76	8.37733e-05
1854.13	7.838e-05
1981.72	0.000146668
2118.08	0.000137225
2263.82	0.000128391
2419.6	0.000120125
2586.09	0
2764.04	0.000157733
2954.24	4.91927e-05
3157.52	9.20513e-05
3374.79	0
3607.01	8.05802e-05
3855.21	0
4120.49	3.52693e-05
4404.02	6.59974e-05
4707.06	6.17484e-05
5030.96	2.88865e-05
5377.14	0
5747.14	5.05736e-05
6142.61	0
6565.28	0
7017.04	4.14211e-05
7499.89	0
8015.96	0
8567.54	0
9157.07	1.58705e-05
9787.18	0
10460.6	0
11180.4	2.59966e-05
11949.8	0
12772	1.13785e-05
13650.9	0
14590.2	9.96058e-06
15594.2	0
16667.2	1.74387e-05
17814.1	8.15798e-06
19039.9	7.63277e-06
20350	0
21750.3	6.6816e-06
23247	6.25144e-06
24846.6	0
26556.3	0
28383.6	5.12009e-06
30336.7	4.79046e-06
32424.2	1.34461e-05
34655.3	0
37040	0
39588.7	0
42312.8	0
45224.4	3.21346e-06
48336.3	6.01316e-06
51662.3	0
55217.2	0
59016.8	0
63077.7	2.30393e-06
67418.1	0
72057.2	0
77015.5	0
82314.9	1.7655e-06
87979.1	1.65183e-06
94032.9	0
100503	0
107419	0
114811	0
122711	0
131155	0
140179	1.03672e-06
149825	0
