104.134	0.00119466
112.504	0
121.548	0
131.318	0
141.874	0
153.278	0
165.599	0.00150248
178.91	0.000695348
193.291	0.000643613
208.829	0.00178718
225.615	0.000551403
243.751	0.000510378
263.344	0.000472405
284.512	0.00262354
307.382	0.000809448
332.09	0.000374612
358.784	0.00138696
387.625	0.000320942
418.783	0.00148531
452.446	0.000824883
488.815	0.00101801
528.107	0.000706703
570.557	0.000872164
616.42	0.000201818
665.97	0.000373605
719.502	0.000345808
777.338	0
839.822	0.000296265
907.33	0.000137111
980.263	0.00012691
1059.06	0.000352402
1144.19	0.000217455
1236.16	0.000301914
1335.53	0.000279451
1442.88	0.000258659
1558.86	0.000239414
1684.17	0.000221601
1819.55	0
1965.81	0
2123.83	5.85758e-05
2294.54	5.42177e-05
2478.99	0.000100368
2678.25	0
2893.54	0
3126.13	0.000119386
3377.42	3.68343e-05
3648.9	3.40938e-05
3942.21	3.15571e-05
4259.1	0
4601.45	2.7036e-05
4971.33	5.00489e-05
5370.94	0
5802.67	0
6269.11	3.96882e-05
6773.03	1.83677e-05
7317.47	0
7905.67	0
8541.14	0
9227.7	0
9969.45	0
10770.8	0
11636.6	0
12572	0
13582.6	0
14674.4	0
15853.9	0
17128.3	7.26311e-06
18505.1	0
19992.6	6.22254e-06
21599.7	5.75957e-06
23335.9	0
25211.7	0
27238.3	9.13455e-06
29427.8	4.22746e-06
31793.3	0
34348.9	3.6218e-06
37110	0
40093	0
43315.8	0
46797.6	0
50559.3	0
54623.4	2.2775e-06
59014.2	2.10805e-06
63757.9	0
68883	0
74419.9	0
80402	0
86865	0
93847.4	0
101391	0
109541	0
118346	0
127859	9.72982e-07
138137	0
149241	0
161237	0
174198	0
188201	0
203329	6.11842e-07
219673	0
