119.298	0.000928627
130.067	0.000851744
141.808	0
154.608	0.000716546
168.564	0.000657221
183.78	0.00180842
200.369	0.0005529
218.455	0.00152137
238.174	0.000465138
259.673	0.000853256
283.113	0.00117392
308.668	0.00179455
336.53	0.000658388
366.907	0
400.027	0.00110776
436.135	0.000508025
475.504	0
518.425	0.000641078
565.222	0.000784003
616.242	0.00053932
671.867	0.000494668
732.514	0.000151238
798.635	0.000554866
870.725	0.000254463
949.322	0.000350094
1035.01	0.000107036
1128.44	0.000392697
1230.3	0.000360185
1341.35	0
1462.43	0.000151506
1594.44	6.94814e-05
1738.36	0.000254915
1895.28	0
2066.36	0.000214452
2252.88	0.000147523
2456.24	4.51031e-05
2677.95	0
2919.68	3.79438e-05
3183.23	3.48024e-05
3470.56	3.1921e-05
3783.84	5.85563e-05
4125.39	2.68542e-05
4497.77	2.46308e-05
4903.76	0
5346.41	2.07212e-05
5829.01	3.80112e-05
6355.17	6.97283e-05
6928.82	1.59888e-05
7554.26	0
8236.15	1.34509e-05
8979.59	0
9790.14	0
10673.9	0
11637.3	9.51968e-06
12687.8	0
13833.1	0
15081.7	0
16443.1	0
17927.4	0
19545.6	0
21309.9	5.19871e-06
23233.4	0
25330.6	0
27617.1	0
30110	3.6793e-06
32827.9	0
35791.1	0
39021.9	0
42544.2	0
46384.5	0
50571.4	0
55136.3	0
60113.3	0
65539.4	1.69034e-06
71455.4	0
77905.4	0
84937.6	0
92604.6	0
100964	0
110077	0
120013	0
130847	0
142657	0
155535	7.12277e-07
169574	0
184881	0
201569	0
219764	5.04103e-07
239601	0
261229	0
284809	0
310518	0
338547	0
369106	0
402424	0
438749	0
478353	0
521532	0
568609	1.94833e-07
619935	0
