160.891	0.000929887
171.645	0
183.118	0
195.357	0.00153166
208.415	0.000717848
222.346	0.00134575
237.207	0.000630716
253.062	0.0035472
269.977	0.00110832
288.022	0.000519441
307.274	0.00194758
327.812	0.000912782
349.723	0.00256678
373.099	0.00120298
398.037	0.00150348
424.642	0.000352322
453.025	0.000330248
483.305	0.0021669
515.609	0.000290163
550.073	0
586.84	0
626.064	0.00047794
667.91	0.000671993
712.554	0
760.181	0.000787236
810.992	0.000184478
865.199	0.00017292
923.029	0.000324173
984.724	0
1050.54	0
1120.76	0.00026698
1195.67	0.000375379
1275.59	0.000117287
1360.85	0.000109939
1451.81	0
1548.85	9.65943e-05
1652.38	0
1762.82	8.48697e-05
1880.65	7.95524e-05
2006.36	0.000223705
2140.46	6.98964e-05
2283.53	0
2436.16	6.14124e-05
2598.99	0
2772.71	0
2958.04	0.000151733
3155.76	0
3366.69	8.88769e-05
3591.72	4.16543e-05
3831.79	7.80891e-05
4087.91	0
4361.15	0
4652.65	0
4963.63	6.02827e-05
5295.4	0
5649.35	2.64828e-05
6026.95	0
6429.79	0
6859.56	4.3621e-05
7318.06	0
7807.2	0
8329.03	0
8885.75	1.68371e-05
9479.67	0
10113.3	1.47934e-05
10789.3	0
11510.4	1.29978e-05
12279.8	1.21835e-05
13100.6	2.28403e-05
13976.2	1.07046e-05
14910.4	1.0034e-05
15907	0
16970.2	0
18104.5	0
19314.6	0
20605.6	0
21982.9	0
23452.3	0
25019.8	5.97968e-06
26692.1	0
28476.3	0
30379.6	0
32410.2	4.61615e-06
34576.5	4.32694e-06
36887.6	0
39353.2	0
41983.6	0
44789.7	0
47783.5	3.13101e-06
50977.4	0
54384.7	0
58019.8	0
61897.9	0
66035.1	0
70448.9	0
75157.7	1.99062e-06
80181.3	0
85540.6	0
91258.2	1.63942e-06
97357.9	0
