113.183	0.00075048
126.508	0
141.402	0.00240285
158.048	0.000537442
176.655	0
197.452	0.000430189
220.698	0.00115463
246.68	0
275.721	0.000616143
308.181	0.000551246
344.463	0.00123296
385.015	0.0011031
430.342	0.00118429
481.006	0
537.633	0.000473976
600.928	0.000424054
671.673	0.000379389
750.748	0.000226286
839.132	0.000101226
937.921	0.000362256
1048.34	0.000486151
1171.76	0.000289964
1309.71	0.000453989
1463.9	5.80245e-05
1636.24	0.000207652
1828.87	9.28901e-05
2044.17	8.31062e-05
2284.83	3.71764e-05
2553.82	3.32607e-05
2854.47	0.00011903
3190.52	2.66232e-05
3566.14	4.7638e-05
3985.97	2.13102e-05
4455.23	0
4979.73	5.11725e-05
5565.98	1.52609e-05
6221.25	0
6953.67	0
7772.31	0
8687.32	0
9710.06	8.74782e-06
10853.2	7.82643e-06
12130.9	1.40042e-05
13559.1	0
15155.3	5.60474e-06
16939.5	0
18933.8	0
21162.8	0
23654.3	0
26439	6.42548e-06
29551.6	0
33030.7	0
36919.3	6.90223e-06
41265.7	0
46123.9	0
51553.9	0
57623.2	1.47409e-06
64407.1	0
71989.6	0
80464.7	0
89937.7	0
100526	0
112360	0
125588	0
140374	0
156899	0
175371	0
196017	0
219093	0
244887	0
273717	0
305941	0
341959	2.48398e-07
382216	0
427214	0
477509	1.77885e-07
533725	0
596559	0
666790	0
745290	0
833031	0
931102	0
1.04072e+06	0
1.16324e+06	0
1.30019e+06	0
1.45325e+06	0
1.62434e+06	0
1.81557e+06	0
2.02931e+06	0
2.26822e+06	0
2.53525e+06	0
2.83372e+06	0
3.16733e+06	0
3.54021e+06	0
3.95699e+06	0
4.42284e+06	0
4.94353e+06	0
5.52552e+06	0
6.17603e+06	0
6.90311e+06	0
