   7.4182700e+01   1.0000017e-02
   8.0753100e+01   9.9999882e-03
   8.7905400e+01   1.0000004e-02
   9.5691200e+01   0.0000000e+00
   1.0416700e+02   1.9999846e-02
   1.1339300e+02   0.0000000e+00
   1.2343600e+02   1.0000229e-02
   1.3436900e+02   0.0000000e+00
   1.4627000e+02   9.9998868e-03
   1.5922500e+02   0.0000000e+00
   1.7332800e+02   2.9998771e-02
   1.8867900e+02   3.0001215e-02
   2.0539100e+02   3.9998917e-02
   2.2358200e+02   2.0000238e-02
   2.4338500e+02   0.0000000e+00
   2.6494100e+02   2.0000048e-02
   2.8840700e+02   1.0000254e-02
   3.1395200e+02   2.9999059e-02
   3.4175800e+02   4.0000594e-02
   3.7202800e+02   3.0000337e-02
   4.0497900e+02   9.9999902e-03
   4.4084800e+02   2.9999979e-02
   4.7989400e+02   2.9999791e-02
   5.2239800e+02   2.0000007e-02
   5.6866700e+02   1.0000015e-02
   6.1903400e+02   3.0000017e-02
   6.7386200e+02   2.9999924e-02
   7.3354600e+02   4.0000371e-02
   7.9851700e+02   1.9999757e-02
   8.6924100e+02   4.0000020e-02
   9.4623000e+02   1.0000293e-02
   1.0300400e+03   2.9999708e-02
   1.1212700e+03   1.9999743e-02
   1.2205800e+03   5.0001307e-02
   1.3286900e+03   0.0000000e+00
   1.4463700e+03   1.9999228e-02
   1.5744700e+03   1.0000593e-02
   1.7139300e+03   2.9999475e-02
   1.8657300e+03   3.0000311e-02
   2.0309800e+03   9.9997630e-03
   2.2108600e+03   1.0000175e-02
   2.4066800e+03   0.0000000e+00
   2.6198400e+03   9.9999958e-03
   2.8518800e+03   0.0000000e+00
   3.1044700e+03   0.0000000e+00
   3.3794300e+03   0.0000000e+00
   3.6787500e+03   3.0000178e-02
   4.0045800e+03   0.0000000e+00
   4.3592700e+03   2.9999893e-02
   4.7453700e+03   1.0000030e-02
   5.1656700e+03   0.0000000e+00
   5.6231900e+03   1.0000047e-02
   6.1212400e+03   9.9999786e-03
   6.6634000e+03   1.0000010e-02
   7.2535800e+03   0.0000000e+00
   7.8960300e+03   9.9999357e-03
   8.5953800e+03   0.0000000e+00
   9.3566800e+03   9.9999985e-03
   1.0185400e+04   9.9997785e-03
   1.1087500e+04   9.9997060e-03
   1.2069500e+04   0.0000000e+00
   1.3138600e+04   9.9992686e-03
   1.4302200e+04   0.0000000e+00
   1.5569000e+04   0.0000000e+00
   1.6947900e+04   0.0000000e+00
   1.8449000e+04   0.0000000e+00
   2.0083100e+04   0.0000000e+00
   2.1861800e+04   1.9999849e-02
   2.3798100e+04   0.0000000e+00
   2.5905900e+04   0.0000000e+00
   2.8200400e+04   0.0000000e+00
   3.0698200e+04   0.0000000e+00
   3.3417100e+04   1.0000128e-02
   3.6376900e+04   0.0000000e+00
   3.9598800e+04   0.0000000e+00
   4.3106000e+04   0.0000000e+00
   4.6924000e+04   0.0000000e+00
   5.1080000e+04   0.0000000e+00
   5.5604200e+04   0.0000000e+00
   6.0529100e+04   0.0000000e+00
   6.5890100e+04   0.0000000e+00
   7.1726100e+04   0.0000000e+00
   7.8078800e+04   0.0000000e+00
   8.4994300e+04   0.0000000e+00
   9.2522300e+04   0.0000000e+00
   1.0071700e+05   0.0000000e+00
   1.0963800e+05   0.0000000e+00
   1.1934800e+05   0.0000000e+00
   1.2991900e+05   0.0000000e+00
   1.4142600e+05   0.0000000e+00
   1.5395200e+05   0.0000000e+00
   1.6758800e+05   0.0000000e+00
   1.8243100e+05   0.0000000e+00
   1.9858900e+05   0.0000000e+00
   2.1617800e+05   0.0000000e+00
   2.3532500e+05   0.0000000e+00
   2.5616700e+05   0.0000000e+00
   2.7885600e+05   0.0000000e+00
   3.0355500e+05   1.0000033e-02
