   8.8774300e+01   1.0000045e-02
   9.6754800e+01   2.0000728e-02
   1.0545300e+02   0.0000000e+00
   1.1493200e+02   1.9999962e-02
   1.2526400e+02   3.0000543e-02
   1.3652500e+02   9.9999177e-03
   1.4879800e+02   3.0001267e-02
   1.6217500e+02   3.0000229e-02
   1.7675400e+02   0.0000000e+00
   1.9264300e+02   2.0000039e-02
   2.0996100e+02   1.0000164e-02
   2.2883600e+02   9.9997688e-03
   2.4940700e+02   1.0000102e-02
   2.7182800e+02   1.9999742e-02
   2.9626400e+02   0.0000000e+00
   3.2289700e+02   4.0001165e-02
   3.5192500e+02   2.9999343e-02
   3.8356100e+02   2.0000152e-02
   4.1804200e+02   4.9999438e-02
   4.5562200e+02   3.0000174e-02
   4.9658100e+02   3.0000136e-02
   5.4122200e+02   1.0000051e-02
   5.8987600e+02   1.9999769e-02
   6.4290300e+02   3.0000229e-02
   7.0069800e+02   2.9999932e-02
   7.6368800e+02   3.0000125e-02
   8.3234100e+02   3.9999863e-02
   9.0716500e+02   1.0000028e-02
   9.8871600e+02   1.0000250e-02
   1.0776000e+03   0.0000000e+00
   1.1744700e+03   9.9999675e-03
   1.2800500e+03   0.0000000e+00
   1.3951200e+03   1.0000314e-02
   1.5205400e+03   0.0000000e+00
   1.6572300e+03   1.0000104e-02
   1.8062100e+03   1.9999925e-02
   1.9685800e+03   2.0000265e-02
   2.1455500e+03   9.9996730e-03
   2.3384200e+03   2.0000457e-02
   2.5486400e+03   9.9998725e-03
   2.7777500e+03   0.0000000e+00
   3.0274600e+03   2.0000222e-02
   3.2996200e+03   9.9998907e-03
   3.5962400e+03   2.0000110e-02
   3.9195300e+03   9.9999749e-03
   4.2718800e+03   1.9999685e-02
   4.6559000e+03   1.0000038e-02
   5.0744500e+03   1.0000150e-02
   5.5306300e+03   9.9999305e-03
   6.0278100e+03   1.0000070e-02
   6.5696900e+03   9.9999880e-03
   7.1602800e+03   9.9999550e-03
   7.8039600e+03   0.0000000e+00
   8.5055000e+03   1.0000083e-02
   9.2701200e+03   2.0000787e-02
   1.0103500e+04   9.9992820e-03
   1.1011700e+04   9.9998708e-03
   1.2001600e+04   9.9999789e-03
   1.3080500e+04   0.0000000e+00
   1.4256400e+04   1.0000004e-02
   1.5538000e+04   0.0000000e+00
   1.6934800e+04   0.0000000e+00
   1.8457200e+04   1.0000385e-02
   2.0116500e+04   1.0000036e-02
   2.1924900e+04   9.9996962e-03
   2.3895800e+04   0.0000000e+00
   2.6044000e+04   9.9997803e-03
   2.8385200e+04   0.0000000e+00
   3.0936900e+04   0.0000000e+00
   3.3718000e+04   1.0000262e-02
   3.6749200e+04   0.0000000e+00
   4.0052800e+04   0.0000000e+00
   4.3653400e+04   0.0000000e+00
   4.7577700e+04   0.0000000e+00
   5.1854700e+04   0.0000000e+00
   5.6516200e+04   0.0000000e+00
   6.1596800e+04   1.0000157e-02
   6.7134200e+04   0.0000000e+00
   7.3169300e+04   0.0000000e+00
   7.9746900e+04   0.0000000e+00
   8.6915900e+04   0.0000000e+00
   9.4729300e+04   0.0000000e+00
   1.0324500e+05   0.0000000e+00
   1.1252600e+05   1.0000293e-02
   1.2264200e+05   0.0000000e+00
   1.3366700e+05   0.0000000e+00
   1.4568300e+05   0.0000000e+00
   1.5878000e+05   0.0000000e+00
   1.7305300e+05   0.0000000e+00
   1.8861000e+05   0.0000000e+00
   2.0556600e+05   0.0000000e+00
   2.2404500e+05   0.0000000e+00
   2.4418600e+05   0.0000000e+00
   2.6613700e+05   0.0000000e+00
   2.9006200e+05   0.0000000e+00
   3.1613800e+05   0.0000000e+00
   3.4455700e+05   0.0000000e+00
   3.7553200e+05   0.0000000e+00
   4.0929100e+05   0.0000000e+00
