   8.6931500e+01   2.0000096e-02
   9.5472600e+01   0.0000000e+00
   1.0485300e+02   1.0000141e-02
   1.1515500e+02   1.9999984e-02
   1.2646900e+02   2.9998423e-02
   1.3889400e+02   3.0001155e-02
   1.5254100e+02   3.9999404e-02
   1.6752800e+02   3.0000490e-02
   1.8398800e+02   3.0000228e-02
   2.0206500e+02   2.0000111e-02
   2.2191800e+02   3.9998912e-02
   2.4372100e+02   3.0000267e-02
   2.6766700e+02   1.9999655e-02
   2.9396500e+02   6.0001544e-02
   3.2284800e+02   3.9999872e-02
   3.5456800e+02   2.9999544e-02
   3.8940400e+02   2.9999838e-02
   4.2766300e+02   3.0000558e-02
   4.6968200e+02   2.9999653e-02
   5.1582800e+02   8.0000972e-02
   5.6650900e+02   1.0000043e-02
   6.2216900e+02   2.9999789e-02
   6.8329700e+02   9.9999450e-03
   7.5043100e+02   2.0000197e-02
   8.2416200e+02   1.9999930e-02
   9.0513600e+02   0.0000000e+00
   9.9406600e+02   1.9999243e-02
   1.0917300e+03   2.0001242e-02
   1.1990000e+03   0.0000000e+00
   1.3168000e+03   0.0000000e+00
   1.4461800e+03   1.9998897e-02
   1.5882600e+03   2.0000304e-02
   1.7443100e+03   3.0000069e-02
   1.9156900e+03   2.0000257e-02
   2.1039100e+03   0.0000000e+00
   2.3106200e+03   2.0000008e-02
   2.5376400e+03   1.0000202e-02
   2.7869700e+03   9.9999612e-03
   3.0607900e+03   0.0000000e+00
   3.3615100e+03   0.0000000e+00
   3.6917800e+03   0.0000000e+00
   4.0545000e+03   0.0000000e+00
   4.4528600e+03   0.0000000e+00
   4.8903600e+03   9.9999900e-03
   5.3708400e+03   9.9998526e-03
   5.8985200e+03   0.0000000e+00
   6.4780600e+03   9.9999621e-03
   7.1145300e+03   0.0000000e+00
   7.8135400e+03   0.0000000e+00
   8.5812200e+03   1.0000078e-02
   9.4243400e+03   1.0000183e-02
   1.0350300e+04   0.0000000e+00
   1.1367200e+04   9.9996820e-03
   1.2484000e+04   0.0000000e+00
   1.3710600e+04   0.0000000e+00
   1.5057700e+04   0.0000000e+00
   1.6537100e+04   0.0000000e+00
   1.8161900e+04   0.0000000e+00
   1.9946300e+04   0.0000000e+00
   2.1906000e+04   0.0000000e+00
   2.4058300e+04   2.0000443e-02
   2.6422100e+04   1.0000052e-02
   2.9018100e+04   0.0000000e+00
   3.1869100e+04   0.0000000e+00
   3.5000300e+04   0.0000000e+00
   3.8439100e+04   0.0000000e+00
   4.2215700e+04   0.0000000e+00
   4.6363500e+04   0.0000000e+00
   5.0918700e+04   0.0000000e+00
   5.5921500e+04   0.0000000e+00
   6.1415800e+04   0.0000000e+00
   6.7450000e+04   0.0000000e+00
   7.4077000e+04   0.0000000e+00
   8.1355100e+04   9.9999728e-03
   8.9348300e+04   0.0000000e+00
   9.8126800e+04   0.0000000e+00
   1.0776800e+05   0.0000000e+00
   1.1835600e+05   0.0000000e+00
   1.2998500e+05   0.0000000e+00
   1.4275600e+05   0.0000000e+00
   1.5678200e+05   0.0000000e+00
   1.7218500e+05   0.0000000e+00
   1.8910300e+05   0.0000000e+00
   2.0768200e+05   0.0000000e+00
   2.2808700e+05   0.0000000e+00
   2.5049700e+05   0.0000000e+00
   2.7510800e+05   1.0000154e-02
   3.0213800e+05   0.0000000e+00
   3.3182300e+05   0.0000000e+00
   3.6442500e+05   0.0000000e+00
   4.0023000e+05   0.0000000e+00
   4.3955300e+05   0.0000000e+00
   4.8273900e+05   0.0000000e+00
   5.3016900e+05   0.0000000e+00
   5.8225800e+05   0.0000000e+00
   6.3946500e+05   0.0000000e+00
   7.0229300e+05   0.0000000e+00
   7.7129400e+05   0.0000000e+00
   8.4707400e+05   1.0000020e-02
