   9.9626000e+01   1.9999296e-02
   1.0667200e+02   0.0000000e+00
   1.1421700e+02   1.9999432e-02
   1.2229500e+02   0.0000000e+00
   1.3094500e+02   9.9996574e-03
   1.4020600e+02   1.9999283e-02
   1.5012200e+02   2.0000490e-02
   1.6074000e+02   5.0001430e-02
   1.7210900e+02   2.0000361e-02
   1.8428200e+02   1.9999008e-02
   1.9731500e+02   3.0001074e-02
   2.1127100e+02   1.9999269e-02
   2.2621300e+02   2.0000800e-02
   2.4221300e+02   1.9999929e-02
   2.5934400e+02   1.9999383e-02
   2.7768600e+02   5.0000101e-02
   2.9732600e+02   1.0000004e-02
   3.1835500e+02   1.0000295e-02
   3.4087200e+02   0.0000000e+00
   3.6498000e+02   1.0000008e-02
   3.9079400e+02   0.0000000e+00
   4.1843400e+02   3.0000451e-02
   4.4802900e+02   2.9999287e-02
   4.7971600e+02   0.0000000e+00
   5.1364500e+02   0.0000000e+00
   5.4997400e+02   0.0000000e+00
   5.8887200e+02   9.9999665e-03
   6.3052100e+02   3.0000082e-02
   6.7511600e+02   1.0000025e-02
   7.2286500e+02   1.9999929e-02
   7.7399100e+02   9.9999948e-03
   8.2873300e+02   4.0000069e-02
   8.8734700e+02   2.0000169e-02
   9.5010700e+02   1.9998451e-02
   1.0173000e+03   2.0002505e-02
   1.0892600e+03   0.0000000e+00
   1.1663000e+03   9.9989679e-03
   1.2487800e+03   0.0000000e+00
   1.3371100e+03   2.0000042e-02
   1.4316800e+03   1.0000174e-02
   1.5329400e+03   9.9999994e-03
   1.6413600e+03   1.9998611e-02
   1.7574400e+03   2.0000243e-02
   1.8817400e+03   1.9999967e-02
   2.0148300e+03   1.0000482e-02
   2.1573400e+03   0.0000000e+00
   2.3099200e+03   9.9997797e-03
   2.4732900e+03   1.0000083e-02
   2.6482200e+03   0.0000000e+00
   2.8355200e+03   5.0000524e-02
   3.0360700e+03   9.9998902e-03
   3.2508000e+03   2.0000051e-02
   3.4807200e+03   9.9999547e-03
   3.7269000e+03   0.0000000e+00
   3.9904900e+03   2.0000288e-02
   4.2727300e+03   1.0000070e-02
   4.5749300e+03   9.9999632e-03
   4.8985000e+03   0.0000000e+00
   5.2449500e+03   0.0000000e+00
   5.6159100e+03   1.0000066e-02
   6.0131100e+03   2.0000028e-02
   6.4384000e+03   1.0000016e-02
   6.8937700e+03   0.0000000e+00
   7.3813500e+03   1.0000007e-02
   7.9034100e+03   0.0000000e+00
   8.4623900e+03   0.0000000e+00
   9.0609100e+03   0.0000000e+00
   9.7017600e+03   9.9994613e-03
   1.0387900e+04   0.0000000e+00
   1.1122600e+04   0.0000000e+00
   1.1909300e+04   0.0000000e+00
   1.2751600e+04   0.0000000e+00
   1.3653500e+04   0.0000000e+00
   1.4619200e+04   0.0000000e+00
   1.5653200e+04   0.0000000e+00
   1.6760300e+04   0.0000000e+00
   1.7945700e+04   9.9996460e-03
   1.9214900e+04   0.0000000e+00
   2.0573900e+04   0.0000000e+00
   2.2029100e+04   0.0000000e+00
   2.3587100e+04   0.0000000e+00
   2.5255400e+04   0.0000000e+00
   2.7041600e+04   1.0000144e-02
   2.8954200e+04   0.0000000e+00
   3.1002000e+04   0.0000000e+00
   3.3194700e+04   0.0000000e+00
   3.5542500e+04   0.0000000e+00
   3.8056300e+04   0.0000000e+00
   4.0747900e+04   9.9997319e-03
   4.3629800e+04   0.0000000e+00
   4.6715700e+04   0.0000000e+00
   5.0019700e+04   0.0000000e+00
   5.3557500e+04   9.9998287e-03
   5.7345400e+04   0.0000000e+00
   6.1401300e+04   0.0000000e+00
   6.5744000e+04   0.0000000e+00
   7.0393900e+04   0.0000000e+00
   7.5372700e+04   0.0000000e+00
   8.0703600e+04   1.9999911e-02
