   9.3858900e+01   2.9999456e-02
   1.0402900e+02   9.9997294e-03
   1.1530100e+02   2.0000395e-02
   1.2779500e+02   2.0000666e-02
   1.4164300e+02   1.0000005e-02
   1.5699100e+02   3.9999836e-02
   1.7400200e+02   4.9999111e-02
   1.9285600e+02   1.9999683e-02
   2.1375300e+02   7.0000891e-02
   2.3691500e+02   2.0000439e-02
   2.6258700e+02   6.9999786e-02
   2.9104000e+02   2.9999787e-02
   3.2257600e+02   1.9999757e-02
   3.5752900e+02   5.0000297e-02
   3.9627000e+02   2.0000127e-02
   4.3920900e+02   1.9999832e-02
   4.8680000e+02   7.0001088e-02
   5.3954900e+02   1.0000033e-02
   5.9801300e+02   2.0000017e-02
   6.6281200e+02   0.0000000e+00
   7.3463200e+02   2.0000095e-02
   8.1423500e+02   1.9999964e-02
   9.0246300e+02   2.9999585e-02
   1.0002500e+03   5.0002583e-02
   1.1086400e+03   9.9992813e-03
   1.2287600e+03   0.0000000e+00
   1.3619100e+03   0.0000000e+00
   1.5094800e+03   1.0000424e-02
   1.6730500e+03   9.9996405e-03
   1.8543300e+03   1.0000005e-02
   2.0552600e+03   9.9998981e-03
   2.2779600e+03   0.0000000e+00
   2.5248000e+03   2.0000011e-02
   2.7983800e+03   1.9999724e-02
   3.1016000e+03   9.9999932e-03
   3.4376800e+03   0.0000000e+00
   3.8101800e+03   2.0000012e-02
   4.2230400e+03   0.0000000e+00
   4.6806400e+03   0.0000000e+00
   5.1878200e+03   0.0000000e+00
   5.7499500e+03   0.0000000e+00
   6.3730000e+03   0.0000000e+00
   7.0635600e+03   3.0000073e-02
   7.8289500e+03   9.9999962e-03
   8.6772700e+03   1.0000029e-02
   9.6175200e+03   0.0000000e+00
   1.0659600e+04   0.0000000e+00
   1.1814700e+04   9.9999494e-03
   1.3094900e+04   0.0000000e+00
   1.4513800e+04   1.0000154e-02
   1.6086500e+04   1.0000078e-02
   1.7829600e+04   0.0000000e+00
   1.9761600e+04   0.0000000e+00
   2.1902900e+04   0.0000000e+00
   2.4276200e+04   0.0000000e+00
   2.6906700e+04   0.0000000e+00
   2.9822200e+04   0.0000000e+00
   3.3053700e+04   0.0000000e+00
   3.6635300e+04   0.0000000e+00
   4.0605000e+04   0.0000000e+00
   4.5004800e+04   0.0000000e+00
   4.9881400e+04   1.9999959e-02
   5.5286400e+04   1.0000036e-02
   6.1277100e+04   2.0000007e-02
   6.7916900e+04   0.0000000e+00
   7.5276200e+04   0.0000000e+00
   8.3432900e+04   0.0000000e+00
   9.2473400e+04   0.0000000e+00
   1.0249400e+05   0.0000000e+00
   1.1359900e+05   0.0000000e+00
   1.2590900e+05   0.0000000e+00
   1.3955200e+05   9.9996988e-03
   1.5467300e+05   0.0000000e+00
   1.7143300e+05   0.0000000e+00
   1.9000900e+05   0.0000000e+00
   2.1059800e+05   0.0000000e+00
   2.3341800e+05   0.0000000e+00
   2.5871100e+05   0.0000000e+00
   2.8674400e+05   0.0000000e+00
   3.1781400e+05   0.0000000e+00
   3.5225200e+05   0.0000000e+00
   3.9042100e+05   0.0000000e+00
   4.3272600e+05   0.0000000e+00
   4.7961500e+05   0.0000000e+00
   5.3158400e+05   9.9999944e-03
   5.8918500e+05   0.0000000e+00
   6.5302800e+05   0.0000000e+00
   7.2378800e+05   0.0000000e+00
   8.0221600e+05   0.0000000e+00
   8.8914100e+05   0.0000000e+00
   9.8548600e+05   0.0000000e+00
   1.0922700e+06   0.0000000e+00
   1.2106300e+06   0.0000000e+00
   1.3418100e+06   0.0000000e+00
   1.4872000e+06   0.0000000e+00
   1.6483500e+06   0.0000000e+00
   1.8269600e+06   0.0000000e+00
   2.0249200e+06   0.0000000e+00
   2.2443400e+06   9.9999971e-03
