   1.3270200e+02   9.9997985e-03
   1.4073700e+02   0.0000000e+00
   1.4925800e+02   2.0000642e-02
   1.5829600e+02   0.0000000e+00
   1.6788100e+02   9.9996866e-03
   1.7804600e+02   3.0000397e-02
   1.8882700e+02   2.0000696e-02
   2.0026100e+02   1.0000045e-02
   2.1238700e+02   9.9998588e-03
   2.2524700e+02   2.0000230e-02
   2.3888600e+02   2.0000466e-02
   2.5335100e+02   2.9998904e-02
   2.6869100e+02   3.0001067e-02
   2.8496100e+02   9.9996765e-03
   3.0221500e+02   1.9999709e-02
   3.2051400e+02   5.0001607e-02
   3.3992200e+02   9.9997441e-03
   3.6050400e+02   6.0000499e-02
   3.8233300e+02   0.0000000e+00
   4.0548400e+02   2.9999598e-02
   4.3003600e+02   3.0000053e-02
   4.5607500e+02   3.0000365e-02
   4.8369100e+02   4.0000086e-02
   5.1297900e+02   1.9999836e-02
   5.4404000e+02   1.0000005e-02
   5.7698200e+02   0.0000000e+00
   6.1191900e+02   2.9999893e-02
   6.4897100e+02   2.9999493e-02
   6.8826600e+02   9.9999996e-03
   7.2994100e+02   2.0000224e-02
   7.7414000e+02   4.0000219e-02
   8.2101500e+02   1.9999987e-02
   8.7072800e+02   0.0000000e+00
   9.2345100e+02   9.9998945e-03
   9.7936600e+02   0.0000000e+00
   1.0386700e+03   9.9996358e-03
   1.1015600e+03   0.0000000e+00
   1.1682600e+03   2.0000249e-02
   1.2390000e+03   0.0000000e+00
   1.3140200e+03   2.0001272e-02
   1.3935900e+03   1.9999326e-02
   1.4779700e+03   2.9999285e-02
   1.5674600e+03   9.9999074e-03
   1.6623700e+03   0.0000000e+00
   1.7630300e+03   2.9999205e-02
   1.8697800e+03   0.0000000e+00
   1.9830000e+03   9.9998258e-03
   2.1030700e+03   0.0000000e+00
   2.2304100e+03   0.0000000e+00
   2.3654700e+03   0.0000000e+00
   2.5087000e+03   9.9997745e-03
   2.6606000e+03   0.0000000e+00
   2.8217000e+03   0.0000000e+00
   2.9925600e+03   9.9999025e-03
   3.1737600e+03   9.9998158e-03
   3.3659300e+03   1.0000019e-02
   3.5697400e+03   1.9999949e-02
   3.7858900e+03   2.0000113e-02
   4.0151300e+03   0.0000000e+00
   4.2582500e+03   0.0000000e+00
   4.5160900e+03   0.0000000e+00
   4.7895500e+03   0.0000000e+00
   5.0795600e+03   0.0000000e+00
   5.3871300e+03   0.0000000e+00
   5.7133200e+03   1.0000134e-02
   6.0592700e+03   0.0000000e+00
   6.4261600e+03   2.0000059e-02
   6.8152700e+03   1.0000026e-02
   7.2279400e+03   0.0000000e+00
   7.6656000e+03   0.0000000e+00
   8.1297500e+03   1.0000170e-02
   8.6220200e+03   0.0000000e+00
   9.1440900e+03   0.0000000e+00
   9.6977700e+03   0.0000000e+00
   1.0285000e+04   0.0000000e+00
   1.0907700e+04   0.0000000e+00
   1.1568200e+04   0.0000000e+00
   1.2268700e+04   0.0000000e+00
   1.3011500e+04   1.0000500e-02
   1.3799400e+04   1.0000461e-02
   1.4635000e+04   0.0000000e+00
   1.5521100e+04   0.0000000e+00
   1.6460900e+04   1.0000795e-02
   1.7457700e+04   0.0000000e+00
   1.8514700e+04   0.0000000e+00
   1.9635800e+04   0.0000000e+00
   2.0824800e+04   0.0000000e+00
   2.2085700e+04   0.0000000e+00
   2.3423100e+04   0.0000000e+00
   2.4841300e+04   0.0000000e+00
   2.6345500e+04   0.0000000e+00
   2.7940700e+04   0.0000000e+00
   2.9632600e+04   0.0000000e+00
   3.1426800e+04   0.0000000e+00
   3.3329800e+04   0.0000000e+00
   3.5347900e+04   0.0000000e+00
   3.7488200e+04   0.0000000e+00
   3.9758200e+04   0.0000000e+00
   4.2165600e+04   0.0000000e+00
