   1.3173900e+02   1.0000216e-02
   1.4151400e+02   1.9999875e-02
   1.5201400e+02   1.9999810e-02
   1.6329300e+02   2.0000002e-02
   1.7540900e+02   9.9999972e-03
   1.8842400e+02   3.0000709e-02
   2.0240500e+02   0.0000000e+00
   2.1742300e+02   0.0000000e+00
   2.3355500e+02   1.0000398e-02
   2.5088500e+02   1.9999956e-02
   2.6950000e+02   2.9999599e-02
   2.8949600e+02   5.0000070e-02
   3.1097600e+02   2.0000197e-02
   3.3405000e+02   4.0000390e-02
   3.5883600e+02   3.0000251e-02
   3.8546100e+02   9.9998756e-03
   4.1406100e+02   9.9998574e-03
   4.4478300e+02   0.0000000e+00
   4.7778500e+02   2.0000178e-02
   5.1323600e+02   2.9999983e-02
   5.5131700e+02   0.0000000e+00
   5.9222400e+02   1.9999658e-02
   6.3616500e+02   1.9999959e-02
   6.8336700e+02   3.0000323e-02
   7.3407200e+02   1.0000087e-02
   7.8853900e+02   1.9999682e-02
   8.4704600e+02   1.9999997e-02
   9.0989500e+02   1.0000093e-02
   9.7740800e+02   0.0000000e+00
   1.0499300e+03   1.9999345e-02
   1.1278300e+03   9.9996763e-03
   1.2115100e+03   2.0001851e-02
   1.3014100e+03   1.9999700e-02
   1.3979700e+03   1.9998772e-02
   1.5016900e+03   2.0001351e-02
   1.6131200e+03   0.0000000e+00
   1.7328100e+03   9.9999560e-03
   1.8613800e+03   1.9999985e-02
   1.9994900e+03   1.0000146e-02
   2.1478500e+03   4.9998244e-02
   2.3072100e+03   3.0000020e-02
   2.4784000e+03   9.9998830e-03
   2.6622900e+03   2.0000332e-02
   2.8598300e+03   0.0000000e+00
   3.0720200e+03   2.0000208e-02
   3.2999600e+03   3.0000001e-02
   3.5448100e+03   0.0000000e+00
   3.8078300e+03   0.0000000e+00
   4.0903600e+03   0.0000000e+00
   4.3938600e+03   1.9999703e-02
   4.7198700e+03   0.0000000e+00
   5.0700800e+03   1.0000033e-02
   5.4462700e+03   0.0000000e+00
   5.8503700e+03   0.0000000e+00
   6.2844500e+03   0.0000000e+00
   6.7507500e+03   9.9999683e-03
   7.2516400e+03   0.0000000e+00
   7.7896900e+03   0.0000000e+00
   8.3676700e+03   1.0000105e-02
   8.9885400e+03   0.0000000e+00
   9.6554700e+03   1.0000217e-02
   1.0371900e+04   2.0000750e-02
   1.1141500e+04   0.0000000e+00
   1.1968100e+04   0.0000000e+00
   1.2856100e+04   1.0000020e-02
   1.3810000e+04   0.0000000e+00
   1.4834700e+04   0.0000000e+00
   1.5935400e+04   1.0000219e-02
   1.7117800e+04   9.9999672e-03
   1.8387900e+04   9.9996914e-03
   1.9752200e+04   0.0000000e+00
   2.1217800e+04   1.9999750e-02
   2.2792100e+04   0.0000000e+00
   2.4483300e+04   9.9999652e-03
   2.6299900e+04   0.0000000e+00
   2.8251300e+04   0.0000000e+00
   3.0347400e+04   0.0000000e+00
   3.2599200e+04   0.0000000e+00
   3.5017900e+04   0.0000000e+00
   3.7616200e+04   0.0000000e+00
   4.0407200e+04   0.0000000e+00
   4.3405400e+04   0.0000000e+00
   4.6626000e+04   0.0000000e+00
   5.0085500e+04   9.9998854e-03
   5.3801700e+04   0.0000000e+00
   5.7793700e+04   0.0000000e+00
   6.2081900e+04   0.0000000e+00
   6.6688200e+04   0.0000000e+00
   7.1636400e+04   0.0000000e+00
   7.6951600e+04   0.0000000e+00
   8.2661300e+04   0.0000000e+00
   8.8794600e+04   0.0000000e+00
   9.5382900e+04   0.0000000e+00
   1.0246000e+05   0.0000000e+00
   1.1006200e+05   0.0000000e+00
   1.1822900e+05   0.0000000e+00
   1.2700100e+05   0.0000000e+00
   1.3642400e+05   1.0000583e-02
   1.4654700e+05   9.9995719e-03
