   6.8618400e+01   1.0000086e-02
   7.5184100e+01   0.0000000e+00
   8.2377900e+01   9.9999895e-03
   9.0260100e+01   3.0000090e-02
   9.8896500e+01   1.9999561e-02
   1.0835900e+02   9.9998531e-03
   1.1872700e+02   2.0001381e-02
   1.3008800e+02   9.9998451e-03
   1.4253500e+02   4.9999363e-02
   1.5617300e+02   9.9999154e-03
   1.7111600e+02   2.0000111e-02
   1.8748900e+02   2.0000588e-02
   2.0542900e+02   2.9999970e-02
   2.2508500e+02   1.9999256e-02
   2.4662100e+02   1.0000195e-02
   2.7021900e+02   1.9999696e-02
   2.9607400e+02   2.0000470e-02
   3.2440400e+02   3.0000036e-02
   3.5544400e+02   2.0000023e-02
   3.8945400e+02   1.9999924e-02
   4.2671800e+02   4.9999193e-02
   4.6754700e+02   2.0000257e-02
   5.1228400e+02   3.0000022e-02
   5.6130100e+02   0.0000000e+00
   6.1500800e+02   5.0000093e-02
   6.7385400e+02   2.9999780e-02
   7.3833000e+02   2.0000095e-02
   8.0897600e+02   1.9999904e-02
   8.8638100e+02   2.0000027e-02
   9.7119300e+02   0.0000000e+00
   1.0641200e+03   1.0000160e-02
   1.1659400e+03   4.9999742e-02
   1.2775000e+03   0.0000000e+00
   1.3997300e+03   9.9999236e-03
   1.5336600e+03   0.0000000e+00
   1.6804100e+03   2.0000347e-02
   1.8412000e+03   1.9999875e-02
   2.0173700e+03   2.0000224e-02
   2.2104000e+03   2.0000201e-02
   2.4219000e+03   0.0000000e+00
   2.6536300e+03   0.0000000e+00
   2.9075400e+03   9.9998990e-03
   3.1857400e+03   9.9999554e-03
   3.4905600e+03   1.0000061e-02
   3.8245500e+03   1.0000133e-02
   4.1905000e+03   0.0000000e+00
   4.5914600e+03   2.9999669e-02
   5.0307800e+03   1.9999979e-02
   5.5121400e+03   0.0000000e+00
   6.0395600e+03   9.9999245e-03
   6.6174400e+03   1.0000002e-02
   7.2506200e+03   1.0000140e-02
   7.9443900e+03   9.9999458e-03
   8.7045300e+03   1.0000057e-02
   9.5374100e+03   1.0000252e-02
   1.0450000e+04   0.0000000e+00
   1.1449900e+04   9.9994611e-03
   1.2545400e+04   0.0000000e+00
   1.3745800e+04   0.0000000e+00
   1.5061000e+04   1.0000081e-02
   1.6502100e+04   0.0000000e+00
   1.8081100e+04   0.0000000e+00
   1.9811200e+04   0.0000000e+00
   2.1706800e+04   0.0000000e+00
   2.3783700e+04   0.0000000e+00
   2.6059400e+04   0.0000000e+00
   2.8552900e+04   0.0000000e+00
   3.1284900e+04   0.0000000e+00
   3.4278400e+04   0.0000000e+00
   3.7558200e+04   0.0000000e+00
   4.1151900e+04   0.0000000e+00
   4.5089500e+04   0.0000000e+00
   4.9403800e+04   0.0000000e+00
   5.4130900e+04   0.0000000e+00
   5.9310300e+04   1.0000031e-02
   6.4985300e+04   0.0000000e+00
   7.1203300e+04   0.0000000e+00
   7.8016200e+04   0.0000000e+00
   8.5481100e+04   1.0000013e-02
   9.3660200e+04   1.0000114e-02
   1.0262200e+05   0.0000000e+00
   1.1244100e+05   1.0000265e-02
   1.2320000e+05   0.0000000e+00
   1.3498800e+05   0.0000000e+00
   1.4790400e+05   0.0000000e+00
   1.6205600e+05   0.0000000e+00
   1.7756200e+05   0.0000000e+00
   1.9455200e+05   0.0000000e+00
   2.1316700e+05   0.0000000e+00
   2.3356300e+05   0.0000000e+00
   2.5591200e+05   9.9998131e-03
   2.8039800e+05   0.0000000e+00
   3.0722700e+05   0.0000000e+00
   3.3662400e+05   0.0000000e+00
   3.6883300e+05   0.0000000e+00
   4.0412400e+05   0.0000000e+00
   4.4279200e+05   0.0000000e+00
   4.8516000e+05   0.0000000e+00
   5.3158200e+05   9.9999201e-03
