   9.4250800e+01   9.9999077e-03
   1.0154000e+02   0.0000000e+00
   1.0939300e+02   0.0000000e+00
   1.1785300e+02   1.0000431e-02
   1.2696800e+02   1.0000492e-02
   1.3678800e+02   1.0000011e-02
   1.4736700e+02   9.9998646e-03
   1.5876400e+02   9.9995101e-03
   1.7104200e+02   0.0000000e+00
   1.8427100e+02   2.9999495e-02
   1.9852200e+02   2.9999148e-02
   2.1387500e+02   3.0000246e-02
   2.3041600e+02   0.0000000e+00
   2.4823600e+02   3.9999417e-02
   2.6743400e+02   2.0000911e-02
   2.8811800e+02   9.9996937e-03
   3.1040000e+02   3.0000058e-02
   3.3440600e+02   1.0000162e-02
   3.6026900e+02   3.9998966e-02
   3.8813100e+02   5.0000682e-02
   4.1814900e+02   1.9999925e-02
   4.5048800e+02   1.9999867e-02
   4.8532800e+02   5.0000374e-02
   5.2286300e+02   4.0000380e-02
   5.6330100e+02   4.9999986e-02
   6.0686600e+02   2.9999837e-02
   6.5380000e+02   1.9999983e-02
   7.0436400e+02   0.0000000e+00
   7.5883900e+02   1.9999767e-02
   8.1752600e+02   0.0000000e+00
   8.8075300e+02   1.9999879e-02
   9.4886900e+02   0.0000000e+00
   1.0222500e+03   2.0000045e-02
   1.1013100e+03   0.0000000e+00
   1.1864900e+03   1.9999643e-02
   1.2782500e+03   3.0000550e-02
   1.3771100e+03   9.9996365e-03
   1.4836100e+03   3.9999741e-02
   1.5983500e+03   0.0000000e+00
   1.7219700e+03   1.9999337e-02
   1.8551400e+03   0.0000000e+00
   1.9986200e+03   0.0000000e+00
   2.1531900e+03   9.9997092e-03
   2.3197100e+03   0.0000000e+00
   2.4991100e+03   2.0000228e-02
   2.6923900e+03   1.0000162e-02
   2.9006200e+03   0.0000000e+00
   3.1249500e+03   1.0000018e-02
   3.3666300e+03   9.9999525e-03
   3.6270000e+03   1.0000069e-02
   3.9075100e+03   1.9999868e-02
   4.2097100e+03   0.0000000e+00
   4.5352900e+03   0.0000000e+00
   4.8860400e+03   9.9999896e-03
   5.2639200e+03   1.9999765e-02
   5.6710200e+03   2.0000011e-02
   6.1096100e+03   0.0000000e+00
   6.5821200e+03   0.0000000e+00
   7.0911800e+03   1.9999890e-02
   7.6396000e+03   0.0000000e+00
   8.2304400e+03   0.0000000e+00
   8.8669700e+03   0.0000000e+00
   9.5527300e+03   0.0000000e+00
   1.0291500e+04   1.0000864e-02
   1.1087500e+04   0.0000000e+00
   1.1945000e+04   0.0000000e+00
   1.2868800e+04   0.0000000e+00
   1.3864000e+04   0.0000000e+00
   1.4936200e+04   1.0000428e-02
   1.6091400e+04   0.0000000e+00
   1.7335900e+04   0.0000000e+00
   1.8676600e+04   0.0000000e+00
   2.0121000e+04   0.0000000e+00
   2.1677200e+04   0.0000000e+00
   2.3353700e+04   0.0000000e+00
   2.5159800e+04   0.0000000e+00
   2.7105600e+04   1.0000394e-02
   2.9202000e+04   0.0000000e+00
   3.1460400e+04   0.0000000e+00
   3.3893500e+04   0.0000000e+00
   3.6514800e+04   0.0000000e+00
   3.9338800e+04   0.0000000e+00
   4.2381200e+04   0.0000000e+00
   4.5658900e+04   0.0000000e+00
   4.9190100e+04   0.0000000e+00
   5.2994400e+04   0.0000000e+00
   5.7093000e+04   0.0000000e+00
   6.1508500e+04   1.0000023e-02
   6.6265500e+04   9.9998172e-03
   7.1390300e+04   0.0000000e+00
   7.6911600e+04   0.0000000e+00
   8.2859800e+04   0.0000000e+00
   8.9268100e+04   1.0000023e-02
   9.6172000e+04   0.0000000e+00
   1.0361000e+05   0.0000000e+00
   1.1162300e+05   0.0000000e+00
   1.2025600e+05   0.0000000e+00
   1.2955600e+05   1.0000291e-02
   1.3957600e+05   9.9994213e-03
