   7.4546700e+01   2.9999994e-02
   8.0863100e+01   9.9999787e-03
   8.7714700e+01   0.0000000e+00
   9.5146900e+01   2.0000619e-02
   1.0320900e+02   0.0000000e+00
   1.1195400e+02   3.0000234e-02
   1.2144000e+02   0.0000000e+00
   1.3172900e+02   1.0000426e-02
   1.4289100e+02   0.0000000e+00
   1.5499800e+02   1.9999852e-02
   1.6813100e+02   1.0000094e-02
   1.8237700e+02   1.0000038e-02
   1.9783000e+02   1.9999748e-02
   2.1459200e+02   3.0000677e-02
   2.3277500e+02   2.9999669e-02
   2.5249800e+02   2.9999523e-02
   2.7389200e+02   9.9999659e-03
   2.9709900e+02   4.0000983e-02
   3.2227300e+02   4.9999197e-02
   3.4957900e+02   9.9999490e-03
   3.7919900e+02   3.0000134e-02
   4.1132900e+02   9.9999450e-03
   4.4618100e+02   3.0000573e-02
   4.8398700e+02   3.9999449e-02
   5.2499500e+02   1.0000181e-02
   5.6947900e+02   0.0000000e+00
   6.1773100e+02   2.0000072e-02
   6.7007200e+02   9.9998943e-03
   7.2684700e+02   0.0000000e+00
   7.8843400e+02   9.9998908e-03
   8.5523800e+02   1.0000025e-02
   9.2770300e+02   2.0000529e-02
   1.0063100e+03   9.9993781e-03
   1.0915700e+03   1.0000019e-02
   1.1840600e+03   2.0000685e-02
   1.2843900e+03   1.0000247e-02
   1.3932200e+03   1.0000145e-02
   1.5112700e+03   1.9999873e-02
   1.6393200e+03   1.9999933e-02
   1.7782200e+03   1.0000028e-02
   1.9288900e+03   0.0000000e+00
   2.0923200e+03   1.0000344e-02
   2.2696100e+03   0.0000000e+00
   2.4619100e+03   2.0000026e-02
   2.6705100e+03   2.0000482e-02
   2.8967900e+03   1.9999433e-02
   3.1422300e+03   0.0000000e+00
   3.4084800e+03   2.9999678e-02
   3.6972800e+03   0.0000000e+00
   4.0105500e+03   0.0000000e+00
   4.3503700e+03   2.0000005e-02
   4.7189800e+03   9.9999184e-03
   5.1188200e+03   0.0000000e+00
   5.5525400e+03   0.0000000e+00
   6.0230200e+03   2.9999749e-02
   6.5333500e+03   1.0000091e-02
   7.0869300e+03   9.9999736e-03
   7.6874100e+03   1.0000004e-02
   8.3387700e+03   1.0000014e-02
   9.0453200e+03   9.9998878e-03
   9.8117300e+03   1.0000134e-02
   1.0643100e+04   0.0000000e+00
   1.1544900e+04   0.0000000e+00
   1.2523100e+04   1.0000082e-02
   1.3584200e+04   0.0000000e+00
   1.4735200e+04   0.0000000e+00
   1.5983700e+04   2.9999776e-02
   1.7338000e+04   2.0000474e-02
   1.8807100e+04   9.9997543e-03
   2.0400600e+04   1.0000228e-02
   2.2129200e+04   0.0000000e+00
   2.4004200e+04   0.0000000e+00
   2.6038100e+04   0.0000000e+00
   2.8244300e+04   0.0000000e+00
   3.0637500e+04   0.0000000e+00
   3.3233400e+04   0.0000000e+00
   3.6049300e+04   1.0000036e-02
   3.9103800e+04   0.0000000e+00
   4.2417100e+04   0.0000000e+00
   4.6011100e+04   0.0000000e+00
   4.9909700e+04   1.0000038e-02
   5.4138600e+04   0.0000000e+00
   5.8725800e+04   9.9998653e-03
   6.3701600e+04   0.0000000e+00
   6.9099100e+04   0.0000000e+00
   7.4954000e+04   0.0000000e+00
   8.1304900e+04   0.0000000e+00
   8.8193900e+04   0.0000000e+00
   9.5666600e+04   0.0000000e+00
   1.0377300e+05   0.0000000e+00
   1.1256500e+05   0.0000000e+00
   1.2210300e+05   0.0000000e+00
   1.3244900e+05   0.0000000e+00
   1.4367100e+05   0.0000000e+00
   1.5584500e+05   0.0000000e+00
   1.6905000e+05   0.0000000e+00
   1.8337300e+05   0.0000000e+00
   1.9891100e+05   0.0000000e+00
   2.1576400e+05   1.0000071e-02
