   7.5588800e+01   1.0000101e-02
   8.2490800e+01   9.9999172e-03
   9.0022900e+01   1.0000002e-02
   9.8242800e+01   9.9997099e-03
   1.0721300e+02   1.0000485e-02
   1.1700300e+02   9.9996192e-03
   1.2768600e+02   1.0000088e-02
   1.3934500e+02   0.0000000e+00
   1.5206900e+02   0.0000000e+00
   1.6595400e+02   2.9999909e-02
   1.8110700e+02   1.0000188e-02
   1.9764400e+02   9.9996495e-03
   2.1569000e+02   0.0000000e+00
   2.3538500e+02   9.9996688e-03
   2.5687700e+02   2.0000673e-02
   2.8033300e+02   2.9999024e-02
   3.0592900e+02   2.0000650e-02
   3.3386400e+02   3.9998971e-02
   3.6434800e+02   3.0000653e-02
   3.9761700e+02   4.9999897e-02
   4.3392300e+02   1.9999968e-02
   4.7354400e+02   6.9998863e-02
   5.1678200e+02   2.0000068e-02
   5.6396900e+02   2.0000222e-02
   6.1546500e+02   1.9999838e-02
   6.7166200e+02   0.0000000e+00
   7.3299100e+02   1.0000063e-02
   7.9992000e+02   4.0000064e-02
   8.7296000e+02   2.0000024e-02
   9.5266900e+02   4.0001767e-02
   1.0396600e+03   0.0000000e+00
   1.1345900e+03   9.9992423e-03
   1.2381800e+03   6.0001394e-02
   1.3512400e+03   9.9999613e-03
   1.4746200e+03   0.0000000e+00
   1.6092700e+03   1.9999856e-02
   1.7562100e+03   1.0000146e-02
   1.9165700e+03   1.0000025e-02
   2.0915700e+03   1.9999142e-02
   2.2825400e+03   2.0000317e-02
   2.4909600e+03   2.0000247e-02
   2.7184100e+03   1.9999595e-02
   2.9666200e+03   1.0000023e-02
   3.2375000e+03   0.0000000e+00
   3.5331100e+03   1.0000136e-02
   3.8557200e+03   1.9999895e-02
   4.2077800e+03   2.0000090e-02
   4.5919900e+03   0.0000000e+00
   5.0112800e+03   0.0000000e+00
   5.4688500e+03   1.0000083e-02
   5.9682100e+03   9.9999960e-03
   6.5131600e+03   9.9999892e-03
   7.1078700e+03   0.0000000e+00
   7.7568800e+03   0.0000000e+00
   8.4651600e+03   0.0000000e+00
   9.2381000e+03   0.0000000e+00
   1.0081600e+04   1.0000662e-02
   1.1002200e+04   0.0000000e+00
   1.2006800e+04   9.9997689e-03
   1.3103100e+04   2.9999251e-02
   1.4299500e+04   0.0000000e+00
   1.5605200e+04   1.0000034e-02
   1.7030100e+04   0.0000000e+00
   1.8585100e+04   0.0000000e+00
   2.0282100e+04   0.0000000e+00
   2.2134000e+04   0.0000000e+00
   2.4155000e+04   0.0000000e+00
   2.6360600e+04   0.0000000e+00
   2.8767600e+04   9.9998469e-03
   3.1394300e+04   0.0000000e+00
   3.4260900e+04   0.0000000e+00
   3.7389200e+04   2.0000168e-02
   4.0803200e+04   0.0000000e+00
   4.4528900e+04   0.0000000e+00
   4.8594800e+04   9.9998923e-03
   5.3031900e+04   0.0000000e+00
   5.7874200e+04   0.0000000e+00
   6.3158600e+04   0.0000000e+00
   6.8925600e+04   0.0000000e+00
   7.5219100e+04   1.0000031e-02
   8.2087300e+04   0.0000000e+00
   8.9582600e+04   0.0000000e+00
   9.7762300e+04   0.0000000e+00
   1.0668900e+05   0.0000000e+00
   1.1643100e+05   0.0000000e+00
   1.2706200e+05   1.0000112e-02
   1.3866400e+05   0.0000000e+00
   1.5132500e+05   0.0000000e+00
   1.6514200e+05   0.0000000e+00
   1.8022100e+05   0.0000000e+00
   1.9667700e+05   0.0000000e+00
   2.1463500e+05   0.0000000e+00
   2.3423300e+05   0.0000000e+00
   2.5562100e+05   0.0000000e+00
   2.7896100e+05   0.0000000e+00
   3.0443300e+05   0.0000000e+00
   3.3223100e+05   0.0000000e+00
   3.6256600e+05   0.0000000e+00
   3.9567200e+05   9.9999052e-03
