5.591364827756970315e-03
7.095001220571954016e-03
3.507964744101381774e-03
1.951228989315420895e-02
1.685189850643483951e-03
6.777801998290691396e-03
1.569698869667422725e-02
8.658207434991806260e-04
5.801058248095520252e-03
8.163792784928219221e-03
4.149383370510444785e-03
9.960590645935183448e-04
1.509250524492273919e-02
2.875313906088446461e-03
2.463425637159992292e-03
4.654329678121189862e-03
4.536321299026760227e-03
1.864425578365021610e-02
4.125281530948518398e-03
5.784165277298457600e-03
1.642321511581136539e-02
1.352864956246194530e-02
1.527884736983937605e-02
3.417370257813915919e-03
8.475044652480457838e-03
7.681852522724584619e-04
2.242416769931881992e-02
1.425763249433201901e-02
2.425233351207368906e-03
2.720364138240804509e-03
5.622875117389872397e-03
4.883317761849451447e-04
2.294648644973610804e-03
2.169389315390238965e-03
1.504883100857929215e-02
6.723372080429417495e-03
1.362849131160974621e-03
6.214346869755144574e-03
1.698944853355908655e-02
1.271900942376983507e-02
4.377998341206769568e-03
4.801869685245000775e-03
1.661018246192290729e-02
5.076328920215639542e-03
2.005890897745204863e-04
8.522132690476509273e-03
6.448383109212428403e-03
2.343796565689352119e-03
1.202732719155114559e-02
9.477756547277487592e-03
2.078442806729356024e-02
8.368375656141336522e-03
5.518933314636744782e-03
6.558067847803321793e-04
2.523482254874151475e-04
4.626703604622927485e-03
8.449571009267147284e-03
1.036408566658585453e-02
7.257348346120944677e-03
4.894172401415774337e-03
1.220007747861275244e-03
1.654835126027426329e-02
1.161497629108245366e-03
5.426016245607873968e-03
4.656047674583290233e-03
3.873746691118519145e-03
9.597560624778544644e-03
4.804701753320098773e-03
1.306955982052901942e-02
1.675700341870141330e-02
1.102772902461622920e-02
1.138724455249843538e-02
2.198717855869817064e-03
4.790781820910168867e-03
3.447344102871625904e-03
4.964554543924771038e-03
1.094955428762977613e-02
7.271479235398058648e-04
1.232450303674740774e-02
8.965056672374081435e-04
7.855553702469996596e-03
4.612283896648151135e-04
5.817607256048342064e-03
2.192794226152230269e-02
1.041914286464635034e-02
1.349592731775749741e-03
1.289854115065756056e-02
1.602520031487984775e-02
3.102628115107103606e-03
1.102162081857825486e-03
1.651776058741625045e-03
2.204639723546333516e-03
3.202040297687036552e-04
4.838087247593990912e-03
1.925381446786996603e-03
1.131105952891266718e-02
2.437893697226467538e-03
7.309668476939703945e-03
3.478215649194559868e-03
3.778010991823033907e-03
7.956662274731561915e-03
7.160784589613443905e-03
8.830550229605167722e-03
5.087434870462469519e-03
7.441774787357674677e-03
7.255145843380897408e-03
1.481753700419051684e-04
4.160083066281370333e-03
4.239551929720646213e-03
3.535768251940835279e-03
5.192203199960261292e-03
8.345698465888508463e-04
3.685346221962880302e-03
3.329090371326778397e-04
6.840563857065736116e-03
1.036697638220706978e-02
7.279155645443445045e-03
7.893839322998910321e-03
2.790567770984026495e-03
1.092896332654798124e-02
1.732854885161159639e-02
2.993841488538302275e-04
4.234580940229080298e-03
1.047740955429902858e-03
9.291779701716884263e-03
2.080520225224116379e-02
1.810756681899258367e-03
1.410615975179948210e-02
4.716726263360003155e-03
1.754519847624675050e-03
6.507369930567562938e-03
8.035171137407474094e-04
4.965353508385820245e-04
5.804796880760023162e-03
9.246529754414400601e-03
1.371546815876298168e-02
3.770176664653286484e-03
1.767621879407941382e-02
1.434960343099635563e-02
1.372523141578168779e-02
5.340730442878676570e-03
2.722647494081921558e-03
2.545501091191998758e-03
1.472418386235784318e-02
3.612108596306099709e-03
5.229956805082448638e-03
1.651515769435626859e-04
3.832559864513063273e-03
4.992085258072046644e-03
8.775177075914781730e-03
8.030393619723144583e-03
1.159478565663380964e-03
1.003346885313563530e-02
3.490155677428451002e-03
4.870989972237250824e-04
1.359289333258785135e-02
7.137212627521622756e-03
8.234225529031894211e-03
2.547642145465555102e-03
5.438722106437527196e-03
3.024648070032105555e-03
4.151286218064681455e-03
1.333052768840363271e-02
1.491712503936491914e-02
6.124790735726370200e-03
1.268007540120328312e-02
1.395021792201049096e-04
7.874922590661736013e-03
1.169671686365923030e-02
3.242836288363703709e-04
6.431812203880091054e-03
3.397319781086838211e-03
8.322967087102331116e-03
4.499653716528714126e-03
1.422129232855472375e-03
7.941664175237365605e-03
7.772560779376831708e-03
1.886503895706310432e-03
6.708698985124832322e-03
2.973922354902163584e-02
1.684414768293463534e-03
1.386137999360331600e-02
2.106466069089818482e-02
1.072329797485969266e-02
2.304018506634892584e-03
3.424215367113403463e-03
8.451127751664004595e-03
3.361562383820737359e-04
1.545492774514744573e-02
5.745684905808754427e-03
1.930661047238084503e-03
3.003676761646082512e-04
4.249702761604690938e-03
7.644637523050400001e-03
6.583408258622423619e-03
7.138232263481023021e-03
1.460061626727380060e-02
1.021161688880374389e-02
8.269512298407508469e-03
4.540824412797422709e-03
1.933788547188777796e-02
9.600260005212695943e-03
2.497569630843355249e-03
2.851111948536755574e-03
4.879859784479411398e-03
5.924913753828673496e-03
1.857101459132711341e-03
2.963894929249292652e-04
9.009705994186547121e-03
1.289479678777689931e-02
8.979564878829240926e-03
1.090378448933216476e-02
3.884323793755732005e-03
1.004080620473220622e-02
7.814093771504850711e-03
8.463658259100193329e-03
3.717517737272042939e-03
6.227572328044096890e-03
3.541007223487562319e-03
1.288562777711258107e-02
5.844246288916415087e-03
3.705040853332249202e-03
5.881459465098768866e-03
6.004366378936006401e-03
1.269991266324112765e-03
7.708866566080833232e-03
1.367365743314410964e-02
4.891475421818812681e-03
1.120190222568824209e-02
5.499574234690694959e-03
4.775620901471934812e-03
7.530255194848674977e-03
6.254326567744724653e-03
1.208323741766002823e-02
2.207245695715902983e-02
2.989789154793566061e-03
1.195471012846413550e-02
4.283571286103176647e-03
8.215005929774999230e-03
2.954218661129467461e-04
6.577151277239264363e-03
2.663808709072491843e-03
6.562891008269264997e-03
1.105728651792301127e-02
5.607168078141595673e-03
1.428819967882420270e-03
1.696494437421625610e-03
6.979251408178843274e-04
1.055381137414727367e-02
2.150588866829062848e-02
1.990134554271921763e-02
4.506031868324197019e-03
1.026919902825126039e-02
5.790456562626201953e-03
2.348821989008257304e-03
1.913594264738247008e-02
2.227464779423715679e-02
1.734833886934105535e-02
1.592949682575262233e-04
6.715830304656503040e-03
1.861051046072107786e-03
1.366853915094275868e-03
6.675239108951786307e-03
4.235122285462774964e-03
8.375796018188268188e-03
1.108216076118701855e-02
6.252971349970875593e-03
4.559943887340301392e-03
1.013402048925981201e-02
1.331715939321296595e-02
1.527225729563930733e-02
7.231473759504778278e-04
9.207452353721961745e-04
1.468778654303105544e-02
4.154526388295006790e-03
1.657702220320821746e-03
4.268242817310571001e-03
2.856003171286550235e-03
6.428443374206391399e-03
2.202418506027347019e-03
5.197269099499379676e-04
6.533873503301959942e-03
6.825462488537103155e-03
6.750267372123473428e-03
6.878233823081920419e-03
8.088680179026348435e-03
1.637907460952773078e-02
9.203421554645035670e-04
2.214812548314993267e-03
1.504041162227215053e-02
1.258636363385828329e-02
5.990121775675814539e-03
4.056961385579236495e-03
1.641117956057264703e-03
1.517946237507074997e-02
4.152361204730054337e-03
7.154723440546904498e-03
2.465589441226403306e-03
8.460766314448650918e-03
2.776809326615769895e-03
1.943555916722456214e-02
2.963778752927563424e-03
9.459651371162886360e-03
6.057263784986886487e-03
2.580038322021959655e-03
5.097693875004243036e-03
1.926611046415030839e-03
4.473185962752358052e-03
9.548314813804496468e-03
6.067485663872620137e-03
4.327772965624521878e-03
9.776376723232959448e-03
2.550137020048358436e-03
5.773874176039820762e-03
7.199156975363251929e-03
5.937846045493335324e-04
5.967293047362571580e-03
8.525017891448462976e-03
1.562708220655628427e-03
3.838623747757528414e-03
2.136712165822216068e-04
1.106645215315045158e-02
2.147043575888609238e-02
1.495050367688734345e-02
6.623377489768565122e-05
1.549600720070430085e-03
1.303146015150827026e-03
1.798307706790201960e-03
1.113114473817569281e-03
6.121490772379780190e-03
1.298022233234304070e-03
1.771351932735761459e-03
6.688362326286533162e-03
3.388543177239066242e-03
1.761097787777541430e-03
5.084124354363971088e-03
5.724428728804041577e-03
1.663326195954823025e-03
5.003227490414599403e-03
1.144264913227056781e-03
3.781697938713902713e-03
5.929340794526206286e-04
5.917488872396983908e-03
4.391489987380979218e-03
4.172669061127444630e-03
1.418123377720757750e-03
3.086662012336018057e-03
1.459187730217258649e-03
1.605317589367797823e-03
9.011773057542740804e-04
4.862115566596513817e-03
3.201503257161913800e-03
3.066927795502636528e-03
5.979358687855461547e-03
6.751100417811133243e-03
4.927321218133371740e-03
6.880354675449409062e-03
5.567412127655822426e-03
9.431526217587714311e-03
3.101741364852020864e-03
7.794469830539984927e-03
4.492743852982453330e-03
1.385024915494250004e-02
7.688691496922603862e-03
2.024741537820776843e-02
8.507699401428867438e-04
7.479586620596148996e-03
1.265466697522526964e-03
2.730537257718980600e-03
4.308386987933421688e-03
1.016162464271340958e-02
3.139318906850410620e-03
6.049009722623823783e-03
4.926112384977465557e-03
3.580596194676721918e-03
6.732590869817508053e-03
5.580361849661073965e-03
5.533483544066965590e-03
1.062464694448684265e-02
8.451315770570008018e-03
1.493164915816464107e-02
3.885703664854115238e-03
5.443868091641834890e-03
2.993023347302792032e-03
1.602480833517928816e-03
7.846576146595637610e-03
2.063339813474862963e-03
4.411653681546700775e-03
9.694545487269855266e-03
8.688132377121082078e-03
7.844031988875701383e-03
1.663000785666767737e-03
2.513238651778124631e-03
9.412010478763102247e-03
2.574018339437723901e-02
3.022040342312017850e-03
1.144680876980647480e-02
1.160598034277999374e-03
3.334382281162744880e-03
2.204781145227221583e-03
1.037000512469331021e-03
4.235812564599488947e-03
7.584773624761470372e-03
7.121477710231477118e-03
6.844654142983414968e-04
2.764922797861655429e-02
4.522336637595466939e-03
7.514729439229470877e-03
6.071979098175477214e-03
1.164404465932215166e-02
9.478797149888581325e-03
5.475093463045116460e-03
9.783517961852434761e-03
1.947763068651876643e-03
4.111555995052899697e-03
7.952855440038882062e-03
1.267910589267254914e-03
1.155174637854527314e-02
8.563653288452703627e-03
1.093017953593398419e-03
1.807802248236399165e-03
4.591663317381947280e-03
1.889264189520426136e-03
5.237555626163712535e-03
1.134598584489403088e-02
5.196557398473583209e-03
8.286917237030051384e-03
1.043193610532487398e-03
6.852493848436927784e-03
7.969655441793234776e-03
2.887693884375840993e-03
3.689526647069890988e-03
5.868906065339398077e-03
4.056325039594613560e-03
2.685213978690485087e-03
9.001047256136149701e-04
2.175922965539090273e-02
6.587177182349378268e-03
6.884883640776305776e-03
2.916022620832003746e-03
9.559071988093852112e-03
7.059815375753232015e-03
5.024916447111492726e-03
2.010896191156126382e-03
4.014126724388964416e-03
1.190413416492992933e-02
3.398095428298537977e-03
5.093389912369107597e-03
6.676381596534008284e-03
5.761132395934795772e-03
4.003116159023436486e-04
4.089959201747053741e-03
1.529914399433448180e-03
2.081156209585193623e-03
2.159958257317452779e-02
1.195363231041722931e-03
3.390339115730491622e-03
6.196781652146626795e-03
6.911293244378999018e-04
2.235909165891396006e-03
7.374366294168404300e-03
1.927509584984908163e-03
8.221972633837275335e-03
2.113200714591348742e-03
1.085535371724533071e-02
4.954623808015532101e-03
5.989768395059844698e-05
3.667340304042985503e-03
2.403662369492219359e-03
1.609305621478834825e-02
8.861189145811255649e-03
5.236373990007435301e-03
6.376200282816174830e-04
7.934110903622610192e-03
3.951819458060389610e-03
6.003091141262499424e-04
1.656954482477894204e-03
4.732971535463055719e-03
7.927913630191363911e-04
3.042150080249951625e-03
1.947207270485595137e-03
7.588558016078578161e-03
2.768489849831334924e-03
1.683779219949877587e-02
1.111150567574085979e-02
2.785777715397958453e-03
1.415414576078515181e-02
1.226469134846863219e-04
3.634477927694296489e-03
1.750509034895094893e-02
6.503482292694047484e-03
6.872363296790738943e-03
1.632457098235748014e-03
7.927269529565102515e-03
1.083737669876229501e-04
4.305193818749625950e-03
1.485325102779492569e-02
6.992641077359347188e-03
2.008263026604898555e-02
2.272885016427874782e-03
7.519446866159779259e-03
2.688672378085004300e-03
9.863514713793923583e-03
7.548274100471878863e-03
4.887867274366273357e-03
7.011515442138132811e-03
2.949457254062418186e-04
6.756493176316980681e-03
9.956825549843395518e-03
3.541267591693080669e-03
1.789147156881496295e-02
4.334696703916828334e-03
9.007035489334530402e-04
3.943517114146774180e-03
1.983585352710987969e-03
2.109878208305385021e-03
1.087862507197373541e-02
2.759098703571406189e-03
1.039234354847803216e-02
1.427652089218401331e-02
1.114145539434607205e-03
4.253802005991832134e-03
4.824930981455068969e-03
8.498671751026580512e-03
6.587209288458671132e-03
2.309583751841260725e-03
7.332028844582902730e-03
1.014481720435878725e-02
5.098445634843296048e-03
4.897884559505949302e-03
5.759829535057438190e-04
5.843446252177812890e-03
3.653211918883395764e-04
5.532521981230963115e-03
4.608291857322760129e-03
1.042802010275874387e-02
6.718278096771264883e-03
6.617477041325268809e-03
4.299191246694336783e-03
2.950480422047742357e-03
3.821086166761479531e-04
6.394745453509745672e-04
7.461141402744795106e-03
2.183023249231878272e-04
2.948164270120316819e-03
5.135919331148645472e-04
1.017694529926958628e-02
1.147156138310705424e-03
6.920529367307114328e-03
1.464373733253814154e-02
2.135818322554995131e-03
8.018555863585970223e-03
7.728185632636337676e-03
4.057962054261183248e-03
1.660187375693179942e-03
9.535948932015122018e-03
4.159761153394922299e-03
3.441204137778687447e-04
9.497591348425812180e-03
1.207128223964725779e-02
2.101710226513209354e-03
4.535759632410690106e-03
7.282916377090749424e-04
1.296624668670665059e-02
4.230724461522015860e-03
1.570940141016332128e-02
1.495148227782953920e-03
5.023090478928640690e-03
3.964417607801699081e-04
3.082208837196689921e-03
2.118331063246200584e-03
2.435385494998453665e-03
1.047113334504814162e-02
1.379298543734887479e-02
9.468249528237462215e-03
1.079224635891843330e-02
2.525428125667202039e-03
3.132743739018854692e-03
2.654466370678318626e-03
2.398494655027359757e-03
9.670101050289025071e-03
8.755103552276948323e-03
7.840722725489142342e-03
5.356402540735906263e-03
1.149091293387478202e-02
3.892614488469739453e-03
4.786377482237487435e-03
1.020621771310875267e-02
1.846575241791035757e-02
7.797828967504582013e-04
1.664330276109156695e-02
1.354386898340413647e-02
1.813887523877221689e-03
1.520406951096737319e-02
4.875163934210507630e-03
1.226885075210176236e-02
8.834875744720719834e-03
1.040834539276356023e-03
9.488816368839267032e-03
2.950853120970182899e-03
2.486655399504941657e-03
3.041654575277228604e-03
6.568800332605035167e-03
2.683535337358388534e-03
6.920339465260778866e-03
7.618620384107121536e-03
1.141207840092501626e-02
2.280264509651780305e-04
3.075565808528056295e-03
1.093257074343627518e-02
2.069144929284479854e-03
5.446995361639897764e-04
6.472326668378248181e-03
4.866874735499106264e-03
5.407553350695138566e-03
7.414278262169041796e-05
6.373865684124442252e-03
1.006579575628977104e-02
1.347289889816938009e-03
1.182561965364266506e-02
1.142802516054894357e-02
1.741344738155929314e-03
5.790335095216860191e-03
1.196797152821084051e-02
1.454967671815270884e-03
1.522255488500596013e-03
6.940032719440582254e-03
3.636511344623670136e-03
8.259266690565330096e-03
4.844020855140666708e-03
1.011758833347157875e-02
1.362792260728432070e-02
5.233031878789899324e-03
2.047860162462631327e-03
6.402889974426339463e-04
2.272429846917623994e-02
1.593100641727650474e-04
4.634887360497498901e-03
4.251970311641755686e-03
7.145806064715811909e-03
3.616169542816865916e-04
1.143638402332387838e-02
7.811913390067174931e-03
3.800597531150920732e-03
4.277324843681863838e-03
5.307787467539347090e-03
1.389826683388350852e-02
2.881911895356998633e-03
1.691654887754360723e-02
7.962618720621575516e-04
6.930286147052503766e-03
4.521040410918668491e-03
1.372875248811050199e-02
4.016095222042661075e-03
8.746405684392458135e-03
5.290685516379739148e-03
1.268384831294626239e-03
6.420926468298328912e-04
1.314212254835809418e-02
2.369863866280462472e-02
1.555266980801204820e-03
4.918381998546288505e-03
1.468899623041894842e-03
1.188752435033554530e-02
2.716152044031014401e-02
3.616558221190931588e-06
8.380137450128476119e-04
9.321322650616085254e-03
1.210650834401199964e-02
2.757810854910161188e-03
1.701773239780206065e-03
8.240181194362861811e-03
1.503852995533003570e-02
7.482834238899701076e-03
4.744852002106866688e-03
2.427719666276468083e-03
1.947090580937900495e-03
1.540179190100516432e-02
7.616184383654384105e-03
1.567210555735454314e-02
1.311486152836013972e-03
3.548831014473927820e-03
1.285964054500191023e-02
1.711353825160128947e-02
1.198222710549397187e-03
1.027406823089961098e-02
7.380928314118879487e-03
1.224053498821801259e-03
2.866934881006599073e-03
6.448423057052889325e-03
7.346867587119144949e-03
1.114461815356236271e-03
1.793206314331365070e-02
5.454794856869492684e-03
1.472871805737475948e-02
1.271761227330112966e-02
7.084995269433358618e-03
2.483751188287160790e-03
2.551475214305119754e-02
7.856397571467216637e-03
3.609840256774294980e-03
3.837307807917982819e-03
8.053081503995680387e-03
6.834874060271549367e-03
4.920628449149611408e-03
1.299489549361055804e-02
7.086992045186171069e-03
7.476321156013598056e-03
1.140914153764567736e-02
2.733945342667557735e-03
6.002158868371683430e-04
3.272480734755147704e-03
4.887820208356177983e-03
1.787015765186550365e-02
1.963928510440427627e-02
4.572860754091611843e-03
3.062863128036385617e-03
5.201161570253131326e-03
5.133986352043671229e-03
6.369288403674545039e-03
5.268232746173303130e-03
1.360324962883337381e-02
1.293613186390943685e-04
1.477505354245297643e-02
1.698641732118690365e-02
9.954911132853258224e-03
9.783113382763476695e-03
3.677930664646023376e-03
1.122210309102820644e-02
1.174504030134972170e-04
1.160125443384521331e-02
6.558818642712289752e-03
1.018468680705235038e-02
1.758898170997950927e-02
1.292731429067955559e-02
5.620624446710933281e-03
1.413856994685950240e-02
2.292270968892133089e-03
3.481489703713353586e-03
3.414385004268117359e-03
7.992303631855277382e-03
5.146095628925627559e-03
1.363041501882945351e-02
7.436721697780174223e-03
6.863266383084026985e-03
1.192110323405937491e-02
8.402933526125609676e-03
2.012923390784718183e-03
1.300450931039381398e-02
5.085237128914948425e-03
9.055335081394878111e-03
2.832864151417132780e-03
1.317095802525876207e-02
3.221929638815380914e-03
3.787951041543603098e-03
7.403685251774346724e-04
4.069963002903014861e-03
6.040303665458335910e-04
1.930751382968942317e-02
6.420309318966491152e-03
2.197374531654085542e-03
4.394975721734534733e-03
1.213836079641618902e-02
1.988780419826713158e-04
4.357619362576553058e-03
1.143957138979402426e-02
3.635105453664481869e-03
2.210093766198396609e-03
5.696684448707766725e-03
1.935609656653026252e-03
8.724006975263947803e-04
5.860015746894669912e-03
1.199423930556387137e-02
5.246756182903233347e-03
9.859523705912115465e-03
1.442771804567873940e-03
4.504811673280287917e-04
3.532357428509854194e-03
8.657287821315455805e-04
8.335871036314271157e-04
2.952579038466507638e-03
1.039698316223601482e-03
1.696126139377231515e-02
9.361479422248357180e-04
1.243179040511501561e-03
4.299769546222494045e-04
5.211632556653954598e-03
1.292262152831267705e-02
9.866104659183154782e-03
5.094421355289743825e-03
2.133927989616046534e-03
1.861839479960850042e-03
1.410217836740361615e-02
4.794134528408471735e-03
5.908625325257649621e-04
7.939797495508067260e-04
6.178470713056273024e-03
1.712189893035556687e-02
6.755883227131220803e-03
4.491337723733311756e-03
1.446581971541120726e-03
1.060431862704677534e-02
3.534355677163566849e-03
1.082841604754065587e-02
2.687182494327942277e-04
8.538963084088791594e-03
2.051645240225925468e-03
1.027061010174142031e-03
5.634516717385839105e-03
1.866500565229332192e-02
1.695220536875274159e-02
1.234343021589275882e-03
4.501330678441034690e-03
2.075432966047583826e-03
3.228133904985690337e-03
2.228108307114887686e-03
2.269647159523451431e-04
5.207891651718496093e-03
1.736702886172231206e-03
1.564842540116622230e-02
9.660170269785687755e-03
1.774822425501403978e-03
6.109317978665150181e-03
3.420797431098044142e-03
4.594882723617524302e-04
6.303535501977887943e-03
3.812693516234269119e-03
1.161943631623537157e-02
1.467377526233343971e-02
2.220972006337225380e-04
1.716731099224253800e-03
1.345091291170224385e-02
1.388941099963050471e-02
3.707582583469651132e-03
3.017126513361753030e-04
1.526324622372774971e-03
1.349652268060622974e-02
1.760904571644895684e-03
1.034207315253606214e-02
1.463161037153119966e-02
7.201074497035740707e-04
4.308361055798957712e-04
4.564755705838917030e-03
1.751734329594040662e-03
1.089456142548536410e-04
5.963090820054497282e-03
9.139116517950905336e-03
6.670367136237529034e-03
8.360646827620992145e-04
1.518010566851131548e-03
9.163512929664621720e-03
2.213051527735040297e-02
1.440699797268943719e-03
2.466847747913526127e-03
4.907357425687997217e-03
1.309535744417165103e-02
9.819885083573599415e-04
8.150683117458081602e-04
6.739131586587594671e-04
2.109216531922705230e-03
1.228340664927884268e-02
4.633840170581774581e-03
7.350558727679292999e-04
1.413752219550417494e-02
1.353787942541844012e-03
7.408904238090792752e-03
3.451508772260760815e-03
2.699720704533390032e-03
5.811983007590606695e-04
1.963300711985433225e-02
3.833281579862189530e-03
1.132072799986106899e-03
4.694367022318391564e-03
1.435410739706829628e-02
5.700053718540086869e-03
6.269026565803847159e-04
4.867831967703947771e-03
1.369395205586166654e-02
9.929047521042601299e-04
1.021297509017451630e-02
6.648302070848502443e-03
6.110077403109546827e-03
5.597481952160753525e-03
5.712411245075935812e-03
2.085710980146130659e-03
7.983340388151622183e-03
5.671601468070795737e-03
2.948052371080959327e-02
3.502566244161809620e-03
7.639529679075958597e-03
5.721669666142503545e-03
4.310859581301636385e-03
1.436163758894724472e-03
1.234687482038546689e-02
5.867329817881249392e-04
1.663445005283389552e-03
2.468278652572696366e-03
2.733619935590287384e-04
2.992821732580521095e-03
1.009733197465509727e-02
7.597409490178322691e-03
7.110336564782881140e-03
1.184313043707712655e-02
3.087755484202653854e-03
8.653667153815370466e-03
4.305323699498085979e-03
1.407805874711379017e-02
3.608436351527645990e-03
4.424161887006522291e-03
4.680502864618193461e-04
1.341813938713730565e-02
2.264964523548202574e-03
1.192095451268747504e-02
1.518714270097513627e-02
9.796667225431793247e-03
9.267120554812085381e-03
4.056831528583187095e-03
1.172707759138184522e-02
2.762300288457112448e-03
1.942262520761269548e-03
5.589293897103304355e-03
1.501804357879413417e-02
1.074467545592459623e-03
2.925557171097394570e-03
1.145327325150107337e-02
4.619502806837831078e-03
8.540013463912398892e-03
5.523161558412407850e-03
9.174790485092112688e-03
1.634410622648461422e-03
2.041978030525229762e-03
1.795205997068274537e-02
1.014696045789896181e-02
1.018319608722843307e-02
7.724527836024638536e-03
9.060843227753391516e-03
9.479058297455805054e-03
1.480958785262284291e-02
7.826570840744928245e-03
1.728809912226632675e-02
1.138430523761878657e-02
2.749148292891394167e-03
3.005879794632787018e-03
1.629978628270584151e-02
2.019822675469574308e-02
9.891893090072552408e-03
2.553533234673415874e-03
6.158527700299755263e-03
4.521848593672826364e-03
1.676167784863780413e-03
1.286755979456877599e-02
8.062756170696301627e-03
1.361611185736021253e-02
5.669565493940114179e-03
8.877796784441439187e-03
4.293592523717539543e-03
1.235751207870741664e-02
4.536045794590729853e-03
4.656493759157591221e-03
1.434073558509368386e-02
1.132816278424553930e-02
1.040783616148859871e-02
2.119659326745172712e-02
9.701218831904692219e-04
3.179390594978984304e-03
3.400425059215274499e-03
8.098681235703361278e-03
1.572631101044250079e-02
1.752610717323649847e-03
4.708742110517868430e-03
2.725172578951845764e-03
8.633513145327977511e-04
1.192169095128001351e-02
2.886036941679322870e-03
4.621621828211880390e-03
4.640103027398571715e-03
1.693367361875511203e-03
2.700448386945933019e-03
2.280386302276831735e-03
5.561218210582380243e-03
3.481818501663952155e-04
3.535537395789115512e-03
4.257353916801636523e-03
5.959569468026888577e-03
2.099524010095478888e-03
6.475700155259978517e-03
5.010826057791560074e-03
3.642488671187916593e-03
1.425963399390841463e-02
3.411966260611920825e-04
6.067167549804979368e-03
3.321172677145058181e-03
5.846085170243656192e-04
1.752580882487255950e-02
3.598117324700065948e-03
1.490285666329350077e-02
4.387149135210746155e-03
6.212593560038468486e-03
1.267776390106236349e-03
6.876237114575734638e-04
3.128234617421316033e-03
3.813549824712971804e-03
9.161440763659690900e-03
5.901042648802173884e-03
1.858583282672315049e-03
1.093525100501929227e-02
6.670119938405136978e-03
4.415474211903639779e-04
8.089777893704373779e-03
1.390065527836269882e-02
5.691466454296344527e-03
1.348144274988116731e-02
3.979580948812667571e-04
4.573194079078099147e-03
5.835488467324984919e-03
5.507173059310314228e-03
2.508873421090229193e-05
5.175904468067051532e-03
7.533241749242638834e-03
5.734932258619993353e-03
3.212889909027914163e-03
2.636978148546131884e-03
3.087211014737391290e-03
2.452677875239205746e-02
4.071220967755454292e-03
3.594518404785216302e-03
1.949936566892386319e-03
9.479899563273785218e-03
8.338652927961537689e-03
1.126080302727153724e-02
8.840207218278720719e-03
3.858234743012467407e-03
8.719794919339078285e-03
2.395769161634555416e-02
2.817804811378847498e-03
6.168263592195037150e-03
1.426251318232593830e-03
1.878683480614988261e-03
4.588647043119108496e-03
4.964405019707312898e-03
5.129835862114250772e-03
1.803234724421742124e-02
4.277789466156299049e-03
2.117532107265263173e-03
1.216219996303712428e-02
1.878654112567535155e-03
1.444466213012957252e-02
2.864481601849000643e-03
4.074455405028357471e-03
6.481772498959567468e-03
5.422891149012445635e-05
1.239526352975716056e-03
8.819864067196810792e-03
2.081252527496701282e-03
2.823407415332958130e-03
1.776292022831220266e-03
2.878619758846516236e-03
4.206683985437838225e-03
7.268972782817019387e-04
1.443952587873276010e-02
6.074119278540201540e-03
1.678817433895309075e-02
5.614979896512000031e-03
1.037813859493335721e-03
5.125869669096135180e-03
1.104773145118354005e-02
7.971121487882796078e-03
1.169002562082666931e-02
8.095462052809306724e-03
4.989977391450445342e-05
4.230336429228144686e-03
7.069588731967463985e-03
7.031934307018104617e-03
8.383624340228171918e-04
9.095497987181771354e-03
2.633862468195496964e-03
8.541183855094856836e-03
2.825239854811991812e-03
1.315553570678191890e-03
1.267022586727925603e-03
1.190922872972263345e-03
1.641399425253006620e-03
6.309462338566302004e-04
5.888211822163269722e-03
9.332172736360307488e-03
2.997031421056486813e-03
9.367372845045107352e-03
7.005392912215982482e-03
1.749245530332346364e-03
8.541354516936949109e-03
5.396768929822296987e-03
2.802942675661092287e-03
4.544698994764342741e-03
4.407694292951734247e-03
6.678673225791874769e-04
9.582005083061459830e-03
6.803849113902703076e-03
1.105329196226036018e-03
2.182774390557455039e-03
1.111150991051225966e-02
3.321361702887356063e-03
9.617012199054014027e-03
4.430085601093326428e-03
1.784794262138540612e-03
1.037960597840803176e-02
2.395582284516041636e-03
2.868680101210926547e-03
4.007960717883765969e-03
6.574497668916057420e-03
9.804739773272981920e-03
2.227057124854007943e-03
1.350558549159625726e-02
3.562766289042600815e-03
1.140038425034333065e-02
1.539454779369224102e-03
1.344135456069856828e-02
1.543480501789444397e-02
3.384218528238158979e-03
8.488049722925751495e-03
4.258178214642599317e-03
1.276024890552949348e-02
2.050880161077931526e-03
4.789275345440239737e-03
1.862763137706316754e-03
5.395892300123643175e-03
7.058469751901343646e-03
1.956232126745915262e-02
1.221524762146211033e-03
2.072870918980572724e-03
1.088562850381515588e-02
3.004782561395383852e-03
1.034638784736337941e-02
1.873989753019240229e-03
1.393073795641668576e-02
1.290860429371469206e-02
5.014949565840986145e-04
8.828472505614295626e-03
7.416527086883911539e-03
8.884983521530260761e-03
5.024269036925971439e-03
1.723681784746188689e-02
1.341786324818108542e-02
5.730625077668325372e-03
3.882101835662750584e-03
5.454882339801417346e-03
3.174021049990995678e-03
1.300862956466141730e-02
1.038193248516658396e-02
2.878978352787393401e-03
3.152528426679767834e-03
3.834110327742590828e-03
6.463363047344203825e-03
9.004333378761235698e-03
3.136544179046245936e-03
5.563030535689139806e-03
7.849410905615989559e-03
6.018915037689383631e-04
6.839775908815191700e-03
3.594251359648574506e-03
1.255113858369928323e-02
1.899694750778207347e-03
5.896310805970144883e-03
1.866595633166457822e-03
4.801987066557499712e-03
8.491042742848817909e-03
4.421331100179073069e-03
1.310479366399823486e-02
5.542601297310932248e-03
2.315328549932573615e-03
1.797163135853925564e-02
3.434126188037455200e-04
2.981951450274057235e-03
2.625954324813511488e-04
4.900438877621688880e-03
6.271336936536325401e-05
1.045693053467900563e-02
3.148900176906514227e-04
5.556412653897367833e-03
1.944783097262864358e-02
1.245402192468514531e-02
2.467039782777769984e-03
6.807530643638384782e-03
1.823015939807841887e-03
7.945086134667371514e-03
7.318162541826569523e-04
1.054082533489473540e-02
7.409834913997808553e-03
4.426166870327773867e-03
4.757970976042446773e-03
3.319453134174756145e-04
1.486113001878562470e-03
3.017444761825750690e-03
1.052937038137857599e-02
1.386094120352467617e-02
1.491892814823513568e-02
4.818045608050232527e-03
1.944955485783993058e-03
1.176200047440901023e-02
9.944662302387023353e-03
2.141668525646480553e-03
3.224537121466200355e-03
1.196972301192386710e-03
1.195683804506735178e-02
3.882897212470253368e-03
1.248705130483922622e-03
2.627039948211231171e-03
9.592335546520200417e-04
8.843597520252512861e-03
2.386251038718318479e-02
1.470015511157917072e-02
1.802224046492514756e-03
7.703150493510339120e-03
9.584724460527003446e-04
4.827540653206200132e-04
2.978631048577885885e-03
1.162204252484862373e-02
7.988724144004283323e-03
4.163592627281908522e-03
3.062624570449781064e-03
2.009726819953162858e-04
7.918482665735561421e-03
2.020617024037279271e-03
1.713181660377477563e-03
7.052147735147147514e-04
3.128363464656095175e-03
6.516751842592146543e-03
2.594532508881580712e-02
3.179004289774232852e-03
5.066005424544344068e-04
5.206755792130757883e-04
5.657731412797850634e-03
1.385464080195472104e-04
1.826592866302213488e-03
7.758642121466907335e-03
1.577578893228455403e-02
7.501000291310579680e-03
1.413233802792153784e-02
9.106687526815827535e-03
1.005561314775774151e-02
2.684982765065588393e-03
8.331939523280453702e-03
1.452455966420458655e-02
4.481502720576261041e-03
6.081658952082220557e-03
1.219368033756667094e-02
7.099921248895298825e-03
7.125437716587993027e-03
1.931040551804996848e-03
9.143348915626684642e-03
6.779429918720796498e-03
1.630568140181498302e-02
1.035469226677181165e-02
6.187487933066123692e-03
7.537672614642072083e-03
1.170573207361966933e-02
1.072167664672005888e-02
6.741037461102487860e-03
1.847451725599646077e-03
2.999787647944481017e-04
7.722906071501605720e-04
1.746955572777628141e-02
1.808515584587272809e-02
4.961313340978409751e-03
1.341270681645222000e-02
9.251261847012869771e-03
1.034061139176620236e-02
1.783684466515988998e-02
1.999192610644832599e-02
3.485036702716878560e-03
1.339940098222825240e-02
2.360292505186272101e-03
1.153845998909286581e-02
1.224779851025880901e-03
7.763443262563007874e-03
8.990831103786574513e-05
8.970976614701916402e-03
3.071629412998130686e-03
4.861119900176717572e-03
9.132901960921115808e-03
1.146530924623503749e-02
6.139757281183871353e-03
1.783223042719805679e-04
1.528636050422093121e-02
5.562454612695964806e-03
7.083038545434606169e-03
7.859666955046813730e-03
1.623649841309334060e-03
1.659713667993358488e-03
4.030982081145110391e-03
1.557434258616137088e-02
3.325648753684607405e-03
1.642516711488718403e-02
9.497965859747437012e-03
3.586748085181075147e-04
6.858175926958615110e-03
7.505897991918255956e-03
8.280689194991858312e-04
2.271659211936170528e-03
1.233336703349792451e-02
9.280148839502762662e-03
6.847018395337769320e-03
1.231834316103558834e-02
5.006042337299983561e-03
1.605213054284281016e-02
9.935126838290944326e-03
7.958344925761719462e-04
3.672593827219764948e-03
8.139687808778443140e-03
2.486244633833983430e-03
1.117537340189816248e-03
4.158090571006513476e-03
1.152748347799528554e-02
4.986974891480935000e-03
1.436396739926060380e-02
1.020011910827128138e-02
5.769928531560103782e-03
5.467056259973245708e-03
5.869085107934142106e-03
2.203208340394840689e-03
3.712172437462399333e-03
7.539551292220132879e-03
1.435351212868864190e-02
1.015501424441856912e-03
3.564975656700605528e-03
2.024907098712894898e-03
5.153572363993833699e-03
1.540374104391239530e-03
7.231381939722805047e-03
1.861377939238146109e-02
5.331756436185867802e-03
5.732016006712067034e-03
7.697246184543480793e-03
6.840347356647481607e-03
1.178973849183730799e-02
4.689904285629534729e-03
2.745545478790353128e-03
1.139429679017262866e-02
4.178397822899358391e-03
4.642086724246909102e-03
1.048974754032702683e-02
1.759461096048022758e-03
9.845856117989049139e-03
6.140268450594205119e-03
8.492058640583274171e-03
5.797186674382146659e-03
7.009821691478885716e-03
1.555010303847941932e-03
6.794214774612574413e-03
5.796195730910149758e-03
4.213629358469614221e-03
1.186434450523463947e-02
1.685768176495361370e-02
3.757745406765685098e-04
3.649460685308270405e-03
1.419712560036195210e-03
1.198811035142397646e-02
9.403085024533431105e-03
1.298662186649732903e-02
6.353709126957379424e-03
7.367508170474623176e-03
5.561578929013168658e-03
3.872308146598428037e-04
2.312413156659333217e-03
1.350677132113811858e-03
7.362141460094485945e-03
1.311102692882842174e-02
5.336771631649323694e-03
1.549734333043866971e-02
7.282051711696531891e-03
9.609860580126045743e-03
1.176704987260759026e-02
3.534138736127074264e-03
8.931808705928054575e-04
1.061247623743047722e-02
1.293560930880709560e-03
2.884481856483591886e-03
1.026953938286142773e-02
1.425264685945325932e-02
1.169730527685295101e-03
5.179040355210141021e-03
2.440577865203960323e-03
3.215582482276426509e-03
3.572294436789245128e-03
9.399756083217407354e-03
4.384265788085774627e-03
1.131753177926616248e-02
6.916863690122868231e-03
1.478619596207400534e-03
3.341298431983181355e-03
1.818521023890044049e-03
2.071397059166703650e-03
1.447510624181076212e-02
2.971452700366484937e-04
1.533483563781652681e-02
7.264692013550982062e-03
1.143557330464727018e-02
2.632649034593170269e-03
1.921594938233187099e-03
6.726876402894843045e-03
6.449656342272389042e-03
5.526861291906408867e-03
1.515618134209286913e-02
5.058168672265800142e-04
3.627787674074434230e-03
1.402047897181182834e-02
8.399472238713515376e-04
6.485101473561504307e-03
9.940557092075160903e-03
5.074342799935781592e-03
3.828842364358999838e-03
7.656259032008482131e-03
9.032813276801659064e-04
1.606054755642278425e-02
1.385886550503771927e-03
1.838466101818043291e-02
3.414598240055545780e-03
4.497880738646172979e-03
1.721641438491379114e-02
7.715253846994513630e-03
8.553042914167712299e-03
1.327800180751824086e-02
3.568707331475522333e-03
2.765081975023952598e-03
3.040984113223140547e-03
4.329618810019890060e-03
4.944973891891722012e-03
3.159377356444615682e-03
5.859138209372346563e-03
1.177874005088051269e-02
5.619990328293305790e-03
2.092185765566305974e-03
1.014602176353568939e-02
1.200746063052344310e-03
7.293725329820825633e-04
1.275877739107662834e-02
1.717196223975776814e-02
9.395020684233246905e-03
1.099365151330782345e-02
1.612132323926533314e-02
1.149278747634491921e-02
6.976582113963648683e-03
2.135360801183998260e-03
6.315467623882511580e-03
1.438734724446378080e-02
6.206123975973132194e-03
1.652360132523740532e-02
6.304545288669323629e-03
3.625091596826229487e-03
1.240625687095413092e-02
9.985065648809965388e-03
7.352736900002197241e-03
1.250474376285009778e-02
1.217634412740321078e-03
1.688293891290768706e-02
2.026841761424320876e-03
9.564651598466788682e-03
2.998838628004427739e-03
1.923894104610095884e-02
1.134010639354822089e-02
5.454400130500608457e-03
4.719459782967482149e-03
5.856927971662675286e-03
4.532020603621838596e-03
2.506242861056742072e-03
2.978637979305331831e-03
9.078270727617392816e-03
1.435113063086639225e-03
6.088018587196341626e-03
1.061169741873707086e-02
8.151146376047751704e-03
6.500664350922356893e-03
8.896212515189891312e-03
1.641180733704617790e-03
7.986585334200976827e-03
7.147499790396997718e-03
4.565023379435170434e-03
1.052912574221214967e-02
1.271175722777418728e-02
1.385236192620794074e-03
1.844792822142607728e-03
2.446709467115186498e-02
7.737231842461478847e-03
5.345524216251801124e-03
4.227172685051362386e-03
6.967935272880363025e-03
7.695235391887583938e-03
8.048040636073014800e-03
6.294064521011230942e-03
2.982146371220355859e-03
3.998526125974520389e-03
5.979422312123005255e-03
2.802664039783934677e-03
1.107954695508829926e-02
1.191947696668083437e-02
4.424093620813034696e-04
1.184677239298743967e-02
5.095742786347739420e-04
7.786025844064025332e-06
5.402991449941177415e-03
1.182945139360019361e-02
4.354705188339299399e-03
6.560713339592906881e-03
1.227370249895436312e-02
2.078201439455140090e-04
9.325780980425535556e-04
9.622872199517852956e-03
4.686733902107924170e-03
2.336303043854341243e-03
5.978773532084943540e-03
5.458434666161872048e-03
3.250348418933482648e-03
8.457262075791486047e-03
1.123625117331756088e-02
2.142532053028684252e-03
1.150722747609528480e-02
1.152695278415193612e-02
1.086919894082218193e-03
5.649089253294489917e-03
6.699383914294927689e-03
2.917308089306710865e-03
1.452592467296462539e-03
7.057073349966586605e-03
4.349759302344461884e-03
6.142457222760026175e-03
3.686337848404018080e-03
1.947898403554149723e-03
2.645641806552734114e-03
1.012758668282799125e-02
6.464463583222940582e-03
3.229727738067964329e-03
6.518312751611573391e-03
1.063042874880141403e-02
2.363307054852542208e-02
1.208027007077516583e-02
6.125455231949797179e-03
2.081983410232703634e-03
3.057588657700522922e-03
6.295802523861398353e-03
5.720074351737988901e-03
1.541731879168615170e-02
3.230586052959704899e-03
4.276812523370553988e-03
6.203678605334678013e-03
8.524530575374634003e-03
5.341584267057171431e-03
1.635899977081858511e-02
5.195552069344724390e-03
1.783052345008217339e-03
3.051524878272131140e-03
9.169900043147620819e-03
1.647272155292004575e-02
2.224226927097294488e-03
1.240840413695763929e-02
2.051647959517348754e-02
1.402476623245311853e-02
3.845375135323851352e-03
4.540007758472601983e-03
4.566899629718878736e-03
1.256775688287013444e-03
8.499944220773400158e-03
3.389388691756339833e-02
1.828055891696265742e-03
1.419743345757682948e-02
3.111296602417713743e-03
1.096249318524581892e-02
2.998532418756914061e-03
6.901499451067424906e-03
5.074504182423012974e-03
7.492647709739732112e-03
1.598058344407408699e-03
1.083076211983897801e-02
3.315884758365334351e-04
8.466128632048354474e-03
7.074224953021299514e-03
1.109523739176096133e-02
4.301704059495324410e-03
1.287533701103948588e-02
4.098315935276356631e-04
2.531600989648284932e-03
4.217101551218062957e-04
1.144741301091753774e-02
4.081801482043925962e-03
1.316135101496380272e-02
4.623137035649028254e-03
4.487809651260756851e-03
6.206809556369322772e-03
2.032848550382607145e-02
3.347136843272088998e-03
1.349492364209473397e-02
4.661068441243376020e-03
1.863981461949592959e-03
1.549818993287848702e-02
7.232830207578416250e-03
1.379216807467576692e-03
2.854584247936962482e-04
7.004633241477262575e-04
1.593345787785506234e-03
2.807440853391620413e-03
1.140676977099097655e-02
4.220156450560762934e-04
1.530782796119681786e-02
1.549277469047882771e-02
3.986105614276758136e-03
1.663989643492737227e-03
4.066191702337064624e-03
1.514595951692855949e-02
2.227933959384626513e-03
1.005875426428319216e-02
2.897708455106917571e-03
1.828282943887684676e-03
6.120061075167837657e-03
5.626551507247517028e-03
1.076904155650210831e-02
1.226831357553437134e-02
1.073601813383978816e-02
9.146021841792521812e-03
1.280571198752975502e-02
5.735256035087209388e-03
2.597567811544669418e-03
2.911866545043211452e-03
9.656516590362805921e-03
6.869789291030914272e-04
1.165726251564427711e-02
9.666940883719679634e-03
1.435237674133792163e-02
1.686935507818564453e-02
1.179204134903167646e-02
4.497231265923933886e-03
2.583218439933417359e-04
1.102266889627261147e-03
1.470630654508017126e-03
8.199263699663585786e-03
8.473463693473440653e-03
3.741693393583204585e-03
2.593851945583076132e-03
2.722647825789343071e-03
1.535825072540035301e-02
2.264174598902561099e-03
8.075317153900127276e-03
4.405342114919596867e-03
5.000720812049792158e-03
2.398428853823398460e-03
6.660758577375576516e-04
5.958207707410043824e-03
1.879097222660030750e-03
8.046226838478500246e-03
7.300611230573508456e-03
8.474423230817844030e-03
8.233144438223512565e-03
9.774507462834852028e-03
9.904145611670410118e-03
3.133148540007437300e-03
1.983952902358913049e-03
2.194622358168841006e-02
6.037308211700619619e-03
1.330470644724706525e-02
8.850978616429263333e-04
2.047580038941201191e-03
9.010936370432804862e-03
3.434776641212070915e-03
2.606118956199327333e-03
6.946817976031424181e-03
5.550991572224315586e-03
1.331963686772826873e-02
1.179543836944643188e-02
2.145114673939864033e-02
1.172594225396899996e-02
4.494326018317680582e-03
6.236219654962677720e-04
6.912690374702205875e-03
1.256630403690290991e-02
1.665252803340717068e-04
8.819421658252430025e-04
2.162966918420553691e-03
1.810903796640020219e-03
5.282544096792863783e-03
1.508659692879973100e-03
1.883322358758069250e-03
3.004529497607824444e-03
4.038396032223221140e-03
1.441066274129640910e-02
1.429916043677934706e-02
6.590081627444164571e-03
6.888102008770213835e-03
7.757156389082363844e-03
1.981092727276779000e-02
1.482049618333686810e-03
9.555940303802695204e-04
1.041232451849389770e-02
4.904682283554487668e-03
3.608653217538519177e-03
1.755006529888413630e-02
1.468291453604659777e-02
1.354858039667990871e-02
8.335259984660486204e-03
4.144979285987712703e-03
4.797925935761130668e-03
8.515948373783728109e-04
2.305421613749829377e-03
1.039079229689186985e-02
1.438581817129780047e-03
4.951766534945125330e-03
1.643650740765651048e-03
3.499992917739798599e-03
1.224924406066302783e-02
4.655233528930617128e-03
3.006619331271823212e-03
9.286250862011988932e-03
3.196075306944523228e-03
1.318582936468813520e-03
2.946965918913565640e-04
4.291384476979364510e-03
1.324602125805334277e-03
8.398995658894679514e-03
3.093255521834587310e-03
3.297471658754060585e-03
1.718581964285435457e-02
2.117783226812593698e-03
5.951272258833534539e-04
1.003698448484021538e-02
2.822652906965984233e-03
2.445202826810604149e-02
4.688520277472461514e-03
1.231646391867715316e-02
5.203121186024161141e-03
9.240766978138349047e-03
7.334273179970964007e-03
7.198122571244340399e-03
1.110319660235283131e-03
6.471745973276608714e-03
7.574817181342696250e-03
1.305415762400897670e-02
1.691780582782312706e-02
1.789662405075071600e-03
1.717078665629129426e-03
3.860459466138487839e-04
1.366282011045866912e-02
1.388507232162050804e-02
1.484855060584065311e-03
3.389437126673117227e-03
4.574529380190581196e-03
5.068878709563716563e-03
6.588911548488497923e-03
1.302983153080277193e-02
9.651370100536054569e-03
1.086661826281740822e-02
2.514001198516280103e-04
7.271368817885777609e-03
3.878146073119410550e-03
2.254503360540117875e-03
1.248968697594887332e-04
1.737588990461312773e-03
4.611026552092984017e-03
9.264167389966217539e-03
2.353409473330672717e-03
2.619239348207818251e-03
2.241525665922691410e-03
1.169315893960910444e-02
7.336684006115098446e-03
7.794619707288887207e-04
9.755186129903604259e-03
9.680402545234710956e-03
3.136772488142068778e-03
4.358101832946129246e-03
1.046704828135588787e-02
5.661977419613111948e-03
4.585723730526957385e-03
6.031366116393858771e-03
3.555670008337870249e-03
1.048904622583225754e-02
9.274709829543977685e-03
1.302755497850848713e-03
1.381433490663565126e-02
2.472507225211839719e-03
1.564395764934255889e-02
2.019045669548356556e-02
1.103248293316621458e-03
3.601097698893025202e-03
1.539840591727095927e-03
6.170006148278492364e-03
7.342530935690349744e-03
3.507286687686994673e-03
3.085704802624044361e-03
2.094755799557455628e-03
1.190021093680895641e-02
5.889975711819601077e-03
4.683054988171159454e-04
6.606200101543818065e-03
6.394183316471634820e-03
9.797902107112286749e-03
1.302795243240965212e-02
6.929593891620012582e-03
1.611520955298642241e-03
1.391618894241370254e-03
1.321171762418109526e-02
6.224261021983737777e-03
4.233556513518394772e-03
1.069446980558268548e-02
6.173899727020902735e-03
5.507832320950492360e-04
4.827198823897098541e-03
1.047511639459249022e-02
4.688677385318052240e-03
7.980564709834639739e-03
1.015937101335050510e-02
5.245220486254128199e-03
9.100932787389451328e-03
3.353579010711029481e-03
1.189567074751711820e-02
6.030832762397464464e-03
7.226957178909241587e-03
1.159631044497446556e-02
1.382971296733136526e-02
5.507671727313753936e-03
3.209962687954844799e-03
8.890510709062660055e-03
4.289779197858603274e-03
1.734929155607119276e-03
1.193313481098015778e-02
2.683659529515917790e-03
2.952913848063311569e-03
1.888644670938145406e-03
7.926072561447556133e-03
2.655799161575919231e-03
1.053284463395960310e-03
1.365215798295751307e-04
2.363620093556353073e-03
3.434333808061194697e-03
1.200297245078125151e-02
6.979664799565643736e-03
4.968793985272465199e-05
3.766332497044829614e-03
1.399001175718159878e-02
1.390972587032290701e-03
1.541564058404129041e-05
1.407040544652498910e-03
1.068314953217055358e-02
3.690198392734850286e-03
4.696398573986142536e-03
1.204228239926069359e-03
6.868813825082954738e-03
5.128712960902129248e-03
1.333184909479132041e-02
6.365100437345765777e-04
3.200324116717970626e-04
6.791278763450075279e-03
2.280385771003516247e-04
1.348534276582935738e-02
1.105300017922416708e-02
7.631252325589750300e-03
5.086691400569605219e-03
1.335847557046677047e-03
7.031157577684421685e-03
1.377810930720631570e-03
5.612059450639003515e-03
1.373731300356594888e-02
5.355729435831832475e-03
9.566472072767428711e-03
2.599295620934365721e-04
6.117669807784216311e-03
1.269318425497540682e-02
5.314762944919108889e-03
7.953029494656106355e-04
4.050278896680283014e-03
1.070323568510484630e-02
3.468981871270782839e-03
3.844819601911229814e-03
2.936347471050645714e-03
1.091865239075061160e-02
1.028826929638869403e-02
1.058856742387325085e-02
4.227292460514757953e-03
4.473612717136245427e-03
9.843529020959276583e-04
5.331740089609102000e-03
2.280800394087957074e-03
5.679282186855501464e-03
2.765625078671954222e-03
4.311564609561230853e-03
3.298764554060557453e-03
1.519122769724337747e-02
7.679880550903174681e-03
4.579673848404646266e-03
6.880955773158534822e-03
1.455138190885022983e-02
3.887592713691982401e-04
1.679906756004633309e-02
7.825503131867032197e-03
1.156933810877632494e-02
1.404195133473714187e-04
1.039293785710787392e-02
9.564293230768187298e-03
4.886947504062645782e-03
4.890427742647921600e-03
1.243722966205629624e-02
7.539741961042307344e-03
1.020253644600888770e-02
8.256683326171557116e-04
1.686402286756987640e-02
2.164778165137199503e-03
1.120844065531115610e-02
7.092592437222235840e-03
4.885525991066554281e-03
1.184292953215860568e-02
4.384643380767231681e-03
6.052347062915606341e-03
1.979342587697559969e-02
7.166708325988856501e-03
5.348043905221453592e-03
3.491592286800476123e-03
1.665303387157248544e-02
2.262573790382065367e-02
1.260726692819631733e-02
2.181342984020241769e-03
4.395009264590635928e-03
9.619544991531321296e-03
4.165771292499667253e-03
4.917268025562718421e-03
1.491466155057057357e-03
1.331733931454540804e-02
6.292748721988932750e-05
2.361536127770401047e-03
3.693470265727753950e-03
6.353652468207269394e-03
4.567826079170310589e-03
7.247233325600368342e-03
1.359566742696175813e-02
6.460225076449416237e-03
4.871460214505465673e-03
2.665167973194075210e-02
1.108485559691543745e-03
1.005506581743327056e-02
4.746859940883051132e-03
1.219237498569863964e-02
7.484420350696381532e-04
7.708502604864169491e-04
1.302417700315555010e-02
4.983374342535608001e-03
8.978929710804140667e-04
3.319237710792161296e-03
2.520570752022131822e-02
1.335374492489781184e-02
8.801410977612958051e-05
1.000995493259727301e-03
1.443708279993869380e-03
3.869780893558258383e-03
1.399437944993157414e-04
5.207970635845702613e-03
1.247949601481223615e-02
4.925919191530767766e-03
1.105849159746814976e-02
6.546723065587730511e-03
3.980249010648541884e-03
8.077709678977076577e-03
3.654336356075998330e-03
2.390478740835446942e-03
5.991484086057057359e-03
1.102270841293075815e-03
1.567715012296618492e-03
2.716132022929255724e-03
1.139488285885040079e-02
3.574653469654652527e-03
5.301729412318533299e-03
7.056395211749519857e-03
1.689008438317650277e-04
6.103583047806229560e-03
6.309932463712958524e-03
1.065703800680306047e-02
2.179567179911906863e-03
1.354117146190215483e-02
1.117502350027931718e-02
9.236323331552788105e-03
7.569391310954421900e-03
6.416902523751462709e-03
5.686041682765122403e-03
1.035654460131091217e-03
4.158645047261691832e-03
2.621303370633205725e-03
9.946776420900294707e-03
8.139223249736518909e-03
1.355969579470446551e-02
8.543547292105905730e-03
4.524932490947422212e-03
9.951948234422170001e-04
4.692991025799077807e-03
1.348151704253089563e-03
1.567012963665439032e-02
3.883023016568571805e-03
1.654359720725794361e-02
4.683350509700701103e-03
8.277667718211834244e-04
4.514676540870233602e-03
1.737182491475243798e-02
2.530338506306366222e-03
5.994801621323072541e-04
5.314672475946476127e-03
4.094075097794068821e-03
6.523909225478278237e-04
1.041251973992762727e-03
1.288397905570945814e-02
5.553107196387734902e-03
5.576752682654308006e-03
6.782829613284028364e-03
5.125926750592080076e-03
9.676482495633418127e-03
1.343620203369914022e-02
2.298175850372748824e-02
6.484555334841160795e-04
1.456378777281388572e-02
6.574657776741750373e-05
5.081337601148157301e-03
1.700763866967112264e-02
3.418848748028596903e-04
3.582570804416956422e-03
9.866028970511972376e-05
7.474039751140171793e-03
8.152809591890819788e-03
1.800230311167557752e-03
1.101322645351148627e-02
8.032284982567406556e-03
3.729157855853073612e-03
8.014105425532932342e-03
6.474164535960743802e-03
3.286191500812947908e-03
2.664229911589267343e-03
1.989709140743481201e-03
7.065046880141115544e-04
2.614733332933257080e-03
1.629169339894480806e-03
7.270903956419501324e-03
1.259372518985127885e-02
6.508288678001228822e-04
8.410517261168769937e-03
3.638433643526718837e-03
1.759629602123343123e-03
8.453845453383585645e-03
1.096391296147112768e-02
3.752928479675049240e-03
4.575298901372297435e-04
8.574369855971810664e-04
1.270224548610132285e-03
1.301758639332804661e-03
1.955889501099707887e-03
2.596754774957938262e-03
5.947536806644774209e-03
1.345650045833709325e-03
8.624945204373518290e-03
3.750676634704729301e-05
5.092162925701965506e-03
4.757584091102748207e-03
3.272718327254715495e-03
5.197893697199987284e-03
1.610719799040395694e-02
8.015120797452783205e-03
6.010010603748658364e-03
9.669537652725506208e-04
4.592717964295507660e-03
7.169510071659712484e-03
4.125398058729584302e-03
3.463397554043616110e-03
2.522373249401226730e-03
9.235591514134418659e-03
4.778110038221209527e-03
8.637330805769279779e-03
9.460393762432905973e-03
1.929047095655366667e-02
1.352831519075009016e-02
1.182416752317182185e-02
2.125003254053668168e-03
3.072681797651268020e-04
5.963406894224250292e-03
8.127865723297225892e-04
6.753671898942045088e-03
3.615679307164010488e-03
1.395141110639000828e-02
6.568069224612097315e-03
1.287720977970178114e-02
1.469327474964460256e-02
6.177226440615516366e-03
7.733430132817328655e-03
1.041374703452906114e-02
3.420632053410859776e-03
3.578542037663495681e-03
1.533187138588757966e-03
6.394575471369099567e-03
3.013715499270135795e-03
4.481267116474871130e-03
6.356201645162717212e-03
6.405657071246240175e-03
9.756075091245106426e-03
3.111713790620109638e-03
1.371097814962602204e-02
1.141016408910872516e-03
1.410215861778458092e-03
6.868153285115689843e-03
3.645256207335609983e-03
1.077208859217238012e-03
1.682977051908157023e-03
2.217702805683016178e-03
2.272175873509374184e-03
1.818581878909937772e-03
5.044658564559966092e-03
3.023163256261709921e-03
3.797259560390081872e-03
1.052352622825363220e-03
2.434323417008103351e-03
6.286232537241737530e-04
1.110316297087714059e-02
9.486990948941334198e-03
1.508492305305252600e-02
9.664529452323874364e-03
1.759835227526849967e-03
8.554679203663392937e-04
3.528080527097086742e-03
6.702312157736156802e-03
1.799463474430603154e-03
5.418981602263627656e-03
8.239435093661442999e-03
1.418616997026926098e-02
8.945714359996671805e-03
3.214527679433927965e-03
1.175273267483354077e-04
3.821529127259397189e-03
1.407158118498468523e-02
3.282561445419359195e-03
5.593354390793121855e-03
3.588411507820295481e-03
1.003730911202762276e-02
7.884326088905748309e-04
1.402707285689223579e-03
7.601321634338123120e-03
1.233810637030437370e-02
2.612544045198527710e-04
6.859475031806297474e-03
7.403086566158704682e-03
2.940174870870172676e-03
1.164668044919154113e-02
2.262895846281561766e-03
1.519051699528814209e-03
5.032504400624027152e-03
5.895681285621711017e-03
5.541721957607064278e-03
6.290727376759214402e-03
9.205804393535237107e-03
1.545836889126955827e-02
3.987399189045672324e-03
1.476215534830787983e-02
9.265418926006573595e-04
9.442053399447517328e-03
1.230081607558483831e-03
1.636842019897398470e-02
2.223285881259271998e-02
8.542516203348204593e-03
4.100578530998540047e-05
2.772536729075577612e-03
6.032171994808142130e-04
1.118982147394398212e-02
5.512702497309564589e-03
7.024082993830955317e-04
8.406879477394544817e-03
4.361617789881216782e-03
3.100697193346092524e-03
2.005532360600621386e-03
9.150130394292844277e-03
6.957638309082359029e-03
5.731873535779781828e-03
2.127473102951114164e-03
1.317255382875741516e-02
6.925385411084932635e-03
2.678492007957806922e-03
1.658607246626629260e-04
2.352975430711794506e-04
7.370254135725497376e-03
7.083197365233777527e-03
3.921395826856781223e-03
1.267799949635372084e-02
7.991881522862403706e-03
1.147653878939043810e-02
4.755754735571818791e-03
1.004912716783668870e-02
2.940507605086283699e-02
5.600557829759450316e-03
4.190681417126951823e-03
1.392022634534857868e-02
2.349610230890373467e-03
3.019825765958464043e-03
1.039628401324904465e-02
2.952799818273554259e-03
1.290576037805311535e-02
5.874154113091993590e-03
2.194670585407354664e-03
1.241609514434052070e-03
8.860959155540330465e-03
7.180151154186812691e-03
2.929054955016809070e-03
6.023305069953316208e-03
7.452237255736677071e-03
1.216187201660722667e-02
3.610998358384690009e-04
1.763045190901266213e-02
6.171294382016615952e-04
7.420920518818617528e-03
1.400573084450760543e-02
1.552998351093467545e-02
1.572898688800725489e-02
1.706186486347423606e-02
8.711545401668999503e-03
1.403231941358648767e-02
1.607258938792766696e-03
4.326610951465223714e-04
2.548841837878728245e-03
2.533437301852132953e-04
1.444271731002117094e-02
1.156745560886800368e-03
6.148230700331503047e-03
7.432376306318113322e-03
7.429536004585075848e-03
1.972626547542012318e-02
8.398895289957476404e-03
9.771464339031907254e-03
5.956459579212875464e-03
1.006329852282503677e-02
8.468458631387161409e-04
1.315902936422710598e-02
7.062875898263065201e-03
1.850719753594054148e-03
5.657808014478197568e-03
1.113521886495125353e-02
1.359804728111567180e-03
8.612734528632650169e-03
2.175222571440230297e-03
1.849897776425934916e-03
9.777995572669860580e-03
5.615629679312218042e-03
7.037284038373408171e-03
7.952900792385269105e-03
6.206856522340534719e-03
4.913061792305163135e-03
7.088412017055686389e-03
1.803292961494588930e-04
4.235977869475452719e-03
4.545349406130920304e-03
5.073537112458884578e-03
7.286021445521579862e-03
5.384425840318349601e-03
1.234340036453657370e-02
1.525276945827286823e-03
7.978547822274278944e-03
1.582945867902161782e-02
4.498154752727967498e-03
1.030633198084299207e-02
6.385337205655946743e-03
9.128365113591573043e-03
1.139960108915758061e-04
2.995700290458975894e-03
3.976024368713648033e-03
6.555980097834753634e-03
1.074507862793651521e-02
7.302761274728413257e-03
9.345542589907020236e-04
7.604403009801855755e-04
4.916738677831127089e-04
4.553065405828223694e-03
1.077737408911088983e-02
4.868517089307549360e-03
2.011096261640477056e-03
2.102857353997358955e-04
2.819409752596663526e-03
4.706082627223509454e-04
4.078987070586442896e-05
3.892615486155861539e-03
1.647266420182792084e-03
4.350838464328098641e-03
5.460392232151527712e-03
7.305003933763719792e-04
5.859533795239332821e-03
5.910021444432415026e-03
7.572036128016513927e-03
5.212077076612747252e-04
2.414329676391871980e-03
8.035259368168101365e-03
7.013332710982421100e-03
1.702183075952160918e-03
3.861268567936405969e-03
2.022003780034465053e-03
1.191646791967411467e-02
1.030341342986604986e-02
1.364352015548614926e-02
9.745528605371051728e-03
1.281960730143635527e-02
2.440090805889659920e-03
7.332538332288375191e-03
1.377105365997471258e-03
2.432663305256804916e-03
8.246895218621378559e-03
6.100382981981894784e-03
9.053010871330758854e-04
2.131691995199637337e-03
1.794091071520375821e-03
1.947001415391862254e-03
3.189640022261583082e-04
4.161785229731681472e-04
6.761423883482610116e-04
5.740318054272454049e-03
5.134609471614191541e-04
1.524682412183670822e-02
7.766997111422839148e-03
5.230418757718837026e-03
1.924599468710218308e-02
1.159925112967249983e-02
3.105015830696395817e-03
9.200765064862359913e-03
2.215053743949696365e-03
8.257980488944676248e-03
6.296230243355079026e-03
1.198957600151406714e-03
1.760951304678883434e-03
2.573133692165708881e-03
5.323089759989755622e-03
2.181750833137001324e-03
5.847117712518690516e-03
4.616689872221179172e-03
6.612884956329249594e-03
1.149224139504871275e-02
7.092230812999307347e-03
5.684215605017931428e-04
6.495690078527529242e-03
7.801458051334575310e-03
3.317594802243725542e-03
7.191612417136186708e-03
5.553177310901408203e-03
1.250755170618509434e-03
9.033355382772017064e-03
1.343521891053429951e-02
4.850851781215321373e-03
8.547311889031810120e-03
7.732260336675992989e-03
6.037119677003900502e-03
1.006001938781482356e-02
2.282307565075994589e-03
8.527679451347702083e-03
5.942490816757619795e-03
1.046321820432720776e-02
1.045294957664165067e-02
1.331166423578811382e-02
1.342946824797907994e-02
1.138778306781308919e-03
1.583016969861842553e-03
9.257911589359620746e-03
3.989831874058821521e-04
1.445518865221772720e-03
2.599862233608009332e-03
7.766926836159239456e-03
5.816659457574997055e-03
5.003305277660706485e-03
3.279160293619856983e-04
1.038042638431917880e-02
1.988368089414235818e-02
1.109985746378231060e-02
1.608732570859269101e-02
7.835529716575242651e-03
7.538675689265116227e-03
4.952622027379373348e-03
9.958874077562579127e-03
2.840885208880792462e-03
4.380811139183843350e-03
1.611160478056605739e-03
7.761833533184133230e-03
7.024867500930645665e-03
8.107650060512736415e-03
1.319404134897380308e-02
1.417957341155800036e-02
4.273186965285471345e-03
7.178599653673052236e-03
3.319343162656681733e-03
2.223484650855690921e-03
2.328015331830775216e-03
5.257078871593681008e-03
4.096920769578885416e-03
4.111327155182601702e-03
4.126813681055901788e-03
1.606915111950185009e-03
4.920023344045449179e-03
3.136882743382654170e-03
2.459429652031084462e-03
9.171867081717458101e-04
1.008912600905539046e-02
4.510648989402447039e-03
8.725964886172660542e-03
6.741653841350587519e-03
3.876545423815607513e-03
1.538097074565728743e-04
4.303226927525715252e-05
3.056769706260275936e-03
3.320268405797693976e-03
5.321397412198014879e-05
2.878774681518492858e-03
2.278746882428587129e-03
9.633284862041957552e-03
4.025234504874695800e-03
3.062532203501665794e-03
6.755888535406295511e-03
3.164720165932240702e-04
3.973254228371645227e-03
2.946823192584886297e-03
7.151262125981494577e-03
4.600489455647849453e-03
8.272243070510398172e-03
1.870465318753505336e-03
3.507474815395184107e-03
6.302102663913387338e-03
4.834890919592727161e-03
2.230882536961543375e-03
3.705898341737480332e-03
2.751705701116494845e-03
1.658782397025912458e-02
1.261612114476496705e-03
1.770664314979239137e-02
5.716181047091908364e-03
3.010812237962207094e-03
2.372196439034969864e-03
3.461332559757071981e-03
1.498925228523829544e-03
1.049487505321061026e-02
5.929792365592445776e-03
1.271642915744199782e-03
1.747442824145327075e-02
4.931254686314265334e-03
2.505811841270242854e-03
2.256097199113660332e-03
1.126198205024675665e-02
4.394656867337945645e-03
1.638925512287658101e-03
2.303731663694725748e-03
5.841011071712556152e-03
1.836362591905904215e-02
7.552810305170909455e-03
1.918129679910480969e-03
8.353187057635508327e-04
1.119096783991491845e-02
2.007943741380313965e-02
7.435825203876322148e-03
1.218676228115485836e-03
4.863014042452807467e-03
9.481379870513459776e-03
7.762063490369606501e-03
1.118822472079587967e-02
1.766154670429417742e-03
5.011218751719117952e-03
1.840003687721990027e-03
2.598809784070901189e-03
1.470624043924211206e-02
1.034019777458667494e-02
3.760834469531426118e-03
4.137292967154882969e-03
9.791787218101373046e-04
1.283084030861762238e-03
3.184955037152374657e-03
1.931327141181390190e-03
1.702012958482904733e-03
3.633224689374908289e-03
8.947818947949970868e-04
1.797375730917632336e-03
3.341386487861982592e-03
1.061111789924103731e-02
7.988427125219025454e-03
7.609283819035257690e-03
4.883285204987310342e-03
1.193807235123732838e-02
1.074023431352272469e-02
7.097456233435836016e-03
5.158596548888540190e-03
1.336857406419186996e-02
4.560622315883691887e-03
3.660732396866207307e-03
3.159458162718882177e-03
1.654224009908530219e-02
5.696452586714799426e-03
5.055632240373248223e-03
1.446488534908292904e-03
6.724717745642517196e-03
2.880262882180757451e-03
2.481081036954750629e-02
7.319378776524366158e-03
5.366341301640547776e-03
2.684750030001958020e-03
1.732155324647566275e-02
9.523381456949999574e-04
9.533387971805315194e-04
7.613773108973797762e-03
8.881311637671583312e-03
4.920205968146125312e-03
1.419030955148539892e-02
7.117123293644968089e-04
2.238127579472905769e-03
5.703101003081747014e-03
2.568077122641338264e-02
1.197850323981320374e-02
1.342939910515415693e-03
4.945412588755583941e-03
5.299737596241331158e-03
7.907937616592980098e-03
2.549479117550036873e-03
3.845618012018216583e-03
9.837229858869521795e-03
8.426318522218517043e-03
7.142387278052637380e-03
5.580533248281848574e-03
8.857498082632152964e-03
9.293471674405004478e-04
4.685620889455015432e-03
8.852826504074548216e-04
3.150232944127469119e-03
1.154373207239148096e-02
5.056298317242332967e-03
1.343577976434588706e-02
1.082845676266119307e-02
6.932695948841142812e-03
1.242669836974229355e-03
7.543540485354610289e-03
4.416025000234533385e-03
1.955204059436075736e-03
5.066063519905344460e-03
2.105785492079796650e-02
4.214424062096587889e-03
1.205921657675782313e-02
1.647374592459997355e-03
1.515883579511322944e-02
1.020691930415311421e-02
3.015559342959260071e-03
1.141454677111358902e-02
1.509000425629274111e-02
7.722956458783263554e-03
1.926244829873692251e-03
1.290861402107403889e-02
5.770273086854271413e-03
3.386653636954762257e-03
1.602272650424494771e-04
9.462301675392069747e-03
2.361479195359415806e-03
4.411682996564294731e-03
1.830642258535321309e-02
9.280400575583463117e-04
6.455692219195433143e-04
2.694766623050132343e-04
3.066414585989537655e-03
1.752990498404584374e-02
4.816785446695889990e-03
6.762192660881142549e-03
9.457817774532459310e-03
2.436899698234547620e-03
1.455313579556321950e-02
8.931630205778804885e-03
5.802700033961914056e-03
1.542626908420404071e-03
1.242804181891246293e-02
8.631565271576895418e-03
1.646922511828039989e-02
7.359183256163685793e-03
6.587406881283894462e-03
1.012876568252941241e-03
1.638349083667942248e-03
4.356129883876183433e-03
5.736633501867223657e-03
1.304814162910334805e-03
6.919639803946827511e-03
4.138759292375759555e-03
1.670119945094732800e-02
2.248388624156761467e-03
1.838905313528582544e-04
1.461499375012431656e-02
1.145212814491712193e-03
5.621927986864491689e-03
3.344430527832060844e-03
2.723880870909094545e-03
1.460415706234154641e-02
2.036725217904253316e-02
1.210850832637520857e-02
4.721583865451114861e-04
8.053662550786919172e-03
1.623848892389207453e-03
1.393799447192486940e-02
1.403396223016423888e-02
7.907521277582669345e-03
5.983790262806400889e-03
7.862468929465061401e-03
7.874462210509138374e-03
2.526681932971133748e-03
1.713945011271018545e-03
2.799702439469430298e-03
8.571400375344956357e-03
2.604864375260218870e-03
9.227419402318885397e-03
1.012893291398684475e-02
7.358948297387966388e-03
7.630273530043962631e-03
6.013928290299255970e-03
7.512182621553934250e-03
1.033587914469359138e-02
1.115418011646832075e-02
1.764103941403627517e-03
8.234626214309044567e-03
1.862046226562179214e-05
1.829198587680387785e-04
4.024231471344313915e-03
8.672193497380272301e-03
1.145571746481313657e-02
4.048198669661216484e-03
3.850368196550340086e-03
5.049042060638047648e-03
1.862231369496530550e-02
1.611420525127948197e-03
3.809975738425915633e-03
6.183324559633038720e-04
1.476472845224043799e-04
2.147017909162968630e-03
2.815782103901581963e-03
8.009063690652131265e-03
5.301181473413867432e-03
1.283197424518279367e-02
2.420496577778309417e-03
6.826260044905197409e-03
1.338825677481930189e-02
5.535358025615401065e-03
7.706628942083179785e-03
2.048585012187514355e-03
5.668761375711635006e-03
1.219524934436105879e-02
2.160586544628455546e-03
1.409564114591720617e-02
3.689713894022570231e-04
2.173357253730389890e-02
3.825757347169647573e-03
5.913960509175074723e-03
1.606239340026207815e-02
5.753754070144211216e-04
4.516651789148693440e-03
3.191619449850567744e-04
3.365232220141096877e-03
3.062028822372997450e-03
2.796274214030282715e-03
1.345189175441588664e-03
2.468035346756452739e-02
1.061157563860747055e-02
8.771481373827322639e-03
1.329938625610505368e-03
6.337291803683869559e-03
8.836304952809572247e-03
5.317429927631944601e-03
2.577205819731015653e-03
7.745669890225934801e-03
2.239992659453673637e-03
1.082221333642839449e-02
1.339393404785573036e-03
2.387600976295637788e-03
3.509236731180721651e-03
9.949914850777903663e-03
1.378315159885712491e-03
4.584543769738177663e-03
7.389693242579528643e-03
5.202713067144874165e-03
1.067801240489993754e-03
2.795233158703441280e-03
4.368458723586401277e-03
4.088333354541657735e-03
7.023872366494593152e-04
4.800571373383731924e-03
5.758082196859878529e-03
3.056539592010904319e-03
6.134113703758205423e-03
6.703279139989273133e-03
9.383557839867835704e-04
7.881583537656566135e-03
1.558669918376474851e-03
1.556890043773313283e-02
6.704615673891862158e-04
2.143583537683080992e-02
9.977872206886473708e-03
2.310316043628574123e-02
4.213557617261122468e-04
1.106092915802283326e-02
4.709214343871338066e-04
6.511124322377933454e-03
2.368009474582974741e-02
7.604685391902825213e-04
3.273641612427297988e-03
2.869784830636998210e-03
1.073865737649718627e-02
3.563647485557788937e-03
2.942846450180223658e-03
3.645544703302972846e-04
5.161297702868955332e-03
5.989843239403325192e-03
5.067071759902744277e-03
8.141289859263311016e-03
5.275342421541323254e-04
1.548380083265764144e-02
1.485978776552150833e-02
2.412724086931766678e-03
5.734154995174562319e-04
1.038143036697782885e-02
7.289876414223976989e-03
1.228327941635846314e-03
4.386719951425809851e-04
2.519875971519337093e-02
4.001413342879774591e-03
3.688274410820725703e-04
2.675835053902688842e-03
8.298023763260758273e-03
9.063952942579800789e-03
8.831911679835236298e-03
3.264737263684629447e-03
4.761033381099569022e-03
1.286033505307037110e-03
2.978030792082222728e-03
1.519787441722617732e-02
2.381067025893883991e-03
9.305815376102989298e-03
1.716131464557769069e-03
6.463170784065197169e-03
6.969196984672946030e-03
2.197446561048807274e-03
7.546956611643040750e-04
2.114676828009083402e-03
6.617923284540128169e-04
2.433887001002525783e-03
1.291649630752028481e-02
4.776411755379903097e-03
8.822337276243834639e-03
2.710447854161079917e-03
1.599142377927221387e-02
6.684609641241636389e-03
3.046009564095753745e-03
5.991975283108979047e-03
5.736911788451698815e-04
6.833677217370100025e-03
2.234245320796298534e-03
4.872171508816872110e-03
1.105494413785085978e-02
7.069292398973177870e-03
2.482442759844429849e-04
7.655254526698176618e-03
3.945150516706298974e-03
5.340073931957459857e-03
1.003961020870424922e-02
1.021335375870103049e-02
2.412821281833726385e-03
1.402706595250529341e-02
3.143543720436809113e-03
9.560343077751080540e-03
2.043381748655881142e-03
1.009931310239509106e-02
9.778566531431175796e-03
5.534406572480394214e-03
8.684967910041424197e-03
1.121583628362120798e-02
1.812676045081353842e-03
5.219426555910769774e-03
4.531772280743041545e-03
2.291814185534765159e-03
5.120831924868863086e-03
5.847840277994614290e-03
1.986862611007073759e-02
1.489957515179408942e-02
1.393024513688655153e-02
3.715849636613207697e-03
4.184208866223940691e-03
3.303382154853802630e-03
1.301155885781377086e-02
9.750072208850780672e-03
4.773022181543743608e-03
8.408062620108841881e-03
1.230812568793459086e-02
7.320874357799300389e-03
8.442976903169715705e-03
1.250422700427081604e-02
1.827383710866028500e-03
1.666387378423517598e-02
1.620018317589632176e-02
1.741870159762532594e-03
1.603746578052835927e-03
7.478010161310428769e-03
2.175273881733731304e-03
3.783510894767054631e-03
1.207040655034321945e-02
7.770076459475180886e-03
1.793821984570435823e-05
3.445650091708175964e-03
9.537423402904598307e-03
1.119935741768605768e-02
2.005161980413980565e-03
2.046538893613548613e-02
5.008210777111801043e-03
1.536783405245758074e-03
7.009743211212265263e-03
7.137942250103604912e-03
4.624126370237558923e-04
3.113089622252613025e-03
5.905338166611038761e-03
8.615011469284432387e-04
8.002365424271991670e-03
2.183350014572817913e-03
7.317590994780101728e-03
2.769742279013048293e-03
8.045318174576300552e-03
3.608351385510592726e-03
2.222461495459163074e-03
3.605237803751875237e-03
7.004225881715094373e-03
2.134018164554105697e-03
1.018408911346732094e-02
2.549075444998123025e-03
2.031079084621768231e-03
1.074699735722242297e-02
1.678650926176185332e-02
2.810883935080321465e-03
1.913292829549644502e-03
3.110183803678563241e-03
2.346439300115244527e-04
1.684743303448798038e-03
3.245545847610953067e-03
4.385982191950549606e-04
2.498053026663468821e-03
1.176378155539333859e-03
2.414992158228530892e-03
1.929971186618417549e-04
8.200181807493151301e-03
9.578519890553660945e-03
1.112889709891236442e-03
1.214666778709756235e-02
2.027805421006361256e-02
4.967251030749965726e-03
7.242725154982500128e-03
7.031214603278487969e-03
1.134774025871109274e-02
2.812479714679967657e-03
2.831215827722042590e-03
9.316145442533499063e-03
1.391711099081742280e-02
1.460363888800158064e-02
5.940116228721175305e-03
5.184160125236396931e-03
4.335033786875835612e-03
5.734323053618705333e-03
4.554660518706562383e-03
1.033473918219654855e-02
1.457222282927317543e-02
2.361680510546399284e-02
8.921434663587655967e-03
2.261985233504320691e-03
3.516146637434237714e-03
6.896851921204549124e-03
3.599210502076972268e-03
8.705969218130202303e-03
7.579923325688383076e-03
2.427414094509620750e-03
3.189670934816501036e-03
4.908468750573373451e-03
1.619463291726266907e-02
2.977685349366352568e-03
2.403228455174443584e-02
6.497154953268302613e-03
7.603842792512514361e-03
4.897959861969544693e-03
1.369235879630736311e-04
7.264336212638225748e-04
1.481721487663444255e-02
3.534277482400268334e-03
1.039910435106236423e-03
2.662100387225670075e-03
8.922264798227127688e-03
4.566553266327694378e-03
8.253676520715851913e-06
7.002519952956094695e-03
3.925209902828837548e-03
4.412326549067830533e-03
7.455883756691625112e-03
4.820731965027029615e-03
9.942956638791036750e-03
4.598510334113603201e-03
1.048677780117895052e-02
8.464619103935077174e-04
2.477199062958909594e-03
1.614070176728829489e-03
1.617712371587181827e-02
1.081353816929899597e-02
1.009457313339484283e-02
1.568003026179507278e-02
5.260955978095970421e-04
7.494891321704476479e-03
2.678827720396790343e-04
2.982147478935751831e-03
7.768198284731513137e-03
1.196914181396275943e-04
1.138952554464957604e-03
1.689199603966788990e-02
5.380764744183077694e-03
8.146293363803430504e-04
5.511708302718574745e-03
6.439895766147677586e-03
1.246034543728123754e-03
4.025619903197029566e-03
3.189750880595851323e-03
1.248871926911788999e-02
4.567725931126881238e-03
9.395178259764748463e-03
7.591157561588115707e-03
7.979953396081164094e-03
8.421790190148825683e-03
1.208288822487857232e-02
5.704273134073517201e-03
3.020360205032426078e-03
1.224572012059503903e-02
1.393837684432214013e-03
7.691912699581270052e-03
1.499995178286312597e-02
1.632445171474435075e-02
6.829512812320925191e-03
7.712063508329076653e-03
3.859836402157447379e-04
7.343715430534019685e-03
1.440083106803734941e-02
3.455859462626698704e-04
5.712162870418530450e-03
5.714770417077664165e-03
1.887674815289504954e-03
1.728094107057056910e-03
3.556474230614015738e-03
4.851527243465051514e-03
5.870924733770504882e-03
1.403169250826541078e-02
9.881575644167832004e-04
6.087000007943633995e-03
5.595883444301843210e-04
3.716365518666431538e-03
1.869233610684510431e-03
5.912378592304303078e-03
5.724837027441721619e-03
1.071948087529354422e-02
1.033755264785471461e-03
8.891538161326355966e-03
3.020844673136580723e-03
5.173522556107089040e-03
9.877736269933138150e-03
1.946225930761365328e-03
1.765558542817415727e-02
1.140912090391273635e-02
4.923352224050156663e-03
1.353151071840446966e-02
1.577442775033437508e-02
1.712561209386068411e-03
6.091278743285038870e-03
2.805012973777316204e-02
1.691019970723713420e-02
2.948934746172259674e-03
6.141429408030676419e-03
8.755922652922429415e-04
6.920919770970622616e-03
3.893196911619823709e-03
5.437994051561283702e-03
1.220803889887699112e-02
6.945510718984141546e-03
3.079731894282547369e-03
5.365846305359750143e-03
1.378875974080043601e-02
1.603114199345571401e-03
9.863555409048893260e-03
3.232157613747144512e-03
1.533055950278575845e-03
9.297419982835045680e-04
1.449802426293217254e-02
1.259342048412291854e-03
5.369498146331860069e-05
3.467801874427022066e-03
9.781655215090614367e-04
1.106519296431660547e-02
1.870648756933640869e-02
9.847283217312340076e-03
1.014804952819342056e-02
4.066527076539388011e-03
4.993856177630429105e-03
8.081928365805401970e-03
2.154051148095003851e-03
6.275432294109763729e-04
8.062021714400192593e-03
1.257877247361155644e-02
1.276450640382271323e-02
2.958607277716958622e-03
1.450963997795133922e-02
1.787401485083215009e-03
4.878061214109823997e-03
3.510020544411019718e-03
7.885753223091806000e-03
1.987037200247593338e-03
1.289575523388446221e-02
9.657442773502165553e-03
4.630863767806303599e-03
1.052130064446904489e-02
5.055392691089862986e-03
1.358784305823433104e-02
