8.440398930418983175e-03
8.693791896142480727e-03
6.552852955783544826e-03
2.035289481852016469e-02
4.597952502724214456e-03
1.632415385471290212e-02
1.593693259035783988e-02
6.717651474219128206e-03
1.013884030931456667e-02
1.217300555618068547e-02
1.764440008431413659e-02
7.617180213317393568e-03
2.459986272474053159e-02
6.640273335037679379e-03
1.619935844574013628e-02
7.556123417886709270e-03
9.792368550278596206e-03
2.274284425820922301e-02
1.170719798282917994e-02
1.457846474122930121e-02
1.733056593169294418e-02
1.427730949895483423e-02
1.961304994659749182e-02
8.212884661816447288e-03
1.102342000222261004e-02
4.990863944638159258e-03
2.734434809556907098e-02
1.624169632001000105e-02
6.173828535147474206e-03
4.744427589932102146e-03
7.256407321935443890e-03
6.825468085970896534e-03
9.343283950374384195e-03
1.032304151588430211e-02
1.891579660679140393e-02
1.136418192049418532e-02
5.661212478146809141e-03
7.162226694342900719e-03
1.938012756344401760e-02
1.644135021125465307e-02
9.236993639501459366e-03
9.471388660913165197e-03
2.933125672246113605e-02
9.493847030561403805e-03
4.872667280215328169e-03
1.464590259092159001e-02
1.210858676485917183e-02
9.117335509883413985e-03
1.287178318973813441e-02
1.609750088468872228e-02
2.106152785282311424e-02
1.032534478309859831e-02
8.793362495240143045e-03
1.178374592785459349e-02
6.277428854976060263e-03
7.648020994557044525e-03
9.091437269896059450e-03
1.171433709833616908e-02
8.012872994638042812e-03
1.077548467220581542e-02
8.455279014360822867e-03
1.956292075470156960e-02
4.036015561089047188e-03
6.791360050913556115e-03
1.017200675109121780e-02
1.104175968288736466e-02
1.203379549508289820e-02
6.720515555532964071e-03
1.397893608016028202e-02
1.990096555405440962e-02
1.455997924485639625e-02
1.234122379958044885e-02
6.323802420579770558e-03
7.969703350604767297e-03
6.330331749179745823e-03
6.993469872818900042e-03
1.561779038055186204e-02
7.028480657505028865e-03
1.619021296683308131e-02
1.075662911829405183e-02
1.143034267488278119e-02
6.976511565680802891e-03
1.001020449901690416e-02
2.489697259262249260e-02
1.143667002410473157e-02
9.870298322259845117e-03
1.407534274861390461e-02
1.645811241952941859e-02
8.168285066230161068e-03
8.496142597578857855e-03
8.526245688116242810e-03
6.298506114191639374e-03
7.669236362724274510e-03
6.798782155555611537e-03
4.491036010087028768e-03
1.516828994362327820e-02
8.812021671816647195e-03
1.138576076397755654e-02
6.000066997398263019e-03
1.239319242777579301e-02
1.007809410642259047e-02
1.338092481974756214e-02
1.125829306055217173e-02
1.067948692383423152e-02
1.018318001810462198e-02
1.066467795924533855e-02
8.203983520946441996e-03
7.708611556344301986e-03
7.166199235068117582e-03
8.613726524473000121e-03
1.152464069977658309e-02
7.292401321255327466e-03
1.013000479841362662e-02
9.480272776291357242e-03
9.594832406912019024e-03
1.383846992191879212e-02
1.041844307561300836e-02
1.301757525150370673e-02
8.459973483693723068e-03
1.470175737499108265e-02
1.912918374225811013e-02
1.451914713132709984e-02
7.151678204421266227e-03
5.099008031508623327e-03
1.174784224820007474e-02
2.160451938519681800e-02
7.309581166102761644e-03
1.648562283152537125e-02
8.979915555379042874e-03
5.417653745236807733e-03
9.820852577416629842e-03
4.965418253770756234e-03
1.323247651669070060e-02
6.779117089493496250e-03
1.442205693119629276e-02
1.753567578382035294e-02
1.055797144412905578e-02
1.924702798132576359e-02
1.698505219334680433e-02
1.931568222864078060e-02
9.135266407714072098e-03
1.564216357576469346e-02
5.793153729434220162e-03
1.986270173824548207e-02
7.398366228744088745e-03
1.574755958642582582e-02
8.708544004834704172e-03
5.986996906109323495e-03
9.228671430728417266e-03
1.109954166718851373e-02
1.141828694241530523e-02
6.906653707057636843e-03
1.099061213490261715e-02
6.409074691696890584e-03
4.724302014841847037e-03
1.388307295728414756e-02
9.730708798577795277e-03
1.068649401147866995e-02
8.408530330071375611e-03
8.289102358441598900e-03
8.214911763894144209e-03
7.212790784436715411e-03
1.758897406399761998e-02
2.029448888865632503e-02
1.006843018163016551e-02
1.544904191262868633e-02
4.889348514093838638e-03
9.523356048426778395e-03
1.355583490255666233e-02
1.044078828749694932e-02
1.265987454503393617e-02
1.139858772401316708e-02
1.486310931288527433e-02
9.291358464910097828e-03
1.211213631312676661e-02
1.136054255824823014e-02
9.526729924297705487e-03
1.208377214115718794e-02
9.553494007257025758e-03
3.002726776707743267e-02
4.827221126386316806e-03
1.913184431350818671e-02
2.722815442782759374e-02
1.386608970619155820e-02
7.374011241507175997e-03
5.812727373415968457e-03
1.055167700129049785e-02
3.875161721524349179e-03
2.009726513208919332e-02
7.885994005360870071e-03
7.734855957909104150e-03
6.979615121373059818e-03
1.494419000972969404e-02
1.431184886499050485e-02
1.015793025640653220e-02
1.368093793687761954e-02
1.500969639618693514e-02
1.568743589905097213e-02
1.453792299919791191e-02
8.476929442378225432e-03
2.110806977711584057e-02
1.163646680990666760e-02
5.745826952654077037e-03
1.019366319464945318e-02
5.603190254609013640e-03
1.150134478854126022e-02
1.715339000482535986e-02
1.154128586324450374e-02
1.435011331229255928e-02
1.336776400064253884e-02
1.043211431682217194e-02
1.482522619386659503e-02
8.038896918212230444e-03
1.742816444653456920e-02
9.969324452245218599e-03
1.119217627432250728e-02
1.016858798493288155e-02
6.925447690218493844e-03
6.906650120439907468e-03
1.507370070168535456e-02
9.844407281516399932e-03
8.359826331387839801e-03
1.202929820403537964e-02
9.552359158877792716e-03
5.418823869612027049e-03
1.440795993235484927e-02
1.544993272439605485e-02
1.281802960638713136e-02
1.222232190831814419e-02
1.165573794906667529e-02
8.268988941929346706e-03
1.100937694497245052e-02
8.765012540794802146e-03
2.047780402632757082e-02
2.819770204638331543e-02
7.861042965824481532e-03
1.472741313949847523e-02
9.745321739046242104e-03
1.099782242465557544e-02
1.122966109266771741e-02
7.862194060904860449e-03
6.054392600347812715e-03
9.739727843019328063e-03
1.310243491148907480e-02
8.421939947624952280e-03
8.729262985826779370e-03
1.020290283106435082e-02
4.733437525884180881e-03
1.285980456234502717e-02
2.448995378383721222e-02
2.089397061236072939e-02
8.358169967456486812e-03
1.314635786300206652e-02
1.238049945467579668e-02
8.203485401631306281e-03
2.214213225619015082e-02
2.674967278148721386e-02
2.306493438360539966e-02
6.817645545578202189e-03
1.124086595589782536e-02
1.355446714061702036e-02
8.699101912898053041e-03
8.985425856507427492e-03
7.505667425279441592e-03
1.042316697534145450e-02
1.785922428558354633e-02
9.556557871695254419e-03
8.542897867953555199e-03
1.535429569521974680e-02
1.439695084477995816e-02
2.039643366901960561e-02
8.248174879688189090e-03
3.442920353841554502e-03
1.640408024563038206e-02
6.063010015542655458e-03
6.828066542325567957e-03
6.874629489865984738e-03
1.015251606545209372e-02
7.400125824921586354e-03
4.549651785651386872e-03
5.559250987474844037e-03
1.007784242741872546e-02
1.049051281322830979e-02
1.032910576400904862e-02
1.394810086555797746e-02
1.086237185291916499e-02
1.825985972358096232e-02
4.558921159456648907e-03
6.655526156531061700e-03
1.648053021395127701e-02
1.674205851343562451e-02
9.439793306664796130e-03
7.240394640123625804e-03
5.384979635288686048e-03
1.809337814957899873e-02
9.821477454196234774e-03
1.045090877160860174e-02
1.018263220768865149e-02
1.575287889910094094e-02
7.442538326751838539e-03
2.015118457819031761e-02
8.272083997020382440e-03
1.278069771320131630e-02
7.063447808326464399e-03
7.170037180938908586e-03
1.233726523717215695e-02
7.594802494553225085e-03
1.388584592766544876e-02
1.119453800249094536e-02
9.006340184281610636e-03
1.178223337998964178e-02
1.626753257045028891e-02
7.950508843455127150e-03
7.380557320462813667e-03
1.168770316152965665e-02
9.628821415471999767e-03
1.166566466041573519e-02
1.142213403318462044e-02
8.937395388206682834e-03
8.279421499527471820e-03
9.331410264051469977e-03
1.325590439712886516e-02
2.275415911383435463e-02
2.236457221758822098e-02
4.213245700390013358e-03
1.038016670733484317e-02
1.396204170370516674e-02
5.330488328691213550e-03
4.127969766924880803e-03
8.876691533265214026e-03
7.744457475947670762e-03
1.028425514292979556e-02
1.281356105358121000e-02
1.004118557843180007e-02
7.121405865235674697e-03
9.242753485730715451e-03
9.223295311011087821e-03
7.007453588766562706e-03
1.669806501064899362e-02
9.584475980413682816e-03
8.023357378475452426e-03
7.384133680572531680e-03
1.034979581535969140e-02
5.458217857257659407e-03
1.323848464110381588e-02
1.033157009719270526e-02
1.101318372391524823e-02
1.090338961879907219e-02
9.416894440918926676e-03
7.021416578350067432e-03
7.876118930574108751e-03
5.836193616677200560e-03
1.115978599219229379e-02
9.514931837721757324e-03
8.388211382987341078e-03
8.229673328394790377e-03
8.350119558443554885e-03
1.034711309854490294e-02
1.183582041056051304e-02
8.115111596582411449e-03
1.058369681671787570e-02
8.052009217290226339e-03
1.558790440807067933e-02
1.488324652848235785e-02
2.270499110762062150e-02
9.405769858388471003e-03
1.412549110912750955e-02
7.227834216416437543e-03
1.257377239926976871e-02
7.029732509825259608e-03
1.396302834202088616e-02
8.949381097914980987e-03
1.121458413789309244e-02
1.204110189772826349e-02
8.341637505684590392e-03
1.128752047089334395e-02
9.432308264270111361e-03
1.145431094631505983e-02
1.687745482069210115e-02
1.304175409109564754e-02
1.735863064318655599e-02
5.508243242824444053e-03
6.813547591151335008e-03
6.563676308124446156e-03
4.294221747351085507e-03
1.325493915063656256e-02
5.031428858236440364e-03
9.478879314041717061e-03
1.064837236351002907e-02
1.197462347229077961e-02
1.112159350497700545e-02
1.011387333530019625e-02
6.092729554138866591e-03
1.075766418689968335e-02
3.129599844767688016e-02
5.093132153151915843e-03
1.798988206769573314e-02
8.132596692402228183e-03
5.611974521398216745e-03
7.222546687407948966e-03
4.636056868726742830e-03
1.011969011523172583e-02
1.196417848578204025e-02
8.331928524207847866e-03
1.681533953174618040e-02
3.419218298344477852e-02
1.112127538005542801e-02
9.444412774526324272e-03
1.593797452988400531e-02
1.900870123822231625e-02
1.123121095984451825e-02
1.555112203835439313e-02
1.026827571602652138e-02
1.119425064010306711e-02
8.231914864330610454e-03
1.145649603167849147e-02
5.278986665886218829e-03
1.725947593810664427e-02
1.060330254219212127e-02
6.156444658971884504e-03
1.060193834519637841e-02
6.428747283851956977e-03
1.209967640831411360e-02
1.230630891347295544e-02
1.288769256400387926e-02
8.204400779628018975e-03
1.195014399187053870e-02
5.649859800578050165e-03
9.555293074482157714e-03
1.340390495685881388e-02
7.908137404873399542e-03
5.260965150430222358e-03
7.769170388810643993e-03
6.420865778208898790e-03
4.562380510920935328e-03
1.177601849126909406e-02
2.405961547255223987e-02
9.544565889157401867e-03
9.595074339506850028e-03
7.224434750943801997e-03
1.135289307154496892e-02
8.205619861146085797e-03
9.768520470103627187e-03
5.225684762761374433e-03
8.163701379413435336e-03
1.379345998279823786e-02
7.777005267153101753e-03
1.040256972253048202e-02
1.102501957396762391e-02
7.061206278794729917e-03
7.972830029523297196e-03
1.040074739278530093e-02
6.957209959302299712e-03
1.590014180876297631e-02
2.235096730108488208e-02
4.761221179641729820e-03
5.982277987913817846e-03
8.340990258586446909e-03
4.136833872565407431e-03
5.443496887156389075e-03
1.155254842831197025e-02
1.099047322867315393e-02
1.136949008411671826e-02
1.252713436034888321e-02
1.147008882967072256e-02
6.772888413814044141e-03
6.522690686752119840e-03
7.936959895456200884e-03
9.191191466943403679e-03
1.821661647306851289e-02
1.124802209452932696e-02
1.664772582486301680e-02
1.367694881761870838e-02
9.613140212226412712e-03
6.549081865375418025e-03
1.045018614411731724e-02
7.348776183350186168e-03
9.586290431719057120e-03
8.047351617086332884e-03
8.496160871440136195e-03
6.309838763540243957e-03
1.158576313676764821e-02
9.628127298229422273e-03
2.073056994680632162e-02
1.226114054970916557e-02
5.894869175825824016e-03
1.564914846205419513e-02
6.964843926434971348e-03
1.021394318720591880e-02
2.099398561700149823e-02
8.995224461117695691e-03
2.151120997285010938e-02
5.002497665569743263e-03
8.991961144363878194e-03
6.278351833666847084e-03
5.577982515081333914e-03
1.678527187761218870e-02
1.216785888291628016e-02
2.149426311714836696e-02
9.819676810698481709e-03
9.566433419433027427e-03
1.139187670674915095e-02
1.373005107059395262e-02
1.107358593449446309e-02
1.074143972487986293e-02
1.049907529895400052e-02
7.687133721311645469e-03
1.213662169927697682e-02
1.108495305873431758e-02
5.450801184978109129e-03
1.991626292449016206e-02
1.310346902537821816e-02
9.709551403670291930e-03
1.073818102912644894e-02
5.054613018556622719e-03
7.361143794378110713e-03
1.599972744297395444e-02
7.643443214607525092e-03
1.476142876704999128e-02
1.651001311171226144e-02
6.187652248592432312e-03
1.341606502341776384e-02
5.920906779084775945e-03
9.593500762776882920e-03
9.060613986417423785e-03
9.133520878560976580e-03
1.068979884712610920e-02
1.093688648900864938e-02
7.129470379863211797e-03
8.579177027364773972e-03
4.891691199466538000e-03
9.792308332454013539e-03
4.462089718506892684e-03
8.811882486004632420e-03
1.165420335332268374e-02
1.274323836908972801e-02
1.039915892667695602e-02
7.906427343016719789e-03
1.246861033797529855e-02
5.703582137110392060e-03
8.362346563232612995e-03
5.244365099443941761e-03
8.910085374950211384e-03
8.540830310573250400e-03
7.024287731933424178e-03
1.172902806594211013e-02
1.477395190344789680e-02
1.252973275195203018e-02
1.895329008013990971e-02
1.995300047641430582e-02
4.969278347878760237e-03
1.116534514370859897e-02
9.891210598210239263e-03
1.017758163936885105e-02
6.318724046504808206e-03
1.422946056823227827e-02
7.999825034517875008e-03
6.451337828518239823e-03
1.306382030246450686e-02
1.366481860006333281e-02
9.791514911066371077e-03
8.508066281065972472e-03
9.735214778728441820e-03
1.495104660355892068e-02
6.388627659280645722e-03
1.924580109039102094e-02
8.165927810715357602e-03
5.983712574808286444e-03
9.631751122960425723e-03
8.154349951272109667e-03
5.239015559131502894e-03
5.727456869287598194e-03
1.790344393927216157e-02
1.590913972858181563e-02
1.106795099616108766e-02
1.288318713578040856e-02
1.003271052945698891e-02
5.975635081874972922e-03
6.819322605182086793e-03
7.364731920758431534e-03
1.598671215584157590e-02
1.295504012851097196e-02
9.228209713009805082e-03
8.032271607397263244e-03
1.351463388615401807e-02
8.354689834098439835e-03
1.059500968479926836e-02
1.382466182519291077e-02
2.086924858032461125e-02
5.399961956356368227e-03
2.315368566204582118e-02
1.575645093781610426e-02
8.994725672124460544e-03
1.768769256665528311e-02
9.865178170006674158e-03
1.386087172473761918e-02
9.572698143157400141e-03
8.375538345867071174e-03
1.188527165014147124e-02
8.676869607246881499e-03
7.786630068617478133e-03
8.641682847354446514e-03
9.279946586422961260e-03
8.200355696099172545e-03
1.033276243482255004e-02
1.094768268680464812e-02
1.331076276892022986e-02
5.647137006589414768e-03
1.065809111435632797e-02
1.413429338730895317e-02
5.814069253369789393e-03
5.063735324938365041e-03
1.150980701546540884e-02
8.627490077237327457e-03
1.181245989595772206e-02
4.903652922123361707e-03
1.006524625149343190e-02
1.063246990153445849e-02
7.262302867259960888e-03
1.413822679835389888e-02
1.657298450680593296e-02
7.366958370101338305e-03
9.863478917695928105e-03
1.339536258285058123e-02
6.652767242142504367e-03
5.691832053462241546e-03
1.112820111799356186e-02
1.003471886722670688e-02
1.409778776637606382e-02
9.404176893925558778e-03
1.236147943683489278e-02
2.047788983442221794e-02
7.681966112613090002e-03
4.672037234906375146e-03
7.295129272624326783e-03
2.486393731540936444e-02
4.521017279799588451e-03
1.104720342709902131e-02
1.803659505353549797e-02
9.600288911652125542e-03
1.256102131707038591e-02
1.393817235488094622e-02
1.121592371106192899e-02
1.145311690822206283e-02
1.263253552241294132e-02
1.213862800336146415e-02
1.498662087274494313e-02
8.423537203303153864e-03
2.119964158022349249e-02
3.528074152285350963e-03
1.079318296014005960e-02
6.644540278684879855e-03
1.640160315678441255e-02
6.327091771536035546e-03
1.436894587080730576e-02
1.160713000280929642e-02
6.772491008115148585e-03
1.061994251561220251e-02
1.412190647520968415e-02
2.921687807760849076e-02
1.057709283957324747e-02
9.208884411691719424e-03
8.325944159509150733e-03
1.515842240485241153e-02
2.958903851773311139e-02
4.929622337489854463e-03
1.010984418861650760e-02
9.997354675644998245e-03
1.570621650384381590e-02
5.599993882033076943e-03
7.073301511802538438e-03
9.453177859916686576e-03
1.766837949345787667e-02
1.258407337670583090e-02
6.284485425724965942e-03
8.726446286106512296e-03
5.850450589390220751e-03
1.744813483880348903e-02
1.578208137468604944e-02
1.697219073360077893e-02
7.287275043772545660e-03
7.147703952253620617e-03
1.910762447388215934e-02
1.952865810428470322e-02
1.060140838502910549e-02
1.526310428119302329e-02
1.387079225359079925e-02
9.297211079252369961e-03
7.047687061883486578e-03
1.251778632269541155e-02
8.228544118258254714e-03
4.953327589602011735e-03
2.175976796932754462e-02
1.390120904868097709e-02
2.220781442924186361e-02
1.378023075328135491e-02
1.037228549626500150e-02
5.461974267036913931e-03
2.788403063530942028e-02
1.323814278775424166e-02
1.066412210677848867e-02
1.544789130565706395e-02
1.418977355468119782e-02
9.041674926001280407e-03
5.630254473253212127e-03
1.471537232585069105e-02
1.217950725357910477e-02
1.082244859668576170e-02
1.412793621220838174e-02
4.905204278718763161e-03
6.517898971305302082e-03
6.920729470222721467e-03
6.896613373804077324e-03
1.872452610098194678e-02
2.258346379202713639e-02
8.763961942279680298e-03
7.837743542127189808e-03
7.154056598556573880e-03
9.464636610169687575e-03
9.763822840437476683e-03
8.131492631782295463e-03
1.416991790285096649e-02
1.215774678994805715e-02
1.731540552117096649e-02
1.925615401353647851e-02
1.177392919966496580e-02
2.598013308043926883e-02
8.102398847652956745e-03
1.984084170944379333e-02
7.574421492625911002e-03
1.344822062067317463e-02
7.217374062814294923e-03
1.490158880823660992e-02
1.846186006693189413e-02
1.816532288396368461e-02
8.304294395002157977e-03
1.796569083418855794e-02
1.019340467468966317e-02
6.379328613605178035e-03
6.457942213868719979e-03
1.085909292272822617e-02
8.475668970678661152e-03
1.439490826597136265e-02
1.125700953736358430e-02
8.966231302647382703e-03
1.814841642752870743e-02
9.742607482545012978e-03
7.136584815397036853e-03
1.367666204013845248e-02
1.073773983509666852e-02
1.348787815225167483e-02
6.012214338945506310e-03
2.206353444358284677e-02
6.299904167671854967e-03
8.434543642445944608e-03
6.683023527975870230e-03
7.949037173361636621e-03
1.083229734541463901e-02
2.486372158817287681e-02
1.101298065582535617e-02
6.292284968037306983e-03
8.796878395374818985e-03
1.466243284500884196e-02
4.760482418197664774e-03
7.247701809542994762e-03
1.329009666266581582e-02
6.296226476277444820e-03
1.048298248434428523e-02
8.172207965013588912e-03
3.989215518901269124e-03
1.009384008666205750e-02
7.762855481963867182e-03
1.737675775015282489e-02
1.122482546396293135e-02
1.078432992869034386e-02
7.646556205859357004e-03
9.342410754084715455e-03
9.401356983711486870e-03
1.103112706457475521e-02
9.231107082998487104e-03
8.294023260343242818e-03
8.278889547301623505e-03
1.911541872650021623e-02
8.521295970652873961e-03
4.915252248982994107e-03
1.122423158326725685e-02
1.251842192194324750e-02
1.392587995390677166e-02
1.769559278527949031e-02
8.723346422876143702e-03
5.856994481794707344e-03
7.233721556174488657e-03
1.509545795427881705e-02
6.616458918063027050e-03
4.615250397045569594e-03
7.174276549226235068e-03
8.895548788692328110e-03
1.974006695560967181e-02
7.732957226226006182e-03
9.635493959453452634e-03
4.380816744291528633e-03
1.232760562256914223e-02
5.630070059709637448e-03
1.600480677807387953e-02
9.149130927937856872e-03
1.350223187814057757e-02
8.333739869663642913e-03
4.701954368249753984e-03
1.023484028719311156e-02
2.326007780904748232e-02
1.793711988112425826e-02
6.774604992889740954e-03
1.235079636107672997e-02
5.101778767666987659e-03
1.013772969978220251e-02
8.587477099865209462e-03
9.122339383744910990e-03
1.258802047389563986e-02
6.255022621482804294e-03
1.778431845570402348e-02
1.190520747306336030e-02
7.633716250312084020e-03
7.478906832395470702e-03
1.670343154746073422e-02
7.443759612265038461e-03
7.910004083961790639e-03
8.281884226760528531e-03
1.531528578005733957e-02
1.741863468355656433e-02
5.617861175294587041e-03
4.667058434599126622e-03
2.218404045006471328e-02
1.494241877634250835e-02
1.049866103563980475e-02
9.118449653272086425e-03
7.712718750431577473e-03
1.517120162552068434e-02
8.438662309373148179e-03
1.162008411442336936e-02
1.579115430897810868e-02
3.830840324508881425e-03
6.546412439688287233e-03
8.989723831576203542e-03
7.840115988649858092e-03
5.481574495909619267e-03
1.430949928839782802e-02
1.353911883792583565e-02
1.506101814397723879e-02
1.191270857464636450e-02
5.819755429795440797e-03
1.718441567603264108e-02
2.546237034478519845e-02
7.159384475835145131e-03
5.878701032918741583e-03
1.182277200706138842e-02
1.666421767680568988e-02
6.446286643137569966e-03
3.958893964433570986e-03
5.933005355063219154e-03
7.719095349931205143e-03
1.566787118852089322e-02
9.738462618750495098e-03
7.307193787485997440e-03
1.727489480915760794e-02
7.032790782470783181e-03
1.148049850324060588e-02
7.671171645530978564e-03
7.226218718379719824e-03
9.054780311956637726e-03
2.298771881117373656e-02
6.394210364241930018e-03
6.753333752296918589e-03
1.438424510866343625e-02
1.677733657220547778e-02
8.953480186925776713e-03
9.006771994015339011e-03
6.700243055511487592e-03
1.704483215775538796e-02
7.571628660071868210e-03
1.197627614031384832e-02
1.557954486667996810e-02
1.080847065108793588e-02
8.507108856137847452e-03
1.642312115789079652e-02
1.584635726680029902e-02
1.088478555254348765e-02
7.030217502434448276e-03
3.326430067432987331e-02
5.650872213727889913e-03
1.033756289309548451e-02
1.170556475188678884e-02
6.763269313043742542e-03
9.438543362268148398e-03
1.417433214970432835e-02
5.380250145681194154e-03
1.255726771532453788e-02
5.938288719526406238e-03
1.169420931426528448e-02
7.955947042671192640e-03
1.243112233275121652e-02
9.586320812477925821e-03
8.516840259046700237e-03
1.325616813250792003e-02
1.722716229934955975e-02
1.128496747294731664e-02
9.015112676379092096e-03
1.492740042171413276e-02
7.743039302318999867e-03
9.890915784338177863e-03
6.607287599167413483e-03
1.541792939893011499e-02
8.268375479060903477e-03
1.288120081976003133e-02
1.847095732710421490e-02
1.481858243103546628e-02
1.430946074890140918e-02
9.791292698053810986e-03
1.393512142615282133e-02
8.426545201208142724e-03
9.305048139143822991e-03
8.688689359241710472e-03
2.165933460697320664e-02
6.018319040047997309e-03
7.268732397957971235e-03
1.242153846658861777e-02
6.836161203643069742e-03
1.074242077579323079e-02
7.215600476529509394e-03
1.466365071216073172e-02
6.306509355209118269e-03
7.669441490346603531e-03
2.043308483030921441e-02
1.230615733468978443e-02
1.219978627043415143e-02
1.541755160471977235e-02
9.476142524214071355e-03
1.296416559070161234e-02
2.061236485059445706e-02
8.625542564215741767e-03
1.726199741945512803e-02
1.338938588286094078e-02
7.574108622091017991e-03
7.388066731443641323e-03
2.284266707784066847e-02
2.401095183632096300e-02
1.039898745742625849e-02
8.557854691594526594e-03
1.026226320766868670e-02
8.521032212940621298e-03
6.554673180813212936e-03
1.574807429599633241e-02
1.150649695461284164e-02
1.481070234915383976e-02
7.925545175208263682e-03
1.028254088205738867e-02
6.379661666105497161e-03
1.598050372727474050e-02
1.245450466038030418e-02
8.380174226056828421e-03
1.445282292299339584e-02
1.255274495576604900e-02
1.059577669879970679e-02
2.216275474054727607e-02
4.493683786012411460e-03
6.006697605266577387e-03
1.071183706246750696e-02
9.844647299299135595e-03
1.616760662781645611e-02
9.622346018426196704e-03
1.365566326171396318e-02
6.621723916182689108e-03
4.627006106251355284e-03
1.899418717929696188e-02
7.195949815126438665e-03
8.989526963573957891e-03
8.786375743954310397e-03
5.705900423461003970e-03
9.402628681497620169e-03
8.818727572716544491e-03
9.911806514504477653e-03
5.229695890602768966e-03
1.150358246565935140e-02
5.901142601261004372e-03
9.840630102662017292e-03
5.567686435462351584e-03
7.965906887008553441e-03
1.226107687036185646e-02
9.668477876903924448e-03
1.587956305494982873e-02
6.094949081156883844e-03
9.576906566056692452e-03
5.743254230053824669e-03
1.217073556729833875e-02
2.196766297887760983e-02
6.595462433365326983e-03
1.646089624789598069e-02
6.940367857856909878e-03
1.514352529786018239e-02
7.092936266363723818e-03
5.406192016112044627e-03
6.996642209836051278e-03
5.782852287686105625e-03
1.311272819242112128e-02
9.644574968330845571e-03
6.637694930377493335e-03
1.482773694516465596e-02
8.418227611879620237e-03
6.695062679663392295e-03
1.131898039665851785e-02
1.607546572916171077e-02
8.045674281242438247e-03
1.447431624287702674e-02
9.198233209596583249e-03
1.303098749820812662e-02
1.009440536001009713e-02
7.234600891824680829e-03
4.739705615208855520e-03
7.702219219463356942e-03
1.174743043013792322e-02
8.614717988587185238e-03
1.006028008270473673e-02
7.001873701720330752e-03
7.949950024672370816e-03
2.482024623736447250e-02
5.563199436371763819e-03
8.750134904612646633e-03
4.633073737962865868e-03
1.138421612423126325e-02
1.469948121894723396e-02
1.846027352988607526e-02
1.150358329289281542e-02
1.145446342786225064e-02
9.176289188775560088e-03
2.548068075491609699e-02
5.190354826116506254e-03
1.030125681317214069e-02
6.494283360419474647e-03
5.882155725525992605e-03
9.634823051067248345e-03
7.884964364183911709e-03
1.488502989985029598e-02
1.855067554302831587e-02
6.566797462222646528e-03
6.717267198024150753e-03
1.687689684955176114e-02
6.641042992161463876e-03
1.909332219045697249e-02
9.615503092534661428e-03
1.112120068988712608e-02
9.482434494234692757e-03
4.496872514048281221e-03
4.818139625836583007e-03
1.098852181728755470e-02
8.142977901178492101e-03
8.644029034075078818e-03
7.547939970254235499e-03
8.392995026738693173e-03
6.055925641440487728e-03
9.144333927493801528e-03
2.209327558139842843e-02
7.853040208206710920e-03
2.019737999104031373e-02
9.985773011262822144e-03
5.523161660586803530e-03
9.752480505342298392e-03
1.682745261022696934e-02
1.620161570225934003e-02
1.491109639267481669e-02
1.109517428550233463e-02
5.638672264684420170e-03
1.197077044419055103e-02
1.453903058409424486e-02
1.244419507565759121e-02
6.210369481079202822e-03
1.228581566902820638e-02
7.041335785945508456e-03
1.167757579896350727e-02
8.350206980691074130e-03
7.644991810876585782e-03
1.134987734879965016e-02
3.316810397223484037e-03
4.015933758753011985e-03
9.513853917818951983e-03
7.316043891364177286e-03
1.288851212788530431e-02
9.406394796860057320e-03
1.286512797396083090e-02
9.459320012088809349e-03
9.266587304612373260e-03
1.429711487062848042e-02
7.930160333845999790e-03
1.085111241072745855e-02
7.051796476508006596e-03
8.271009694352611172e-03
9.261672687505337689e-03
1.180934861741088880e-02
1.163953638383157831e-02
5.808738238550240247e-03
4.874878020115941055e-03
1.213267839426016015e-02
7.034260241986859015e-03
1.470253627963955499e-02
1.124345365435706033e-02
5.862564263167908268e-03
1.542162571951412320e-02
9.851151650038910551e-03
9.377448118381740208e-03
9.732795709152905483e-03
1.076303390135606268e-02
2.471009787954523210e-02
1.030106767958246725e-02
1.621754358185938799e-02
1.028324091128325971e-02
1.444722689076799113e-02
1.543987016725562045e-02
1.592419620195964156e-02
1.830002902433024853e-02
6.782851023478498990e-03
1.625739172231118954e-02
7.234496543247482571e-03
1.564367078723990709e-02
4.472628864839352236e-03
6.318386535570842504e-03
4.785634962282225673e-03
9.695457313952616715e-03
1.468248185033372080e-02
2.329027452180472066e-02
6.341542111374148978e-03
1.083742343822969613e-02
1.301319849968655441e-02
7.811090087898339349e-03
1.638015884970584271e-02
5.955577819239751651e-03
1.429703601854086063e-02
1.639763621715509614e-02
7.847268181867211520e-03
1.471141961667412137e-02
1.098425383807836303e-02
1.490298021861127462e-02
8.168163541780839795e-03
1.948974904914808209e-02
1.683502440570999042e-02
9.416469375022247859e-03
6.485991612724857809e-03
9.186579069175609957e-03
6.468424465299372345e-03
1.353421160708538282e-02
1.228717802864215392e-02
7.094640363923800964e-03
1.006378660204609692e-02
7.935922648867020646e-03
8.312091041826211515e-03
1.739533473163222890e-02
6.477788245709326098e-03
7.643952636699829876e-03
1.130218237534049222e-02
5.426596839041703847e-03
8.604416359325286687e-03
7.679535086346105967e-03
1.447177520104880356e-02
1.102502264936928468e-02
1.011345893191324501e-02
5.851072501635044831e-03
9.048584203156035538e-03
1.094486708446857672e-02
5.808551252767570235e-03
1.359911187856388363e-02
7.912033205878556130e-03
9.600882701435929992e-03
2.435464747786618075e-02
8.086652030215208536e-03
7.527061167511856637e-03
6.619203115108598587e-03
9.279597909123304955e-03
7.725592125298910880e-03
1.353363218141801459e-02
7.359767570523294972e-03
8.529915609300546542e-03
2.233673044086750478e-02
1.999075469149065587e-02
6.151708912657134418e-03
9.400347870260275171e-03
7.425201686982288961e-03
1.041328516833775128e-02
5.009746084366328844e-03
1.287584969580462396e-02
1.409039387064315099e-02
7.452471109120666071e-03
9.894718845282183053e-03
7.675591179574033432e-03
5.009968531724990487e-03
5.629456972707271196e-03
1.371130812371091669e-02
1.531716395535921184e-02
1.669351578286592044e-02
1.822921041607776516e-02
9.193547701279196002e-03
1.614165575789567458e-02
1.618763820066952686e-02
7.105770385267749963e-03
6.034748161123429204e-03
5.484698721367788944e-03
1.584123733411915355e-02
1.192556478261499672e-02
1.078303302512971344e-02
1.274875855399648129e-02
6.374862292142134505e-03
1.132942739745658803e-02
3.457235713470272614e-02
1.489048142986096508e-02
8.511350173412224676e-03
8.446257868858511597e-03
7.936189915587558638e-03
5.703680219802884262e-03
7.415453200265427307e-03
1.333583143139670767e-02
1.343645090318689589e-02
6.017977295023528919e-03
6.375939123133953293e-03
5.014240651609378104e-03
1.067592331988447517e-02
1.204293411311012363e-02
8.546717638496717853e-03
5.382202397679222011e-03
8.896882731149195062e-03
8.180665794080926173e-03
3.093054078269757631e-02
9.642915734132480668e-03
5.670143657512255464e-03
8.312287968081559161e-03
7.525957317088615567e-03
5.969470830415037239e-03
1.100382876352978823e-02
1.227753008922724889e-02
1.695248344560505716e-02
1.414395191143108868e-02
1.693530745703511475e-02
1.681989081627016658e-02
1.537540153256647738e-02
9.543339450929154769e-03
1.183643396262287067e-02
1.744579835811469609e-02
9.303138556822561009e-03
8.231246539596788481e-03
2.092141044163454283e-02
1.265206380266635164e-02
1.294889483805624665e-02
1.086152965918618478e-02
1.065550453366668343e-02
1.124219874463460063e-02
1.882992965280550629e-02
1.412694151897563900e-02
1.107396223009325838e-02
9.826006960740842761e-03
1.479992637953296900e-02
1.268989834671047090e-02
1.366047774125144290e-02
7.452885940438657743e-03
4.944787995393497629e-03
7.365238155602732602e-03
2.127632519581085929e-02
1.982510775881950182e-02
1.034462836015158024e-02
1.499674060438343712e-02
1.151783401493233078e-02
1.100622640745990179e-02
2.053151167911710165e-02
2.187480494469877870e-02
1.218097573380923573e-02
1.803534811355188977e-02
8.194390699133607958e-03
1.842161698525636437e-02
6.202983562144102556e-03
1.556566543519193740e-02
5.545267461211148691e-03
1.004622290808326185e-02
5.712269398220120795e-03
6.657498992376544196e-03
9.654035194453319813e-03
1.297157724868027752e-02
1.364176165041998054e-02
7.584941554230380766e-03
2.087838694396650790e-02
9.058518254969954650e-03
8.946252570947086508e-03
9.548842769811565281e-03
8.077425193873628145e-03
1.102131586069124598e-02
8.688103832132872129e-03
2.161515365227707416e-02
7.182394741782292640e-03
1.927563328788993793e-02
1.380898332507397158e-02
5.704461850340539382e-03
8.495786019095719760e-03
1.381080615566310753e-02
5.713773224379273957e-03
1.068522193841691184e-02
1.404017990101074503e-02
1.050472828013450030e-02
1.109020789892437887e-02
1.779800915301562106e-02
1.310736322824422422e-02
1.953335751555336161e-02
1.488383715601047062e-02
8.953048081693266644e-03
6.936711020580351578e-03
1.346543005265923680e-02
1.816088354885547068e-02
5.374435668606512492e-03
1.002242974498820938e-02
1.230749744494909551e-02
8.388785936520702299e-03
1.778878154969342623e-02
1.385021509549711274e-02
9.241857605026397929e-03
1.108389265438080792e-02
1.066353955867687178e-02
8.877815592063811878e-03
7.220096787186812762e-03
1.195827245612214769e-02
1.539972306174596482e-02
6.306548604859661851e-03
9.538709927134684380e-03
8.180760261156000065e-03
7.317835434275837478e-03
9.664915852605569097e-03
1.419758563092508863e-02
2.137136007741181551e-02
7.968472067358603819e-03
1.207774338157645462e-02
1.033585015619169385e-02
1.064633768962995608e-02
1.435707224782806386e-02
7.387411555169478942e-03
6.047344137168845363e-03
1.376346185001638134e-02
1.144772839318903765e-02
6.008717718441655350e-03
1.633518817698971157e-02
4.918962290059303646e-03
1.301217232579997447e-02
7.424412274448322600e-03
1.757234185937090951e-02
7.276545108367727700e-03
8.703034465308722226e-03
8.853233445631511142e-03
1.293589011257853180e-02
9.024287374189105676e-03
6.917495776601898308e-03
1.432387098480122391e-02
2.202295529002263122e-02
6.027183705496068009e-03
1.063323015000456825e-02
7.486963884297754071e-03
2.147428591991706187e-02
1.833379289170701185e-02
1.615461463665655850e-02
1.098412370197533912e-02
9.829743295066192127e-03
8.757424826718001112e-03
8.824453531639936399e-03
1.345219214832815008e-02
5.157925458784940430e-03
1.015176054535997172e-02
1.469785089780393031e-02
8.416540803691995032e-03
1.775233840657495371e-02
1.044357868995816722e-02
1.669450911028360143e-02
1.402310669595165961e-02
7.833936709249332553e-03
6.313911968678928913e-03
1.209291724179595469e-02
5.116843162207631267e-03
5.249890295485656021e-03
1.106465180381306646e-02
1.683035985566134346e-02
7.468038500353296749e-03
7.756659132962233187e-03
1.412253522160616427e-02
6.243234056692166002e-03
1.164463670333820006e-02
1.337223715397403180e-02
7.398958150401101913e-03
1.806302138203741761e-02
9.193500063706278383e-03
4.334853630463706038e-03
5.647435680437696767e-03
1.561004881902438614e-02
6.874358129260130928e-03
2.314874968295966076e-02
1.190849334675404478e-02
1.718116623421812178e-02
1.146426427100014078e-02
2.070798613778729660e-02
8.009932299219594404e-03
3.969267649815071825e-03
8.475941566814738232e-03
1.210996115697976667e-02
1.055478179086266621e-02
1.651907868110680591e-02
4.584917952840848743e-03
8.188341213647743616e-03
1.831321941778359802e-02
5.090737800446932387e-03
7.873925300270187555e-03
1.382427112974032521e-02
9.627765417300556891e-03
5.665229468828588723e-03
1.101808658750051857e-02
5.962490733029446148e-03
1.709259164304528095e-02
6.316225288828272028e-03
2.026049328675795166e-02
8.454276449297521215e-03
1.097449026676077487e-02
2.093397225271816445e-02
1.014734161390982298e-02
1.040188881026025795e-02
1.405297214021702240e-02
7.822019897843104919e-03
1.343335352030307003e-02
9.209610249606235005e-03
6.667898205881698202e-03
5.494859357265686160e-03
5.346378740052433985e-03
8.398790583680126529e-03
1.854819858552634801e-02
8.469019070428280768e-03
4.780473771966330630e-03
1.204666000781923901e-02
6.229557789898421127e-03
5.813903561142716968e-03
2.062735774195955871e-02
2.641162389604777977e-02
1.283334914051991772e-02
1.195464229603207876e-02
1.841750573417905157e-02
1.695886876015853875e-02
1.254192095103918124e-02
8.413519106375588405e-03
9.451981313335976881e-03
1.630205194567348886e-02
1.328065461189182998e-02
1.757136095073966175e-02
9.775873776641966911e-03
1.060969790799388794e-02
1.415431813733762298e-02
2.733463873582683140e-02
8.640142919501707375e-03
1.506760814645203249e-02
7.287500859246139225e-03
1.949697935807881422e-02
5.879509555857215936e-03
1.244318136532497968e-02
9.933532157189773476e-03
2.341081066439175407e-02
1.420044589063022313e-02
1.186130013321035591e-02
7.044833270378758790e-03
1.037853482007878962e-02
6.452020047602050924e-03
9.215022866877496666e-03
7.027892185050003092e-03
1.340491200282099490e-02
6.225643519721951562e-03
8.611722959421830650e-03
1.367819638467802044e-02
1.159644416894512094e-02
8.892300055178034568e-03
1.208280263511427380e-02
7.891296898289273595e-03
1.240611310398718851e-02
1.380468046217444948e-02
6.988028933724708958e-03
1.231458178515561913e-02
1.483028679137881473e-02
6.986449689572135115e-03
6.380847691764995368e-03
2.873312045122451350e-02
1.033827171926605774e-02
1.836474844563079634e-02
1.019027186222331433e-02
1.062388479211158823e-02
1.168126949044769394e-02
1.175833779490101719e-02
8.882496873701387421e-03
6.257416452183860688e-03
5.216964234347405346e-03
9.046810814510797966e-03
1.025730493944858150e-02
1.260574515726159764e-02
1.396149668095647382e-02
6.376625753791835723e-03
1.620561268419707865e-02
5.305468751997282836e-03
5.707271269089092026e-03
2.084856197869687164e-02
1.743622183548491911e-02
8.821624052445301706e-03
1.164358311763962102e-02
1.297950547246750144e-02
4.254351474219786669e-03
5.150242308352004708e-03
1.062189025660486598e-02
5.419596171071153386e-03
7.091495608948899729e-03
1.093036278896181331e-02
1.095974243414178650e-02
1.012352037586122799e-02
1.210466149541222086e-02
1.223128822143856702e-02
6.991807284773221554e-03
1.336483150814912584e-02
1.423223900719661379e-02
8.201463665816437557e-03
7.900586862920305764e-03
2.136942038285229162e-02
4.650085159228031784e-03
7.784861483771000380e-03
8.606582665422515474e-03
8.090424591733993975e-03
9.186390843475347734e-03
7.226690453150452949e-03
6.992312453503637081e-03
1.412583921298653233e-02
1.200677083947660796e-02
8.557010779426376182e-03
6.055627428671458631e-03
1.002135941152277644e-02
1.224183385691182159e-02
2.702408359360438522e-02
1.587713041806573799e-02
1.111863420983998617e-02
6.684272817162816363e-03
6.507673699936804973e-03
8.161103611349675158e-03
9.159247942030756054e-03
1.647962164963854420e-02
7.226633231260629238e-03
5.311295981426361786e-03
1.539701606540501075e-02
1.318340175514301146e-02
1.027174612629203239e-02
2.271751597685628399e-02
6.282266864900914669e-03
1.156263655274346498e-02
4.466476453656942347e-03
1.385854074710102940e-02
2.044396952496664935e-02
1.089740237331408325e-02
1.436999756000551486e-02
2.660037334277250490e-02
1.830024590883035790e-02
4.775005680603476056e-03
8.862921395782614314e-03
1.412112139390415619e-02
4.973456043948076312e-03
9.564848503341888061e-03
3.883436322357874254e-02
1.124928627733049954e-02
1.522819534740420602e-02
8.378360416255862739e-03
1.251497710745937478e-02
5.780130682274454458e-03
7.871404576852902499e-03
8.353428827399303133e-03
1.136343604304763250e-02
5.774520307796613718e-03
1.478658620575352793e-02
4.208816103984603686e-03
1.072217614178537157e-02
1.191428801737554229e-02
1.424389465194897744e-02
9.515665462581453585e-03
1.672930797293590774e-02
6.228512425299486018e-03
5.238839195304396262e-03
1.150251665585016840e-02
1.274107059402521287e-02
5.978985714402512870e-03
1.657024878554353570e-02
1.623166019340266386e-02
1.249153951136521695e-02
8.152807736918654333e-03
2.283407868048547076e-02
1.001861112541917696e-02
1.931638808091080961e-02
1.152208240167050882e-02
1.045722757660194971e-02
1.880053998052698058e-02
9.241263791224325203e-03
7.332345053311097385e-03
9.210071943531348768e-03
2.508290316131870507e-03
1.216615460095992612e-02
1.107693785397504370e-02
1.314801584638820332e-02
7.615089370328483390e-03
1.738254677166405082e-02
1.601518549009907713e-02
8.028599598636989784e-03
5.135609438611778155e-03
6.185613730636845692e-03
1.661482904573843844e-02
7.157850100001310507e-03
1.130248329533788468e-02
9.863299960505337444e-03
6.362210641665489060e-03
1.588950247962128692e-02
7.778482352398198921e-03
1.232617494296786749e-02
1.372511210943373576e-02
1.693798312529192635e-02
1.107015127052317881e-02
1.927776410181273464e-02
1.038140747812551015e-02
1.354525268231204956e-02
1.003921719169727569e-02
1.200973786218816758e-02
1.083022557775345507e-02
1.438831739779847761e-02
1.220066512633047155e-02
1.701559911991605556e-02
2.186450111519739822e-02
1.483626577702299408e-02
1.253837171319899073e-02
4.950856691956443539e-03
7.013612621946842783e-03
5.201039435236487658e-03
1.409764920922576374e-02
1.072315032853798922e-02
5.663044428762587824e-03
9.660665749340355962e-03
1.047739650481117543e-02
1.792737210061582168e-02
5.013088599952265564e-03
1.093994103090514119e-02
7.552352354026218087e-03
7.608274978925615856e-03
5.991331236620542518e-03
9.326491818416377325e-03
7.429699354603235342e-03
7.363856972526412054e-03
1.331120464825662035e-02
1.252433310331201380e-02
2.189691130614208892e-02
1.156338281921799258e-02
1.125857477888883573e-02
1.322713136420625331e-02
6.023344365174421004e-03
5.784237411904101338e-03
2.562369722244262418e-02
1.121543028235629999e-02
1.714533037163811988e-02
1.208307771004710901e-02
6.873447954088464894e-03
1.439116057703026044e-02
8.959713346024517425e-03
6.782750172881391211e-03
1.423555276256182646e-02
1.073253039033904115e-02
1.631103082091918746e-02
1.315892808212565032e-02
2.359082071567520159e-02
1.560289531951370226e-02
7.141185100971093012e-03
9.198048611263245217e-03
8.944295049618716797e-03
1.344045065917592006e-02
5.265950723798030336e-03
8.858773527511272852e-03
5.941251079054774703e-03
1.171631016717047599e-02
7.416694069495779508e-03
7.525805493196322318e-03
1.453904334954256999e-02
7.629950566892123448e-03
8.842193804482041675e-03
1.485940561179207968e-02
2.086695203393947040e-02
1.540941407075266043e-02
1.195939354096390086e-02
1.196652559007768506e-02
2.184182862263431973e-02
9.056331063636150966e-03
1.088279756620231034e-02
1.135430487260394306e-02
9.112598180282309446e-03
6.512017628496222232e-03
2.013615300326256768e-02
1.571216631088711430e-02
2.480383427172281816e-02
1.171367591802986372e-02
8.022595116818246469e-03
7.048168689507800302e-03
7.045561733453494652e-03
7.953787016481559530e-03
1.283333703043171639e-02
6.392814318912973422e-03
1.103574442604132039e-02
6.043235486609834124e-03
9.294529894353868033e-03
1.955709680332236994e-02
6.289549825488233506e-03
5.741261754537468204e-03
1.599366011430385787e-02
7.957427865701150946e-03
7.907409570989674605e-03
6.366951931163331371e-03
6.286488883821129796e-03
1.334962620204241390e-02
1.573356784214208562e-02
6.553809326511140891e-03
9.125414620476286764e-03
2.323616344013448506e-02
6.119898421167845742e-03
5.618264045801577358e-03
1.036710525559931574e-02
9.883100987771944665e-03
2.553479070472196300e-02
9.817097651044078346e-03
1.465966791684388502e-02
1.104440650909269649e-02
1.266433712748961035e-02
9.854533429622454321e-03
1.178683184908128727e-02
5.701141756945049890e-03
8.513170133124407790e-03
1.141002942280917865e-02
1.600718099291584609e-02
2.034100429482346012e-02
7.812127025723890339e-03
4.695003986123863667e-03
5.174936196082174575e-03
1.493717467771984130e-02
1.511631710183497512e-02
4.633139795037597049e-03
6.012236311800127180e-03
1.009790973880677137e-02
7.155426110028800628e-03
9.301346408712168543e-03
1.666888863947784891e-02
1.192504604771837604e-02
1.623954122559967753e-02
1.010431283564574602e-02
1.075721341819204507e-02
6.341107064618892175e-03
7.555311136952098418e-03
1.452206082199704491e-02
8.920119366435412187e-03
1.053003313905139481e-02
1.127452768522030878e-02
8.622125505196250733e-03
5.445411285518608584e-03
5.610569020899080356e-03
1.488064896149973032e-02
8.535379048680140704e-03
2.034528677254462958e-02
1.289189703576965745e-02
1.175842988395395250e-02
5.841463262244404007e-03
1.171302150725567377e-02
1.208914831034359726e-02
7.778214615434983666e-03
8.477436342529849622e-03
9.434845330901492702e-03
9.711592671055077619e-03
1.546827413361696706e-02
1.163024772380564023e-02
7.000122254271262147e-03
1.788080214480413863e-02
5.776015126863150856e-03
1.730123838710475800e-02
2.347951536151427973e-02
5.484724308569890842e-03
7.061131669344598849e-03
7.353581841014210189e-03
9.207398874720511620e-03
1.123042248398205441e-02
9.783706379041743825e-03
5.483377378068600948e-03
4.996478240745997300e-03
1.481239287720759537e-02
8.297912092684095811e-03
1.145504453497289514e-02
1.223399658155108032e-02
1.068395810501133851e-02
1.355309324350741952e-02
1.486913979499183275e-02
1.166207346378396285e-02
6.667349239538922917e-03
6.157343130404099862e-03
1.522803114744830481e-02
1.122981958539972895e-02
1.063337981805807450e-02
1.378024516462195322e-02
8.118926695140785479e-03
7.471672072954089333e-03
8.535561305459756984e-03
1.104225593556496660e-02
8.510099746840757776e-03
9.047067368295800757e-03
1.268083401122361599e-02
6.892266824254591855e-03
1.044905804926182617e-02
6.980381879066329190e-03
1.535955868240405225e-02
9.239020314572556070e-03
1.090685625561218196e-02
1.476533185710315367e-02
1.726845234774664062e-02
2.447187117510555426e-02
1.196094934954428438e-02
1.076718285086785548e-02
5.320493643194445545e-03
5.135848500682902405e-03
1.289669689374262421e-02
6.012677182932751538e-03
6.467724618241016757e-03
8.793251736028925500e-03
8.918960421000349248e-03
1.035793903710578549e-02
6.267513281012972171e-03
8.488025280902663713e-03
5.906477975453165545e-03
5.873908879085112597e-03
1.370651912742649331e-02
1.105453911603139494e-02
4.568769963094673758e-03
8.592299089365528289e-03
2.141832410969847153e-02
7.518711761907426877e-03
5.106454049136173283e-03
1.097720878559730467e-02
1.647020528017628313e-02
6.125750930848138272e-03
7.365885010884317720e-03
6.287821019779525102e-03
1.402742389029782745e-02
7.805858722067426404e-03
1.389039044204026449e-02
8.173241488570747587e-03
6.456661538900701665e-03
9.445527302279745074e-03
8.436818685944437110e-03
1.880021002082343101e-02
1.694814316765676232e-02
8.956744313784736899e-03
1.522491824275063951e-02
5.749133302463039011e-03
9.739710015727145662e-03
9.339238913186515695e-03
1.411300872743548665e-02
1.773542442075980163e-02
1.071927760974762320e-02
1.116767772727028998e-02
6.667845734339467208e-03
1.976955967099038036e-02
1.429092002504291428e-02
6.653163006583048475e-03
3.950802288474140195e-03
8.412166739709882324e-03
1.215531269325968548e-02
6.273298040692477234e-03
7.825227782575595176e-03
6.234674931005778492e-03
1.378906832371879290e-02
1.184252440314309020e-02
1.138858318004087704e-02
6.889001124021737824e-03
7.276118693601294277e-03
6.205353389024606189e-03
8.150105805830473032e-03
1.148208546593977933e-02
7.831775431750247554e-03
1.097707662433412487e-02
7.623929190245639330e-03
5.949061555578415150e-03
1.921234617933949285e-02
1.403564763056571428e-02
8.272907821619369245e-03
9.540389157948100593e-03
1.632981205008153525e-02
6.571671021681154551e-03
1.966950340981174494e-02
1.121901090691396555e-02
1.839160470028292430e-02
9.351209224140717355e-03
1.247365107078459226e-02
1.635859298652088747e-02
1.215602337792894179e-02
6.092383229509772125e-03
1.424597595741323650e-02
8.895682508837227803e-03
1.450711680210099545e-02
3.485752673485983510e-03
2.326281087888811688e-02
9.294302557619536428e-03
1.302302231304626814e-02
8.590905750799213841e-03
8.165380755211089706e-03
1.596349757232006644e-02
1.258780007994742337e-02
1.337612062898540892e-02
2.223080581787561030e-02
9.251739535189786728e-03
8.040761533495196373e-03
6.834641926488266121e-03
2.284464285765584399e-02
2.960650075818757263e-02
1.430879387809075656e-02
1.005229942359157740e-02
1.179328989197961017e-02
1.397904747172199619e-02
7.842006029232375525e-03
1.541788606484727903e-02
8.620037973684145996e-03
1.631044996190791213e-02
4.264471223977981708e-03
7.395579170813286474e-03
8.809772806399203057e-03
1.187377632922350171e-02
1.184554128701430231e-02
8.062521021388310838e-03
1.951426940290334686e-02
7.004242132524942342e-03
8.065892151150800063e-03
3.131487162657567436e-02
6.834694037262690862e-03
1.290418004247582615e-02
6.260085812442525884e-03
1.370228898315469304e-02
4.561391879475133054e-03
9.792013694613351665e-03
1.629347976115338298e-02
8.605823892089742647e-03
1.041205625863274482e-02
5.795218449519173171e-03
2.670388223361339075e-02
1.683638074180642680e-02
6.734308820554064413e-03
6.192308254918006509e-03
9.560860820630250403e-03
6.102623648350528375e-03
5.620461727966162384e-03
5.853333763018398091e-03
1.505150383333112019e-02
1.430270202025325788e-02
1.532689231271171411e-02
1.420717796373725979e-02
6.042921360328645103e-03
8.865510829654360894e-03
1.750751057929897034e-02
7.155134051111601556e-03
8.608072825014061874e-03
1.012082287138095157e-02
6.770387262564794666e-03
1.019012900119006630e-02
1.851112844263205076e-02
6.799351808980334463e-03
1.160927731776143987e-02
7.667445930281477882e-03
6.990973148633807671e-03
1.105883783998636884e-02
8.272505891890215637e-03
1.431178162735451641e-02
7.728435637181074042e-03
2.162244551123747999e-02
1.324891005705292751e-02
1.519071678295247189e-02
8.200778902982567772e-03
1.212551991035278921e-02
1.152638542918032680e-02
7.086373486107065169e-03
5.794222307480940796e-03
8.460553032850160957e-03
1.892855683308706377e-02
9.757178728570108789e-03
1.553825343265497622e-02
1.192979100314598903e-02
1.284357540451904790e-02
6.935960739949613429e-03
7.109375534218725055e-03
3.596257701604894681e-03
2.001635855426711283e-02
8.829960858937210832e-03
2.426988405538849786e-02
9.445828231664624847e-03
9.599460966648560439e-03
6.360437259385091566e-03
2.089620210673546336e-02
5.585811926577153967e-03
9.132165889034402767e-03
1.629150591711705370e-02
9.662580768102713852e-03
9.436697283192732252e-03
1.153168314141550868e-02
1.610594813140046183e-02
7.197756129038009043e-03
1.111699568435646664e-02
9.986333506232130883e-03
6.747361404136073028e-03
1.206210094737173756e-02
1.611207176525157603e-02
3.102045598727678349e-02
9.323464091008676347e-03
2.343538619535581735e-02
1.467740913765567916e-02
6.315431415545849289e-03
2.156107168986047887e-02
3.870379840045671659e-03
6.171522228915140781e-03
1.343286173121151054e-02
1.307970322018464984e-02
9.336982588030571031e-03
6.452982098749369261e-03
2.127362296246944340e-02
1.125721172792346764e-02
1.555650689982082148e-02
9.097938786127223940e-03
1.537367282254639353e-02
9.155719692632208195e-03
7.383244394275029904e-03
1.164291064476763969e-02
6.994574263851499607e-03
8.150901509275295873e-03
1.224675877093711618e-02
1.463834326684104910e-02
1.552678112588824592e-02
4.579035164654654023e-03
9.256215556307316114e-03
9.623295380461759779e-03
1.741590095856502401e-02
1.210541853411894499e-02
1.388151638400870677e-02
6.644703514360114464e-03
1.393170644402979934e-02
1.037805656678442330e-02
8.223902585620716799e-03
1.188985884980259256e-02
6.575238847858668433e-03
5.090064151004933431e-03
1.143571982192691412e-02
9.251193791637772265e-03
9.850781970306195928e-03
9.482623777949622176e-03
6.639978946956098978e-03
8.609187466092424121e-03
8.241581425392637342e-03
1.559346901896865693e-02
1.783830517494231632e-02
1.073643603292101512e-02
7.670746880744993418e-03
8.090810232507903918e-03
7.924786462356924951e-03
8.427454771557681482e-03
6.027094293254100892e-03
8.584859180241819973e-03
6.126100892056861313e-03
1.089362453882510018e-02
6.805113887611916913e-03
1.207074825568097906e-02
1.118066179894718071e-02
2.278284970264641066e-02
1.629172698186625093e-02
1.410791033383068140e-02
5.897736404025152521e-03
4.968206346234741583e-03
1.280791060540844087e-02
8.132846577275561553e-03
1.078980765223677869e-02
6.311797480294514297e-03
2.030739354804636868e-02
8.092449021318764285e-03
1.674079230469093307e-02
2.082002220102647030e-02
1.049978834433797949e-02
9.414691365962913824e-03
1.806092832730762238e-02
6.038417585405645750e-03
1.052454450317162095e-02
5.459454644439705462e-03
8.771367454634691405e-03
6.532287104718957800e-03
7.555240487417913715e-03
1.326641498317355020e-02
1.795880586766171114e-02
1.125483327011336278e-02
8.235934584652410129e-03
2.156339926565074491e-02
1.176025129869536813e-02
5.404515143262329444e-03
8.062339765835696906e-03
5.975625976267632741e-03
1.177905697834220541e-02
1.543875546376509075e-02
7.778718064937969502e-03
6.438272526044642834e-03
4.426515670837038487e-03
1.561620825266883499e-02
5.790790670179983210e-03
6.591957117640446714e-03
8.950561029631001753e-03
1.368381686742045113e-02
5.905203056844939707e-03
1.416527004127964180e-02
1.131588722293226310e-02
2.111063798420423354e-02
1.065619338130804720e-02
3.681440467045779021e-03
6.650953994758400899e-03
5.389266483848264601e-03
1.194247106983015172e-02
5.587484520587028547e-03
8.298318646171349774e-03
8.478929191153559627e-03
1.728313917393163243e-02
1.239088194056111453e-02
9.704177375543066725e-03
9.690674425726889321e-03
6.899602537908842807e-03
1.954747179761988016e-02
7.779337746017374496e-03
1.098143149063039205e-02
6.894390997503906972e-03
1.394796759299471965e-02
8.581972501379151949e-03
1.095382328321234562e-02
8.575942386736449749e-03
1.939590358665755493e-02
4.756958349639204241e-03
7.832157601180720838e-03
9.582401359846710528e-03
5.435597621437987352e-03
1.261186412321573143e-02
7.319174489932819480e-03
4.288272585058711638e-03
6.404515948661792732e-03
6.717355682949531503e-03
7.994402068778041701e-03
9.930805841028476910e-03
1.029897418554769593e-02
1.880094734515179097e-02
8.655256711801164946e-03
1.700161004071330112e-02
8.821674268527247148e-03
1.269633620784497638e-02
9.102816206187070575e-03
1.727805222197942650e-02
2.500956021028894957e-02
1.212869505903441461e-02
5.406981457360611996e-03
6.974689468933908260e-03
1.011451387607174672e-02
1.607532134385963180e-02
1.022714920348812007e-02
8.963624641721930700e-03
1.038767051172371884e-02
5.933105554449645200e-03
7.976501567504318269e-03
6.969225954212041746e-03
1.698291198255530085e-02
1.265356073052760488e-02
7.581485444523200154e-03
8.475580373182158705e-03
1.636106368677005957e-02
1.086781876046643593e-02
6.388527016407261581e-03
8.357101714327439673e-03
8.499628067706616746e-03
1.706465389817687223e-02
1.233145989643024375e-02
8.100624104502147232e-03
1.484979660141369333e-02
1.283891392149470040e-02
2.002702021533614082e-02
7.335267293706583709e-03
1.404648622709706550e-02
3.417457741707087548e-02
7.978347935405416536e-03
1.653368855361003406e-02
1.442216670673392501e-02
7.945893881578265996e-03
6.663149218537320340e-03
2.110672910455991744e-02
8.355504070822824744e-03
1.383170414140574497e-02
1.131815243873941779e-02
4.927113512000078945e-03
8.774387040858259296e-03
1.066733061462890250e-02
1.104477561969155475e-02
7.908393243460855315e-03
8.679063367934792758e-03
1.834305442306112879e-02
1.654616199205410920e-02
4.193119672710263722e-03
1.931344548843524217e-02
4.553755500009914157e-03
9.801282442628397179e-03
1.445924065476705996e-02
1.827469123219942204e-02
1.860547761412202628e-02
1.937253558524696870e-02
1.693353754528757749e-02
1.574127578544412542e-02
4.947467721114702337e-03
6.197356196194704799e-03
4.922599678059540532e-03
4.233010944445543197e-03
1.562807186098369439e-02
6.407654554781969103e-03
1.037431188198186839e-02
9.011115932890842797e-03
1.616200318452921600e-02
2.752732314628942439e-02
1.069164179088151131e-02
1.129664639052396953e-02
7.208649661295153319e-03
1.262955894639065588e-02
7.017411486505265202e-03
1.758343838906486004e-02
7.927810151081619849e-03
6.271544143443791124e-03
9.393980012441020128e-03
1.687558534681390596e-02
8.109723649944989426e-03
1.891894312897761735e-02
1.144541713994551811e-02
4.528277240649837554e-03
1.200639171325441901e-02
1.627413855728526010e-02
1.105106065671145575e-02
9.621328925381473010e-03
9.612011458734857558e-03
8.618110015092265985e-03
1.477773915599245660e-02
8.637860212489679307e-03
7.769166642532299161e-03
1.171056572219942270e-02
6.125649208497421956e-03
1.090226304837381074e-02
1.412953533271907834e-02
1.442222569800870151e-02
6.680200750773679190e-03
1.111427750119156274e-02
1.664674643743955726e-02
6.006448186580373716e-03
1.175684147161355428e-02
8.495099736358067283e-03
1.285498877000507308e-02
8.313462972647027785e-03
7.952808196488306974e-03
9.614667941101164364e-03
1.384465520775454012e-02
1.285084532863389056e-02
1.167339168070995019e-02
1.147586698420994221e-02
6.926388103533667219e-03
6.994896055779234109e-03
6.429434507946110884e-03
1.600198487041332163e-02
8.208085028034436265e-03
1.163093835897674629e-02
7.992028146658249760e-03
6.057920468226403454e-03
1.002196651636055869e-02
6.197051059137080077e-03
1.085502215112247801e-02
4.712280733930239614e-03
7.360037219142153038e-03
1.125716622791337121e-02
9.710635319521548556e-03
1.092560208732680678e-02
1.089351450755518536e-02
1.316758969114726653e-02
8.548383503827767377e-03
4.743440312929503300e-03
1.297105681984114973e-02
1.098731462704083048e-02
9.203513330938743395e-03
5.951555570248476777e-03
7.585427442697805119e-03
1.425379174390659781e-02
1.131960510416049268e-02
1.786802710464693161e-02
1.411823044326347525e-02
1.569702562017395372e-02
6.881084342902001917e-03
8.993577585865534033e-03
1.257967333888464906e-02
9.035657234167205482e-03
1.111156946723325205e-02
9.919724997265341043e-03
6.945315154069504199e-03
7.455724766281731156e-03
5.961976630703749551e-03
4.585844067932822940e-03
3.657225655691185000e-03
5.337358887777232316e-03
1.076360969647719226e-02
8.444061350258878426e-03
8.489037626990519891e-03
1.871318853702602300e-02
1.197647511061544247e-02
1.006731859323032816e-02
2.115741419421882097e-02
1.432832447827721463e-02
5.396570296272309476e-03
1.085167353282920008e-02
6.224467877727916411e-03
1.124133426786290239e-02
7.722234969505401003e-03
7.795641570848450830e-03
8.592037474125827426e-03
6.844078097835908613e-03
8.973610310844397017e-03
4.833088686022742227e-03
7.187703701932498385e-03
6.749605104847985863e-03
9.325974690018504903e-03
1.600924780139905898e-02
9.640754142053608103e-03
5.904169329173945824e-03
1.459594054302509013e-02
1.234894429218086689e-02
9.548789770380863504e-03
1.043580348109319871e-02
6.633809881022282098e-03
6.601638233752205043e-03
1.279589726246322702e-02
1.579097638097078440e-02
7.805781604163536391e-03
1.043593376427786462e-02
1.399481171265116314e-02
7.060023329464431771e-03
1.412477718297026723e-02
5.086829829651267135e-03
1.123381385357115521e-02
7.401329016750741313e-03
1.341825675278613024e-02
1.374791303143082545e-02
2.106576037871588786e-02
1.423232590728363590e-02
1.046311543207828661e-02
5.144524568778993667e-03
1.289354314481503533e-02
4.522454629041323775e-03
6.098653867644277492e-03
8.810182448447664155e-03
1.439697719920618978e-02
9.438933621649308464e-03
7.427988494246776270e-03
5.803089273333573647e-03
1.440315545786802383e-02
2.311752676033888149e-02
1.129739532243325892e-02
1.717987920650259487e-02
1.032957292357482466e-02
1.290506155449895262e-02
8.560628830579867718e-03
1.177678977208740894e-02
1.198784484341410168e-02
9.017945391307204822e-03
1.802619451826053057e-02
8.761289292546308588e-03
9.390272499678282980e-03
1.017882908344853489e-02
1.762311942622148478e-02
1.749201960985647536e-02
1.161965755198548014e-02
1.081877239561129106e-02
1.086634939372350776e-02
8.580229133062377070e-03
7.593997086369177335e-03
9.556162967999635299e-03
1.434736140299899473e-02
1.402635038108314587e-02
8.129776592561430495e-03
7.154607066212725734e-03
1.453020946450909144e-02
8.817583449310124194e-03
5.592233461274426047e-03
7.667770837614154220e-03
1.302057461554210344e-02
7.133275337348058028e-03
1.584555269948450737e-02
8.725655768391637340e-03
7.337829470303316830e-03
1.336690482332519858e-02
8.137888365585984468e-03
5.598526936962801986e-03
1.123647125666630588e-02
4.106911687624547995e-03
9.331623565036232040e-03
8.104322719245625473e-03
1.984315051176269509e-02
6.341434610791298575e-03
7.082484896884477278e-03
1.139307286693068584e-02
7.444211391016001753e-03
9.605161407436781443e-03
7.411135975069096764e-03
1.003660648643992653e-02
9.509049767467319184e-03
2.018910949538636410e-02
7.825788523330844126e-03
5.138938226397019200e-03
7.666278936965109994e-03
7.176257215532803532e-03
7.944470888663573635e-03
8.160932702519435936e-03
8.827334406754028945e-03
1.919095980558716691e-02
5.847061852044231796e-03
2.269602355589975945e-02
9.189504739990620244e-03
5.238816737858272184e-03
9.822669097096999730e-03
6.966367075421232846e-03
5.818989068351680324e-03
1.160425863622958735e-02
9.560472099343788818e-03
7.939322429974327369e-03
1.888176159057336490e-02
1.421368092158005123e-02
1.070362720928223071e-02
7.338180212753369312e-03
1.299054660787495735e-02
6.696427705522199278e-03
7.870845167442810930e-03
7.942807428812434858e-03
8.627789527509253584e-03
2.038496521339852943e-02
1.128936262879857988e-02
4.681653434949384698e-03
6.856537232886266917e-03
1.365026642119703155e-02
2.243271199971646340e-02
8.987858970635686021e-03
4.676010929392618830e-03
6.485147408493078039e-03
1.011762434642395070e-02
8.853026926323332227e-03
2.278104838358230994e-02
1.486204296358697649e-02
6.166870251996465005e-03
5.751099889590019672e-03
6.024913059080350651e-03
1.947716061645098778e-02
1.825549985038463566e-02
1.353926045571319896e-02
1.026129187792170806e-02
8.443353165820512499e-03
4.117419086723836212e-03
8.933908751023201048e-03
5.185713427531985290e-03
8.699745581981195922e-03
6.120727810649600684e-03
9.735363825227941886e-03
9.425292687903499833e-03
8.134023968210920066e-03
2.110239651519279017e-02
1.146813340857527272e-02
1.076515063553587330e-02
9.472544950350174700e-03
1.514109261888100383e-02
1.526356177436542783e-02
1.448003586058074950e-02
1.195734555442546157e-02
1.504031711161425179e-02
1.125096813813188275e-02
9.189664905129017042e-03
5.325524485863163821e-03
1.986379525650838751e-02
8.074194205819363104e-03
8.608870725468557861e-03
8.047381298486871656e-03
7.465437986739159246e-03
6.913000841308938188e-03
2.851447896241364466e-02
8.933836588738268761e-03
7.619280058189335271e-03
5.682596443294730612e-03
1.835388019686519379e-02
3.489978888746415354e-03
5.607032237419184648e-03
9.740133949836049868e-03
1.178624232752883971e-02
6.355346405110402254e-03
1.692504990709045934e-02
6.327107104436736386e-03
5.445887367863284922e-03
1.077765167473987082e-02
3.005892072930135481e-02
1.378462744272229527e-02
4.826077131073274427e-03
8.164764830680600396e-03
7.262878391881446953e-03
1.014925779739839738e-02
5.941011936723870727e-03
8.400837651595844530e-03
1.197592739770878684e-02
9.899411559102009803e-03
1.162080904340766739e-02
7.785394960480425397e-03
1.088335374741005064e-02
7.229554272569448797e-03
1.193705297810266144e-02
7.402091024420379313e-03
4.446231205236259552e-03
1.685087001988053168e-02
6.906787194581714626e-03
1.801440031271374365e-02
1.362880186616483892e-02
8.071284457172185275e-03
8.835093252681646900e-03
8.656451905149928003e-03
7.285576459320252177e-03
1.252755080263972046e-02
7.431056402713422625e-03
3.000193504838640640e-02
1.020917562118266349e-02
1.434591531485744816e-02
6.251323172292241707e-03
1.647372473139656346e-02
1.277337520467988069e-02
8.403626988386833294e-03
1.386942812534351990e-02
1.757398731720115695e-02
2.487757502102838983e-02
9.055530238583535743e-03
1.450887307517700550e-02
1.020375100120272938e-02
6.703648137556556842e-03
5.254549260993087237e-03
1.127890884340949050e-02
7.227556058159175824e-03
1.255648210850786664e-02
2.373174254507179337e-02
8.203139127763041383e-03
8.701138643347096704e-03
5.575567879855815832e-03
8.804926412618851658e-03
1.834862031464800508e-02
6.670580601740478364e-03
1.222028464487891555e-02
1.417535220086266028e-02
6.670367992905216342e-03
1.555999002931128528e-02
1.054085897409521091e-02
7.613404318890290741e-03
4.249423667507227879e-03
1.505472214564471632e-02
1.061758146498584937e-02
1.996120299366065803e-02
1.196678038737165016e-02
1.017283677613718684e-02
6.987346346416111256e-03
4.574554085985066063e-03
7.171804992315036938e-03
8.226425042167537574e-03
3.670780732089510331e-03
8.831451467013426773e-03
1.111067329263600370e-02
1.691892385765215306e-02
7.436602529187622164e-03
1.096565795393942937e-02
1.837517901224421796e-02
7.367579896004282022e-03
8.256853486469265674e-03
6.666447218614927200e-03
1.056515869830740133e-02
1.653069748067765091e-02
2.547874658042065255e-02
2.069598349941949994e-02
5.974819872528852258e-03
1.410754972154121441e-02
4.629642804009619084e-03
1.585105147185009514e-02
1.520637687814563148e-02
1.172530639255580862e-02
1.051928718346568405e-02
1.213438592883283457e-02
1.682691638629769254e-02
9.873421278974994428e-03
7.334588335941414836e-03
9.249789874428171813e-03
1.540663190615832422e-02
8.206636705741973334e-03
1.091220938408993604e-02
1.262022973026593470e-02
1.682998738473877667e-02
1.325811608147109757e-02
7.493721243278398357e-03
1.189460146545969627e-02
1.289449935592227800e-02
1.156467248625910570e-02
1.183970202983116241e-02
1.326709324206087892e-02
6.109869858099217961e-03
8.273601988665836918e-03
5.855448551614487671e-03
1.447550405065358911e-02
1.515311299293835637e-02
5.815223800035229478e-03
1.371954227476247616e-02
7.597532581285385868e-03
2.093447110175476744e-02
7.265102512489853351e-03
1.024903422272336120e-02
6.861925552169211018e-03
7.619390804921402291e-03
8.549686985646169635e-03
9.826996423391539878e-03
1.062554714396308532e-02
9.871263625349027682e-03
2.624088795037800639e-02
5.327943722906135042e-03
8.541833924938515080e-03
1.500880606977071478e-02
7.205204149478513544e-03
1.046200379438422950e-02
7.266653511956828147e-03
7.191717312499970594e-03
1.412165551960469639e-02
7.801910717973376506e-03
1.839046187821691963e-02
6.239662103387807850e-03
2.515349610102380479e-02
1.150898372173854434e-02
7.008291631639111501e-03
1.714498742829687408e-02
6.646945879513465986e-03
9.776422090931774153e-03
1.374146772984653937e-02
7.415770265352762680e-03
9.024198856029607210e-03
1.520627481480291317e-02
5.944188301787603143e-03
2.449783146146438523e-02
1.240775203872104653e-02
9.887543298909074949e-03
9.197581843337632179e-03
7.500915512199723099e-03
1.227658973618810101e-02
7.471568048732683300e-03
6.289391294020995997e-03
8.704889058643434235e-03
6.578781376108538102e-03
1.363144343880934133e-02
4.671998385293387596e-03
1.143718758508014723e-02
4.863543596603432141e-03
1.258109382985365954e-02
1.428127561455436526e-02
7.221825746534368470e-03
1.411584110223420944e-02
7.429216256707290612e-03
6.567411950578518239e-03
1.050589798768429214e-02
1.150233121774692398e-02
5.627767472844039630e-03
6.974827674200396316e-03
1.066601232828801905e-02
9.314879650891777843e-03
5.335489900676502681e-03
7.442969198925256276e-03
1.267783200815622222e-02
5.433070669224969625e-03
1.158066548146331060e-02
1.328958014287218679e-02
1.768164173081737331e-02
6.572795240788058962e-03
2.212566852387242225e-02
1.281758317390239987e-02
3.187584145272839842e-02
4.582657326068443476e-03
1.406698999843251051e-02
7.809066218116920283e-03
9.734080275686299299e-03
2.657730222230093170e-02
5.247288079203965561e-03
9.981022730835495405e-03
5.290177140720874263e-03
1.183466949994890771e-02
1.070417782065293671e-02
7.370071092919021176e-03
4.789063673588664534e-03
7.156737403630245367e-03
1.090877483286265166e-02
1.321425003826357490e-02
1.094664305346296912e-02
6.172987769728702223e-03
1.994615321844071809e-02
1.559827558766212728e-02
1.165294979279338922e-02
5.788907353822330196e-03
1.228279710446074195e-02
1.061803105328047378e-02
7.615956055250137045e-03
1.247802270504489580e-02
3.120379207927790471e-02
6.391395566250659445e-03
5.167464286875769752e-03
5.891562636477946230e-03
1.291330197420450729e-02
1.077249582899112573e-02
1.104615850423489726e-02
1.434008454273409151e-02
7.014871537926417600e-03
7.833451894915468075e-03
7.414663695041418673e-03
1.611208737551987624e-02
6.002946934448099084e-03
1.496517925468797937e-02
9.515958297449179579e-03
9.005846268943004662e-03
9.461294602935878609e-03
6.211537521464883908e-03
8.414644403832913927e-03
5.663543137363184245e-03
5.114851539900768310e-03
5.982441739901904303e-03
1.663655002866074040e-02
6.297810740806306963e-03
9.989623427451471346e-03
7.487731394701407049e-03
1.866484574904262936e-02
9.165461487131003684e-03
7.281045868317456878e-03
1.521899060424599000e-02
4.946631788349447299e-03
8.837104565686463090e-03
9.949497061868584763e-03
8.603127993275831720e-03
1.651968712299749231e-02
1.098714020798865522e-02
7.588701322288724134e-03
1.068983724576488305e-02
7.535268494512815593e-03
1.085718496421156885e-02
1.081155899929423306e-02
1.344622516575715888e-02
7.328850814848575368e-03
1.511327178962042390e-02
8.404425136955105333e-03
1.188563249075791015e-02
9.300431582233106842e-03
1.223008752751317089e-02
1.160294424990362602e-02
1.115964351906157705e-02
1.268703870552992212e-02
1.294875209087117257e-02
7.702742913420173101e-03
7.108056108481633148e-03
9.253478177808995703e-03
1.735524507009835599e-02
7.473160105886566401e-03
1.476288911800228282e-02
2.152500685901139257e-02
1.765420972572307595e-02
1.898068051109309470e-02
9.852429325554643361e-03
1.049638128836573661e-02
8.742899364336845572e-03
1.327593225705121088e-02
1.354320587711856962e-02
7.962205176687563862e-03
1.792908930084704394e-02
1.349109672575653576e-02
9.885844747465335688e-03
1.855676871593169366e-02
1.718384344514539350e-02
9.172769792905386202e-03
1.878684090946793062e-02
1.822542548825882569e-02
6.665453285726081686e-03
1.070706671004892190e-02
9.979236132247826241e-03
5.040020870632677154e-03
8.119013753999818755e-03
1.577813105947478006e-02
1.513848150758926106e-02
6.178859131986173814e-03
9.551962305429970157e-03
1.291239476752139778e-02
1.214303667032595041e-02
8.859854498852111002e-03
2.441919472985251000e-02
7.000697938108869402e-03
4.397234631233809012e-03
1.147337716173114572e-02
1.189976077937077159e-02
6.636868393797798818e-03
8.604858546849792830e-03
7.776550240313468039e-03
5.605972681051609070e-03
1.060132805996320121e-02
6.467696449860252557e-03
9.371353938796149127e-03
5.650643299270549647e-03
1.463259668247111726e-02
8.645724085820155266e-03
8.117917546698032866e-03
1.059288707959581480e-02
9.314244549092055847e-03
7.150506022568571193e-03
1.197355783600888637e-02
6.730057559107558221e-03
1.180035128980438074e-02
1.235094153471648706e-02
2.106432979562151975e-02
1.051439107986924283e-02
4.070380817483201970e-03
8.787250428188012746e-03
5.111949226173512391e-03
4.717309533273213173e-03
5.304708595333672110e-03
8.688881841838750481e-03
7.815193226078036293e-03
9.375517487577679498e-03
4.719185427206869579e-03
5.267060290358139933e-03
1.085513837045885659e-02
1.044920773973667151e-02
1.005113024593096670e-02
1.868153473291202932e-02
1.993465069133664586e-02
6.726451085308677268e-03
9.322034561826697888e-03
1.002370373107913833e-02
2.121421157356024115e-02
1.117521373939266496e-02
6.570263671700661036e-03
1.669784981781593722e-02
1.669133949226829852e-02
1.551607055332620416e-02
1.362780820018142866e-02
1.307989599735264255e-02
8.003322648746749243e-03
9.135057978917482044e-03
6.365756584094205486e-03
1.877675306673029856e-02
1.611188645227064342e-02
2.637428955807990388e-02
1.256725292586355520e-02
5.246383137746633840e-03
5.682609375509972867e-03
1.293152245719116598e-02
1.569702412213050402e-02
1.119672336728895490e-02
1.135178017361473772e-02
5.419908513967305538e-03
9.817220823950376443e-03
1.115449787940573680e-02
2.134347481292753895e-02
8.850217641883290076e-03
2.725699012895401591e-02
1.649888585637592983e-02
1.160454230033834168e-02
1.124868887866926903e-02
8.265979222162697648e-03
8.359423846287346999e-03
1.765192569850643559e-02
6.972389804891255052e-03
1.114152364326626704e-02
7.422449369479567835e-03
1.150168472784121078e-02
1.223419951595471414e-02
7.055041382563175326e-03
1.150572883582117942e-02
8.855845753394667175e-03
6.221084418673221081e-03
9.544608637722329370e-03
8.886740796839754514e-03
1.637078419928974377e-02
7.982076406663617119e-03
1.274595505623832628e-02
9.467621826554369069e-03
1.356346247944204171e-02
1.009626360311438251e-02
2.175778969414352004e-02
1.331650491614298076e-02
1.162898512903614776e-02
1.725839877817266638e-02
6.936495127029430365e-03
1.626961942049593920e-02
9.621075547407827167e-03
1.796905712390132331e-02
1.009886782038863992e-02
5.024688359823873199e-03
5.905990704992900714e-03
1.922121198800296957e-02
7.694862029276440876e-03
1.001919880381074365e-02
7.739677356846707060e-03
1.055630865115026774e-02
1.139701616227443981e-02
8.538430452055567957e-03
1.001257098409799422e-02
1.429710263845573176e-02
5.631451165570736800e-03
1.088482036589141430e-02
9.653117253129289352e-03
1.346643982088328688e-02
1.259489848452340077e-02
1.422386996785785646e-02
7.305519156123312097e-03
7.017614906339245118e-03
1.654917043433283899e-02
5.172164011216903202e-03
1.469441357011332626e-02
2.269891275863723801e-02
1.825936703243897716e-02
9.138265264237921057e-03
1.168759752034952831e-02
9.041213692161058704e-03
8.557290866472147886e-03
1.783295866943443442e-02
5.839168533797098153e-03
1.064498664647695048e-02
8.834756014097517457e-03
7.577555000992542561e-03
5.384542132806767294e-03
1.043998862372255004e-02
7.589667731710619640e-03
1.299875808591894472e-02
1.632247288937224358e-02
3.964970597619716687e-03
8.829317157611222405e-03
5.062281752294744801e-03
1.015784402339574982e-02
6.589804871547644272e-03
1.199034022486440178e-02
8.416464767970361152e-03
1.326863596777382373e-02
5.380519570463565548e-03
9.664127873227559493e-03
1.126648906560070475e-02
9.025181485323819502e-03
1.402884575536542978e-02
5.839000918934511390e-03
1.920187016855067277e-02
1.277974767501915271e-02
1.127417586564276319e-02
1.608882377962968929e-02
1.954507099799627362e-02
5.203234062074072602e-03
8.444571917742628095e-03
3.121780229211802010e-02
1.896547558420755980e-02
1.024768096833660221e-02
9.101702834914288456e-03
7.325759743427945336e-03
8.607028630645259179e-03
6.664999278777546630e-03
7.380401455784627897e-03
1.529846579101867138e-02
9.249983055675007823e-03
5.112523881578726580e-03
1.029238910775691351e-02
1.863313403730291334e-02
5.673263413845778397e-03
1.886093897987299595e-02
6.868688260907004732e-03
6.416195677486185613e-03
6.447913605217727925e-03
1.571433952821187779e-02
7.908022327655328879e-03
7.684697169911362639e-03
1.123969039763455559e-02
7.919436397384155280e-03
1.644861659868909406e-02
2.515891848966809660e-02
1.198665132626590066e-02
1.350946344504219167e-02
8.481508816920498711e-03
7.103154195707040396e-03
1.321401713068536508e-02
1.202169918310194707e-02
4.943138568602884093e-03
1.073180068028792289e-02
1.586608579871801733e-02
1.415120437099032756e-02
7.812455910550807764e-03
1.763414529940617731e-02
5.912018308462373486e-03
7.890131266114602457e-03
6.170799977483071297e-03
1.194083808133188443e-02
7.362409279412422333e-03
1.471223562436759294e-02
1.510102365550702354e-02
6.316594746244796887e-03
1.612805142255275409e-02
8.731216665789374998e-03
1.674069148437948990e-02
