8.490697206368811104e-03
8.747318997845773478e-03
6.569330784709753734e-03
1.995488963127437301e-02
4.607574030697021011e-03
1.638681137382076367e-02
1.618390663734054630e-02
6.725876307578422357e-03
1.018149647620680311e-02
1.226943454841649545e-02
1.767609603845811742e-02
7.629324902525926218e-03
2.505212376563248702e-02
6.625688740317706681e-03
1.612143506216417305e-02
7.585408825035948495e-03
9.740715163064114779e-03
2.228148120399780358e-02
1.163975152023971095e-02
1.446122852297706748e-02
1.759681308814803682e-02
1.408662119742914824e-02
1.928171276616788901e-02
8.179991083820888770e-03
1.111017995339353207e-02
4.992709541066165518e-03
2.802601653481975874e-02
1.602700010960643115e-02
6.155433959120876555e-03
4.733872756322307813e-03
7.301034678505014842e-03
6.837114754815705638e-03
9.356090916964522608e-03
1.035792802214672258e-02
1.860547343167931120e-02
1.142866998729117831e-02
5.673770581662964177e-03
7.119523111537840593e-03
1.903271911176220021e-02
1.667255657150204171e-02
9.287039639881760830e-03
9.431076375670635267e-03
2.873801162633407569e-02
9.550991282095622897e-03
4.877022429607144084e-03
1.479851403200614993e-02
1.201113528423438000e-02
9.083174934168783410e-03
1.302880412161482905e-02
1.628878818317276017e-02
2.149947488537396964e-02
1.023995396620925105e-02
8.846805216565313545e-03
1.180911950936317477e-02
6.278280342907340342e-03
7.677427337009629961e-03
9.166780960729937686e-03
1.182067949586112707e-02
8.065160543540316959e-03
1.074080407487775640e-02
8.439919265552903171e-03
1.923068952633265327e-02
4.031813341013599714e-03
6.828935830758321897e-03
1.013801810227988459e-02
1.102090740367214078e-02
1.216167724075565074e-02
6.685306723204387236e-03
1.416297741732401062e-02
2.025001056400398125e-02
1.474028210342297369e-02
1.248460055832208843e-02
6.337357991820725435e-03
7.932785104954931388e-03
6.308133133503901133e-03
6.956822446213293404e-03
1.576248945680594829e-02
7.039539259669502086e-03
1.637853585070094334e-02
1.078199333614277521e-02
1.152893529719261831e-02
6.982619538996648334e-03
1.007213670168921604e-02
2.548821025215021810e-02
1.155353792810897076e-02
9.898624340551593834e-03
1.389113221332138708e-02
1.672653442356117001e-02
8.196729085853993874e-03
8.508519356163337516e-03
8.506718270701008403e-03
6.280671357389143276e-03
7.678115321427199207e-03
6.832633973015999652e-03
4.482874205767702763e-03
1.535450238776045820e-02
8.783604885900566858e-03
1.131740065144963558e-02
6.025184163573244628e-03
1.232797005994788232e-02
9.989894974861985438e-03
1.329631666353870388e-02
1.135883728539232793e-02
1.074422784949937218e-02
1.009916617495576485e-02
1.059898825571919251e-02
8.210154604638260356e-03
7.738289036362630546e-03
7.201883032997318489e-03
8.572540784139734069e-03
1.146144430742209071e-02
7.307964886112532435e-03
1.008370553178803905e-02
9.468078914937033685e-03
9.530085520441902019e-03
1.367673542226190316e-02
1.033207554450409765e-02
1.289721084307764686e-02
8.438904150097350024e-03
1.452685800699234954e-02
1.878636769854810304e-02
1.455602556078657885e-02
7.117644907384124663e-03
5.103174515441078959e-03
1.163068186553291999e-02
2.115358292723846720e-02
7.298952969966944482e-03
1.672419135944587174e-02
9.019156201518359686e-03
5.425820458375944441e-03
9.762149109572555369e-03
4.971001328241213789e-03
1.320890621129471899e-02
6.817642741748118282e-03
1.429112562999906334e-02
1.780853154360108673e-02
1.051263241823197775e-02
1.959028081073373520e-02
1.672818501405696004e-02
1.901043404799664452e-02
9.180581419407663271e-03
1.572658286163057875e-02
5.783695806620470226e-03
2.019941560506616912e-02
7.431762023842277722e-03
1.570556175916574398e-02
8.719809875494968429e-03
5.965513330804894307e-03
9.177305379426065404e-03
1.120160023655958174e-02
1.152028496556971142e-02
6.902262945286182817e-03
1.110354295887272524e-02
6.433843918417526779e-03
4.724843280807270937e-03
1.407302098273600748e-02
9.808736974111685603e-03
1.077525730067110075e-02
8.436467489966912106e-03
8.243666626125146710e-03
8.248621631444236560e-03
7.248070957590992298e-03
1.732787301627403825e-02
2.063156434231815800e-02
1.013968372607336119e-02
1.523594014662380848e-02
4.893945784100262389e-03
9.457962405503736805e-03
1.372363931162200873e-02
1.042786130935564881e-02
1.276210570108801505e-02
1.133786602871063656e-02
1.501077296830811807e-02
9.343106266930006204e-03
1.210507836753628962e-02
1.146372437883897040e-02
9.591928927396929649e-03
1.207086038814756020e-02
9.482347527896046666e-03
3.091318594429123823e-02
4.836266029524966328e-03
1.943234581616664833e-02
2.658308383993870233e-02
1.370256904003210909e-02
7.351911220365323248e-03
5.833423307842959364e-03
1.063944301626863938e-02
3.877341493923881256e-03
1.975199320038603656e-02
7.936696621958306067e-03
7.757391239949207838e-03
6.979544189974168193e-03
1.492037114000396673e-02
1.444927033163138745e-02
1.023348970281700784e-02
1.380355270191916187e-02
1.523043819280027814e-02
1.587410791028079707e-02
1.439031821424585113e-02
8.503660449097874899e-03
2.149886425037846743e-02
1.175040544770896908e-02
5.756120593256392783e-03
1.015608892354628520e-02
5.575740926940991882e-03
1.143402631561322470e-02
1.722836054090536723e-02
1.151637909835692870e-02
1.448674819100745359e-02
1.353675718814960523e-02
1.052600654759537277e-02
1.464883401986942849e-02
8.003893329967573869e-03
1.763816274669121123e-02
9.895587684866100422e-03
1.129796795409567130e-02
1.012479915568363815e-02
6.968812742643650145e-03
6.931565575227928433e-03
1.527100193382557002e-02
9.894541463201695503e-03
8.398373067597985145e-03
1.198708378699426050e-02
9.621047335946103160e-03
5.410282406296567335e-03
1.426950401291021860e-02
1.567481804327919281e-02
1.273171012190879754e-02
1.235761327858775349e-02
1.161239172734620552e-02
8.312459245911962141e-03
1.110429693353676660e-02
8.819918754479664016e-03
2.017819005936821730e-02
2.750367225777411093e-02
7.830108581582855345e-03
1.492247951137463252e-02
9.772870691896034731e-03
1.090261521915404826e-02
1.124881840205570020e-02
7.910478483869890637e-03
6.038763700022323905e-03
9.811795347727489056e-03
1.325626818777405139e-02
8.376108334145888207e-03
8.737356207356043736e-03
1.023613491910806139e-02
4.737425208867486644e-03
1.299307650697127496e-02
2.505567046942788062e-02
2.131754972369221193e-02
8.401980875859678052e-03
1.299666036845671842e-02
1.228542410893079979e-02
8.177304482757068518e-03
2.169176561420555968e-02
2.611340676177426046e-02
2.261454886303786160e-02
6.821172966392454254e-03
1.118639431240957965e-02
1.361085160670722112e-02
8.696935436443165718e-03
9.052256692472081256e-03
7.533544006851866821e-03
1.034263964854349911e-02
1.809791420024868189e-02
9.623399886470899653e-03
8.511538742628070933e-03
1.516934925516057013e-02
1.458769785036802789e-02
2.005030567118467472e-02
8.242190066117444786e-03
3.439842240469827023e-03
1.665601888608485293e-02
6.088324667319890311e-03
6.834146443133517872e-03
6.846910152805554123e-03
1.013824224945837800e-02
7.357543378359229606e-03
4.560415956538453434e-03
5.552331892002081333e-03
1.002526985910581932e-02
1.041189230719189070e-02
1.040999782081611889e-02
1.382246637372814939e-02
1.095927663069209100e-02
1.857748477607411644e-02
4.556434306752463539e-03
6.662333356493836505e-03
1.624165827151355032e-02
1.650626056758867574e-02
9.505081689365440026e-03
7.271685992955401016e-03
5.373505157959534116e-03
1.838687195328045365e-02
9.865505666229354778e-03
1.037688070725749367e-02
1.019031255038208017e-02
1.558509766002352977e-02
7.427760939211393819e-03
2.055294189347792524e-02
8.239632324188209470e-03
1.291721419209282233e-02
7.019266378099808107e-03
7.182702228138973868e-03
1.238009594993354570e-02
7.600979714400504794e-03
1.379255026645279276e-02
1.108707685002188401e-02
8.943032118000501796e-03
1.182413094910526700e-02
1.646069299766068569e-02
7.921194974760011748e-03
7.423961334764021813e-03
1.158803696337686213e-02
9.626207974836943279e-03
1.175160912972822436e-02
1.151787407049680891e-02
8.946535162435816785e-03
8.248494941821980092e-03
9.344112340156883467e-03
1.309815323391186337e-02
2.325806081772112746e-02
2.276603254614710872e-02
4.212061130270609854e-03
1.040682805718174363e-02
1.400968796531000538e-02
5.339009199563688086e-03
4.124576580812994511e-03
8.919424081452109396e-03
7.764967171768856306e-03
1.028244323135191554e-02
1.271290741221377772e-02
1.002232870558186426e-02
7.117213119066238478e-03
9.295767717602428787e-03
9.174200583761027775e-03
7.000529433413885637e-03
1.660739492221955521e-02
9.564801394709009780e-03
7.995994843973687136e-03
7.393233649323171543e-03
1.041785819273694999e-02
5.433007937931655200e-03
1.326364277030344339e-02
1.033276723525258962e-02
1.096862561088567979e-02
1.087126553327150483e-02
9.417343138648486683e-03
7.011878222205076422e-03
7.832781781688854736e-03
5.819967499357378039e-03
1.112034050232718271e-02
9.578571132885987938e-03
8.443947333540447256e-03
8.259833250912427399e-03
8.294906162688658879e-03
1.041589987723714333e-02
1.172141109601984241e-02
8.135036008906641053e-03
1.051024231984796706e-02
8.020051235866899192e-03
1.580165377160765161e-02
1.473869703456837099e-02
2.319860117326994972e-02
9.419048491210862961e-03
1.423495339776356325e-02
7.229444230067943664e-03
1.251355775340582711e-02
7.056804678240950236e-03
1.380125667224081296e-02
8.975284815302790598e-03
1.113099680946787878e-02
1.196624322344093209e-02
8.379558267140303426e-03
1.137665409194324809e-02
9.370138249403858755e-03
1.137397982626788331e-02
1.666811657477966502e-02
1.291429633493485982e-02
1.708587530718040648e-02
5.485857232627091434e-03
6.853000834138024862e-03
6.583428938709691251e-03
4.300524129672950342e-03
1.338024710548833124e-02
5.042151057876893307e-03
9.449787008968126012e-03
1.075020216682889308e-02
1.188781756446485871e-02
1.102319874816500532e-02
1.013951081000390685e-02
6.110243612886171946e-03
1.086099223106868142e-02
3.041518076907203869e-02
5.108162199969144834e-03
1.774905550950358138e-02
8.130961142751051349e-03
5.595835454183517577e-03
7.201457070119051708e-03
4.640122746415834519e-03
1.006627171841619622e-02
1.204045801054946623e-02
8.271718013122859522e-03
1.677818652649914338e-02
3.315544250024545642e-02
1.119077726836944023e-02
9.520575035813022557e-03
1.607637564734879995e-02
1.873933743336788499e-02
1.113793404686706789e-02
1.559067335627751030e-02
1.017762110923021122e-02
1.120139450718688444e-02
8.190512392634838323e-03
1.138777935402726996e-02
5.274282793385137898e-03
1.702224873646424400e-02
1.050573625906167478e-02
6.149987989110357843e-03
1.059689747861119156e-02
6.461258157650683412e-03
1.209263500943247131e-02
1.224941312349317815e-02
1.304401897463621993e-02
8.162847719333451296e-03
1.203782809359370265e-02
5.639036228776996527e-03
9.493117414648531358e-03
1.329469156734312298e-02
7.878617210985091462e-03
5.244016026189868632e-03
7.811403732858630301e-03
6.398428382789431504e-03
4.551067995181045864e-03
1.174919639175973744e-02
2.354790882888867579e-02
9.475117607784367887e-03
9.523012052025506269e-03
7.252632470277968653e-03
1.147094259468701277e-02
8.267306557106682274e-03
9.706886601997710001e-03
5.236901143143301435e-03
8.197394220906872864e-03
1.363231246753117236e-02
7.748077742759847467e-03
1.046357388739534849e-02
1.109059816073669144e-02
7.019908381130745070e-03
7.973181639580780022e-03
1.045118496775743720e-02
6.944650227963890948e-03
1.593599400581375072e-02
2.283808899958725616e-02
4.753406535717118186e-03
6.005208870236228291e-03
8.388187289577627576e-03
4.140282990495113349e-03
5.452470271610575236e-03
1.146761669779633105e-02
1.094873923897229755e-02
1.126434384688424287e-02
1.257855509820027078e-02
1.134620883283495030e-02
6.805710961629815245e-03
6.514525665247904683e-03
7.970647583292812463e-03
9.162354157325035969e-03
1.849268564260917597e-02
1.114130738870142308e-02
1.652465318304061764e-02
1.368378548243838477e-02
9.541368059742762545e-03
6.571763917564373003e-03
1.046222405418288301e-02
7.344895523158615977e-03
9.538391617205661810e-03
8.032223240828041330e-03
8.530879248321606226e-03
6.323869735494107649e-03
1.166514528364330852e-02
9.588252864398922465e-03
2.035099286003296676e-02
1.212954253281906848e-02
5.880462538200530512e-03
1.542512262167838703e-02
6.964420418927489732e-03
1.023233078136157742e-02
2.059618876901993939e-02
9.058355210136689872e-03
2.129870321362802021e-02
4.992177016489622587e-03
9.066470836526865223e-03
6.276058554829763887e-03
5.599477534433263543e-03
1.653101994420684909e-02
1.206269026929593022e-02
2.105353483275327828e-02
9.836027095915548732e-03
9.500300491374690653e-03
1.142092108582233069e-02
1.386140705961943533e-02
1.116859649757542643e-02
1.070511399320890622e-02
1.041922279791150999e-02
7.679447509022058714e-03
1.223704912152120267e-02
1.097156230846170130e-02
5.431832925313338258e-03
2.028959694894241425e-02
1.318607315542537524e-02
9.730282262816950314e-03
1.079219901645324386e-02
5.043396732687227199e-03
7.371983745316902301e-03
1.618497436314281571e-02
7.659914537921712688e-03
1.458889620263950464e-02
1.626496940305420871e-02
6.189612850238938001e-03
1.333464133751868612e-02
5.891294585776090872e-03
9.515001894387508860e-03
8.995252349037358500e-03
9.105670776750439746e-03
1.060373793790296559e-02
1.104856032136660934e-02
7.094041975068366909e-03
8.536020471450822891e-03
4.888626618726684553e-03
9.724923059299133213e-03
4.460693334054743886e-03
8.759914381726434038e-03
1.172441916994690705e-02
1.260259585791580553e-02
1.048000163769969954e-02
7.857281685931102530e-03
1.254679405211209936e-02
5.723175953943081262e-03
8.371197090536764210e-03
5.237410865356210803e-03
8.976783726450629150e-03
8.544200935302701666e-03
7.011672732045230033e-03
1.170691154845973289e-02
1.492903661542149991e-02
1.256974147115071279e-02
1.876798825534757229e-02
1.963135842533922024e-02
4.982661254580174857e-03
1.107274695110745805e-02
9.975897402968416511e-03
1.021760805934264146e-02
6.312951495917423252e-03
1.407556092814788405e-02
8.026829842795832337e-03
6.458676183981994570e-03
1.293013168306977531e-02
1.350130661165355184e-02
9.826486363424742285e-03
8.555849101649099647e-03
9.738587346322066449e-03
1.474472057819931417e-02
6.416181607717373787e-03
1.895903374769098565e-02
8.145328031465184915e-03
6.009643596959969580e-03
9.642595376944979035e-03
8.136584145111688815e-03
5.229571527535490684e-03
5.716268444690558725e-03
1.812866616087301097e-02
1.567830524474270182e-02
1.115822528201722286e-02
1.274039916159113751e-02
1.006959552372011998e-02
5.958731762626521926e-03
6.840046480469974370e-03
7.381594421042530704e-03
1.580897586034824345e-02
1.283270376887053928e-02
9.162580256045811319e-03
7.996159268067449394e-03
1.334737940256191906e-02
8.332884580398072089e-03
1.063996565680278353e-02
1.395794932516268572e-02
2.127718236262972351e-02
5.408885997998485497e-03
2.354689284608946220e-02
1.598348670566775501e-02
9.019744016269939935e-03
1.797581276684914395e-02
9.804608161912869643e-03
1.402537071121629647e-02
9.654601358489936155e-03
8.367627696436320817e-03
1.200972933307012380e-02
8.642921442178859090e-03
7.813252630704385984e-03
8.604987835154211118e-03
9.214001767309900823e-03
8.172268760140072308e-03
1.027113391673085095e-02
1.085501048026172102e-02
1.345226260026552954e-02
5.644193665470408419e-03
1.070012945348556947e-02
1.430950290394992011e-02
5.804208416190390248e-03
5.056605440815226810e-03
1.159615368652319213e-02
8.676904029146373723e-03
1.188788927533752926e-02
4.900885659586024477e-03
1.013714750252181149e-02
1.074201819615249603e-02
7.257429832488062997e-03
1.396307445895583754e-02
1.635253362687830517e-02
7.387585149673323547e-03
9.809663973636719575e-03
1.356231666319542700e-02
6.668810718224216054e-03
5.687792055159971751e-03
1.103751445433127400e-02
1.008052534712900773e-02
1.398645960295435628e-02
9.461135578299986748e-03
1.249642880230568236e-02
2.080982890104149385e-02
7.723473467022108283e-03
4.679941772242381982e-03
7.308059529184377304e-03
2.546762019659187110e-02
4.520407507232149236e-03
1.098097272783256709e-02
1.791409238600158785e-02
9.670382109702287121e-03
1.252791024083956678e-02
1.377110003842226156e-02
1.111555430072576171e-02
1.142663855687984543e-02
1.271617199118577936e-02
1.222250240963263825e-02
1.519832078153190644e-02
8.453416927224195049e-03
2.151572983703514338e-02
3.530144391498441989e-03
1.088061488133841570e-02
6.613059063096083171e-03
1.618361069451843687e-02
6.303860444593308021e-03
1.451694136578651588e-02
1.165632224312680883e-02
6.765720845412302904e-03
1.064398419274248213e-02
1.429192729432871185e-02
2.999545905440090254e-02
1.060883746109257675e-02
9.261732375767011208e-03
8.320270064705651697e-03
1.534786966031564427e-02
3.044819846402893257e-02
4.927117395513188128e-03
1.009769447331340664e-02
1.008222492114980127e-02
1.587602395963007285e-02
5.584392379918833027e-03
7.092397356300554449e-03
9.373286504523126172e-03
1.795752914730078600e-02
1.267928887249358122e-02
6.253765381533086046e-03
8.706548667412803560e-03
5.835570418033538334e-03
1.773637907004425862e-02
1.590869503795517073e-02
1.724797143375015815e-02
7.277911740534352344e-03
7.119661649391083660e-03
1.881589149218435356e-02
1.988909876521502765e-02
1.056999091766851716e-02
1.507883704632081295e-02
1.374609304491661646e-02
9.271605657442076945e-03
7.074525378916496181e-03
1.242837610582275820e-02
8.291040335333720382e-03
4.944800079635081579e-03
2.219261640141265840e-02
1.399882005459565301e-02
2.182150844369663140e-02
1.395472519049793976e-02
1.029932519064515571e-02
5.473204128040479004e-03
2.714521721612692465e-02
1.311344124874945158e-02
1.061775452584600918e-02
1.555530344370750946e-02
1.404654439071430574e-02
8.982498205099311017e-03
5.603282625683870394e-03
1.451709289586489843e-02
1.228314214174674145e-02
1.091493959839998085e-02
1.396362933961010563e-02
4.918209231518470836e-03
6.526805765569327657e-03
6.946053430357003282e-03
6.929106499067586716e-03
1.905189524821208902e-02
2.213254183864075963e-02
8.814023870775927749e-03
7.862845065860804908e-03
7.121403277440241028e-03
9.509333237655931415e-03
9.694415242877849406e-03
8.094703063815220437e-03
1.436184568785213271e-02
1.217515445765840823e-02
1.759361029337510110e-02
1.891048043074835400e-02
1.188234609606440492e-02
2.563282795967846903e-02
8.140977493666323728e-03
2.011181102332824239e-02
7.577295205638680080e-03
1.328627563509210928e-02
7.265684037469146393e-03
1.472874727663443795e-02
1.879255760957011454e-02
1.790399577622912158e-02
8.348064626799905907e-03
1.768377353622320111e-02
1.021144498944836360e-02
6.399423610333120419e-03
6.479903591229355803e-03
1.093993420682320104e-02
8.429150687889219382e-03
1.458001242841810985e-02
1.116271837492923726e-02
8.903638745562452231e-03
1.789102878618402392e-02
9.659730908186260623e-03
7.122292768605938997e-03
1.385709652767586932e-02
1.070266423618554050e-02
1.363041639081572116e-02
6.031096646125547710e-03
2.242096570325759555e-02
6.284213307999925342e-03
8.476422851666743155e-03
6.686274070093020661e-03
7.910007072724599061e-03
1.085804427425061947e-02
2.434577140865573988e-02
1.110044864349489339e-02
6.282941823887124543e-03
8.837035321023442233e-03
1.446892518489091214e-02
4.758638090932814160e-03
7.211462529145778490e-03
1.344140372744934663e-02
6.317856141092592637e-03
1.049459636861132389e-02
8.216522959257501965e-03
3.995017907266358408e-03
1.009705111670129718e-02
7.713793622678068868e-03
1.754014299073581792e-02
1.126142555191820237e-02
1.089418492933577100e-02
7.635971202674805836e-03
9.352427485263966125e-03
9.376247919337563422e-03
1.105533204850629725e-02
9.208807041151779310e-03
8.271438398799806427e-03
8.300099876037034599e-03
1.946147220080426260e-02
8.511078411012607675e-03
4.909077347159319059e-03
1.120985808382780544e-02
1.260818516251765650e-02
1.376705812760588114e-02
1.748167454265090251e-02
8.673357516909481826e-03
5.864889449717260693e-03
7.225632294369414323e-03
1.487719414693310788e-02
6.584329851040030858e-03
4.612540244289534824e-03
7.166808160025113159e-03
8.957180016177922199e-03
2.010184135281286449e-02
7.779767713264741473e-03
9.692524746414771242e-03
4.388266596426898362e-03
1.246313945756813250e-02
5.649362824148611122e-03
1.620827237947237986e-02
9.162649797914262581e-03
1.336872269596475933e-02
8.356118247103833108e-03
4.694604604673584432e-03
1.016747861138681680e-02
2.373929710124964704e-02
1.824706541816556102e-02
6.790284230582387115e-03
1.242348763130464440e-02
5.091798986147049247e-03
1.018473174116060580e-02
8.578432255943709353e-03
9.133214506838982852e-03
1.250764089687362267e-02
6.247293108729245342e-03
1.751013889297743306e-02
1.202998019833428044e-02
7.653869797860341807e-03
7.431012233883881740e-03
1.659780003363856005e-02
7.454292447017476370e-03
7.858968615712256384e-03
8.316207544039328284e-03
1.511828158033282250e-02
1.715546771198200177e-02
5.624243268366231271e-03
4.657915231190434303e-03
2.254579171084018785e-02
1.515990314381937196e-02
1.055008963447197877e-02
9.135080240600725390e-03
7.699718584234453711e-03
1.496184715689220963e-02
8.444089541536508453e-03
1.174676513342692852e-02
1.602563901915208394e-02
3.828956865691606187e-03
6.544769731505237220e-03
9.040106171370297303e-03
7.858196811259770750e-03
5.478315476070689909e-03
1.419532997824029565e-02
1.365826737025012047e-02
1.519225443796613957e-02
1.190851598985987435e-02
5.806777548846460413e-03
1.699205011682382652e-02
2.486211771438924870e-02
7.141262509072624984e-03
5.895410046515233739e-03
1.190398527914657799e-02
1.690802262746146298e-02
6.444128585954771171e-03
3.961689758042384948e-03
5.937804663011815240e-03
7.695320154676281617e-03
1.545593798566281644e-02
9.788276892121651127e-03
7.308588076642587653e-03
1.754463648057716374e-02
7.029917236105813830e-03
1.139702007273079090e-02
7.639084037253972455e-03
7.251993500990460903e-03
9.058797007796106152e-03
2.250096968073997741e-02
6.369853556512342259e-03
6.740561926904086419e-03
1.434462327064708193e-02
1.703765698064613199e-02
9.002348477972387658e-03
8.992414559246259334e-03
6.732564684843556774e-03
1.730145708533646284e-02
7.562023536675179305e-03
1.185521718868116046e-02
1.543952795904858510e-02
1.073283384823810020e-02
8.556285881709362051e-03
1.649681604754997186e-02
1.576544226746363214e-02
1.079823669158626320e-02
6.990690211331203330e-03
3.432676880484853560e-02
5.629419167776415246e-03
1.042188978925457331e-02
1.178724177541469118e-02
6.732989457578045754e-03
9.416834486183228020e-03
1.399187791138457003e-02
5.385670360603116331e-03
1.260906641555180688e-02
5.956815595244323303e-03
1.169308363529815604e-02
7.940834506394147882e-03
1.256772323508432640e-02
9.526874263398524625e-03
8.457455511763059888e-03
1.342299246116291679e-02
1.713437677445072208e-02
1.119454395856976647e-02
8.989651681843843084e-03
1.514550493634607940e-02
7.717080015155965318e-03
9.945045456814328999e-03
6.617106832844547003e-03
1.563007975459994314e-02
8.290487874547435368e-03
1.273977996633521813e-02
1.877817477217875314e-02
1.465406003838507984e-02
1.415301868714779511e-02
9.813946495176107190e-03
1.411075819384894486e-02
8.443899329797287939e-03
9.281234177048297215e-03
8.742006299893611762e-03
2.127644844631131071e-02
6.025202522746942423e-03
7.295575218566549731e-03
1.256478418126162101e-02
6.870910569394475184e-03
1.065181274399763615e-02
7.174087985020140106e-03
1.450659708651817412e-02
6.297778183903146587e-03
7.646420552518609116e-03
2.082194919020401852e-02
1.217103331618424843e-02
1.231938291709129725e-02
1.526286254949363839e-02
9.561738599079487588e-03
1.309054121084407898e-02
2.096299177374132128e-02
8.691652274999009040e-03
1.755742375474321840e-02
1.354685759718954850e-02
7.548145943871369980e-03
7.401411594304544914e-03
2.327721515457319493e-02
2.349060072917901615e-02
1.049536063259392214e-02
8.537305310456511434e-03
1.019657876962567176e-02
8.563840650372470803e-03
6.538775875865925936e-03
1.596098844574945011e-02
1.159400703069129492e-02
1.501503424324295184e-02
7.964367386569685958e-03
1.018929916973194266e-02
6.356350536880341594e-03
1.577722645510857419e-02
1.237118161610861224e-02
8.420277964265922635e-03
1.465927964166682113e-02
1.269531250446803532e-02
1.070366944930943413e-02
2.263082008157181815e-02
4.488679463270391426e-03
6.022253562447462717e-03
1.074002941696960284e-02
9.928656929495053088e-03
1.642020574428018284e-02
9.601205400485750274e-03
1.369257282622828725e-02
6.603680571144570667e-03
4.620978736328955686e-03
1.872100968895708609e-02
7.167079801931010123e-03
8.941810469533781336e-03
8.737423812785171870e-03
5.692284449281364428e-03
9.367675461336075898e-03
8.805754283601795532e-03
9.845711295167272614e-03
5.231896158826010272e-03
1.156601594752405121e-02
5.927870569620539119e-03
9.884669839334128683e-03
5.582109990185340868e-03
7.911204177155050851e-03
1.218505700424805591e-02
9.716135367780914106e-03
1.611332293190958359e-02
6.091199250710576697e-03
9.644696264566883503e-03
5.758264911720649415e-03
1.218553846399727213e-02
2.239769949103579197e-02
6.618266031859848346e-03
1.672148529093243560e-02
6.906691994213833181e-03
1.526783937651041319e-02
7.108970405382172321e-03
5.413907082721848389e-03
6.975795401461986830e-03
5.759242141846258184e-03
1.324830281975518907e-02
9.709408079898227892e-03
6.653743422966752058e-03
1.501340132983110080e-02
8.371766682141755511e-03
6.692786152057115211e-03
1.140344763145385680e-02
1.631338292337372597e-02
7.997396273341660436e-03
1.428197244038735547e-02
9.216667563958674467e-03
1.294967261751172119e-02
1.014201224363161721e-02
7.193117326203467624e-03
4.740121540338275777e-03
7.656916849753085327e-03
1.183797333068825619e-02
8.574626087920608417e-03
1.001282857512747135e-02
6.979001494872952814e-03
7.965601770263414788e-03
2.541563549025908225e-02
5.586192937943025572e-03
8.782828658857757750e-03
4.623567406920485456e-03
1.126811678120730187e-02
1.460339583750662820e-02
1.870784775684559975e-02
1.161521944405236213e-02
1.151026222982374017e-02
9.095865930406860783e-03
2.606618258640841165e-02
5.177243461896353406e-03
1.022595495484903208e-02
6.486640231307942532e-03
5.873213812783056528e-03
9.585900892265891010e-03
7.840118079696610509e-03
1.498988640472521949e-02
1.887652380735604235e-02
6.539084676301726122e-03
6.698208412095612609e-03
1.710767725701198283e-02
6.655865603031937278e-03
1.878388084739352273e-02
9.573499500421462152e-03
1.115764391587759606e-02
9.543997721390190883e-03
4.495381676428824094e-03
4.825901447306659223e-03
1.088963497299871852e-02
8.164167744393640430e-03
8.682289749255955175e-03
7.540226289929857599e-03
8.417624914408304571e-03
6.030891147457260841e-03
9.162783758213862220e-03
2.171581223868628008e-02
7.904489146109892200e-03
2.056394164926721863e-02
1.004542800162065361e-02
5.517149473534575972e-03
9.699178356510030838e-03
1.667122787764646619e-02
1.637167209680356200e-02
1.472954411569190464e-02
1.118819837912396128e-02
5.634450527818672498e-03
1.203808268503321448e-02
1.467521662462151384e-02
1.251290663670441734e-02
6.220031299026823265e-03
1.240843029887106139e-02
7.065798942918487084e-03
1.159855207791223898e-02
8.382776823936576721e-03
7.639927864162052162e-03
1.134732968221959827e-02
3.320746046394201269e-03
4.009322902568165231e-03
9.519346744929220450e-03
7.274944584891426293e-03
1.275204742156542739e-02
9.446790322693491768e-03
1.274645215931326583e-02
9.391139457259561549e-03
9.279827085293842343e-03
1.417309208563253577e-02
7.889785940894507993e-03
1.083528176662565748e-02
7.083305823144913152e-03
8.235671264484907897e-03
9.282575437657758499e-03
1.190910027750131245e-02
1.172120126157180642e-02
5.815396132078268047e-03
4.867728677584374011e-03
1.199630036684535585e-02
7.006074755246254580e-03
1.486727433741607055e-02
1.127713617790282626e-02
5.872856421615422345e-03
1.526500546678894940e-02
9.834204127494290334e-03
9.413624110345854626e-03
9.684803092687446768e-03
1.084789631113989433e-02
2.440652464902179353e-02
1.030561563983405440e-02
1.598788920901760002e-02
1.033660817866174225e-02
1.463217121783248233e-02
1.538793964559035526e-02
1.570171191564145516e-02
1.860773066754386681e-02
6.801020634863294383e-03
1.608330208897906441e-02
7.262347530798717206e-03
1.543670387634359618e-02
4.482070322108385428e-03
6.344670297478490796e-03
4.779621483251722883e-03
9.759472324526901818e-03
1.454917898780260302e-02
2.379330795744944230e-02
6.345726386166272888e-03
1.079583275820227527e-02
1.316666414322536539e-02
7.842050505361774712e-03
1.657645411079806605e-02
5.940298776982189631e-03
1.449130508779957957e-02
1.663516492071586209e-02
7.848654335120379411e-03
1.456037855718070664e-02
1.107844578255351604e-02
1.504771130697499584e-02
8.120309231762634292e-03
1.919117619102322925e-02
1.708840572655060189e-02
9.353622039198082952e-03
6.504296292409506887e-03
9.247558645914349257e-03
6.489918458818778012e-03
1.370898222712398605e-02
1.215766032390279069e-02
7.074589451569453756e-03
1.004156345848622109e-02
7.960813938536233716e-03
8.258229769467261353e-03
1.759753380492243627e-02
6.504151799936742397e-03
7.684843226567822025e-03
1.138184778170184611e-02
5.421139967887360703e-03
8.543469626945379009e-03
7.697120915328717339e-03
1.465093712380717041e-02
1.105437931031726974e-02
1.018141631515940768e-02
5.865168700929388780e-03
9.102332703598286709e-03
1.085610891051984155e-02
5.835674115645065468e-03
1.377621776840138451e-02
7.872467935111683579e-03
9.584485103594844735e-03
2.385844793925255211e-02
8.086321816684257160e-03
7.498042322782548855e-03
6.626100756494488798e-03
9.334129412516265975e-03
7.719742454824222479e-03
1.337715922659821893e-02
7.353464475587161327e-03
8.476408652681628741e-03
2.187709508184611934e-02
1.969227110739740771e-02
6.169811948320292824e-03
9.472079950758801117e-03
7.405736901433469105e-03
1.032342162704933015e-02
5.006395674806120993e-03
1.301968898597395501e-02
1.421908430125590206e-02
7.482770380992242662e-03
9.938461621399479612e-03
7.676682099820367894e-03
5.019346756278466118e-03
5.616101244873956261e-03
1.386667058740033258e-02
1.511320337049990546e-02
1.643749752874683681e-02
1.809178331949260268e-02
9.184220554215975080e-03
1.636204117722097132e-02
1.600940673919191634e-02
7.125559834832037760e-03
6.058265569709555751e-03
5.487135728241461681e-03
1.604513391290485202e-02
1.199505588599493119e-02
1.075285454158509714e-02
1.269922326782813027e-02
6.384965116718046077e-03
1.142674243129389311e-02
3.359837669336395577e-02
1.510489004421022678e-02
8.517922678838810505e-03
8.510069653949809548e-03
7.918366794728860444e-03
5.703770639560110101e-03
7.431071131897924904e-03
1.347103315077326398e-02
1.331649087701981295e-02
5.991815375799181866e-03
6.397582608916212339e-03
5.015465690549927337e-03
1.076942726583660082e-02
1.209591683092222508e-02
8.520696250932479135e-03
5.387896545068191628e-03
8.876048825194880407e-03
8.229805684019238579e-03
3.182117100705247892e-02
9.598543623515507633e-03
5.664454014831989993e-03
8.320676953363484452e-03
7.563081934774745600e-03
5.965102761525694838e-03
1.097061758215562774e-02
1.235642130557060119e-02
1.668224570605465751e-02
1.405039893478064565e-02
1.668465014094528895e-02
1.700821272780862065e-02
1.555937164874066081e-02
9.535460888343567920e-03
1.192898047721837988e-02
1.719033923917926213e-02
9.257940881723185009e-03
8.183197638008147742e-03
2.124219129958124924e-02
1.254682713145354594e-02
1.283674297739213765e-02
1.082795313871430867e-02
1.074324021678270402e-02
1.118269612653609822e-02
1.850447775774296047e-02
1.427640005428921187e-02
1.098954903943043238e-02
9.754334241563822686e-03
1.499041731777745086e-02
1.283544711429329688e-02
1.354000945651630608e-02
7.459555485473325261e-03
4.945204137404997022e-03
7.379530133160904642e-03
2.164115987376077216e-02
1.945860808554373059e-02
1.028160046324032295e-02
1.519125445481300969e-02
1.142047940855275140e-02
1.112245566904210108e-02
2.014662654129523514e-02
2.143121537720646050e-02
1.211416629728293524e-02
1.777038322947032192e-02
8.211832084457696551e-03
1.816694822199281870e-02
6.199430917197974386e-03
1.571329356162554786e-02
5.542230036733553251e-03
9.962046641949155734e-03
5.696047411786099232e-03
6.627202026043318983e-03
9.737810810481495674e-03
1.281952722576022545e-02
1.372001167704877192e-02
7.575480238566224822e-03
2.051441123546857495e-02
9.103302304530243652e-03
9.014086369053420783e-03
9.625106579247394434e-03
8.073213049623245707e-03
1.105793010696482122e-02
8.720501603557213183e-03
2.123037497815156646e-02
7.163934656758004157e-03
1.893701762590904725e-02
1.365569925162494515e-02
5.711127079242478768e-03
8.559120177275439043e-03
1.369788710896515521e-02
5.715516304582285954e-03
1.064250393770227454e-02
1.385918387406937305e-02
1.040854743241684775e-02
1.100328518215406767e-02
1.805321631840413679e-02
1.318668836808488572e-02
1.988047617916144719e-02
1.503521023904159926e-02
8.948731544534981042e-03
6.961613826325246251e-03
1.360217049382881661e-02
1.806173432952267940e-02
5.383281935146302585e-03
1.005972891816422216e-02
1.217316375901903239e-02
8.421355445528263747e-03
1.751247862782787448e-02
1.399078196211562750e-02
9.301160500580208518e-03
1.115784893267780971e-02
1.071093215061532516e-02
8.882760516030232395e-03
7.190001656007360964e-03
1.203569570427929884e-02
1.562257832138291315e-02
6.298641254495150436e-03
9.509442799731138846e-03
8.207618893299340607e-03
7.282339695886571110e-03
9.633661334265275142e-03
1.409547876935837545e-02
2.096570230232314841e-02
7.921213221281784428e-03
1.203003426841502653e-02
1.024913455031034419e-02
1.056152986640662532e-02
1.419407933653727902e-02
7.427225570740907633e-03
6.031389880414007171e-03
1.359990631567064082e-02
1.139917112820884246e-02
5.983313025669588503e-03
1.651378451684267293e-02
4.929534573934375892e-03
1.315728452110625363e-02
7.386683296326435402e-03
1.775482735351634547e-02
7.237859379546401385e-03
8.648924979320352785e-03
8.834674423026657800e-03
1.304649368390829733e-02
8.979670735382657906e-03
6.889893392588079465e-03
1.448990852590109450e-02
2.244431592611597498e-02
6.030257275259309074e-03
1.069005235084996390e-02
7.467856563391927875e-03
2.115232940886014115e-02
1.811634218609670458e-02
1.637810851030757284e-02
1.106728446136997883e-02
9.753677583624793118e-03
8.809015569452910074e-03
8.816060657048563690e-03
1.350492747097561952e-02
5.153577998642210056e-03
1.008892199739412458e-02
1.450877950311563885e-02
8.454394371958013493e-03
1.803787913354160805e-02
1.035545776881390684e-02
1.649514237960982010e-02
1.384626896043311163e-02
7.801360486083476660e-03
6.305769986690713640e-03
1.196136739271069435e-02
5.126789657301753476e-03
5.263737533969226577e-03
1.117693918919493087e-02
1.657280605204604698e-02
7.450755595919875823e-03
7.799243640705025467e-03
1.404991744281893114e-02
6.265764664494169814e-03
1.158360113544769365e-02
1.327000274546726727e-02
7.369933328529235453e-03
1.831351015322944809e-02
9.262728776733755026e-03
4.340667266814127526e-03
5.669007775959064577e-03
1.554517095356338675e-02
6.864210700771131157e-03
2.274645193891011372e-02
1.191443311729473327e-02
1.694274510430660019e-02
1.136961728486960733e-02
2.041394133068066136e-02
8.038091594078566535e-03
3.976196668426583598e-03
8.414451788542429145e-03
1.220924799182877829e-02
1.062508359191313180e-02
1.626010859942342637e-02
4.582143722428256433e-03
8.225154851664062336e-03
1.860799805952101024e-02
5.083691240581286221e-03
7.819680003356720144e-03
1.397873523415252804e-02
9.680384340849208444e-03
5.643407062280736582e-03
1.092567736806986621e-02
5.965697107094031400e-03
1.737563913477169208e-02
6.330234207154831171e-03
1.987429306757615075e-02
8.424240656894276327e-03
1.100539881780112847e-02
2.054832008777915386e-02
1.006038416882168961e-02
1.049834319752433048e-02
1.386905974002400344e-02
7.790579883517246076e-03
1.342496748999353132e-02
9.170359032408174557e-03
6.694743112654906632e-03
5.469506403058905543e-03
5.361526026562552644e-03
8.350604535204402684e-03
1.880493525109530953e-02
8.520868732057944664e-03
4.792841364749033869e-03
1.217393823896323508e-02
6.237589750391776475e-03
5.815868125830001879e-03
2.094988112608815733e-02
2.586861228236662577e-02
1.271052080413991904e-02
1.208436671589390408e-02
1.873905287158270441e-02
1.673642422903832278e-02
1.244543683128567467e-02
8.391351191825716788e-03
9.392547279890833822e-03
1.654811898682221477e-02
1.317500822085616516e-02
1.786776563391902217e-02
9.706167545435592445e-03
1.064420304329845128e-02
1.397271998610211986e-02
2.692320392427957620e-02
8.704653421313686759e-03
1.486993845658563830e-02
7.291439333213973160e-03
1.914800710411728585e-02
5.891555933435770227e-03
1.257284064367627380e-02
9.886027473046534592e-03
2.293347252160469335e-02
1.402805155703780622e-02
1.194550221052088045e-02
7.016041583542523101e-03
1.044362730288082679e-02
6.421059124337913024e-03
9.194199644230167598e-03
7.009077526877502406e-03
1.351293110548995591e-02
6.216718184633440031e-03
8.561382670798192360e-03
1.353282013100208341e-02
1.151593315202675133e-02
8.842166728061602587e-03
1.196778077835811312e-02
7.870297275492908057e-03
1.229802293222971750e-02
1.368571046135005041e-02
7.014225738881811438e-03
1.243918610265993922e-02
1.502806822588655111e-02
7.001559164373371766e-03
6.397953123193266846e-03
2.797906965721783448e-02
1.042242171371963143e-02
1.823092044994317068e-02
1.014156714131744623e-02
1.053922620438489666e-02
1.159985115982371633e-02
1.183519414508262674e-02
8.823528953554213641e-03
6.270471534972451438e-03
5.195423553946480061e-03
9.108744613483285221e-03
1.028544121781264399e-02
1.246848608818370077e-02
1.412380021468091426e-02
6.370269557889367967e-03
1.602592812386844159e-02
5.297559979245087224e-03
5.708171444364659383e-03
2.104435851317292341e-02
1.720350928734102475e-02
8.781515425047337758e-03
1.173401014345874273e-02
1.282783663636762397e-02
4.252871211522331850e-03
5.148425725015583036e-03
1.051893707365020129e-02
5.442798331202638659e-03
7.072127701005101290e-03
1.085563480803215103e-02
1.088547922094859274e-02
1.009956188732750830e-02
1.198695420388930406e-02
1.236983913151801576e-02
6.998662149188672812e-03
1.352550931076141466e-02
1.406074811561009927e-02
8.191058274901821118e-03
7.854487046448614326e-03
2.114721597853148893e-02
4.638263133500007164e-03
7.779776501652477770e-03
8.546086785144492437e-03
8.128784474040140484e-03
9.242066850581109189e-03
7.204403976283005676e-03
7.006177630587691156e-03
1.406286364095036059e-02
1.211830881272713684e-02
8.614634078147198268e-03
6.034100186843540346e-03
9.945917584310156115e-03
1.237816745342569351e-02
2.634687332093690534e-02
1.608238752555864529e-02
1.103639852064299681e-02
6.702917131768957801e-03
6.528179055153793264e-03
8.111519370591031147e-03
9.218969575316815490e-03
1.673907622904317535e-02
7.198662615530606289e-03
5.288365803623802652e-03
1.546920022355846233e-02
1.330824729857671938e-02
1.034148295771124791e-02
2.315144397776664614e-02
6.249494373441100495e-03
1.156297280063284250e-02
4.453455494920343684e-03
1.375735377837348020e-02
2.073581619245398744e-02
1.093506463518307756e-02
1.418332235629417119e-02
2.721621075124841180e-02
1.802490463755153718e-02
4.792421766613397596e-03
8.908315450311071401e-03
1.421629035647872970e-02
4.965034590514227908e-03
9.488888226756815591e-03
4.027769016659419471e-02
1.120861012721158061e-02
1.500685759397156656e-02
8.345924185331038067e-03
1.238102764767900522e-02
5.800578791657146766e-03
7.922978744069528872e-03
8.305940326396289708e-03
1.146197512663613832e-02
5.781083938627079935e-03
1.496327041369953544e-02
4.209264957471158669e-03
1.082162817122248911e-02
1.201451660431663085e-02
1.441048459035398042e-02
9.481108305438202752e-03
1.649045976111071857e-02
6.229602101496197614e-03
5.225582329472020296e-03
1.151188757263091333e-02
1.286682202394577763e-02
5.953209358586982261e-03
1.680622929814301614e-02
1.611491498256560628e-02
1.242339224797057648e-02
8.103700319503014463e-03
2.234891578924097164e-02
1.006651094762351512e-02
1.962131772606549515e-02
1.145015501936604875e-02
1.045393756748730536e-02
1.912195152935130746e-02
9.311098944757026374e-03
7.317656351064436709e-03
9.212780066563825906e-03
2.510284139478121974e-03
1.216065617051179798e-02
1.103692219497163715e-02
1.330514570212017363e-02
7.623432922903969691e-03
1.766778090151716399e-02
1.625715861864110434e-02
7.992382233536609454e-03
5.125534922816934146e-03
6.213831203056574548e-03
1.687860149035817769e-02
7.165835677314039663e-03
1.142078229642660980e-02
9.905287169448081033e-03
6.351866474180232688e-03
1.602742948898524047e-02
7.738372668979367000e-03
1.245942315980224681e-02
1.355104206343901371e-02
1.672680137169263101e-02
1.118031189029815645e-02
1.957069117759202906e-02
1.043712921872059878e-02
1.361018164927413863e-02
1.001814508320001719e-02
1.189499454429293959e-02
1.079940729376639014e-02
1.420980894569047991e-02
1.232820816623487852e-02
1.675881471994032298e-02
2.148936994591079189e-02
1.466013198322880379e-02
1.261441697836429045e-02
4.953166622772498667e-03
7.014072116474957819e-03
5.192613050602754195e-03
1.395555714430924202e-02
1.080504004800985837e-02
5.685054575666437411e-03
9.670824319370958239e-03
1.043201269664499609e-02
1.822435841389724587e-02
5.000390714224766525e-03
1.084089561222364474e-02
7.583489465611141338e-03
7.574598366980257909e-03
5.973130855150876432e-03
9.310203051610481048e-03
7.469537752656473656e-03
7.341297377027105817e-03
1.343960633791646715e-02
1.263544206800822946e-02
2.163977015845554644e-02
1.146161907259774827e-02
1.116342676981026648e-02
1.336512479514044907e-02
6.006550824085116376e-03
5.770443703432879753e-03
2.623710283237429969e-02
1.129921349916221396e-02
1.689419050316297646e-02
1.210877832705426621e-02
6.852738815960488124e-03
1.423522834800528859e-02
8.999138699796198695e-03
6.801043113520832163e-03
1.436327610918622724e-02
1.065942799709321091e-02
1.607845814713351404e-02
1.301380582298329765e-02
2.307046431675516956e-02
1.541149276834801948e-02
7.173562591500780294e-03
9.181290952646021034e-03
9.011978361795049131e-03
1.361587307637193191e-02
5.271362677508281171e-03
8.879610036791890301e-03
5.929697687383751747e-03
1.171312210794918547e-02
7.452641320226760339e-03
7.540264341407467916e-03
1.449094018513184985e-02
7.601392024349016077e-03
8.878014607585065637e-03
1.507567577716396531e-02
2.121209992233552555e-02
1.555109507964460430e-02
1.204900313870797129e-02
1.188014577182296139e-02
2.229867952446602103e-02
9.048816058831695916e-03
1.087856378834724594e-02
1.147491541662569621e-02
9.070294655166651412e-03
6.534414875817485049e-03
1.976580652987487696e-02
1.594887671168505536e-02
2.521783097430876919e-02
1.161885640507494960e-02
8.057209851011012600e-03
7.084384168662351440e-03
7.054276393737313536e-03
7.926496690170406825e-03
1.298003052403359781e-02
6.384691723269293913e-03
1.099926215812171461e-02
6.036858088120103209e-03
9.273179418469102570e-03
1.927046745462667951e-02
6.319267766008928103e-03
5.757617247377912889e-03
1.581946259715752076e-02
7.924366828842968613e-03
7.926614670812535957e-03
6.358428331858886895e-03
6.258569976792453630e-03
1.339216267410016543e-02
1.583875341080333635e-02
6.567452098246082809e-03
9.156467650423978297e-03
2.279246113461869117e-02
6.135245622538834827e-03
5.609723062905755744e-03
1.046024982152728156e-02
9.924306851027527021e-03
2.616185048890627696e-02
9.861108540855057294e-03
1.447425628037248696e-02
1.111920193337442853e-02
1.277173147764617926e-02
9.776726621860841807e-03
1.188707400668917794e-02
5.709973349347289943e-03
8.454005033995532631e-03
1.130880857192036702e-02
1.577881636248235422e-02
2.072132825212049528e-02
7.834973099616305073e-03
4.685125523870202480e-03
5.177053703865123341e-03
1.514741367423159436e-02
1.490623813547651243e-02
4.627593957001079235e-03
5.992610537070978613e-03
1.014218309641150978e-02
7.196651252456073497e-03
9.240148082602758078e-03
1.690353176510418429e-02
1.182095215702883007e-02
1.644379663325110444e-02
1.011721866202515245e-02
1.083612577709529637e-02
6.315886160440356903e-03
7.532653862333841752e-03
1.456217445054145722e-02
8.944663878821573072e-03
1.046581016042504725e-02
1.116523707241241087e-02
8.630825045836705914e-03
5.431779095637012493e-03
5.620605062338962857e-03
1.473005121749869709e-02
8.591595242022319334e-03
2.028456040875743771e-02
1.278764984324853166e-02
1.187700159351554735e-02
5.859317108576185540e-03
1.167509652048024683e-02
1.221919261953208560e-02
7.732177128354095381e-03
8.511315553581358037e-03
9.495949605828104753e-03
9.746220127662564431e-03
1.529155670572354513e-02
1.153077555586980683e-02
6.988161264494933446e-03
1.761015944514462278e-02
5.792296284696974058e-03
1.702838044855473076e-02
2.297571286869514590e-02
5.487122987800262253e-03
7.040622952611135660e-03
7.359899526242284599e-03
9.141279823592309353e-03
1.113819354090996201e-02
9.734291227660372275e-03
5.499141105625183872e-03
5.008658412007201827e-03
1.461941961913888581e-02
8.346734554764154504e-03
1.143503955283642695e-02
1.213352573609718411e-02
1.076478065278254487e-02
1.370243358255939653e-02
1.466760056679496452e-02
1.157412752225434743e-02
6.655781523088773188e-03
6.163726367888167426e-03
1.502227846184365015e-02
1.130982052498547691e-02
1.059768372461450565e-02
1.361770777186904410e-02
8.172870859818692421e-03
7.474682117995720687e-03
8.565213359987248684e-03
1.115251284432384679e-02
8.466566034265493243e-03
9.115765796024547993e-03
1.255146460296869063e-02
6.928833810535640035e-03
1.054733180296535226e-02
6.960233149114344701e-03
1.515851371607424697e-02
9.299640455388237179e-03
1.099118210936938719e-02
1.457742284118828703e-02
1.700639618940346515e-02
2.424349002288930105e-02
1.189858152552485809e-02
1.087024757396883728e-02
5.300772394933630539e-03
5.129286445039488163e-03
1.304744253303940539e-02
6.026244973769359463e-03
6.447448812933609039e-03
8.779150686777321966e-03
8.990038954385212028e-03
1.032788980868884661e-02
6.269973080762958687e-03
8.484257645372483142e-03
5.897335655066456017e-03
5.855083252420890255e-03
1.388023784159972407e-02
1.114158339752214372e-02
4.569651140095836936e-03
8.557500768400731067e-03
2.106876043723380360e-02
7.524181563055933053e-03
5.105074601673747527e-03
1.097362980353878449e-02
1.662178097502185412e-02
6.145744765239475813e-03
7.332334851104843967e-03
6.286260651065626003e-03
1.393879860900331530e-02
7.763629410508708813e-03
1.407796100123690983e-02
8.170424460622521812e-03
6.455398075389569799e-03
9.518220324753967621e-03
8.446446008211244000e-03
1.903242198938928306e-02
1.672549287841273991e-02
9.020400913310567398e-03
1.511553347751288211e-02
5.740502938654526259e-03
9.663428920959711219e-03
9.324642805595638115e-03
1.416303228410171339e-02
1.746539421909112932e-02
1.068120663577907907e-02
1.127219577115803374e-02
6.665671756843077542e-03
1.957585282969722187e-02
1.447977814889060515e-02
6.618733579172818987e-03
3.954018457947649536e-03
8.434036030236966366e-03
1.227637747299101939e-02
6.255555986110262340e-03
7.862199628459303966e-03
6.248049001375126019e-03
1.395379424262391949e-02
1.171823445306582195e-02
1.127321178072230451e-02
6.918226689836598844e-03
7.300401827944772402e-03
6.217141106626039408e-03
8.199071224703056993e-03
1.153077553040255179e-02
7.784038706277814079e-03
1.092738942626506581e-02
7.597328065963776522e-03
5.932501121782944586e-03
1.888687215242267764e-02
1.389903459189959639e-02
8.313766284238396920e-03
9.480880997446729935e-03
1.657390947210790610e-02
6.567783832378311024e-03
1.934403743397504830e-02
1.131114171526649732e-02
1.864814473937891418e-02
9.337341959790941906e-03
1.234669333767235769e-02
1.616309012882637813e-02
1.210792195853089247e-02
6.063607141506847410e-03
1.405786453173558243e-02
8.833639307541277935e-03
1.434322085266173316e-02
3.487653885385302681e-03
2.371796628135314222e-02
9.319824117295530050e-03
1.316721100147762863e-02
8.652877149753124622e-03
8.211792929365519314e-03
1.616380074986190768e-02
1.250652687123663884e-02
1.327594012135780224e-02
2.176654036871846637e-02
9.186517991202236555e-03
7.992388069321109192e-03
6.853927760453046129e-03
2.240827153982450845e-02
2.885605754130242742e-02
1.412523406160805933e-02
1.004713449067899320e-02
1.171647275060335412e-02
1.383228030727941087e-02
7.804625186656111505e-03
1.530475328161277730e-02
8.600701546064702663e-03
1.607988755120621019e-02
4.264154857802921611e-03
7.375604170867479034e-03
8.832578117354427175e-03
1.196937765943695969e-02
1.189148009377398105e-02
8.004630356636959973e-03
1.920583046447630129e-02
6.961719985973075647e-03
8.020633499243756681e-03
3.223809907306034866e-02
6.843845152934925451e-03
1.276388938236121262e-02
6.288377165508207342e-03
1.354044681627174750e-02
4.556357027825854063e-03
9.791206553245402830e-03
1.648975745178172039e-02
8.634715561546477125e-03
1.040706995044856850e-02
5.780193508118959544e-03
2.739405997737609857e-02
1.659335982434088225e-02
6.736540514694842365e-03
6.193458730526521863e-03
9.577216894235870623e-03
6.076779952167941749e-03
5.616025095384836498e-03
5.881646005796162084e-03
1.524051787418810242e-02
1.419555894576639277e-02
1.513262795286026210e-02
1.409308455302629368e-02
6.015725741202708997e-03
8.939383667350657772e-03
1.761789177633037856e-02
7.134103754940474863e-03
8.664243772811899835e-03
1.014775635561985211e-02
6.755038697766916830e-03
1.020656961783711694e-02
1.825449768983741436e-02
6.823507912294431328e-03
1.168295392606582064e-02
7.718208859025074871e-03
6.985197928781248372e-03
1.113948069562260661e-02
8.217984174204115769e-03
1.414274852236264805e-02
7.748126935614822741e-03
2.196676194692782913e-02
1.340413763659437270e-02
1.502740052433244183e-02
8.139706299959539870e-03
1.206745263437985355e-02
1.158803643312644217e-02
7.072392162266515590e-03
5.813664628038893965e-03
8.434115037954532587e-03
1.868452320906374697e-02
9.673579762261833373e-03
1.532034401007820353e-02
1.204159205262095127e-02
1.277328620912074331e-02
6.939191990574367259e-03
7.078886328108939703e-03
3.598932680059473144e-03
2.030221366295015609e-02
8.852889064853436060e-03
2.474271969904160567e-02
9.501874030245091585e-03
9.578991265126622287e-03
6.387403645526321463e-03
2.052322918012235847e-02
5.571738305061152245e-03
9.135602779743607835e-03
1.641861352996411630e-02
9.713120367638291772e-03
9.447453015285486172e-03
1.156701075130497046e-02
1.633454195041943169e-02
7.157309184798800114e-03
1.118033825914130364e-02
1.006023728030873074e-02
6.715663833511151780e-03
1.193706733738723012e-02
1.634755293174104326e-02
3.185500361580931999e-02
9.338851879295267250e-03
2.304672785861102552e-02
1.464373191957851934e-02
6.347532694833756851e-03
2.197148684602255597e-02
3.872710381119553579e-03
6.150265608629307788e-03
1.346480691572106946e-02
1.295975750151787120e-02
9.267337289295584507e-03
6.461397101042833623e-03
2.098529755023617605e-02
1.133762668612247129e-02
1.546014748600727136e-02
9.167001734047393324e-03
1.550189499337363726e-02
9.114943406777946747e-03
7.357807986535539954e-03
1.167352694722195716e-02
6.999547692189116849e-03
8.141106008999298219e-03
1.219911994487295898e-02
1.450335636474679203e-02
1.533377911526059324e-02
4.581144597320903344e-03
9.336492890041400011e-03
9.669757802037409755e-03
1.739857598395935095e-02
1.220071581043324915e-02
1.403689995234977742e-02
6.674350717113151747e-03
1.389613258103839996e-02
1.038563995038464458e-02
8.222955318462775789e-03
1.188097840943411199e-02
6.591523161371802379e-03
5.074197529094097436e-03
1.152030819309135014e-02
9.243289696222640323e-03
9.937693988546929258e-03
9.471469810453542540e-03
6.673162498050951887e-03
8.560315173907722189e-03
8.221086277489063690e-03
1.546656125697216076e-02
1.812843411939815685e-02
1.083304861811056410e-02
7.619945603864366861e-03
8.086672079498454305e-03
7.891430966328499483e-03
8.367697868699446040e-03
6.050064948780101322e-03
8.616425097535832314e-03
6.116096995489566333e-03
1.099569430499402686e-02
6.776941710590487361e-03
1.196916594065511145e-02
1.107943032510463020e-02
2.232150999164854432e-02
1.605925197411827224e-02
1.393119657475859474e-02
5.883981337558510591e-03
4.970195429512701615e-03
1.290921531707563998e-02
8.126796223465897195e-03
1.087457893073476810e-02
6.290924629788726199e-03
1.998274031199269093e-02
8.143983969185721733e-03
1.650099690956970122e-02
2.047177089888711776e-02
1.057739401200806853e-02
9.337905763317028152e-03
1.783417628147911105e-02
6.058701082693019636e-03
1.047447465728072909e-02
5.464103628944742309e-03
8.720475730872624676e-03
6.509891157689374000e-03
7.590280516053217984e-03
1.320643645114170234e-02
1.781006831999743314e-02
1.137228669902650910e-02
8.264178689219454574e-03
2.120786805070307840e-02
1.174706084672440080e-02
5.395187378307005586e-03
8.119630307169131353e-03
5.952577365818073445e-03
1.180870921874340070e-02
1.537142797661910677e-02
7.804080673641365477e-03
6.457127800087701826e-03
4.420766643983818113e-03
1.549897189610205048e-02
5.810987017036655169e-03
6.566583048681746103e-03
8.930329185438415363e-03
1.369494414995429087e-02
5.907063100584529144e-03
1.433925449887451208e-02
1.121919126298940271e-02
2.073961090519640255e-02
1.056213936844093218e-02
3.675641865176996776e-03
6.661776023798492152e-03
5.408267105202420148e-03
1.200278872225202589e-02
5.596167718826532134e-03
8.347577283321961500e-03
8.545943559835287792e-03
1.701666012472686715e-02
1.226468005781754418e-02
9.744313039849180486e-03
9.699948709681069023e-03
6.873973936661672071e-03
1.923278077118657434e-02
7.810733285587061203e-03
1.105589153781708772e-02
6.865906855506669591e-03
1.381774030133877361e-02
8.581057811114225706e-03
1.098356726040755280e-02
8.514026747365918343e-03
1.912133844522613188e-02
4.760710310157259713e-03
7.783713621154019109e-03
9.512265590499266454e-03
5.420411954952445224e-03
1.274242928754809080e-02
7.308238769333756310e-03
4.282232305419774072e-03
6.376359321404736005e-03
6.756083187830756558e-03
7.949961430435503393e-03
1.000156936343276834e-02
1.039478095124060815e-02
1.848605758301284652e-02
8.690405440414982266e-03
1.674976410952491029e-02
8.832946789619712871e-03
1.256425476292460756e-02
9.076902558159793966e-03
1.756253076578959821e-02
2.442866548771366678e-02
1.224700438970305859e-02
5.406435397957950681e-03
6.956049167322508886e-03
1.011350975311815260e-02
1.586664270745265226e-02
1.029216946459477096e-02
8.946565874052498854e-03
1.047446174904858099e-02
5.957745938049353006e-03
8.007756900582325282e-03
6.952888209572648248e-03
1.679081994279380333e-02
1.276560275861940950e-02
7.624038204789605928e-03
8.454636693734094224e-03
1.614937776484888857e-02
1.079899002401752371e-02
6.411029125291387021e-03
8.364547406137692875e-03
8.492004413215462760e-03
1.715401654083873600e-02
1.242983944467491129e-02
8.063161174191152067e-03
1.465464957241847770e-02
1.273152642949059755e-02
1.974503693299385285e-02
7.368485095168608376e-03
1.390549665308942265e-02
3.310766155847145314e-02
8.029036609152844298e-03
1.663392910599605437e-02
1.460448383689859006e-02
7.918816254918203262e-03
6.686948809278434047e-03
2.139505955697469999e-02
8.386027534325169938e-03
1.365801102176867309e-02
1.124894537807257823e-02
4.939729265660267564e-03
8.758274525089119675e-03
1.075798930609404326e-02
1.096962105271604045e-02
7.933921629699809686e-03
8.738376620473836329e-03
1.853523308767591679e-02
1.671279457541477442e-02
4.191538098537525223e-03
1.967238957214529141e-02
4.548342275954500927e-03
9.720306790140404232e-03
1.465894656183943170e-02
1.858278379703977301e-02
1.829277447186514888e-02
1.903193567905030886e-02
1.711469070014762228e-02
1.597615358284515050e-02
4.951505294630250027e-03
6.193307736392046625e-03
4.910254073308671814e-03
4.230328339318566513e-03
1.539651380687447058e-02
6.412066638214626232e-03
1.045111474435442972e-02
9.080219203991482177e-03
1.600877638419959462e-02
2.690063844728862730e-02
1.078857649868324164e-02
1.118960347519917450e-02
7.249124229880746402e-03
1.249231107041496106e-02
7.015515848448314155e-03
1.784581201122823271e-02
7.981811133022332846e-03
6.286811697407776282e-03
9.346852555539460899e-03
1.665186440317016625e-02
8.098678139993084613e-03
1.870536703892613367e-02
1.147682200266836837e-02
4.535265387781512759e-03
1.213528105843601941e-02
1.613526068275654771e-02
1.111654459030006134e-02
9.549401242229079573e-03
9.680462450279333705e-03
8.589254371573954924e-03
1.489697366722985382e-02
8.650705474180665072e-03
7.803633083396688784e-03
1.177538295644880127e-02
6.096001744696230226e-03
1.083636886010057830e-02
1.422718341437565273e-02
1.423692750368648306e-02
6.685890263678285692e-03
1.121101540104567709e-02
1.638463529613530881e-02
5.980795067667575224e-03
1.163474123331603195e-02
8.550157636705186040e-03
1.272478275306921681e-02
8.320552217961969810e-03
7.940880917526411606e-03
9.589486255619677699e-03
1.395732302647897764e-02
1.272368558466216784e-02
1.177366738023150929e-02
1.145857915288354609e-02
6.919954247812724196e-03
7.006650445290344212e-03
6.455015702764854701e-03
1.580747001069682592e-02
8.249334377311796918e-03
1.161467094968426927e-02
7.984321904388393121e-03
6.045294045512018301e-03
1.001865584498179418e-02
6.202182126778691372e-03
1.079554852195367849e-02
4.705927548308844882e-03
7.337393638107279903e-03
1.132073154409469692e-02
9.726798854904673136e-03
1.086996956514298986e-02
1.081764460621223618e-02
1.305450631390578375e-02
8.538974312880903000e-03
4.731384242157601200e-03
1.285322558804190794e-02
1.104994681618107384e-02
9.207362706645677922e-03
5.977647778988966210e-03
7.575583091498624098e-03
1.443128098325919401e-02
1.120122841635491813e-02
1.813908934989828109e-02
1.423092946377188181e-02
1.548182195670367092e-02
6.871102298676380962e-03
9.060104031832298330e-03
1.253145652230931890e-02
9.070833467802042263e-03
1.102563510626511541e-02
9.859133269791471241e-03
6.953721650049636896e-03
7.439018602186443438e-03
5.952209488397555877e-03
4.593080482516525252e-03
3.658619194859651525e-03
5.339910060164270930e-03
1.076581739936292859e-02
8.497368173001035307e-03
8.488575342843791491e-03
1.902951235635283803e-02
1.206848508275632816e-02
1.013009891593762840e-02
2.074009588877841551e-02
1.451029699928745552e-02
5.377108657756138853e-03
1.094287639097886976e-02
6.232513580035780980e-03
1.134573173365521596e-02
7.674801223775016938e-03
7.793827193226221181e-03
8.600421795738822511e-03
6.862160610859541730e-03
8.925664948460285825e-03
4.841860923050928141e-03
7.231307851924496412e-03
6.778071002790819755e-03
9.397123692359114766e-03
1.580106942243010917e-02
9.716726776565095397e-03
5.902981529847290028e-03
1.472011188539941451e-02
1.223986010036555092e-02
9.503712325773064004e-03
1.035344890056797210e-02
6.598279193731025442e-03
6.616854376861356496e-03
1.266491885407722631e-02
1.559118038766026983e-02
7.762447026730532294e-03
1.035014147996084037e-02
1.386012060365784254e-02
7.102853964180150768e-03
1.396519271835971847e-02
5.101030238662749607e-03
1.132396037589871937e-02
7.439470577910947506e-03
1.356110044383919584e-02
1.390922978781131657e-02
2.127834203681302702e-02
1.442693178383593587e-02
1.043329756916054792e-02
5.151034447710943487e-03
1.302575163016239483e-02
4.520394048108959152e-03
6.092480096236070272e-03
8.823700009122564109e-03
1.448707860235189625e-02
9.501815952126655557e-03
7.387604638392498459e-03
5.804629487179126419e-03
1.427705248598837816e-02
2.361749354352515179e-02
1.141550881505246258e-02
1.746063077108556474e-02
1.042068585316682262e-02
1.280723165961418671e-02
8.592895192417411565e-03
1.190427541925009360e-02
1.204384055421442619e-02
9.051401342677888387e-03
1.805420293756606828e-02
8.832836649893345896e-03
9.319017045897555473e-03
1.026038428070930562e-02
1.735993033489232132e-02
1.723458790201947907e-02
1.155288776110744049e-02
1.090643006540099533e-02
1.091655013087492777e-02
8.565906639994442726e-03
7.617519476751684684e-03
9.616631935319917487e-03
1.443978124593032174e-02
1.394507588830492389e-02
8.100587901024329171e-03
7.149579813550518276e-03
1.463170510329021672e-02
8.803697248675582815e-03
5.583290539852514556e-03
7.659372361821648392e-03
1.289689453350813080e-02
7.098406059450180702e-03
1.602357869106234983e-02
8.669282036344646419e-03
7.305076176872566697e-03
1.335787163012486928e-02
8.125934907466022053e-03
5.580349372286114336e-03
1.125953301254557608e-02
4.108007335842218943e-03
9.372321430828353325e-03
8.131122783401127999e-03
2.000250732502232426e-02
6.315080682985900300e-03
7.102361619051917110e-03
1.130248549852776868e-02
7.447274740821244882e-03
9.655484750337006705e-03
7.384923949708744641e-03
9.962554037064190460e-03
9.564733097350322857e-03
1.995569892372782428e-02
7.804269815844213330e-03
5.158830532072051882e-03
7.707160941921487214e-03
7.139823485784837706e-03
7.921677171369973999e-03
8.194877660834003555e-03
8.793268472861555385e-03
1.885456120712246733e-02
5.848483868444827143e-03
2.313470881808660229e-02
9.130272671672788609e-03
5.251370902759983951e-03
9.857444229677334371e-03
6.996281144755180960e-03
5.827992901086632115e-03
1.172612721883362595e-02
9.496433290416210482e-03
7.957419718014762527e-03
1.854127666899351920e-02
1.425890940715507545e-02
1.065816296045443527e-02
7.318872343630887338e-03
1.284440363471669837e-02
6.668197701256781650e-03
7.870739788482674845e-03
7.918103100987344475e-03
8.576807735859842338e-03
2.077856415759552280e-02
1.119286971223126120e-02
4.671672281674188291e-03
6.857028551459866741e-03
1.377887506070436981e-02
2.290438723217230743e-02
9.053207050627121166e-03
4.670772870095180052e-03
6.512036355894880967e-03
1.020932201813643664e-02
8.913718104635454109e-03
2.244812557818253937e-02
1.492124548192095418e-02
6.194788092683631286e-03
5.744643413782471626e-03
6.039339992725945190e-03
1.979843162217878247e-02
1.848151083236036774e-02
1.358330478339339967e-02
1.022258243863995858e-02
8.438434859606611452e-03
4.111428489801802720e-03
8.971248862422528600e-03
5.194079737824187047e-03
8.671720429095223712e-03
6.146464884385309697e-03
9.757373655678908478e-03
9.453054073019865125e-03
8.106917180164778872e-03
2.082962490888078458e-02
1.157278086391101864e-02
1.068036339082841998e-02
9.526357283226682612e-03
1.494366355810872009e-02
1.507860366388261500e-02
1.461315891952985960e-02
1.203458777464625276e-02
1.482967914043985258e-02
1.121937982549502805e-02
9.234115233312191820e-03
5.345357245599553081e-03
1.950750397552012544e-02
8.028581637432951820e-03
8.660907699160971113e-03
8.070504292630967247e-03
7.515186597668485971e-03
6.886717359077883412e-03
2.776865022508504324e-02
8.864489522128662924e-03
7.654174336688004433e-03
5.670657986303495428e-03
1.803776977558987568e-02
3.486583056298318134e-03
5.603570820188916342e-03
9.819951673896371372e-03
1.190012692275113117e-02
6.384811236274633324e-03
1.716825113034049430e-02
6.325220279425105771e-03
5.434017774917017027e-03
1.069931105230114039e-02
3.090857618523938297e-02
1.361277730202927264e-02
4.829892974464941591e-03
8.130574518497449624e-03
7.301277624536585756e-03
1.007355725855645263e-02
5.956322459221962545e-03
8.435913329160762628e-03
1.210341052731043684e-02
9.983751384977456941e-03
1.152243874650040259e-02
7.828790025447231529e-03
1.079039958299325697e-02
7.240323598481950527e-03
1.189615700705551511e-02
7.388662923917089370e-03
4.432667394347171615e-03
1.707185542286256130e-02
6.944141242128810086e-03
1.774559037290901128e-02
1.346661339401470335e-02
8.022626742672999203e-03
8.828337334759224150e-03
8.588711512010110266e-03
7.317351849401924381e-03
1.247646049033413786e-02
7.472822039763710178e-03
2.926847331964808549e-02
1.015491632442179840e-02
1.418443075471225757e-02
6.262820373698510176e-03
1.621919650645663874e-02
1.263191434152026969e-02
8.383004964958355731e-03
1.370268826075205122e-02
1.729598935186855285e-02
2.457601170979858279e-02
9.024495611508472764e-03
1.432417264148874887e-02
1.013707237268671006e-02
6.723822862293311366e-03
5.250199355194845423e-03
1.116874236816724208e-02
7.252162461688287792e-03
1.247969117130010540e-02
2.324239592050842892e-02
8.217581581841524457e-03
8.684153132542915890e-03
5.576526963834736034e-03
8.765273055840150720e-03
1.868061980445207687e-02
6.698877301907805830e-03
1.214371512185148487e-02
1.433425745956587623e-02
6.687045822617795898e-03
1.533017714337608917e-02
1.045185413688015999e-02
7.652203201719482047e-03
4.256636276828915100e-03
1.486119246211332554e-02
1.053638628206116784e-02
2.032373734537849461e-02
1.206691120941102459e-02
1.025244968917559882e-02
6.974888861280123878e-03
4.583375757350138975e-03
7.200186175814722936e-03
8.179142443726148196e-03
3.667039304336826983e-03
8.775921730275138000e-03
1.117410194432619762e-02
1.718868698761411712e-02
7.457086831602992121e-03
1.098716393146762643e-02
1.809514692923730114e-02
7.350560950785286346e-03
8.208833202519557129e-03
6.686874617556471875e-03
1.052228113100626104e-02
1.678824797195069274e-02
2.605255810012207726e-02
2.100117719531841703e-02
5.968278617904543108e-03
1.424308364143215232e-02
4.637933708301722295e-03
1.562331833734827841e-02
1.499529484716050250e-02
1.161954875093864324e-02
1.059792308965725252e-02
1.224493340389275209e-02
1.699952278977328105e-02
9.854797578972920163e-03
7.318125659010358414e-03
9.287654704768954356e-03
1.524538398823623367e-02
8.218811185180686235e-03
1.080888821303300010e-02
1.251454672787943520e-02
1.666715343866675622e-02
1.313494982800728940e-02
7.452467462425901336e-03
1.180348302265729968e-02
1.301770964724283976e-02
1.168822582137218555e-02
1.184771465183553224e-02
1.313344497263298910e-02
6.115283953426526101e-03
8.284431136461071696e-03
5.831427722452436554e-03
1.462662417784604645e-02
1.495965657621658312e-02
5.836072680835427406e-03
1.380441057916194196e-02
7.638602725916193020e-03
2.135149733795608379e-02
7.251107367600077673e-03
1.019681477866866103e-02
6.865824893755030460e-03
7.621055962962524667e-03
8.578572878518877023e-03
9.815368937911699357e-03
1.053164163128746979e-02
9.934738378754935650e-03
2.580232228523483481e-02
5.318518539134455339e-03
8.598530573956809225e-03
1.521044514035739537e-02
7.162872308370287454e-03
1.052923729848439724e-02
7.284116447237124273e-03
7.230606059028313153e-03
1.430711625028035019e-02
7.812502973903061310e-03
1.868445994769060356e-02
6.235505909254300885e-03
2.456871792651105571e-02
1.157610768721907893e-02
7.048251011588730144e-03
1.742136614424170601e-02
6.653875934607048070e-03
9.830119651763601432e-03
1.372801128640274183e-02
7.445076643212159874e-03
9.054443195620645243e-03
1.521407725623335344e-02
5.932747848146834382e-03
2.506200387164515472e-02
1.227037629344467952e-02
9.805223998551168899e-03
9.223877314264026378e-03
7.545140196866998057e-03
1.215219927848120232e-02
7.435830107644115020e-03
6.271334096530543911e-03
8.775761472143085024e-03
6.593545597597792567e-03
1.376790511778803149e-02
4.674633447796040786e-03
1.148359965789000001e-02
4.881059525193091365e-03
1.271965894986859524e-02
1.423223984579309598e-02
7.252957531895286476e-03
1.421000182642966243e-02
7.464051082837380377e-03
6.575682516617468651e-03
1.052959171199123467e-02
1.154526004493651795e-02
5.606170881276905348e-03
6.987428728717995190e-03
1.059894297090956464e-02
9.377657842015874740e-03
5.351083576309618485e-03
7.399410098530268508e-03
1.258167332715210383e-02
5.439723281577248971e-03
1.168102189986992140e-02
1.324182426794719321e-02
1.739270789071723985e-02
6.570008741413948909e-03
2.165982838676202074e-02
1.268258348812686086e-02
3.273330565512026780e-02
4.582117716330257398e-03
1.390064996546390257e-02
7.797417721881217192e-03
9.790095303059504969e-03
2.591577541655640249e-02
5.243922764163098070e-03
1.002716660061823625e-02
5.308408660897092832e-03
1.196339210685023850e-02
1.076101192837046645e-02
7.345404452791223608e-03
4.788002257691111041e-03
7.121461191163389742e-03
1.083412359081214159e-02
1.312655474939956012e-02
1.086567144352102235e-02
6.177085043208453002e-03
1.960142253069667093e-02
1.537047189226314545e-02
1.164840934628134060e-02
5.790961618749255677e-03
1.214787069559825940e-02
1.052937912075004555e-02
7.609620632928138818e-03
1.249440380628638082e-02
3.034573923310312712e-02
6.420238303684403132e-03
5.161908030272085827e-03
5.903961549329079725e-03
1.279570038212718940e-02
1.068706122536030971e-02
1.094020206775609891e-02
1.426224277869762511e-02
6.983074005762682571e-03
7.819622526764090711e-03
7.394184859205540743e-03
1.587644640632496565e-02
5.984977427119226104e-03
1.480219659792562058e-02
9.511791596676215724e-03
9.071163856820574703e-03
9.528377382585811323e-03
6.198731964014795801e-03
8.404429642269358944e-03
5.651113191969413599e-03
5.107717013487191732e-03
5.964865972444667944e-03
1.640169745425082426e-02
6.326379576818211281e-03
1.007863409868008792e-02
7.464609408838140947e-03
1.896878735841305008e-02
9.225398102057337513e-03
7.260117624916405041e-03
1.510081603432017298e-02
4.946406452865347199e-03
8.776640242872788336e-03
9.910311922476149060e-03
8.551839334569296194e-03
1.672690321989129050e-02
1.107656888726656075e-02
7.586275445766082863e-03
1.078189437340122334e-02
7.513748301508695396e-03
1.081564896841086081e-02
1.070822552654284755e-02
1.359777321260794564e-02
7.305027850340690618e-03
1.489524115990845284e-02
8.434563226869758179e-03
1.178090793307699086e-02
9.269751099817240964e-03
1.235806542027872122e-02
1.148543230019810971e-02
1.108329521232637518e-02
1.259704421159812265e-02
1.309866901814025694e-02
7.723945428377675636e-03
7.070878934881978314e-03
9.305871468048520362e-03
1.725741452453794997e-02
7.514895589050383726e-03
1.469515358429043447e-02
2.108889019703725706e-02
1.794168912217263684e-02
1.867756598615147659e-02
9.904491306472317652e-03
1.043607720079116515e-02
8.781915819085163791e-03
1.344675000780147164e-02
1.369169177515865143e-02
8.004955141582205391e-03
1.774026837988752769e-02
1.332169783845577396e-02
9.821000738866577165e-03
1.874950179175266865e-02
1.743011972608593182e-02
9.149677764489482293e-03
1.845720165809828020e-02
1.793474346672227493e-02
6.651240100384515908e-03
1.067138346936299421e-02
1.004450845015244891e-02
5.027509721433394245e-03
8.084499058298314292e-03
1.557752092117350128e-02
1.528757882324243561e-02
6.181245600265923915e-03
9.597775418687032323e-03
1.303892136224660096e-02
1.201451952050256941e-02
8.887911720356994616e-03
2.497379897531139259e-02
6.964747235438225638e-03
4.403139835116438167e-03
1.139521710172215589e-02
1.180363829418741572e-02
6.630133603213609998e-03
8.620267403712300602e-03
7.823138866282917242e-03
5.606349807720896299e-03
1.069547272648546307e-02
6.475096264164281225e-03
9.443213047822716921e-03
5.666267303019478438e-03
1.478214132659219637e-02
8.682596043387637991e-03
8.107523548933305221e-03
1.063076529988943829e-02
9.381523919606296613e-03
7.164241913751446048e-03
1.210158653475278297e-02
6.749101974378245161e-03
1.181041184976838049e-02
1.248920620046674486e-02
2.145667328092878967e-02
1.050228342071083537e-02
4.078426939385549829e-03
8.814918087167116986e-03
5.117494809087371962e-03
4.709960624044184398e-03
5.321295413152509791e-03
8.693577282365182526e-03
7.794780981464163698e-03
9.378725223911183947e-03
4.709793764271943788e-03
5.270108813455308232e-03
1.077858597413286837e-02
1.054071851604651382e-02
1.006874641534442720e-02
1.894728861414322896e-02
2.033325329916316898e-02
6.755865183090626648e-03
9.248777747583930217e-03
1.008788776962580604e-02
2.091895844645082214e-02
1.112826905227380474e-02
6.589348374627878278e-03
1.688691391867748470e-02
1.694078555957899065e-02
1.575014126870186507e-02
1.357348329163263721e-02
1.317662680556971888e-02
7.962022092334044079e-03
9.183899440339093889e-03
6.341310635322934194e-03
1.853499004706483239e-02
1.635240363295644220e-02
2.702799320242079209e-02
1.243967533768514100e-02
5.237016920218733398e-03
5.705513478009569157e-03
1.282186732300359677e-02
1.560137594739680923e-02
1.109662034178856768e-02
1.126896754099233899e-02
5.409218977839910097e-03
9.779829293030749271e-03
1.122317095114608136e-02
2.173564222452268116e-02
8.836046605164996418e-03
2.795394982530814698e-02
1.634985474847687470e-02
1.150326327156661436e-02
1.120364163789082206e-02
8.276715325066944309e-03
8.365943934014600722e-03
1.793176028575602099e-02
6.951668278650602849e-03
1.113232942166322847e-02
7.403111925969924415e-03
1.139384144167861559e-02
1.230330581837876629e-02
7.058770435861123904e-03
1.158799956038126557e-02
8.827490172086293468e-03
6.250862728234068792e-03
9.619683954010695495e-03
8.858041433509619353e-03
1.617483101732625217e-02
7.945271077462566153e-03
1.262027641648958039e-02
9.460181112176339197e-03
1.354613685637394253e-02
1.009549592065409410e-02
2.135512276912605867e-02
1.343905160712208745e-02
1.151328157266517417e-02
1.697774577052556244e-02
6.941175181044140566e-03
1.611008026604405022e-02
9.609852120389601390e-03
1.806702462842046594e-02
1.017771331751139881e-02
5.024233274519483011e-03
5.893734058536785093e-03
1.956962406472918109e-02
7.656676566159848450e-03
1.002320301287201558e-02
7.695228991363265054e-03
1.047884760778019370e-02
1.140466388099991950e-02
8.511882008835595578e-03
9.971618376963611169e-03
1.412960012002375046e-02
5.655593115250138851e-03
1.097496661576084429e-02
9.587394787504565849e-03
1.333767479331327867e-02
1.247192757624942042e-02
1.437343060275343004e-02
7.262102987766706416e-03
7.044011090012831586e-03
1.677843319459394397e-02
5.167294696086954797e-03
1.477966100573293619e-02
2.229677654153178201e-02
1.857666380773285650e-02
9.203834511172017188e-03
1.158972118141362272e-02
9.055136226864992158e-03
8.495028485630193998e-03
1.811538561168521411e-02
5.841457841190373854e-03
1.057453042261129010e-02
8.874757445738916742e-03
7.555916287805957213e-03
5.379790184838625922e-03
1.049509888270016601e-02
7.630616829674619593e-03
1.291479446567325023e-02
1.656974338288127319e-02
3.960394863659460682e-03
8.881974028962541512e-03
5.059465040297295851e-03
1.018705364890344807e-02
6.572967189721545637e-03
1.192652467555425574e-02
8.377165950425542740e-03
1.311594564504371674e-02
5.372721654334379655e-03
9.738848215835059496e-03
1.132075385601291617e-02
8.977553264986316839e-03
1.418942244326443052e-02
5.845185270972603868e-03
1.955868024811250466e-02
1.264323018518421354e-02
1.134125455852631748e-02
1.627129906168382767e-02
1.988607055314368585e-02
5.214092990219951207e-03
8.499256705003593870e-03
3.214750761681031688e-02
1.930799958623639553e-02
1.026582378032064695e-02
9.162782362049108967e-03
7.326173318294989384e-03
8.542464193876522088e-03
6.684947250396661850e-03
7.422924132205363859e-03
1.509876529059154919e-02
9.315367446408625088e-03
5.127425245413712480e-03
1.024063202112490863e-02
1.892290860544681985e-02
5.685270121027171004e-03
1.910104136548505457e-02
6.844713626597633688e-03
6.401211901742079845e-03
6.453470538041699081e-03
1.594783258130999873e-02
7.908394479203179755e-03
7.694533898195914275e-03
1.129972518714635402e-02
7.934142165703062313e-03
1.664913449677644583e-02
2.569306875976776205e-02
1.211177573877391701e-02
1.335627077535120680e-02
8.509147242314343829e-03
7.141719115454175232e-03
1.333775584483522410e-02
1.201003497687820089e-02
4.938300032608058249e-03
1.082980008709557261e-02
1.565116093922240895e-02
1.433865053491844253e-02
7.836054150935382531e-03
1.791509693135015860e-02
5.920422163546322156e-03
7.926273353971934402e-03
6.192800736507460095e-03
1.204341894222852108e-02
7.381953541419012180e-03
1.491020123670468676e-02
1.527874146835415774e-02
6.343697665354676440e-03
1.632923678779562432e-02
8.782304810037836612e-03
1.699291330083150045e-02
