225.264	0.000626577
241.223	0
258.314	0.000546409
276.615	0.00153077
296.213	0
317.2	0
339.673	0
363.739	0
389.509	0
417.105	0.00101517
446.657	0.000316003
478.302	0
512.19	0.00137786
548.478	0.000514679
587.337	0.000961253
628.949	0.000224414
673.51	0.000628699
721.227	0.000782804
772.326	0.000365506
827.044	0.000511986
885.64	0.000159371
948.387	0.000446479
1015.58	0.000555919
1087.53	0.000519139
1164.58	0.000121198
1247.09	0
1335.45	0.000105691
1430.06	0.000197397
1531.38	0
1639.88	0.000172141
1756.06	0
1880.48	0.000300232
2013.71	7.0092e-05
2156.38	0.000196364
2309.16	0.000122248
2472.76	0.00011416
2647.95	0
2835.56	4.97768e-05
3036.45	4.64835e-05
3251.58	0.000173632
3481.95	0
3728.65	0
3992.82	7.06994e-05
4275.71	6.60218e-05
4578.64	3.08268e-05
4903.03	0
5250.41	0
5622.39	2.51041e-05
6020.74	4.68863e-05
6447.3	2.18921e-05
6904.09	2.04437e-05
7393.23	0
7917.04	1.7828e-05
8477.95	4.99454e-05
9078.61	0
9721.82	0
10410.6	0
11148.2	2.53216e-05
11938	1.18231e-05
12783.8	2.20818e-05
13689.5	1.03104e-05
14659.4	0
15698.1	2.69737e-05
16810.2	0
18001.2	7.84085e-06
19276.6	7.32208e-06
20642.3	0
22104.8	6.38525e-06
23670.9	0
25348	0
27143.9	0
29067	4.85585e-06
31126.4	0
33331.7	0
35693.2	0
38222	3.69277e-06
40930	0
43829.9	0
46935.2	0
50260.5	0
53821.4	0
57634.6	2.44896e-06
61718	0
66090.6	0
70773.1	0
75787.3	1.86238e-06
81156.8	0
86906.7	0
93063.9	0
99657.5	0
106718	0
114279	0
122376	0
131046	0
140330	0
150273	0
160919	0
172320	0
184529	0
197603	0
