129.599	0.00206683
139.276	0.000961613
149.675	0.000894802
160.851	0
172.861	0.000774782
185.768	0
199.638	0
214.545	0.0012485
230.564	0.00290439
247.779	0
266.28	0.00201186
286.162	0.00140406
307.528	0.000435503
330.49	0.00162098
355.167	0.000754179
381.686	0.000701779
410.185	0.000653021
440.812	0.000303825
473.725	0.000848147
509.096	0.000789219
547.109	0.000244795
587.959	0.000683362
631.86	0.000847844
679.038	0.000788937
729.739	0.000183531
784.226	0.000341559
842.781	0.000317828
905.709	0
973.334	0.000137599
1046.01	0.000256077
1124.11	0.000238285
1208.04	0.000110865
1298.24	0
1395.18	9.59946e-05
1499.35	0.000267975
1611.3	8.31189e-05
1731.61	7.73439e-05
1860.9	0.00014394
1999.85	0.00013394
2149.17	6.23168e-05
2309.64	5.79872e-05
2482.09	5.39583e-05
2667.42	0.000150628
2866.59	4.67209e-05
3080.62	8.69496e-05
3310.64	4.04542e-05
3557.84	7.52871e-05
3823.49	3.50281e-05
4108.97	0
4415.77	6.06597e-05
4745.48	5.64451e-05
5099.81	0
5480.59	2.44371e-05
5889.8	0
6329.57	2.11593e-05
6802.18	0
7310.07	1.83213e-05
7855.88	1.70483e-05
8442.45	0
9072.82	2.95233e-05
9750.25	0
10478.3	0
11260.6	0
12101.4	1.10673e-05
13005	0
13976	9.58282e-06
15019.5	0
16141	8.29748e-06
17346.2	0
18641.4	0
20033.2	0
21529	6.22088e-06
23136.5	0
24864	5.38648e-06
26720.5	0
28715.7	0
30859.8	0
33163.9	0
35640.1	0
38301.3	0
41161.1	0
44234.4	0
47537.2	0
51086.6	0
54901.1	0
59000.3	0
63405.6	0
68139.9	0
73227.6	0
78695.3	0
84571.1	0
90885.7	0
97671.8	0
104965	0
112802	0
121224	0
130276	0
140003	0
150456	1.78031e-06
161690	0
