180.596	0.000641469
196.185	0
213.12	0.000543575
231.517	0
251.502	0
273.212	0.00169607
296.796	0
322.415	0.000359309
350.246	0.000661516
380.48	0.000913427
413.323	0.000280281
449.002	0.000774029
487.76	0.000950031
529.864	0.00043727
575.602	0.000402524
625.289	0.000185269
679.264	0.000511643
737.899	0.000156996
801.595	0.00014452
870.789	0.000532146
945.957	0.000122465
1027.61	0.000225468
1116.32	0.000311328
1212.68	0.000191059
1317.36	0.000439694
1431.07	0.000242853
1554.6	0.000223556
1688.8	0.000137194
1834.58	0.000126293
1992.94	0
2164.97	0.000107019
2351.86	0.000147773
2554.87	4.53435e-05
2775.41	0
3014.98	3.84237e-05
3275.24	3.53705e-05
3557.96	6.51198e-05
3865.09	0
4198.72	5.51819e-05
4561.16	0
4954.89	0
5382.6	0
5847.23	3.96245e-05
6351.96	3.64759e-05
6900.27	0
7495.91	0
8142.96	0
8845.87	0
9609.45	3.61665e-05
10438.9	0
11340	2.04315e-05
12318.9	1.88079e-05
13382.3	1.73134e-05
14537.5	1.59377e-05
15792.4	0
17155.6	6.75272e-06
18636.5	6.21614e-06
20245.2	5.72219e-06
21992.8	0
23891.2	0
25953.5	0
28193.8	0
30627.6	3.78244e-06
33271.4	0
36143.4	3.2052e-06
39263.3	2.95051e-06
42652.5	2.71606e-06
46334.3	0
50334	2.30156e-06
54678.8	2.11868e-06
59398.8	0
64526.1	1.79535e-06
70096.1	0
76146.8	0
82719.9	0
89860.3	0
97617.2	0
106044	0
115197	0
125141	0
135944	0
147678	7.84454e-07
160426	0
174274	0
189318	6.11918e-07
205660	5.63294e-07
223412	0
242698	4.7733e-07
263648	0
286406	0
311129	3.72344e-07
337985	0
367161	0
398854	0
433284	0
470685	0
511315	0
555452	0
603399	1.9199e-07
655485	0
