196.613	0.00101021
216.411	0
238.202	0.000833833
262.188	0.000378776
288.589	0.000344125
317.648	0.000625287
349.633	0.000284042
384.839	0.00129029
423.591	0.000234449
466.244	0.000213001
513.192	0.000580546
564.867	0.000703249
621.746	0.000798642
684.352	0.000435348
753.263	0.000791043
829.112	0.000838456
912.599	0.000217643
1004.49	9.88664e-05
1105.64	0.000179644
1216.97	0
1339.51	7.41393e-05
1474.39	0.000134714
1622.86	0
1786.27	0.000111193
1966.14	0.000101021
2164.11	9.17794e-05
2382.03	8.33832e-05
2621.88	0.000113633
2885.89	0.000103237
3176.49	0.000125057
3496.34	2.84041e-05
3848.4	5.16113e-05
4235.91	4.68898e-05
4662.45	4.26002e-05
5131.93	3.8703e-05
5648.68	1.75812e-05
6217.47	1.59728e-05
6843.54	0
7532.64	5.27361e-05
8291.14	1.19779e-05
9126.01	2.17643e-05
10044.9	1.97732e-05
11056.4	8.98217e-06
12169.7	0
13395.2	1.48278e-05
14744	1.34713e-05
16228.6	0
17862.7	0
19661.4	0
21641.2	0
23820.3	0
26218.9	3.78775e-06
28859	6.88247e-06
31764.9	0
34963.5	0
38484.1	0
42359.2	0
46624.6	0
51319.4	0
56487	0
62174.9	0
68435.5	0
75326.6	0
82911.5	0
91260.3	0
100450	0
110564	8.98215e-07
121698	0
133952	0
147440	0
162286	0
178628	0
196614	0
216412	0
238204	0
262190	0
288591	0
317650	0
349636	0
384842	0
423593	0
466247	0
513195	0
564871	0
621750	0
684357	0
753267	0
829117	0
912604	0
1.0045e+06	0
1.10565e+06	0
1.21698e+06	0
1.33952e+06	0
1.4744e+06	0
1.62287e+06	0
1.78628e+06	0
1.96615e+06	0
2.16413e+06	0
2.38204e+06	0
2.6219e+06	0
