94.6714	0.00276735
101.899	0
109.677	0
118.05	0
127.062	0
136.762	0
147.202	0.000889894
158.439	0
170.535	0.000768139
183.553	0.000713659
197.565	0
212.647	0
228.881	0.000572326
246.353	0.00106347
265.16	0.000988041
285.402	0.000458982
307.189	0
330.64	0
355.88	0
383.048	0.000683958
412.289	0.000953172
443.763	0
477.64	0.000548506
514.102	0.000509604
553.349	0.00071019
595.591	0.00087976
641.058	0.0010217
689.996	0
742.669	0.000881915
799.364	0.000655492
860.387	0.000456751
926.068	0.000424356
996.764	0.00013142
1072.86	0
1154.76	0.000226878
1242.91	0
1337.79	0
1439.92	0.00027292
1549.84	0.000253563
1668.15	0.000235579
1795.5	0.000218871
1932.57	0.000135565
2080.1	6.29751e-05
2238.89	5.85086e-05
2409.81	0
2593.77	0.000252517
2791.78	9.3843e-05
3004.9	0.000174374
3234.29	0.000121505
3481.19	0
3746.94	3.49603e-05
4032.98	0
4340.86	6.03541e-05
4672.23	2.80368e-05
5028.91	0
5412.81	0
5826.02	6.7453e-05
6270.77	4.17793e-05
6749.48	0
7264.73	5.40946e-05
7819.31	1.67527e-05
8416.24	0
9058.72	1.44606e-05
9750.26	0
10494.6	0
11295.7	0
12158	0
13086.2	0
14085.2	1.86003e-05
15160.4	0
16317.8	0
17563.4	7.45835e-06
18904.2	0
20347.3	0
21900.6	0
23572.5	5.55707e-06
25372	0
27308.9	0
29393.7	0
31637.5	0
34052.7	0
36652.3	0
39450.3	0
42461.9	3.08498e-06
45703.4	0
49192.4	0
52947.7	0
56989.7	0
61340.2	0
66022.9	0
71063	0
76487.9	0
82326.9	0
88611.7	0
95376.2	0
102657	0
110494	0
118929	0
128008	1.02333e-06
137780	0
