119.139	0.00112636
128.017	0
137.557	0
147.807	0.00181579
158.822	0.000844929
170.657	0
183.374	0.000731799
197.039	0.00136209
211.723	0.00126763
227.5	0.00176958
244.453	0.000548952
262.67	0.00102176
282.244	0.000950902
303.276	0.000442478
325.876	0
350.161	0.00191617
376.254	0.000356655
404.293	0.000331921
434.42	0
466.793	0
501.578	0.00133771
538.956	0.000746962
579.118	0.000695159
622.274	0.000862599
668.645	0.000602082
718.472	0.000186776
772.013	0.000347645
829.543	0.000323535
891.36	0
957.783	0.000280216
1029.16	0
1105.85	0.000242697
1188.26	0.000338798
1276.8	0.000315302
1371.95	9.78119e-05
1474.19	9.10285e-05
1584.04	0.000169431
1702.09	7.88404e-05
1828.92	0.000146745
1965.22	6.82842e-05
2111.66	0.000127097
2269.02	0.000177424
2438.11	0.00011008
2619.79	0.000102446
2815.02	4.76704e-05
3024.79	4.43644e-05
3250.2	4.12877e-05
3492.4	3.84243e-05
3752.66	0
4032.3	0
4332.79	0
4655.66	5.76473e-05
5002.6	0
5375.39	2.49643e-05
5775.96	0
6206.38	0
6668.88	2.01223e-05
7165.84	5.61803e-05
7699.84	1.7428e-05
8273.62	1.62194e-05
8890.17	3.01891e-05
9552.66	2.80954e-05
10264.5	0
11029.4	0
11851.3	0
12734.5	0
13683.5	0
14703.1	0
15798.8	0
16976.1	7.90481e-06
18241.2	0
19600.5	0
21061.1	0
22630.6	0
24317	0
26129.1	0
28076.2	0
30168.4	4.44813e-06
32416.6	0
34832.3	3.85255e-06
37427.9	3.58537e-06
40217	0
43214	0
46434.3	0
49894.5	2.68954e-06
53612.7	0
57607.8	0
61900.7	0
66513.6	0
71470.1	0
76796	0
82518.8	0
88668.1	1.51343e-06
95275.6	1.40847e-06
102375	0
110004	0
118202	0
127010	0
136475	9.8328e-07
146645	0
