142.488	0.00091325
153.438	0
165.229	0
177.927	0.0014627
191.6	0.00067916
206.324	0
222.18	0.00117137
239.254	0.000543888
257.64	0.0020203
277.439	0.00093806
298.76	0.00130667
321.719	0.00121343
346.442	0.000751221
373.065	0.000697611
401.735	0.00097174
432.607	0.000300798
465.852	0.000279332
501.652	0.000778192
540.203	0.000722658
581.716	0.000671086
626.42	0.000623195
674.559	0.000192907
726.397	0.000537422
782.219	0
842.331	0.000617938
907.063	0.00028692
976.769	0
1051.83	0.000123715
1132.66	0.000344658
1219.7	0.000213375
1313.44	0.000297221
1414.37	0.000184007
1523.06	8.54378e-05
1640.11	0
1766.15	0.000221036
1901.87	0
2048.03	0
2205.41	5.90036e-05
2374.89	5.47929e-05
2557.4	0.000152648
2753.93	4.72515e-05
2965.56	4.38794e-05
3193.46	0
3438.87	3.78401e-05
3703.14	0
3987.72	0
4294.17	0
4624.16	5.62814e-05
4979.52	0
5362.19	2.42676e-05
5774.26	4.50715e-05
6218	0
6695.84	0
7210.4	1.80471e-05
7764.51	5.02777e-05
8361.19	0
9003.73	2.89052e-05
9695.65	1.34212e-05
10440.7	0
11243.1	2.31479e-05
12107.1	1.0748e-05
13037.5	9.98099e-06
14039.4	0
15118.3	8.60726e-06
16280.1	0
17531.2	7.4226e-06
18878.4	6.8929e-06
20329.2	0
21891.5	0
23573.8	0
25385.4	5.12607e-06
27336.2	0
29436.9	0
31699.1	0
34135.1	0
36758.3	0
39583.1	3.28744e-06
42625	0
45900.6	0
49428	0
53226.4	0
57316.8	0
61721.4	0
66464.6	0
71572.3	0
77072.5	1.68837e-06
82995.3	1.56789e-06
89373.3	0
96241.5	0
103637	0
111602	0
120178	0
129414	1.00551e-06
139359	9.33757e-07
150068	0
161601	0
174019	7.47775e-07
187392	0
201793	0
217300	0
