121.951	0.000946231
132.52	0
144.004	0
156.483	0
170.044	0
184.78	0
200.793	0.000574694
218.193	0
237.102	0
257.649	0.00134362
279.976	0.000412157
304.239	0.000758576
330.604	0.00139616
359.254	0.00064241
390.387	0
424.218	0.000272017
460.98	0
500.928	0.000691082
544.339	0.00105995
591.511	0.000780336
642.771	0.000538579
698.473	0.000330419
759.002	0.000152034
824.777	0
896.252	0.000901264
973.92	0.000473937
1058.32	0
1150.03	0.00040136
1249.69	0
1357.99	0.000254922
1475.68	0.000156395
1603.56	0.000143923
1742.52	6.62226e-05
1893.53	6.09415e-05
2057.62	5.60815e-05
2235.93	0.000154827
2429.69	4.74933e-05
2640.25	4.37058e-05
2869.05	4.02203e-05
3117.68	7.40256e-05
3387.86	0.000102183
3681.45	0
4000.48	2.88451e-05
4347.16	2.65447e-05
4723.88	2.44278e-05
5133.25	0
5578.1	2.0687e-05
6061.49	3.80745e-05
6586.78	1.75191e-05
7157.59	1.61219e-05
7777.86	1.48362e-05
8451.88	1.36531e-05
9184.32	1.25643e-05
9980.23	2.31246e-05
10845.1	3.19206e-05
11784.9	0
12806.2	0
13916	0
15122	7.63091e-06
16432.4	7.02235e-06
17856.4	0
19403.9	5.94697e-06
21085.4	0
22912.6	5.03627e-06
24898.2	0
27055.9	0
29400.6	3.9249e-06
31948.4	0
34717	0
37725.6	0
40994.9	0
44547.5	2.59037e-06
48407.9	0
52602.9	0
57161.5	0
62115	1.85775e-06
67497.9	1.7096e-06
73347.2	0
79703.5	0
86610.5	0
94116.1	0
102272	0
111135	0
120766	0
131231	8.79318e-07
142604	8.09194e-07
154962	7.44662e-07
168391	0
182983	0
198841	0
216072	0
234797	4.91464e-07
255144	0
277255	4.16203e-07
301282	0
327391	0
355762	3.24358e-07
386592	0
420094	2.74687e-07
456499	0
