262.096	0.000571522
279.593	0.00107151
298.258	0.000502228
318.17	0.000470798
339.41	0
362.069	0.000827432
386.24	0
412.025	0.00072711
439.531	0.000681607
468.873	0.000638951
500.175	0.000299483
533.566	0.000561482
569.186	0.000789516
607.184	0.000493405
647.718	0.000693791
690.959	0
737.086	0.000203224
786.293	0.000190506
838.785	0.000357168
894.781	0.000502225
954.515	0
1018.24	0.000147111
1086.21	0.000275809
1158.73	0.000258549
1236.08	0.000484737
1318.6	0.000340801
1406.63	0.000212982
1500.53	0.000499135
1600.71	0.000374319
1707.57	0.000175447
1821.56	8.22336e-05
1943.17	7.70874e-05
2072.89	0.000289053
2211.27	0
2358.89	0.000127003
2516.37	5.95277e-05
2684.36	0.000111605
2863.56	5.23102e-05
3054.73	0
3258.66	4.59679e-05
3476.2	8.61823e-05
3708.27	0.000121183
3955.83	3.78666e-05
4219.91	3.54969e-05
4501.63	3.32754e-05
4802.15	0
5122.73	0
5464.72	8.22331e-05
5829.54	5.13913e-05
6218.71	2.40876e-05
6633.86	0
7076.73	2.11671e-05
7549.16	0
8053.13	1.86007e-05
8590.74	1.74366e-05
9164.25	0
9776.04	0
10428.7	2.87273e-05
11124.9	0
11867.6	0
12659.8	0
13505	0
14406.5	1.03976e-05
15368.3	0
16394.3	9.13695e-06
17488.7	8.56516e-06
18656.2	0
19901.7	0
21230.3	0
22647.6	0
24159.5	6.20019e-06
25772.4	5.81217e-06
27492.9	0
29328.3	0
31286.2	0
33374.8	4.48822e-06
35602.9	0
37979.7	0
40515.2	0
43219.9	0
46105.2	0
49183.1	3.04563e-06
52466.5	2.85503e-06
55969.1	0
59705.5	2.50888e-06
63691.3	0
67943.3	0
72479.1	0
77317.7	1.93738e-06
82479.3	0
87985.5	0
93859.2	1.59594e-06
100125	0
106809	0
113940	0
121546	0
129660	0
138316	0
147550	0
157400	0
