210.992	0.000553528
229.058	0.00152961
248.67	0.000469656
269.962	0.000865229
293.078	0
318.172	0
345.415	0.00135245
374.991	0
407.1	0.000860647
441.957	0
479.799	0.000730241
520.882	0.000896861
565.482	0.000826125
613.9	0.000570726
666.465	0.000175237
723.53	0.000645665
785.482	0.000594741
852.738	0
925.753	0
1005.02	0.000348619
1091.07	0.000321123
1184.5	9.85986e-05
1285.92	9.08221e-05
1396.02	0.000250977
1515.56	7.70606e-05
1645.32	7.09828e-05
1786.2	0.000130769
1939.14	6.02274e-05
2105.18	0.000221909
2285.44	0.000102203
2481.12	4.70712e-05
2693.57	8.67174e-05
2924.2	0.000199695
3174.58	0.000110367
3446.41	0.000101662
3741.5	0
4061.86	0
4409.66	0
4787.23	0
5197.13	0
5642.13	0
6125.23	1.9067e-05
6649.7	7.02526e-05
7219.07	0
7837.2	1.4902e-05
8508.25	2.74533e-05
9236.76	3.7932e-05
10027.7	0
10886.3	0
11818.4	0
12830.3	9.10263e-06
13928.9	8.38469e-06
15121.6	7.72339e-06
16416.3	1.42285e-05
17822	0
19347.9	6.03628e-06
21004.6	0
22803.1	0
24755.6	0
26875.3	4.34562e-06
29176.4	4.00288e-06
31674.6	0
34386.7	0
37331.1	0
40527.5	2.88174e-06
43997.6	0
47764.9	0
51854.7	0
56294.7	0
61114.9	0
66347.8	0
72028.8	0
78196.2	0
84891.6	0
92160.4	1.26724e-06
100052	0
108618	1.07523e-06
117919	0
128015	9.12309e-07
138977	8.40355e-07
150876	0
163795	0
177820	6.56787e-07
193045	0
209575	0
227519	0
247000	0
268150	4.35539e-07
291110	0
316036	0
343096	0
372473	0
404366	0
438989	0
476577	0
517384	0
561684	0
609778	0
661990	0
718672	0
