172.146	0.00181524
183.164	0
194.887	0
207.36	0.00150698
220.632	0
234.753	0
249.778	0.00187659
265.764	0.00117581
282.774	0
300.872	0.00155791
320.128	0
340.617	0.000458707
362.418	0.00086223
385.613	0.000405182
410.294	0.000761619
436.554	0.000357903
464.494	0.000672748
494.223	0.00031614
525.855	0.000297123
559.511	0.000837752
595.321	0.00131226
633.423	0.000246666
673.963	0.000695484
717.099	0.00108942
762.995	0.000204777
811.829	0.000962295
863.788	0
919.073	0.000680006
977.896	0.000479326
1040.48	0
1107.08	0.000141132
1177.93	0.000397927
1253.32	0.000249327
1333.54	0
1418.89	0
1509.7	0.000206986
1606.33	0
1709.14	0.00027425
1818.53	8.59178e-05
1934.92	0.000161499
2058.75	7.58923e-05
2190.52	7.13272e-05
2330.72	0
2479.89	0
2638.61	5.92144e-05
2807.49	0.000166957
2987.18	0.00010461
3178.36	0
3381.79	4.62015e-05
3598.23	4.34224e-05
3828.53	8.16208e-05
4073.56	0
4334.28	3.60484e-05
4611.68	0
4906.84	0
5220.89	2.99266e-05
5555.05	0
5910.58	0
6288.87	0
6691.38	0
7119.64	2.19454e-05
7575.32	0
8060.16	1.93847e-05
8576.03	1.82186e-05
9124.92	1.71227e-05
9708.94	0
10330.3	0
10991.5	1.4215e-05
11695	0
12443.5	0
13239.9	0
14087.3	2.21822e-05
14988.9	0
15948.3	0
16969	0
18055	8.65374e-06
19210.6	0
20440.1	0
21748.4	1.43683e-05
23140.3	0
24621.4	1.26917e-05
26197.2	0
27873.9	0
29657.9	5.2682e-06
31556.1	0
33575.7	4.65347e-06
35724.7	0
38011.1	0
40443.9	0
43032.5	0
45786.6	3.41243e-06
48717.1	3.20716e-06
51835.1	0
55152.7	0
58682.6	2.66252e-06
62438.5	0
66434.7	0
70686.7	2.21037e-06
75210.8	2.07741e-06
80024.5	0
