115.199	0.000946522
125.764	0
137.298	0
149.89	0.00145492
163.636	0
178.643	0
195.027	0.00111819
212.913	0.000512128
232.439	0
253.757	0
277.029	0
302.435	0.000360536
330.172	0.000330248
360.452	0.000302505
393.509	0.000277093
429.598	0.000253815
468.997	0.00116247
512.009	0.000638887
558.966	0.000585217
610.229	0.000536055
666.193	0.000818371
727.29	0.000449774
793.99	0.00013733
866.808	0.000628967
946.303	0.000230452
1033.09	0.000316639
1127.83	0.000193359
1231.27	8.8558e-05
1344.19	0.000405593
1467.47	0.000222912
1602.05	0.000204186
1748.97	0
1909.37	5.71071e-05
2084.48	0.000104619
2275.65	9.58307e-05
2484.35	4.38902e-05
2712.19	4.02031e-05
2960.93	7.36516e-05
3232.48	3.37322e-05
3528.93	0.000154492
3852.57	2.83028e-05
4205.89	0
4591.62	0
5012.72	6.52572e-05
5472.44	0
5974.32	3.65025e-05
6522.23	1.6718e-05
7120.38	1.53136e-05
7773.4	1.40272e-05
8486.3	2.56976e-05
9264.59	1.17694e-05
10114.2	0
11041.8	9.87505e-06
12054.5	0
13160	0
14366.9	2.27687e-05
15684.5	0
17123	0
18693.3	5.83303e-06
20407.7	0
22279.3	0
24322.5	0
26553.2	0
28988.4	0
31646.9	3.44547e-06
34549.3	0
37717.8	2.89091e-06
41176.9	0
44953.3	0
49076	0
53576.8	0
58490.3	0
63854.5	0
69710.7	0
76103.9	1.43276e-06
83083.4	0
90703	0
99021.5	0
108103	0
118017	0
128840	0
140656	0
153556	0
167639	6.50438e-07
183013	5.95797e-07
199797	5.45746e-07
218121	0
238125	4.57905e-07
259963	4.19438e-07
283805	0
309833	0
338248	0
369269	0
403134	0
440106	0
480468	2.26942e-07
524533	0
572638	0
625155	1.74419e-07
682488	0
