363.261	0.000469433
384.563	0
407.115	0.000418866
430.989	0.000395664
456.263	0.000373746
483.019	0.000353043
511.344	0
541.33	0.000315014
573.075	0.000595129
606.681	0.000281081
642.258	0.000265511
679.921	0.000250803
719.793	0.000710732
762.003	0.000223787
806.688	0.000422782
853.994	0
904.074	0.00037724
957.09	0.000178172
1013.22	0.000168302
1072.63	0.000317959
1135.53	0.000300346
1202.12	0
1272.62	0.000535986
1347.25	0.000379722
1426.25	0.000119563
1509.89	0
1598.43	0.000106684
1692.17	0
1791.4	0.000190383
1896.45	8.99187e-05
2007.66	0
2125.4	0.000401164
2250.03	0.000151577
2381.98	7.15902e-05
2521.66	0.000135249
2669.54	6.38786e-05
2826.09	0.000241361
2991.81	5.69977e-05
3167.26	0.000269202
3352.99	5.0858e-05
3549.62	4.80408e-05
3757.78	4.53796e-05
3978.14	4.28659e-05
4211.42	4.04914e-05
4458.39	0
4719.84	3.61297e-05
4996.62	3.41284e-05
5289.63	6.44758e-05
5599.82	6.09042e-05
5928.21	0.000115061
6275.85	8.15156e-05
6643.88	0
7033.49	2.42449e-05
7445.95	0
7882.59	2.16333e-05
8344.84	0
8834.2	0
9352.25	0
9900.69	0
10481.3	0
11095.9	0
11746.6	1.45171e-05
12435.5	4.11388e-05
13164.7	1.29533e-05
13936.7	1.22358e-05
14754	0
15619.2	0
16535.1	1.0313e-05
17504.8	9.74172e-06
18531.3	9.20209e-06
19618	0
20768.4	0
21986.3	0
23275.6	7.3264e-06
24640.6	0
26085.5	6.53721e-06
27615.2	6.17509e-06
29234.6	1.16661e-05
30949	0
32763.9	0
34685.3	4.9164e-06
36719.3	0
38872.6	0
41152.1	0
43565.4	0
46120.1	0
48824.7	0
51687.9	3.29916e-06
54719	0
57927.8	0
61324.8	0
64921	0
68728.1	2.48118e-06
72758.4	0
77025.1	2.21391e-06
81542	2.09127e-06
86323.8	0
91386	3.73201e-06
96745	1.76264e-06
102418	0
