320.573	0.000314302
352.39	0.000285925
387.364	0.000260109
425.81	0.000236625
468.071	0.000645781
514.526	0.000195825
565.592	0.000712577
621.726	0.00048618
683.432	0.000294856
751.262	0.000402351
825.823	0.000244016
907.785	0.000665952
997.882	0.000100971
1096.92	0.000275563
1205.79	0.000334244
1325.46	0.000152033
1457.01	0.000414919
1601.62	0.000314547
1760.58	0.000228918
1935.31	0.000104125
2127.39	0.000142085
2338.53	8.61712e-05
2570.63	3.91955e-05
2825.76	7.13133e-05
3106.21	3.24373e-05
3414.5	0
3753.38	8.0533e-05
4125.9	0
4535.39	4.44314e-05
4985.52	2.02099e-05
5480.33	3.67704e-05
6024.24	1.67252e-05
6622.14	4.56455e-05
7279.38	1.38414e-05
8001.85	3.77751e-05
8796.02	1.14548e-05
9669.02	3.12618e-05
10628.7	9.47975e-06
11683.5	2.58715e-05
12843.1	7.84521e-06
14117.8	0
15518.9	0
17059.2	1.18126e-05
18752.3	5.37305e-06
20613.4	0
22659.3	0
24908.2	4.04513e-06
27380.3	0
30097.7	0
33084.9	0
36368.5	0
39978.1	2.52031e-06
43945.9	0
48307.4	0
53101.9	0
58372.2	0
64165.5	0
70533.9	0
77534.3	1.29952e-06
85229.4	0
93688.4	2.1509e-06
102987	0
113208	0
124444	0
136795	7.36556e-07
150371	0
165296	0
181701	0
199735	0
219558	0
241349	0
265302	0
291633	3.45492e-07
320578	0
352395	0
387369	0
425815	0
468077	0
514533	0
565600	0
621735	0
683441	0
751272	0
825834	0
907797	0
997895	0
1.09693e+06	0
1.2058e+06	0
1.32548e+06	0
1.45703e+06	0
1.60164e+06	0
1.7606e+06	0
1.93534e+06	0
2.12742e+06	0
2.33856e+06	0
2.57066e+06	0
2.82579e+06	0
3.10625e+06	0
3.41454e+06	2.95082e-08
3.75343e+06	0
