159.511	0.000706567
173.664	0
189.073	0.000596095
205.849	0
224.113	0
243.998	0
265.647	0.000424267
289.217	0.000389691
314.878	0.000357933
342.817	0.000328763
373.234	0
406.35	0
442.404	0.000764271
481.657	0.000467991
524.393	0
570.92	0.00059223
621.576	0.000543966
676.727	0.00033309
736.771	0.000305944
802.142	0.000562022
873.314	0.00025811
950.8	0.000592687
1035.16	0
1127.01	0.000200008
1227	0.000367417
1335.87	0.000168737
1454.4	0.000232478
1583.44	0.000213532
1723.94	0.000130753
1876.9	0
2043.43	0.00011031
2224.74	0.00020264
2422.13	4.65315e-05
2637.04	4.27394e-05
2871.02	0
3125.75	7.21141e-05
3403.09	9.93557e-05
3705.04	0.000182517
4033.77	2.79405e-05
4391.68	0
4781.34	2.3572e-05
5205.57	2.16509e-05
5667.44	0
6170.3	1.82658e-05
6717.77	3.35544e-05
7313.82	3.08199e-05
7962.75	4.24623e-05
8669.26	2.60012e-05
9438.45	2.38822e-05
10275.9	1.09679e-05
11187.6	0
12180.3	0
13261	1.6998e-05
14437.6	7.80637e-06
15718.6	0
17113.3	0
18631.7	0
20284.8	5.55614e-06
22084.6	5.10334e-06
24044.1	0
26177.5	4.30543e-06
28500.1	0
31028.9	3.63227e-06
33782	0
36779.3	0
40042.7	0
43595.5	5.1705e-06
47463.6	0
51674.9	0
56259.9	2.0033e-06
61251.6	0
66686.3	0
72603.2	1.55235e-06
79045	0
86058.4	1.30964e-06
93694.1	0
102007	1.10488e-06
111058	0
120912	0
131640	0
143320	0
156036	7.22302e-07
169881	0
184954	6.0937e-07
201364	0
219231	0
238683	0
259860	0
282917	0
308019	0
335349	3.36084e-07
365103	0
397498	0
432766	0
471164	0
512969	0
558483	0
608036	0
661985	1.70254e-07
720721	0
