110.357	0.00253271
118.254	0
126.716	0.00110287
135.783	0
145.499	0
155.91	0
167.067	0.000836501
179.021	0
191.831	0.000728512
205.558	0.000679864
220.267	0.00126893
236.028	0.00118419
252.917	0
271.015	0
290.407	0.0019249
311.188	0.000898181
333.455	0
357.315	0.00117334
382.883	0.000729995
410.281	0.00136249
439.639	0.000317878
471.097	0.000296651
504.807	0
540.929	0.000516709
579.635	0.000964409
621.111	0.000900008
665.556	0.000209977
713.18	0.000979776
764.212	0
818.896	0.000682633
877.492	0
940.282	0.000148627
1007.56	0.000277404
1079.66	0.00012944
1156.92	0.000241593
1239.7	0.00011273
1328.41	0
1423.46	0.000294531
1525.32	0.000183242
1634.47	0.000342011
1751.42	0.000159586
1876.75	0.000148929
2011.04	0.000138984
2154.94	0
2309.14	6.05211e-05
2474.37	0
2651.42	0.00026354
2841.15	0.000196753
3044.45	9.18074e-05
3262.29	4.28384e-05
3495.73	0
3745.87	0
4013.91	0
4301.13	6.49836e-05
4608.9	3.03221e-05
4938.69	0
5292.08	0
5670.76	0
6076.53	2.29985e-05
6511.34	0
6977.27	0
7476.53	1.8692e-05
8011.52	0
8584.79	3.25579e-05
9199.08	0
9857.32	0
10562.7	1.32307e-05
11318.5	1.23472e-05
12128.4	0
12996.2	1.07532e-05
13926.2	0
14922.7	0
15990.5	0
17134.7	8.15604e-06
18360.8	7.6114e-06
19674.6	0
21082.4	0
22591	0
24207.5	0
25939.7	0
27795.8	0
29784.8	4.69204e-06
31916.1	0
34199.8	8.17263e-06
36647	0
39269.3	0
42079.3	0
45090.3	0
48316.8	0
51774.1	0
55478.8	2.519e-06
59448.6	2.35079e-06
63702.5	0
68260.8	0
73145.3	0
78379.2	0
83987.7	0
89997.5	0
96437.3	1.44914e-06
103338	0
