100.015	0.00100189
109.996	0
120.973	0
133.046	0
146.324	0
160.926	0
176.986	0.000566167
194.649	0
214.074	0.00140424
235.438	0.000851211
258.934	0
284.775	0.000703741
313.194	0.000319941
344.45	0.000581819
378.825	0
416.631	0.00072153
458.209	0.000218686
503.937	0.000198842
554.228	0.000361598
609.538	0.000986359
670.368	0.000298952
737.268	0.000407737
810.845	0
891.764	0.000224732
980.759	0.000204339
1078.64	0.000278696
1186.28	0.000337876
1304.67	0.000230412
1434.87	0.00013967
1578.06	0.000253992
1735.55	0.000288681
1908.75	5.24971e-05
2099.24	9.54669e-05
2308.73	0.000130206
2539.14	7.89274e-05
2792.53	0
3071.22	6.52534e-05
3377.72	0
3714.8	2.69742e-05
4085.53	4.90531e-05
4493.25	0.000111505
4941.66	2.02774e-05
5434.82	3.68747e-05
5977.2	0
6573.7	0
7229.74	0
7951.24	1.26023e-05
8744.74	2.29175e-05
9617.44	0
10577.2	9.47354e-06
11632.8	0
12793.7	1.56645e-05
14070.5	1.42431e-05
15474.7	6.47534e-06
17019	0
18717.4	5.3535e-06
20585.4	0
22639.7	8.85204e-06
24899.1	0
27383.9	3.65922e-06
30116.7	3.32718e-06
33122.3	0
36427.8	0
40063.2	0
44061.3	0
48458.5	4.13565e-06
53294.5	3.76038e-06
58613.1	0
64462.5	0
70895.6	0
77970.8	0
85752	1.16853e-06
94309.7	1.0625e-06
103722	0
114073	0
125457	0
137977	7.26237e-07
151746	0
166890	0
183545	0
201862	0
222008	0
244163	0
268530	0
295328	0
324801	0
357215	0
392864	0
432070	2.31915e-07
475190	0
522612	0
574767	0
632127	1.58519e-07
695211	0
764590	0
840894	0
924812	0
1.01711e+06	0
1.11861e+06	0
1.23024e+06	0
