142.971	0.000812824
155.273	0.000748421
168.635	0
183.146	0
198.906	0
216.022	0.00107591
234.611	0
254.8	0.000912167
276.725	0.000839893
300.538	0.000773345
326.4	0
354.487	0.000327826
384.991	0.000301851
418.12	0
454.099	0.000255913
493.175	0.000471272
535.614	0.000216966
581.704	0.000599325
631.76	0.00128762
686.124	0.000169372
745.166	0.000467855
809.288	0.000143595
878.928	0.000528871
954.561	0.000365225
1036.7	0.000224191
1125.91	0.000206428
1222.8	0.000380144
1328.02	0.000525036
1442.3	0
1566.41	7.41886e-05
1701.2	0.000273242
1847.59	0
2006.58	0
2179.25	5.33256e-05
2366.78	0
2570.44	0.00018084
2791.63	0
3031.85	3.83296e-05
3292.75	0.000105878
3576.09	6.49926e-05
3883.82	2.99215e-05
4218.03	2.75508e-05
4580.99	2.53678e-05
4975.19	4.67157e-05
5403.32	2.15071e-05
5868.28	1.98031e-05
6373.25	1.8234e-05
6921.68	3.35785e-05
7517.29	1.5459e-05
8164.17	1.42341e-05
8866.7	1.31063e-05
9629.69	3.62036e-05
10458.3	0
11358.3	0
12335.7	1.88412e-05
13397.2	0
14550	1.59738e-05
15802.1	0
17161.9	6.7714e-06
18638.7	0
20242.6	1.14817e-05
21984.4	0
23876.2	0
25930.8	0
28162.2	4.12645e-06
30585.6	0
33217.5	0
36075.9	6.44252e-06
39180.3	0
42551.8	0
46213.5	0
50190.2	0
54509.1	0
59199.7	0
64293.9	0
69826.4	0
75835.1	0
82360.8	2.82197e-06
89448.1	0
97145.2	0
105505	0
114583	0
124443	2.80151e-06
135152	0
146782	0
159413	0
173130	0
188029	0
204209	0
221781	0
240866	0
261592	0
284103	0
308550	0
335101	0
363937	0
395254	0
429266	0
466205	2.49268e-07
506323	0
