127.376	0.000914236
138.314	0
150.191	0
163.089	0
177.093	0
192.301	0.00121114
208.814	0.00055768
226.746	0.00102716
246.217	0.000472963
267.36	0.00043556
290.319	0.000401116
315.25	0.000738789
342.321	0.000340182
371.717	0
403.637	0.000288505
438.299	0.00026569
475.936	0.000244679
516.806	0.000675987
561.186	0.000622529
609.376	0.000764398
661.705	0.000527961
718.528	0.00016207
780.229	0.000298506
847.23	0.00013745
919.984	0
998.985	0.00023314
1084.77	0
1177.92	9.88618e-05
1279.07	0.000455218
1388.91	0.000586906
1508.18	0.000308853
1637.69	0.000213321
1778.33	0
1931.04	0.000180916
2096.86	5.55362e-05
2276.92	5.11443e-05
2472.45	0
2684.76	0.000130125
2915.31	3.99448e-05
3165.65	0
3437.5	3.38768e-05
3732.68	6.23956e-05
4053.22	8.61919e-05
4401.28	0
4779.23	7.30985e-05
5189.64	2.24392e-05
5635.28	4.13294e-05
6119.2	1.90305e-05
6644.67	0
7215.27	0
7834.86	0
8507.66	0
9238.24	1.26054e-05
10031.5	1.16085e-05
10893	1.06905e-05
11828.4	0
12844.1	0
13947.1	8.34952e-06
15144.8	0
16445.3	0
17857.5	1.95635e-05
19391	6.00546e-06
21056.1	5.53053e-06
22864.2	5.09317e-06
24827.7	0
26959.7	4.31947e-06
29274.8	3.97788e-06
31788.7	0
34518.5	0
37482.7	3.10681e-06
40701.4	5.72224e-06
44196.5	0
47991.8	2.42649e-06
52113	0
56588.1	0
61447.4	0
66724.1	3.49054e-06
72453.8	1.60725e-06
78675.7	0
85431.7	0
92768	0
100734	0
109385	1.06461e-06
118778	0
128977	0
140053	0
152080	0
165139	7.05172e-07
179320	0
194719	0
211440	0
229597	0
249313	0
270722	4.30151e-07
293970	0
319214	3.64807e-07
346625	0
376391	0
408713	0
443810	0
