187.318	0.00160271
199.797	0.000751304
213.107	0.000704379
227.304	0.000660385
242.446	0.00185742
258.598	0.00116094
275.825	0.000544214
294.2	0
313.8	0.00143507
334.705	0.00134544
357.002	0.000420468
380.785	0.000394207
406.153	0.00110876
433.21	0.000693004
462.07	0
492.852	0.00060914
525.685	0.00114219
560.706	0.000267713
598.059	0.000501984
637.901	0.000705946
680.397	0.000441236
725.725	0
774.071	0.00038784
825.639	0.000363617
880.642	0.000340906
939.309	0.000639227
1001.88	0.000449477
1068.63	0.000421403
1139.82	0.000131695
1215.75	0.000123469
1296.75	0.000115758
1383.13	0.000217055
1475.27	0.000203498
1573.56	9.53941e-05
1678.38	8.9436e-05
1790.2	8.38501e-05
1909.46	0
2036.66	7.3703e-05
2172.34	0.000138199
2317.06	6.47838e-05
2471.42	0
2636.06	0
2811.67	0
2998.98	0.000100106
3198.77	4.69268e-05
3411.87	8.79916e-05
3639.16	0
3881.6	0
4140.19	7.25127e-05
4416	0.000101976
4710.19	3.18688e-05
5023.98	0
5358.67	0
5715.65	0
6096.42	0
6502.56	0
6935.75	0
7397.8	2.02909e-05
7890.63	3.80471e-05
8416.3	1.78354e-05
8976.98	1.67214e-05
9575.02	0
10212.9	0
10893.3	1.37799e-05
11619	0
12393	0
13218.6	0
14099.2	1.06466e-05
15038.5	2.99448e-05
16040.3	1.87163e-05
17108.9	8.77368e-06
18248.7	0
19464.4	0
20761.1	0
22144.1	0
23619.4	0
25192.9	0
26871.2	5.58621e-06
28661.3	0
30570.7	0
32607.2	0
34779.5	4.31599e-06
37096.5	0
39567.8	0
42203.7	0
45015.3	0
48014.2	0
51212.8	0
54624.5	5.49599e-06
58263.5	2.57636e-06
62145	0
66285	0
70700.8	0
75410.8	0
80434.6	3.73242e-06
85793	0
91508.5	0
97604.6	0
104107	0
111042	0
