193.138	0.00257766
204.776	0.000810387
217.116	0.000764329
230.199	0
244.071	0
258.779	0
274.373	0
290.907	0.000570452
308.437	0.00053803
327.023	0.00152235
346.729	0.000957221
367.623	0.00180563
389.776	0.000425753
413.264	0.000401555
438.167	0.00151493
464.571	0.000714415
492.566	0.00101072
522.247	0.000953273
553.718	0.000599396
587.085	0.00113066
622.463	0.000266599
659.972	0.000502895
699.742	0.000948625
741.908	0.000223678
786.615	0.000632894
834.017	0.000198975
884.274	0.000187666
937.56	0.000177
994.058	0.000667761
1053.96	0.000157452
1117.47	0.000148503
1184.81	0.00042019
1256.21	0.000264205
1331.9	0.000124595
1412.16	0.000117513
1497.26	0.000110834
1587.49	0
1683.15	9.8594e-05
1784.57	0.000278971
1892.11	0
2006.13	8.27206e-05
2127.02	0.000156038
2255.19	0.000220755
2391.09	0
2535.18	6.54582e-05
2687.95	6.17379e-05
2849.92	5.82291e-05
3021.66	0.000109839
3203.74	0
3396.8	4.88543e-05
3601.49	4.60777e-05
3818.51	4.34589e-05
4048.61	0
4292.58	0
4551.25	3.64621e-05
4825.51	0
5116.3	3.24352e-05
5424.6	0
5751.49	5.77062e-05
6098.07	0
6465.54	0
6855.15	0
7268.24	2.2832e-05
7706.22	8.61372e-05
8170.6	0
8662.96	0
9184.99	0
9738.47	0
10325.3	0
10947.5	0
11607.2	0
12306.7	1.34844e-05
13048.2	0
13834.5	1.19952e-05
14668.2	2.26269e-05
15552.1	0
16489.3	0
17482.9	0
18536.4	8.95254e-06
19653.4	0
20837.7	0
22093.4	0
23424.8	0
24836.3	6.68167e-06
26333	0
27919.8	0
29602.2	5.60594e-06
31386	0
33277.4	0
35282.6	0
37408.8	0
39663	0
42053.1	0
44587.2	3.72188e-06
47274	0
50122.7	0
53143.1	0
56345.5	0
59740.9	2.7778e-06
63340.9	0
