164.719	0.000776587
177.596	0.000720279
191.479	0
206.448	0.000619616
222.587	0.00229876
239.988	0.000533021
258.749	0.00247187
278.977	0.000458528
300.786	0.000850564
324.299	0.00118334
349.651	0.000365846
376.985	0.00067864
406.456	0.000629434
438.231	0.000875694
472.489	0.000541467
509.426	0.000502207
549.25	0.000698691
592.187	0.000432021
638.482	0
688.395	0.000743286
742.21	0.000172348
800.232	0.000479556
862.79	0.000593046
930.238	0.000412535
1002.96	0.000127541
1081.37	0.000591468
1165.9	0.00032915
1257.04	0.000305284
1355.31	0
1461.26	0.000175079
1575.5	8.11924e-05
1698.66	0
1831.46	0.000209536
1974.63	6.47811e-05
2129	6.0084e-05
2295.43	0.000111455
2474.87	0.000103374
2668.35	0.000191757
2876.94	0.00013339
3101.85	0
3344.33	0.000114748
3605.78	0.000106428
3887.66	3.29038e-05
4191.57	0
4519.25	2.83053e-05
4872.54	2.6253e-05
5253.45	0
5664.13	4.51679e-05
6106.93	0
6584.33	0
7099.06	0
7654.03	1.67126e-05
8252.38	1.55008e-05
8897.51	1.43769e-05
9593.07	0
10343	0
11151.6	0
12023.3	0
12963.3	0
13976.7	0
15069.3	0
16247.3	7.87321e-06
17517.4	0
18886.9	0
20363.3	0
21955.2	0
23671.6	0
25522.1	0
27517.3	0
29668.4	0
31987.8	0
34488.4	3.70903e-06
37184.5	0
40091.4	0
43225.5	0
46604.7	0
50248	0
54176.1	0
58411.3	0
62977.6	0
67900.9	0
73209	0
78932.1	0
85102.6	0
91755.5	0
98928.4	0
106662	0
115000	0
123991	0
133683	0
144134	0
155402	0
167550	0
180648	0
194771	0
209997	0
226413	0
244113	5.24014e-07
263196	4.8602e-07
283772	0
