160.621	0.000909517
171.616	0
183.364	0
195.915	0.00149134
209.326	0
223.655	0.000653185
238.964	0
255.322	0.000572171
272.799	0.000535514
291.473	0.00100241
311.425	0
332.742	0.00175617
355.519	0.000821828
379.855	0.000769177
405.857	0.00107985
433.639	0
463.322	0.00063061
495.038	0.000590209
528.924	0.000276198
565.13	0
603.814	0.000241942
645.146	0.000452883
689.308	0.000635803
736.492	0
786.906	0.000185648
840.772	0.000173755
898.324	0.000162623
959.816	0.00076102
1025.52	0.000427359
1095.72	0.000399979
1170.72	0.000374354
1250.86	0.00023358
1336.48	0.000218616
1427.97	0.00020461
1525.71	0
1630.15	0.000179232
1741.74	0.00016775
1860.96	0.000157002
1988.35	0.000146944
2124.46	0.00013753
2269.88	0
2425.26	0
2591.27	0
2768.65	0.000158295
2958.17	9.87692e-05
3160.66	0
3377.01	4.32595e-05
3608.18	0
3855.16	7.57882e-05
4119.06	3.54664e-05
4401.01	9.95825e-05
4702.27	0
5024.15	0.000116309
5368.06	0
5735.52	0
6128.13	2.38389e-05
6547.61	2.23116e-05
6995.8	0
7474.68	0
7986.34	0
8533.02	1.71203e-05
9117.12	0
9741.2	1.49969e-05
10408	2.80722e-05
11120.5	1.31369e-05
11881.7	0
12695	1.15075e-05
13564	1.07703e-05
14492.5	0
15484.5	0
16544.5	1.766e-05
17677	0
18887	0
20179.8	7.2393e-06
21561.2	0
23037.1	0
24614	0
26298.9	1.11098e-05
28099.1	0
30022.5	1.45978e-05
32077.6	0
34273.4	0
36619.5	0
39126.2	0
41804.4	0
44666	0
47723.5	3.06113e-06
50990.3	0
54480.6	0
58210	0
62194.5	0
66451.9	2.1984e-06
71000.6	0
75860.8	1.92574e-06
81053.6	0
86601.9	0
92529.9	0
98863.8	0
105631	1.383e-06
112862	0
