165.068	0.000665907
180.085	0.00183113
196.468	0
214.342	0.000512824
233.842	0.00094012
255.115	0.00172345
278.325	0.0011848
303.646	0.001086
331.27	0.000331813
361.407	0.000912429
394.287	0.000278781
430.157	0.000255534
469.291	0.00046845
511.985	0.00150285
558.563	0.00059037
609.379	0.00018038
664.817	0.000165338
725.299	0.000909304
791.284	0
863.271	0.000254658
941.808	0.000466845
1027.49	0
1120.97	0.000196116
1222.95	0.000269643
1334.21	8.23858e-05
1455.59	7.55157e-05
1588.01	0.000207656
1732.48	0.000126893
1890.09	0.000174467
2062.04	0.000106612
2249.64	4.8861e-05
2454.3	0.00013436
2677.58	0
2921.18	3.76285e-05
3186.93	6.89814e-05
3476.87	0
3793.18	0
4138.26	2.65618e-05
4514.74	4.86936e-05
4925.48	2.23165e-05
5373.57	0
5862.44	1.87498e-05
6395.78	3.43725e-05
6977.64	0
7612.43	1.44395e-05
8304.98	1.32354e-05
9060.53	0
9884.81	3.33601e-05
10784.1	0
11765.2	9.34279e-06
12835.5	0
14003.2	7.84958e-06
15277.2	0
16667.1	6.59502e-06
18183.3	1.20901e-05
19837.6	0
21642.3	0
23611.2	4.65539e-06
25759.3	0
28102.8	0
30659.4	0
33448.7	0
36491.7	3.01218e-06
39811.6	0
43433.4	2.53076e-06
47384.8	0
51695.7	0
56398.7	1.94897e-06
61529.6	0
67127.3	0
73234.3	0
79896.8	0
87165.5	0
95095.4	0
103747	2.119e-06
113185	0
123482	0
134716	0
146972	0
160343	0
174930	0
190845	0
208207	0
227149	0
247814	0
270358	0
294955	0
321788	0
351063	0
383001	2.86995e-07
417845	0
455859	2.41126e-07
497331	0
542576	0
591937	0
645789	0
704540	1.56016e-07
768636	0
838563	1.31081e-07
914851	0
