161.011	0.000712378
175.049	0.000655251
190.31	0.00120541
206.902	0.000554373
224.94	0.000509917
244.551	0.00140708
265.872	0.00215707
289.052	0.00119045
314.252	0.00145999
341.65	0
371.436	0.000926412
403.819	0.000852121
439.025	0.000783788
477.301	0.000480623
518.913	0.000221041
564.154	0.000203315
613.339	0.000935053
666.812	0.000516042
724.946	0.000791099
788.15	0.000291064
856.863	0
931.567	0.000123127
1012.78	0.000226506
1101.08	0.000208342
1197.08	0
1301.44	0.000176267
1414.91	0.000162132
1538.26	0.00014913
1672.37	0.000137171
1818.18	6.30856e-05
1976.69	0.000232107
2149.03	5.33734e-05
2336.39	9.81866e-05
2540.08	0
2761.53	4.15352e-05
3002.29	3.82044e-05
3264.04	0
3548.61	3.23228e-05
3857.99	2.97307e-05
4194.34	0
4560.02	5.03072e-05
4957.58	4.6273e-05
5389.8	0
5859.7	3.91491e-05
6370.56	1.80048e-05
6925.97	1.6561e-05
7529.8	1.52329e-05
8186.27	0
8899.98	2.57756e-05
9675.91	0
10519.5	1.09037e-05
11436.6	0
12433.7	0
13517.7	8.48524e-06
14696.2	7.80479e-06
15977.5	0
17370.4	0
18884.9	6.0737e-06
20531.3	0
22321.3	0
24267.3	4.72656e-06
26383	4.34752e-06
28683.2	0
31183.9	3.67821e-06
33902.6	0
36858.3	0
40071.8	0
43565.4	2.63285e-06
47363.5	0
51492.8	0
55982.2	0
60862.9	3.76916e-06
66169.1	0
71937.9	0
78209.7	1.46658e-06
85028.3	0
92441.3	0
100501	1.14129e-06
109263	0
118789	0
129145	0
140404	0
152645	0
165953	6.91164e-07
180422	0
196151	0
213252	0
231844	4.94732e-07
252057	0
274033	0
297924	0
323898	0
352136	0
382836	0
416213	0
452500	0
491951	0
534840	0
581470	0
632164	0
