194.362	0.000655194
209.625	0
226.086	0.000563259
243.84	0.0010445
262.988	0.0019369
283.64	0.00179587
305.913	0.000832558
329.935	0
355.844	0.00143147
383.787	0.00132725
413.925	0.000922959
446.429	0.000570506
481.486	0
519.295	0.000490454
560.074	0.000227372
604.054	0.000210817
651.489	0.000390936
702.648	0.00090618
757.825	0.000504121
817.334	0.000311611
881.517	0.000144461
950.74	0.00040183
1025.4	0.000372573
1105.92	0.000230297
1192.76	0.000106765
1286.43	9.89913e-05
1387.45	0.000275352
1496.4	0.000170202
1613.9	0.00015781
1740.64	7.316e-05
1877.33	0.000135667
2024.75	6.28944e-05
2183.74	0.00011663
2355.23	5.40692e-05
2540.17	0
2739.65	0
2954.78	8.6196e-05
3186.81	7.99201e-05
3437.06	3.70506e-05
3706.96	6.8706e-05
3998.06	0
4312.01	5.90653e-05
4650.62	5.47648e-05
5015.82	5.07774e-05
5409.69	0
5834.5	4.36525e-05
6292.66	0
6786.8	3.75273e-05
7319.75	5.21924e-05
7894.55	0
8514.48	0
9183.09	1.38673e-05
9904.21	0
10682	1.19215e-05
11520.8	0
12425.5	1.02487e-05
13401.2	9.50252e-06
14453.5	8.81065e-06
15588.5	0
16812.7	0
18132.9	0
19556.8	0
21092.6	0
22748.9	5.59787e-06
24535.3	0
26461.9	9.62478e-06
28539.9	0
30781.1	0
33198.2	0
35805.2	0
38616.8	0
41649.3	0
44919.8	0
48447.3	0
52251.7	0
56354.8	0
60780.2	0
65553	1.94263e-06
70700.7	0
76252.6	0
82240.5	0
88698.5	0
95663.8	0
103176	0
111278	1.14439e-06
120016	0
129441	0
139605	0
150568	0
162392	0
175144	0
188897	0
203731	0
219729	5.79555e-07
236984	0
255593	0
275664	0
297311	0
320658	0
345838	0
