188.035	0.00180539
204.652	0.000552933
222.737	0
242.421	0.000933573
263.844	0.00085777
287.16	0.000788123
312.537	0.000362065
340.156	0
370.216	0.000611311
402.933	0.000842513
438.541	0.000516069
477.295	0.00118542
519.474	0.000217833
565.381	0.000200146
615.345	0
669.724	0.000844816
728.908	0.000776221
793.323	0.000285278
863.43	0
939.732	0.000481663
1022.78	0.000442554
1113.16	0.000101655
1211.53	0.000280203
1318.6	0.000343269
1435.13	0.000157699
1561.95	0.000289788
1699.98	0.000133129
1850.21	0.00018348
2013.72	5.61939e-05
2191.67	5.16312e-05
2385.35	4.74389e-05
2596.15	0
2825.58	8.0096e-05
3075.28	0.000147185
3347.04	0
3642.83	3.10634e-05
3964.75	5.70824e-05
4315.12	5.24475e-05
4696.45	0
5111.49	0
5563.2	2.03406e-05
6054.82	5.6067e-05
6589.9	1.71715e-05
7172.26	1.57773e-05
7806.08	1.44962e-05
8495.92	0
9246.71	0
10063.9	1.12441e-05
10953.2	1.03311e-05
11921.2	9.49225e-06
12974.7	8.72151e-06
14121.2	8.01336e-06
15369.2	0
16727.4	0
18205.6	6.2156e-06
19814.4	0
21565.5	5.24722e-06
23471.2	0
25545.4	0
27802.9	0
30259.9	3.73956e-06
32934	0
35844.4	3.15694e-06
39012.1	0
42459.6	2.66509e-06
46211.8	0
50295.6	0
54740.4	0
59577.8	1.89934e-06
64842.8	0
70573.1	0
76809.7	0
83597.5	0
90985.1	0
99025.6	0
107777	0
117301	9.64686e-07
127667	8.86357e-07
138949	0
151228	0
164593	0
179138	0
194969	0
212198	0
230951	4.89969e-07
251360	0
273573	0
297749	0
324062	0
352700	0
383868	0
417791	0
454712	0
494896	0
538630	0
586230	0
638036	0
694420	0
755787	0
822577	0
