337.52	0.000263265
375.505	0.000946537
417.764	0.000425395
464.779	0.000573545
517.085	0.00068737
575.278	0.00015446
640.02	0.00027767
712.048	0.000623956
792.182	0.000224336
881.334	0.000504107
980.519	0.000362491
1090.87	0.000244367
1213.63	0.000146432
1350.22	0.000197429
1502.17	0.000118305
1671.22	0.000106338
1859.3	9.55813e-05
2068.55	8.59127e-05
2301.34	7.72221e-05
2560.34	0.000104116
2848.48	0.000218363
3169.04	5.60783e-05
3525.69	2.52028e-05
3922.47	2.26534e-05
4363.9	6.10856e-05
4855.02	3.66043e-05
5401.4	4.93523e-05
6009.28	2.95734e-05
6685.56	0
7437.95	2.38929e-05
8275.02	1.0738e-05
9206.29	9.6518e-06
10242.4	8.67546e-06
11395	0
12677.4	7.00908e-06
14104.2	6.30007e-06
15691.4	5.66278e-06
17457.4	1.01799e-05
19422	4.57508e-06
21607.8	4.11228e-06
24039.5	7.3926e-06
26744.9	6.6448e-06
29754.8	2.98632e-06
33103.4	0
36828.9	0
40973.6	0
45584.7	1.94928e-06
50714.8	0
56422.3	1.57486e-06
62772.1	1.41555e-06
69836.4	1.27236e-06
77695.8	0
86439.7	0
96167.6	0
106990	8.30517e-07
119031	0
132427	0
147330	0
163911	0
182357	0
202880	0
225712	0
251113	0
279374	0
310814	0
345793	0
384709	0
428004	0
476172	0
529760	0
589379	0
655708	0
729502	0
811600	1.09484e-07
902937	0
1.00455e+06	0
1.11761e+06	0
1.24338e+06	7.14642e-08
1.38331e+06	0
1.53899e+06	0
1.71219e+06	0
1.90488e+06	0
2.11925e+06	0
2.35775e+06	0
2.6231e+06	0
2.9183e+06	0
3.24672e+06	0
3.61211e+06	0
4.01862e+06	0
4.47087e+06	0
4.97402e+06	0
5.5338e+06	0
6.15658e+06	0
6.84944e+06	0
7.62027e+06	0
8.47786e+06	0
9.43196e+06	0
1.04934e+07	0
1.16744e+07	0
1.29882e+07	0
