181.799	0.00195508
197.143	0.000600969
213.783	0
231.827	0.00102211
251.395	0.000942558
272.613	0.000869194
295.623	0.00160308
320.575	0.000739152
347.633	0.00034081
376.975	0.000628566
408.794	0.00173893
443.298	0.00160358
480.714	0.00024646
521.288	0.000227277
565.288	0.000628761
613.001	0.000386548
664.741	0.000712921
720.848	0.000328715
781.691	0.00030313
847.669	0.000139768
919.216	0.000257778
996.802	0.000594285
1080.94	0.000328817
1172.17	0
1271.11	9.32074e-05
1378.4	8.59526e-05
1494.74	0.000158525
1620.9	0.000146186
1757.72	6.74039e-05
1906.07	0
2066.96	5.73195e-05
2241.42	0.000105716
2430.6	4.87438e-05
2635.76	0
2858.23	0.000124354
3099.47	3.82248e-05
3361.08	7.04992e-05
3644.78	0
3952.41	2.99759e-05
4286.01	2.76427e-05
4647.77	0
5040.07	2.3507e-05
5465.47	6.5032e-05
5926.78	3.99802e-05
6427.03	1.84342e-05
6969.5	0
7557.76	0
8195.67	2.89121e-05
8887.42	1.33309e-05
9637.56	1.22932e-05
10451	1.13364e-05
11333.1	0
12289.7	0
13327	0
14451.9	0
15671.7	7.55994e-06
16994.4	0
18428.8	6.42889e-06
19984.3	5.92849e-06
21671.1	5.46705e-06
23500.2	0
25483.8	0
27634.7	0
29967.2	0
32496.6	0
35239.4	3.36205e-06
38213.8	3.10037e-06
41439.2	2.85905e-06
44936.9	0
48729.8	0
52842.8	0
57303	0
62139.6	0
67384.5	0
73072	0
79239.7	0
85927.8	1.3788e-06
93180.6	0
101045	1.17251e-06
109574	1.08125e-06
118823	0
128852	0
139728	8.47914e-07
151521	0
164310	0
178179	0
193218	0
209526	0
227211	0
246389	0
267186	0
289737	0
314192	0
340712	0
369469	0
400654	0
434471	0
471143	0
510909	2.31894e-07
554033	0
