184.099	0.0010006
204.087	0
226.245	0
250.809	0.000367231
278.04	0.000662529
308.227	0
341.692	0.00107822
378.79	0.000729466
419.916	0.000219341
465.507	0.000197859
516.048	0.000356962
572.077	0.000805004
634.188	0.000726163
703.043	0.000131009
779.374	0.000236356
863.992	0.000106604
957.798	0.000192326
1061.79	8.6745e-05
1177.07	0.000234748
1304.86	0.000352929
1446.54	6.36727e-05
1603.59	0.00017231
1777.69	5.18114e-05
1970.7	9.34741e-05
2184.67	8.43194e-05
2421.86	0.000114092
2684.8	6.86119e-05
2976.3	9.28383e-05
3299.44	0.000139576
3657.67	5.03626e-05
4054.79	6.81452e-05
4495.03	4.09808e-05
4983.06	7.39344e-05
5524.08	1.66733e-05
6123.84	0
6788.72	1.35673e-05
7525.78	1.22386e-05
8342.87	1.10399e-05
9248.67	1.99174e-05
10252.8	8.98337e-06
11366	1.62071e-05
12600	0
13968	1.3188e-05
15484.6	0
17165.7	1.60968e-05
19029.5	0
21095.5	4.36608e-06
23385.9	3.93847e-06
25925	0
28739.7	0
31860	5.78184e-06
35319.1	0
39153.8	2.35239e-06
43404.8	0
48117.3	0
53341.5	0
59132.9	1.55759e-06
65553.1	0
72670.3	0
80560.3	0
89306.9	0
99003.1	0
109752	1.67842e-06
121668	0
134878	6.82876e-07
149522	0
165756	0
183752	0
203702	0
225819	0
250336	3.67924e-07
277516	0
307646	0
341048	0
378076	2.43614e-07
419125	0
464630	0
515076	0
570998	0
632993	0
701718	0
777905	0
862364	0
955992	0
1.05979e+06	0
1.17485e+06	0
1.30241e+06	0
1.44381e+06	0
1.60057e+06	0
1.77434e+06	0
1.96699e+06	0
2.18055e+06	0
2.41729e+06	0
2.67974e+06	0
2.97069e+06	0
3.29322e+06	0
3.65077e+06	0
4.04715e+06	0
4.48655e+06	0
4.97367e+06	0
