178.096	0.00120886
194.641	0
212.722	0.000506042
232.484	0.000463028
254.081	0.00127101
277.684	0
303.48	0.000709415
331.672	0.000324557
362.483	0.00029697
396.157	0.000815181
432.958	0.00024863
473.179	0.000909986
517.135	0.0010408
565.176	0.000571397
617.679	0.000174276
675.059	0.000478387
737.77	0.000437724
806.306	0.000133506
881.209	0.000366473
963.07	0.000670646
1052.54	0.000204547
1150.31	0
1257.17	8.56258e-05
1373.96	0.00031339
1501.6	0.000143376
1641.09	0.000131189
1793.54	6.00189e-05
1960.16	0.000164752
2142.25	0
2341.26	0.000137934
2558.75	0.00012621
2796.45	0.000115482
3056.23	0
3340.15	3.22281e-05
3650.43	5.89773e-05
3989.55	2.69821e-05
4360.16	2.46886e-05
4765.21	2.25901e-05
5207.88	2.06699e-05
5691.68	1.8913e-05
6220.41	5.19161e-05
6798.27	4.75032e-05
7429.81	2.89769e-05
8120.01	0
8874.33	0
9698.73	2.21981e-05
10599.7	1.01556e-05
11584.4	9.29238e-06
12660.5	0
13836.7	7.7798e-06
15122	7.11852e-06
16526.8	6.51344e-06
18062.1	0
19740	0
21573.8	4.98969e-06
23577.9	4.56556e-06
25768.2	0
28162	0
30778.2	0
33637.4	3.2002e-06
36762.2	0
40177.3	0
43909.6	0
47988.7	4.48633e-06
52446.6	0
57318.8	1.87803e-06
62643.5	0
68462.9	0
74822.8	0
81773.6	2.63279e-06
89370.1	0
97672.3	0
106746	0
116662	0
127500	0
139344	0
152288	0
166436	0
181897	0
198794	0
217262	0
237445	0
259503	0
283609	0
309956	0
338750	0
370218	0
404610	0
442197	0
483276	0
528171	0
577236	0
630859	0
689464	0
753513	0
823512	0
900014	0
983622	0
1.075e+06	1.00137e-07
1.17486e+06	0
