162.287	0.000655778
177.536	0.000599451
194.218	0
212.467	0
232.431	0.000457873
254.271	0.000418545
278.164	0.000765189
304.301	0.000699465
332.894	0.000639386
364.174	0.000292234
398.394	0.000801398
435.828	0.00122094
476.78	0.00111607
521.58	0.000204041
570.59	0.000186516
624.205	0.000511486
682.857	0.000311702
747.021	0.000284929
817.214	0.000130228
894.003	0.000357126
978.007	0.000217634
1069.9	0.000198941
1170.44	0.00027278
1280.41	0.000166234
1400.73	0.000379888
1532.34	0.000208355
1676.33	6.34863e-05
1833.84	5.80333e-05
2006.16	0.000159146
2194.67	0.000145476
2400.88	0.000132981
2626.48	8.10392e-05
2873.27	0.000185196
3143.26	0.000135431
3438.61	0
3761.72	5.65827e-05
4115.18	2.58613e-05
4501.86	4.728e-05
4924.87	4.3219e-05
5387.63	1.97534e-05
5893.87	0
6447.68	3.30115e-05
7053.53	3.01761e-05
7716.31	0
8441.36	1.26074e-05
9234.55	0
10102.3	1.05347e-05
11051.5	0
12089.9	1.76054e-05
13226	0
14468.7	7.35545e-06
15828.3	0
17315.5	6.14615e-06
18942.6	0
20722.5	0
22669.7	0
24799.8	0
27130.1	3.92273e-06
29679.3	0
32468.1	3.2778e-06
35518.9	2.99626e-06
38856.4	2.7389e-06
42507.5	0
46501.7	0
50871.2	0
55651.2	0
60880.4	0
66600.9	0
72859	0
79705.1	0
87194.5	0
95387.7	0
104351	0
114156	0
124882	0
136617	0
149454	0
163497	0
178860	0
195666	0
214052	0
234165	0
256168	4.15446e-07
280238	0
306571	0
335377	0
366890	0
401365	0
439079	0
480336	0
525470	0
574846	0
628860	0
687950	0
752593	0
823309	0
900670	0
985301	0
1.07788e+06	9.87342e-08
1.17917e+06	0
