159.075	0.000570813
176.594	0
196.042	0.000463176
217.632	0
241.6	0.000751673
268.207	0.000338552
297.745	0.00152483
330.535	0.000549424
366.937	0.0012373
407.348	0.00111455
452.209	0.000803187
502.01	0.000361754
557.297	0.000325866
618.672	0.000587077
686.806	0.000396628
762.443	0.000238187
846.411	0
939.626	9.66363e-05
1043.11	0.000348198
1157.98	0.000313655
1285.51	0.000353174
1427.09	0.000127255
1584.25	0
1758.72	5.16295e-05
1952.41	4.65076e-05
2167.43	8.37877e-05
2406.13	0
2671.11	0.000135976
2965.28	0
3291.85	2.75839e-05
3654.38	4.96949e-05
4056.83	4.4765e-05
4503.61	4.03241e-05
4999.59	1.81619e-05
5550.2	1.63601e-05
6161.44	1.47371e-05
6840	2.65503e-05
7593.29	2.39164e-05
8429.53	1.07719e-05
9357.87	0
10388.5	8.74067e-06
11532.5	2.36207e-05
12802.6	7.09246e-06
14212.6	0
15777.8	1.15101e-05
17515.4	1.03683e-05
19444.3	1.40095e-05
21585.7	4.20657e-06
23963	0
26602	0
29531.7	0
32784	0
36394.5	0
40402.6	0
44852.1	0
49791.7	0
55275.2	1.64272e-06
61362.7	0
68120.5	2.66592e-06
75622.6	0
83950.9	0
93196.4	0
103460	8.77652e-07
114854	7.90585e-07
127503	0
141545	0
157133	0
174438	0
193649	0
214976	0
238651	0
264933	0
294110	0
326501	0
362458	0
402376	2.25665e-07
446689	0
495883	0
550494	0
611120	0
678422	0
753137	0
836080	0
928157	0
1.03037e+06	0
1.14385e+06	7.93828e-08
1.26982e+06	7.15077e-08
1.40967e+06	0
1.56491e+06	0
1.73726e+06	0
1.92858e+06	0
2.14097e+06	0
2.37676e+06	0
2.63851e+06	0
2.92909e+06	0
3.25167e+06	0
3.60977e+06	0
4.00732e+06	0
4.44864e+06	2.04112e-08
4.93857e+06	0
