202.077	0.000624733
218.084	0
235.359	0.000536391
254.002	0.000994043
274.122	0.000460541
295.836	0.000426739
319.269	0.000395417
344.559	0.000366395
371.852	0.000679005
401.307	0
433.095	0.000291494
467.401	0.000540198
504.424	0.000250275
544.38	0.00046381
587.501	0.000429768
634.038	0.000199112
684.261	0.00073799
738.462	0.000683824
796.957	0.000158408
860.085	0.000293563
928.214	0.000952056
1001.74	0.000126025
1081.09	0.000116775
1166.72	0.000108204
1259.14	0.000601575
1358.88	0
1466.52	8.60846e-05
1582.68	0.000398831
1708.05	0
1843.34	0
1989.36	0.00019038
2146.94	0.000117604
2317	0
2500.53	0
2698.6	4.67814e-05
2912.36	8.66956e-05
3143.06	4.01662e-05
3392.02	0.000111654
3660.71	0
3950.68	6.39103e-05
4263.62	8.88292e-05
4601.34	0.000137182
4965.82	0
5359.17	2.35567e-05
5783.68	2.18277e-05
6241.81	2.02256e-05
6736.23	0
7269.82	0
7845.67	0
8467.14	1.49099e-05
9137.83	1.38156e-05
9861.65	5.12063e-05
10642.8	0
11485.8	0
12395.6	1.01846e-05
13377.5	9.43707e-06
14437.2	0
15580.8	8.10259e-06
16814.9	7.50788e-06
18146.9	0
19584.3	6.44621e-06
21135.6	0
22809.8	5.53467e-06
24616.6	0
26566.5	4.75202e-06
28670.8	4.40324e-06
30941.9	4.08005e-06
33392.9	0
36037.9	0
38892.6	0
41973.3	3.00773e-06
45298.1	0
48886.2	0
52758.5	0
56937.6	0
61447.7	0
66315	1.90371e-06
71568	0
77236.9	0
83355	0
89957.7	0
97083.3	0
104773	0
113073	0
122029	0
131695	0
142127	0
153385	0
165535	7.62645e-07
178647	0
192798	1.3096e-06
208070	0
224552	0
242339	5.20943e-07
261535	0
282251	4.47277e-07
304609	0
328737	0
354777	3.55842e-07
382879	0
