197.342	0.000640216
212.962	0
229.818	0.00109949
248.008	0.0020377
267.638	0.000944122
288.822	0.000437438
311.682	0.000810707
336.352	0.00112687
362.974	0.00104422
391.704	0.000322543
422.707	0.000597772
456.165	0.00138482
492.271	0.0010266
531.234	0.000475652
573.282	0.000220383
618.657	0.000408437
667.625	0.000378481
720.467	0.000701442
777.493	0
839.032	0.00030116
905.442	0.000558143
977.108	0.000517206
1054.45	0.000359453
1137.91	0.000444119
1227.97	0.000205772
1325.17	0.00028602
1430.06	0.000353389
1543.24	0.000163735
1665.39	0
1797.21	7.02986e-05
1939.46	0
2092.97	6.03647e-05
2258.63	5.59372e-05
2437.4	0.000207338
2630.32	0
2838.52	4.45097e-05
3063.19	4.12451e-05
3305.64	0
3567.28	3.54167e-05
3849.63	3.28191e-05
4154.34	3.04119e-05
4483.15	0
4838	0
5220.93	0
5634.17	4.48483e-05
6080.12	0
6561.36	0
7080.7	1.78431e-05
7641.14	3.30687e-05
8245.94	0
8898.61	1.41979e-05
9602.94	1.31565e-05
10363	1.21916e-05
11183.3	0
12068.4	0
13023.6	1.94019e-05
14054.5	0
15166.9	0
16367.4	7.71911e-06
17662.8	7.15295e-06
19060.9	0
20569.5	0
22197.6	0
23954.6	5.2742e-06
25850.6	0
27896.7	4.5289e-06
30104.7	0
32487.6	0
35059	0
37833.9	0
40828.5	3.09444e-06
44060.1	2.86748e-06
47547.5	0
51310.9	0
55372.2	0
59754.9	0
64484.5	0
69588.5	1.81555e-06
75096.5	0
81040.4	0
87454.8	0
94376.9	0
101847	0
109908	1.14952e-06
118607	0
127995	0
138126	0
149059	0
160857	0
173589	0
187329	0
202156	0
218157	0
235424	0
254058	0
274167	0
295867	0
319285	0
344557	3.66678e-07
371829	0
