93.7496	0.0018802
104.387	0
116.231	0
129.419	0.00272399
144.103	0.00428123
160.454	0.00109856
178.659	0.00147992
198.931	0.0022152
221.502	0.00119368
246.634	0.00214408
274.618	0.00320933
305.778	0.00115292
340.472	0.000258858
379.103	0.00092992
422.118	0.00104395
470.013	0.000375028
523.342	0.000168406
582.722	0.000604981
648.84	0.000543332
722.46	0.000365975
804.433	0
895.707	0
997.337	0.000265108
1110.5	0.000158729
1236.5	0.000142554
1376.8	0.000256055
1533.01	0.000114981
1706.95	5.16323e-05
1900.63	4.63709e-05
2116.28	0
2356.41	3.74019e-05
2623.77	6.71811e-05
2921.47	0
3252.96	0
3622.05	0
4033.02	4.37062e-05
4490.62	1.96262e-05
5000.14	0
5567.48	0
6199.18	0
6902.56	0
7685.75	0
8557.81	0
9528.8	0
10610	8.30671e-06
11813.8	7.46024e-06
13154.3	6.70003e-06
14646.8	6.01729e-06
16308.7	0
18159.1	4.85343e-06
20219.5	0
22513.7	0
25068.2	0
27912.5	0
31079.6	0
34605.9	0
38532.5	2.28727e-06
42904.5	0
47772.6	0
53193	0
59228.5	0
65948.8	0
73431.6	0
81763.4	1.07791e-06
91040.6	0
101370	0
112872	0
125679	0
139939	0
155817	0
173497	0
193182	0
215101	0
239508	0
266683	0
296942	0
330634	0
368149	2.39398e-07
409920	0
456431	0
508220	0
565884	0
630091	0
701584	0
781188	0
869824	0
968518	0
1.07841e+06	0
1.20077e+06	0
1.33701e+06	0
1.48872e+06	0
1.65763e+06	0
1.84571e+06	0
2.05513e+06	0
2.28831e+06	0
2.54796e+06	0
2.83706e+06	0
3.15896e+06	0
3.51739e+06	0
3.91648e+06	0
