100.06	0.00111415
109.035	0
118.816	0.000938271
129.474	0.00172207
141.088	0.00237047
153.744	0
167.534	0.00199628
182.562	0.00183195
198.938	0.00168115
216.783	0.00102851
236.229	0.000943844
257.419	0.00129922
280.51	0.000794851
305.672	0.00145884
333.091	0.00200813
362.969	0.000614276
395.528	0.00112742
431.007	0.000258654
469.669	0.0018989
511.798	0.000217824
557.707	0
607.734	0.000366877
662.248	0.000505015
721.652	0.000463444
786.385	0
856.924	0.000130095
933.791	0
1017.55	0.000109559
1108.83	0.00030162
1208.29	0.000276792
1316.68	0.000338676
1434.78	7.76994e-05
1563.48	0
1703.73	0.000130868
1856.56	0.000120095
2023.09	0
2204.56	0
2402.31	4.6406e-05
2617.8	4.2586e-05
2852.62	7.81608e-05
3108.51	3.58634e-05
3387.34	9.87338e-05
3691.19	6.04042e-05
4022.29	0
4383.09	0
4776.26	4.66816e-05
5204.7	2.14194e-05
5671.56	1.96563e-05
6180.3	0
6734.68	3.31067e-05
7338.79	0
7997.09	0
8714.43	1.27928e-05
9496.12	0
10347.9	1.07733e-05
11276.1	0
12287.6	0
13389.8	0
14590.9	0
15899.7	0
17326	6.43437e-06
18880.1	0
20573.7	0
22419.1	0
24430.2	0
26621.6	0
29009.5	3.84293e-06
31611.7	3.52659e-06
34447.3	3.2363e-06
37537.3	0
40904.4	0
44573.6	0
48571.8	0
52928.8	0
57676.5	0
62850.2	0
68487.9	0
74631.3	0
81325.8	0
88620.8	0
96570.1	0
105233	0
114672	0
124958	0
136167	0
148381	0
161691	0
176195	0
192000	0
209222	0
227990	0
248441	0
270726	0
295010	3.77891e-07
321473	0
350310	0
381733	0
415974	0
453288	2.4594e-07
493948	0
