95.9004	0.00133008
103.419	0.00123338
111.527	0.00228744
120.27	0.00212115
129.699	0.000983472
139.867	0.000911975
150.832	0.00169135
162.657	0.00235259
175.409	0.00145438
189.16	0.00134864
203.99	0.0018759
219.982	0.000579842
237.229	0.00107538
255.827	0.0004986
275.883	0.000462353
297.511	0.000857481
320.835	0.00198786
345.988	0.00110601
373.113	0.0010256
402.364	0.0022191
433.908	0.00176381
467.925	0.000272597
504.61	0
544.17	0
586.831	0.000434725
632.837	0.000604682
682.45	0.000186908
735.953	0.000519959
793.649	0.00016072
855.87	0.000149036
922.968	0.000138201
995.326	0.000640771
1073.36	0.000118838
1157.51	0.000110198
1248.25	0.000102187
1346.11	9.47583e-05
1451.64	0
1565.45	8.14816e-05
1688.17	7.5558e-05
1820.52	7.00651e-05
1963.25	0
2117.16	6.02482e-05
2283.14	0
2462.13	0.000103613
2655.16	0
2863.32	4.4548e-05
3087.79	4.13095e-05
3329.87	7.66127e-05
3590.92	0
3872.44	0
4176.03	3.05446e-05
4503.42	0
4856.48	2.62649e-05
5237.21	0
5647.8	0
6090.57	2.0943e-05
6568.06	0
7082.98	1.80087e-05
7638.26	3.3399e-05
8237.08	1.54855e-05
8882.85	0
9579.24	0
10330.2	0
11140.1	0
12013.5	1.06177e-05
12955.3	0
13970.9	0
15066.2	8.4663e-06
16247.4	7.85081e-06
17521.1	0
18894.7	0
20376	1.87802e-05
21973.5	0
23696.1	0
25553.9	0
27557.2	0
29717.6	0
32047.4	0
34559.9	0
37269.3	0
40191.1	0
43342	0
46739.9	2.72904e-06
50404.1	0
54355.7	0
58617	0
63212.5	0
68168.2	0
73512.4	1.73515e-06
79275.6	0
85490.6	0
92192.8	0
99420.5	1.28299e-06
107215	0
115620	0
124685	0
134459	0
145001	0
156368	0
168627	0
