106.056	0.00127282
113.912	0.00237006
122.351	0.0022066
131.415	0.0010272
141.15	0.00191271
151.606	0.00267119
162.837	0.00248695
174.9	0.00231543
187.857	0.00215573
201.773	0.00200705
216.72	0.0024915
232.775	0.00115983
250.019	0.00107983
268.54	0.000502679
288.434	0
309.801	0.000871459
332.751	0.00202839
357.401	0.000377697
383.877	0.00175824
412.315	0.000327394
442.859	0.000304814
475.666	0.000851371
510.903	0.000792652
548.751	0.000491988
589.402	0.000229028
633.065	0.000639694
679.962	0.000595574
730.334	0.000369665
784.437	0
842.548	0.000320431
904.964	0.000298331
972.004	0
1044.01	0.000129299
1121.35	0.000240762
1204.42	0.000112078
1293.64	0.000104348
1389.48	9.71514e-05
1492.41	0.000180902
1602.96	0
1721.71	0.000156808
1849.26	0
1986.25	6.7962e-05
2133.39	6.32746e-05
2291.43	5.89105e-05
2461.18	5.48474e-05
2643.5	0
2839.33	0
3049.67	0
3275.59	8.24214e-05
3518.25	0
3778.88	0
4058.82	0
4359.49	6.19289e-05
4682.45	0
5029.32	0
5401.89	0
5802.06	2.32658e-05
6231.88	0
6693.54	0
7189.39	1.87762e-05
7721.98	0
8294.03	0
8908.45	1.5153e-05
9568.38	1.41079e-05
10277.2	0
11038.5	0
11856.3	2.2771e-05
12734.6	0
13678	9.86911e-06
14691.2	0
15779.6	0
16948.5	7.96468e-06
18204	0
19552.6	0
21001.1	0
22556.8	0
24227.8	0
26022.6	0
27950.4	9.65922e-06
30020.9	0
32244.9	0
34633.6	0
37199.2	0
39954.9	0
42914.8	0
46093.9	2.92857e-06
49508.5	0
53176.1	0
57115.4	0
61346.5	0
65891	0
70772.2	0
76015	0
81646.2	0
87694.6	0
94191	0
101169	2.6686e-06
108663	0
116713	1.15659e-06
125359	0
