86.6291	0.00143327
93.6062	0
101.145	0
109.291	0.00113608
118.093	0.0010514
127.605	0.000973031
137.882	0.00180101
148.987	0.000833385
160.986	0.0023138
173.952	0.000713781
187.961	0
203.1	0.00183402
219.457	0.00282887
237.132	0.00209442
256.23	0.00145373
276.867	0.000448458
299.166	0.0012451
323.26	0.00307278
349.295	0.000355468
377.427	0
407.825	0.000608905
440.671	0.00112704
476.162	0.000782276
514.511	0.000723968
555.95	0.000223335
600.725	0.000620067
649.107	0
701.386	0.000708103
757.875	0.000327662
818.913	0.000606478
884.868	0
956.134	0.000259719
1033.14	0.000240361
1116.35	0
1206.26	0.000308798
1303.41	0
1408.38	0
1521.81	0
1644.38	7.55077e-05
1776.82	6.98796e-05
1919.92	0.000129342
2074.55	0
2241.63	0.000110779
2422.17	0
2617.25	4.74404e-05
2828.04	4.39044e-05
3055.81	4.06319e-05
3301.92	0
3567.85	0
3855.21	0
4165.7	2.98061e-05
4501.2	0
4863.73	0
5255.45	2.36257e-05
5678.71	0
6136.07	0
6630.27	1.87267e-05
7164.26	1.73309e-05
7741.26	3.20783e-05
8364.74	0
9038.43	0
9766.37	1.27133e-05
10552.9	1.17657e-05
11402.9	1.08888e-05
12321.3	1.00772e-05
13313.6	0
14385.9	8.63093e-06
15544.5	7.98761e-06
16796.4	1.47845e-05
18149.2	0
19610.9	0
21190.4	5.85943e-06
22897	0
24741.1	0
26733.7	0
28886.8	0
31213.4	3.97789e-06
33727.3	0
36443.6	0
39378.8	3.15305e-06
42550.3	0
45977.3	0
49680.2	0
53681.4	0
58004.9	0
62676.5	1.98102e-06
67724.4	0
73178.9	0
79072.7	0
85441.1	0
92322.5	0
99758	0
107792	0
116474	0
125855	0
135991	0
146943	0
158778	0
171566	7.23706e-07
185384	0
