99.7288	0.00201541
109.652	0
120.563	0.00166713
132.56	0
145.75	0.00137903
160.253	0.00125423
176.199	0.00114072
193.732	0.00259371
213.01	0.00188718
234.205	0.00171639
257.51	0.000390265
283.134	0.000354946
311.307	0.00096847
342.284	0.000880823
376.343	0.00106815
413.791	0.000971478
454.965	0.000883559
500.236	0
550.013	0.00109631
604.742	0.000830909
664.917	0.000302285
731.08	0.000549856
803.826	0.000250047
883.811	0.000227418
971.755	0.000206836
1068.45	0.000282176
1174.77	8.55465e-05
1291.66	0
1420.19	0
1561.51	6.43591e-05
1716.88	0
1887.72	5.32372e-05
2075.56	9.68385e-05
2282.09	8.80746e-05
2509.17	0.00020026
2758.85	0.000109282
3033.37	0
3335.2	3.01322e-05
3667.07	2.74053e-05
4031.97	2.49251e-05
4433.17	4.53387e-05
4874.29	0
5359.31	1.87519e-05
5892.59	0
6478.94	0
7123.62	1.41076e-05
7832.46	1.28308e-05
8611.83	0
9468.76	1.06135e-05
10411	0
11446.9	0
12585.9	7.98488e-06
13838.3	7.26225e-06
15215.3	0
16729.3	0
18393.9	5.4636e-06
20224.2	0
22236.6	4.51944e-06
24449.3	0
26882.1	0
29557.1	0
32498.1	3.0924e-06
35731.9	0
39287.4	0
43196.7	0
47495	0
52221	0
57417.3	0
63130.6	0
69412.4	0
76319.3	0
83913.5	0
92263.4	0
101444	0
111538	0
122637	0
134840	0
148257	0
163010	0
179230	0
197064	0
216673	0
238233	0
261939	3.83666e-07
288003	0
316661	0
348171	0
382815	0
420908	0
462790	0
508840	0
559473	0
615143	0
676353	0
743654	0
817651	0
899012	0
988469	0
1.08683e+06	0
1.19497e+06	0
