115.179	0.00317336
124.632	0.00293265
134.862	0.0018068
145.931	0.0033395
157.909	0.00231464
170.87	0.00142605
184.895	0
200.071	0.00365374
216.492	0.0016883
234.261	0.00208031
253.489	0.00144189
274.295	0.000888344
296.809	0.00123144
321.171	0.000758689
347.532	0.00070114
376.057	0.000647957
406.923	0.00119762
440.323	0
476.464	0.000767116
515.572	0.000236309
557.889	0.00109192
603.68	0
653.229	0.000186511
706.845	0.000344727
764.862	0.000318579
827.641	0.000294414
895.573	0.000272082
969.08	0
1048.62	0.000348556
1134.69	0
1227.82	9.92279e-05
1328.6	9.17012e-05
1437.65	0
1555.65	0.000234952
1683.34	0.000144753
1821.5	0.000133773
1971.01	6.18132e-05
2132.79	5.71245e-05
2307.84	5.27914e-05
2497.27	9.75741e-05
2702.24	0
2924.04	4.16665e-05
3164.04	3.8506e-05
3423.74	7.11704e-05
3704.75	0
4008.84	0
4337.88	0
4693.92	2.59558e-05
5079.19	2.3987e-05
5496.09	2.21675e-05
5947.2	0
6435.34	1.89321e-05
6963.54	0
7535.1	0
8153.57	1.49425e-05
8822.8	0
9546.96	1.27616e-05
10330.6	0
11178.5	0
12096	0
13088.8	0
14163.1	0
15325.6	0
16583.5	7.34671e-06
17944.7	0
19417.6	0
21011.3	0
22735.9	0
24602	0
26621.3	9.15314e-06
28806.4	4.22942e-06
31170.8	0
33729.2	0
36497.7	0
39493.3	0
42734.9	0
46242.5	2.63468e-06
50038.1	0
54145.1	0
58589.3	0
63398.2	0
68601.8	1.77596e-06
74232.6	0
80325.5	0
86918.5	0
94052.6	0
101772	0
110126	0
119165	0
128946	0
139529	0
150982	0
163374	0
176783	0
191294	0
206995	0
223984	0
242369	0
262262	4.64552e-07
283788	0
