90.6866	0.00132285
98.246	0.00244212
106.436	0.00112711
115.308	0.00104038
124.92	0.00192067
135.333	0.00265932
146.614	0.0024547
158.835	0.00151055
172.075	0.000697162
186.419	0.00128704
201.959	0.00178201
218.794	0.0021932
237.032	0.00101222
256.791	0.00186867
278.196	0.00172489
301.386	0.00119413
326.509	0.000734831
353.726	0.00169573
383.212	0.00093915
415.156	0.000577925
449.762	0.000533457
487.254	0.000738616
527.87	0.000227261
571.872	0.000629325
619.542	0.000580902
671.186	0.000536205
727.135	0.000164982
787.747	0.000304576
853.413	0.000421711
924.551	0.000129754
1001.62	0
1085.11	0.00022111
1175.57	0.000102048
1273.56	9.41962e-05
1379.72	0
1494.73	8.02582e-05
1619.33	7.40828e-05
1754.31	0
1900.55	0.000126242
2058.97	0.000116528
2230.61	5.37811e-05
2416.55	4.96429e-05
2617.98	9.16464e-05
2836.21	0
3072.64	3.90429e-05
3328.76	3.60387e-05
3606.24	0
3906.85	0
4232.52	2.83435e-05
4585.34	2.61626e-05
4967.56	2.41496e-05
5381.65	0
5830.25	2.05762e-05
6316.25	0
6842.76	0
7413.16	4.85479e-05
8031.1	0
8700.56	0
9425.82	0
10211.5	0
11062.8	0
11984.9	1.00096e-05
12984	0
14066.3	0
15238.8	0
16509.1	0
17885.3	0
19376.1	0
20991.3	5.71496e-06
22741.1	0
24636.7	4.86933e-06
26690.4	0
28915.3	0
31325.6	0
33936.8	0
36765.7	0
39830.4	0
43150.6	0
46747.6	0
50644.4	0
54866	0
59439.5	2.01826e-06
64394.3	0
69762	0
75577.3	0
81877.2	0
88702.4	0
96096.4	0
104107	0
112785	0
122186	0
132372	0
143406	0
155360	0
168310	0
182341	0
197540	0
214007	0
231846	5.17432e-07
251172	0
