97.5456	0.00236702
105.995	0
115.176	0
125.153	0.00092244
135.994	0.00169781
147.774	0.00312494
160.574	0.00143792
174.483	0.00264659
189.597	0.00182671
206.02	0.00336219
223.865	0.00360986
243.256	0.00427127
264.327	0.000873508
287.224	0.00120581
312.103	0.000369897
339.138	0.00136164
368.514	0.000939824
400.435	0.000288302
435.121	0.0013266
472.811	0.000732509
513.766	0
558.269	0
606.626	0.000190308
659.173	0.000175138
716.27	0.000322353
778.314	0
845.732	0.000136504
918.99	0.000125623
998.593	0.000231217
1085.09	0.000106393
1179.08	0
1281.22	9.01067e-05
1392.2	0.000248771
1512.79	0
1643.83	7.02301e-05
1786.22	0.000129263
1940.94	5.94795e-05
2109.06	0.000109476
2291.75	0.000100749
2490.26	4.6359e-05
2705.97	0
2940.36	7.8525e-05
3195.06	0
3471.82	0
3772.55	3.06016e-05
4099.33	0
4454.42	0
4840.26	0
5259.52	0
5715.11	0
6210.15	0
6748.08	0
7332.6	0
7967.75	1.44892e-05
8657.93	0
9407.88	2.45424e-05
10222.8	0
11108.3	1.03928e-05
12070.5	9.56432e-06
13116.1	0
14252.2	0
15486.7	0
16828.2	0
18285.8	0
19869.8	0
21590.9	5.34698e-06
23461.1	0
25493.3	0
27701.6	0
30101.1	0
32708.5	0
35541.7	3.24819e-06
38620.3	0
41965.6	2.75097e-06
45600.7	0
49550.7	0
53842.8	2.14413e-06
58506.7	0
63574.6	1.81592e-06
69081.4	1.67116e-06
75065.3	1.53794e-06
81567.5	0
88632.9	0
96310.3	0
104653	0
113718	0
123568	0
134272	0
145902	0
158540	0
172273	0
187196	0
203411	0
221030	0
240176	0
260980	0
283586	0
308151	0
334843	3.44777e-07
363847	0
