117.459	0.00405966
124.849	0.00381937
132.704	0.00119777
141.053	0
149.927	0.00318052
159.359	0.00299227
169.385	0
180.041	0.00176568
191.369	0.00249176
203.408	0.000781425
216.205	0.00147035
229.808	0.000691658
244.266	0.00195216
259.633	0.00244881
275.968	0.00115193
293.33	0.000541876
311.784	0.000509802
331.4	0.000479627
352.249	0
374.41	0.000424529
397.966	0.00119821
423.003	0.000751522
449.616	0.00070704
477.903	0.000997786
507.97	0.000938727
539.928	0
573.896	0
610.002	0
648.38	0.000245147
689.172	0
732.53	0.000216985
778.616	0.000204142
827.601	0.000192059
879.669	0
935.012	0.000339992
993.837	0.000159934
1056.36	0.00060187
1122.82	0.000141561
1193.46	0.000133182
1268.55	0.000501197
1348.36	0.000117883
1433.19	0.000221811
1523.35	0
1619.19	0.000294495
1721.06	0
1829.34	8.68883e-05
1944.43	8.17454e-05
2066.76	0.000153814
2196.79	0.00014471
2335	6.80721e-05
2481.9	6.4043e-05
2638.05	0.000180757
2804.01	0.000113372
2980.42	0
3167.93	0
3367.24	4.72043e-05
3579.08	4.44103e-05
3804.26	0
4043.6	0
4297.99	0
4568.4	0
4855.81	0
5161.31	0
5486.02	0
5831.17	2.72584e-05
6198.03	2.5645e-05
6587.97	4.82541e-05
7002.44	2.2699e-05
7442.99	2.13554e-05
7911.25	0
8408.98	0
8938.02	0
9500.34	0
10098	0
10733.3	0
11408.6	1.39323e-05
12126.4	1.31077e-05
12889.3	1.23318e-05
13700.2	0
14562.1	0
15478.3	0
16452.1	0
17487.1	0
18587.3	8.55144e-06
19756.7	0
20999.7	0
22320.8	7.12107e-06
23725.1	0
25217.7	0
26804.3	5.92996e-06
28490.6	0
30283.1	0
32188.3	0
34213.4	0
36365.9	0
38653.8	0
41085.6	0
43670.5	3.63972e-06
46417.9	0
49338.2	0
