95.9133	0.00237921
104.319	0.00218749
113.462	0.00100561
123.407	0.000924579
134.222	0.000850076
145.986	0.0031263
158.781	0.00215579
172.697	0.00198207
187.832	0.0012149
204.295	0.00223401
222.2	0.001027
241.674	0.0023606
262.855	0.00217038
285.892	0.00119729
310.949	0.000733877
338.201	0.000674741
367.842	0.000620369
400.081	0.00028519
435.146	0.000524418
473.283	0.00144648
514.763	0
559.878	0.000407585
608.948	0.000187371
662.318	0.000172272
720.366	0.000316781
783.501	0.000291254
852.169	0.000133892
926.856	0.000123103
1008.09	0.000339551
1096.44	0
1192.54	0.000287033
1297.05	0
1410.73	8.08793e-05
1534.37	0
1668.85	0.00013674
1815.11	6.28606e-05
1974.2	0
2147.22	0.000106276
2335.41	0
2540.09	0
2762.71	4.12996e-05
3004.85	3.79717e-05
3268.2	0
3554.64	6.41973e-05
3866.18	2.95121e-05
4205.02	5.4268e-05
4573.56	2.49475e-05
4974.4	0
5410.37	0
5884.56	0
6400.3	1.78272e-05
6961.24	1.63906e-05
7571.34	1.50699e-05
8234.92	1.38555e-05
8956.65	1.2739e-05
9741.64	0
10595.4	1.07687e-05
11524	1.98019e-05
12534.1	9.10313e-06
13632.6	0
14827.4	0
16126.9	0
17540.3	0
19077.6	5.98079e-06
20749.6	0
22568.2	0
24546.1	4.64835e-06
26697.4	4.27379e-06
29037.3	0
31582.2	0
34350.1	0
37360.7	3.05399e-06
40635.1	0
44196.5	0
48070	0
52283	0
56865.3	0
61849.1	0
67269.8	0
73165.5	1.55947e-06
79578	0
86552.4	1.31827e-06
94138.2	0
102389	0
111362	0
121123	0
131738	0
143284	0
155842	0
169500	0
184356	0
200513	0
218087	5.23181e-07
237201	0
257990	0
280601	0
305194	0
331942	0
361034	0
392676	0
