100.872	0.000981031
111.065	0.00356398
122.289	0
134.646	0.0014699
148.253	0.001335
163.234	0.00303119
179.729	0.00275299
197.891	0.00200026
217.889	0.00136251
239.907	0.00247493
264.15	0.00112389
290.843	0.00170124
320.233	0.000618042
352.593	0.000561319
388.224	0.000764704
427.455	0.000694521
470.65	0.00021026
518.21	0.000381925
570.576	0.000520309
628.235	0.000472556
691.719	0.000143062
761.619	0.000389796
838.582	0.000118007
923.323	0.000107177
1016.63	0.000292021
1119.36	0.000176813
1232.47	0.000321171
1357.02	0.000145847
1494.15	0.000198693
1645.13	0
1811.38	0
1994.42	0
2195.96	4.50639e-05
2417.87	0.000163712
2662.2	0.000111515
2931.22	3.37602e-05
3227.43	0
3553.57	2.78477e-05
3912.66	2.52919e-05
4308.05	0
4743.39	0
5222.72	0
5750.48	0
6331.58	1.56294e-05
6971.4	2.83899e-05
7675.88	0
8451.54	0
9305.59	0
10245.9	9.65833e-06
11281.3	0
12421.3	0
13676.5	0
15058.6	0
16580.3	0
18255.7	5.42069e-06
20100.5	0
22131.7	0
24368.2	4.06098e-06
26830.7	0
29542	0
32527.2	3.04233e-06
35814.2	0
39433.3	0
43418.1	0
47805.6	0
52636.5	0
57955.5	1.70749e-06
63812	1.55078e-06
70260.4	0
77360.4	0
85177.8	0
93785.2	0
103262	0
113697	0
125187	0
137837	0
151766	0
167102	0
183988	0
202581	0
223052	0
245592	0
270409	0
297735	0
327822	0
360949	0
397423	0
437584	0
481803	0
530490	0
584097	0
643122	0
708110	0
779667	0
858454	0
945202	0
1.04072e+06	0
1.14588e+06	0
1.26168e+06	0
1.38917e+06	0
