   1.3489600e+02   2.0001246e-02
   1.4513200e+02   0.0000000e+00
   1.5614400e+02   9.9995433e-03
   1.6799100e+02   0.0000000e+00
   1.8073800e+02   9.9995333e-03
   1.9445100e+02   0.0000000e+00
   2.0920600e+02   1.9999186e-02
   2.2507900e+02   0.0000000e+00
   2.4215700e+02   0.0000000e+00
   2.6053100e+02   0.0000000e+00
   2.8029900e+02   0.0000000e+00
   3.0156700e+02   0.0000000e+00
   3.2444900e+02   1.0000078e-02
   3.4906700e+02   9.9997296e-03
   3.7555200e+02   0.0000000e+00
   4.0404800e+02   0.0000000e+00
   4.3470500e+02   0.0000000e+00
   4.6768900e+02   0.0000000e+00
   5.0317500e+02   3.0000104e-02
   5.4135400e+02   1.0000075e-02
   5.8243000e+02   3.9999682e-02
   6.2662200e+02   3.0000337e-02
   6.7416800e+02   1.9999953e-02
   7.2532100e+02   9.9999530e-03
   7.8035500e+02   9.9999769e-03
   8.3956500e+02   0.0000000e+00
   9.0326800e+02   9.9999507e-03
   9.7180400e+02   0.0000000e+00
   1.0455400e+03   2.9999512e-02
   1.1248700e+03   0.0000000e+00
   1.2102200e+03   1.0000379e-02
   1.3020500e+03   2.9998769e-02
   1.4008400e+03   1.9999952e-02
   1.5071300e+03   1.0000427e-02
   1.6214900e+03   1.9999757e-02
   1.7445200e+03   1.0000223e-02
   1.8768900e+03   9.9999732e-03
   2.0193000e+03   1.9999267e-02
   2.1725100e+03   2.0001086e-02
   2.3373600e+03   1.9998986e-02
   2.5147000e+03   2.0000513e-02
   2.7055100e+03   3.9999424e-02
   2.9107900e+03   3.0000076e-02
   3.1316500e+03   4.0000476e-02
   3.3692700e+03   0.0000000e+00
   3.6249100e+03   0.0000000e+00
   3.8999600e+03   0.0000000e+00
   4.1958700e+03   1.0000161e-02
   4.5142400e+03   2.9999854e-02
   4.8567600e+03   4.9999805e-02
   5.2252700e+03   1.9999890e-02
   5.6217400e+03   0.0000000e+00
   6.0482900e+03   2.0000009e-02
   6.5072100e+03   0.0000000e+00
   7.0009500e+03   0.0000000e+00
   7.5321600e+03   9.9999962e-03
   8.1036700e+03   1.9999938e-02
   8.7185400e+03   1.0000018e-02
   9.3800700e+03   1.0000162e-02
   1.0091800e+04   9.9996592e-03
   1.0857500e+04   9.9996963e-03
   1.1681300e+04   1.0000808e-02
   1.2567700e+04   0.0000000e+00
   1.3521200e+04   0.0000000e+00
   1.4547200e+04   0.0000000e+00
   1.5651000e+04   9.9997475e-03
   1.6838500e+04   0.0000000e+00
   1.8116100e+04   1.0000160e-02
   1.9490700e+04   0.0000000e+00
   2.0969600e+04   1.0000095e-02
   2.2560700e+04   9.9999419e-03
   2.4272500e+04   0.0000000e+00
   2.6114200e+04   0.0000000e+00
   2.8095600e+04   2.0000207e-02
   3.0227400e+04   9.9998664e-03
   3.2520900e+04   2.0000392e-02
   3.4988500e+04   1.0000074e-02
   3.7643300e+04   9.9999561e-03
   4.0499500e+04   0.0000000e+00
   4.3572400e+04   0.0000000e+00
   4.6878500e+04   1.9999737e-02
   5.0435400e+04   2.0000336e-02
   5.4262300e+04   0.0000000e+00
   5.8379500e+04   0.0000000e+00
   6.2809100e+04   0.0000000e+00
   6.7574800e+04   0.0000000e+00
   7.2702000e+04   0.0000000e+00
   7.8218400e+04   1.0000010e-02
   8.4153300e+04   0.0000000e+00
   9.0538500e+04   1.0000016e-02
   9.7408200e+04   1.9999653e-02
   1.0479900e+05   0.0000000e+00
   1.1275100e+05   0.0000000e+00
   1.2130600e+05   0.0000000e+00
   1.3051000e+05   1.0000446e-02
   1.4041300e+05   0.0000000e+00
   1.5106700e+05   0.0000000e+00
   1.6252900e+05   9.9999818e-03
   1.7486100e+05   1.0000211e-02
