   1.3617300e+02   3.0001090e-02
   1.4746400e+02   0.0000000e+00
   1.5969100e+02   9.9996159e-03
   1.7293100e+02   0.0000000e+00
   1.8726900e+02   0.0000000e+00
   2.0279700e+02   0.0000000e+00
   2.1961100e+02   1.0000146e-02
   2.3782000e+02   1.0000254e-02
   2.5753900e+02   9.9998021e-03
   2.7889200e+02   0.0000000e+00
   3.0201600e+02   0.0000000e+00
   3.2705700e+02   1.0000196e-02
   3.5417500e+02   0.0000000e+00
   3.8354000e+02   1.0000111e-02
   4.1534100e+02   0.0000000e+00
   4.4977800e+02   3.0000242e-02
   4.8707100e+02   2.0000106e-02
   5.2745600e+02   9.9999440e-03
   5.7118900e+02   2.0000270e-02
   6.1854900e+02   1.0000001e-02
   6.6983500e+02   1.9999900e-02
   7.2537300e+02   0.0000000e+00
   7.8551600e+02   2.0000055e-02
   8.5064600e+02   9.9999550e-03
   9.2117600e+02   2.0000038e-02
   9.9755400e+02   9.9994035e-03
   1.0802600e+03   4.0000618e-02
   1.1698300e+03   2.0001012e-02
   1.2668300e+03   4.0001018e-02
   1.3718700e+03   1.9998904e-02
   1.4856100e+03   1.0000220e-02
   1.6087900e+03   1.9999963e-02
   1.7421800e+03   3.9999938e-02
   1.8866300e+03   0.0000000e+00
   2.0430600e+03   1.9999200e-02
   2.2124500e+03   1.0000410e-02
   2.3959000e+03   0.0000000e+00
   2.5945500e+03   1.9999706e-02
   2.8096700e+03   3.9999931e-02
   3.0426300e+03   1.0000177e-02
   3.2949100e+03   0.0000000e+00
   3.5681000e+03   9.9998653e-03
   3.8639400e+03   2.0000426e-02
   4.1843200e+03   1.9999612e-02
   4.5312500e+03   1.0000198e-02
   4.9069600e+03   2.9999776e-02
   5.3138100e+03   0.0000000e+00
   5.7544000e+03   0.0000000e+00
   6.2315100e+03   0.0000000e+00
   6.7481900e+03   3.0000176e-02
   7.3077100e+03   1.9999729e-02
   7.9136100e+03   1.0000054e-02
   8.5697600e+03   9.9999965e-03
   9.2803100e+03   2.0000661e-02
   1.0049800e+04   1.9998550e-02
   1.0883000e+04   1.0000577e-02
   1.1785400e+04   1.0000372e-02
   1.2762600e+04   9.9991614e-03
   1.3820700e+04   1.0000638e-02
   1.4966700e+04   0.0000000e+00
   1.6207600e+04   0.0000000e+00
   1.7551400e+04   1.0000327e-02
   1.9006700e+04   1.9999904e-02
   2.0582600e+04   1.0000147e-02
   2.2289200e+04   9.9996019e-03
   2.4137200e+04   2.0000951e-02
   2.6138600e+04   1.9999637e-02
   2.8305800e+04   0.0000000e+00
   3.0652700e+04   2.0000587e-02
   3.3194300e+04   0.0000000e+00
   3.5946500e+04   0.0000000e+00
   3.8927000e+04   0.0000000e+00
   4.2154500e+04   1.0000047e-02
   4.5649700e+04   1.0000046e-02
   4.9434700e+04   0.0000000e+00
   5.3533500e+04   9.9998995e-03
   5.7972100e+04   1.0000051e-02
   6.2778800e+04   0.0000000e+00
   6.7984000e+04   0.0000000e+00
   7.3620800e+04   0.0000000e+00
   7.9725000e+04   0.0000000e+00
   8.6335300e+04   9.9999304e-03
   9.3493600e+04   0.0000000e+00
   1.0124600e+05   0.0000000e+00
   1.0964000e+05   0.0000000e+00
   1.1873100e+05   9.9996336e-03
   1.2857500e+05   0.0000000e+00
   1.3923600e+05   0.0000000e+00
   1.5078000e+05   0.0000000e+00
   1.6328200e+05   0.0000000e+00
   1.7682000e+05   0.0000000e+00
   1.9148100e+05   0.0000000e+00
   2.0735800e+05   0.0000000e+00
   2.2455000e+05   0.0000000e+00
   2.4316900e+05   0.0000000e+00
   2.6333100e+05   0.0000000e+00
   2.8516400e+05   2.9999980e-02
   3.0880800e+05   0.0000000e+00
   3.3441300e+05   9.9998812e-03
