   1.1993800e+02   2.0000453e-02
   1.3102700e+02   1.9998442e-02
   1.4314000e+02   2.0000147e-02
   1.5637400e+02   2.0000763e-02
   1.7083200e+02   9.9999237e-03
   1.8662600e+02   1.9999629e-02
   2.0388000e+02   1.0000208e-02
   2.2273000e+02   9.9998459e-03
   2.4332200e+02   4.0001466e-02
   2.6581900e+02   2.9999923e-02
   2.9039500e+02   2.9999687e-02
   3.1724300e+02   1.9999716e-02
   3.4657300e+02   1.9999911e-02
   3.7861500e+02   3.0000335e-02
   4.1362000e+02   0.0000000e+00
   4.5186100e+02   9.9998793e-03
   4.9363700e+02   2.0000059e-02
   5.3927600e+02   2.0000240e-02
   5.8913500e+02   1.9999629e-02
   6.4360200e+02   3.0000132e-02
   7.0310600e+02   9.9999792e-03
   7.6811100e+02   3.0000354e-02
   8.3912700e+02   2.9999721e-02
   9.1670700e+02   0.0000000e+00
   1.0014600e+03   3.0000271e-02
   1.0940500e+03   3.0000180e-02
   1.1952000e+03   1.9999727e-02
   1.3057000e+03   2.0000407e-02
   1.4264200e+03   0.0000000e+00
   1.5583000e+03   2.9999696e-02
   1.7023700e+03   1.9999862e-02
   1.8597600e+03   9.9998413e-03
   2.0317000e+03   2.0000076e-02
   2.2195400e+03   1.0000191e-02
   2.4247500e+03   1.0000087e-02
   2.6489300e+03   9.9998303e-03
   2.8938300e+03   1.0000109e-02
   3.1613800e+03   2.9999619e-02
   3.4536600e+03   0.0000000e+00
   3.7729600e+03   1.0000084e-02
   4.1217900e+03   1.0000073e-02
   4.5028700e+03   1.0000016e-02
   4.9191800e+03   2.0000057e-02
   5.3739800e+03   1.9999748e-02
   5.8708200e+03   9.9999616e-03
   6.4136000e+03   1.0000083e-02
   7.0065700e+03   0.0000000e+00
   7.6543600e+03   9.9998725e-03
   8.3620300e+03   0.0000000e+00
   9.1351400e+03   9.9999961e-03
   9.9797200e+03   1.0000098e-02
   1.0902400e+04   0.0000000e+00
   1.1910400e+04   9.9994304e-03
   1.3011500e+04   3.0000775e-02
   1.4214500e+04   2.0000153e-02
   1.5528700e+04   0.0000000e+00
   1.6964400e+04   1.9999609e-02
   1.8532800e+04   9.9997965e-03
   2.0246200e+04   0.0000000e+00
   2.2118100e+04   0.0000000e+00
   2.4163000e+04   1.0000121e-02
   2.6397000e+04   0.0000000e+00
   2.8837500e+04   0.0000000e+00
   3.1503600e+04   0.0000000e+00
   3.4416300e+04   0.0000000e+00
   3.7598200e+04   0.0000000e+00
   4.1074300e+04   1.0000033e-02
   4.4871800e+04   0.0000000e+00
   4.9020400e+04   0.0000000e+00
   5.3552500e+04   0.0000000e+00
   5.8503700e+04   0.0000000e+00
   6.3912600e+04   2.0000015e-02
   6.9821600e+04   0.0000000e+00
   7.6276900e+04   9.9999483e-03
   8.3329000e+04   0.0000000e+00
   9.1033200e+04   0.0000000e+00
   9.9449600e+04   0.0000000e+00
   1.0864400e+05   0.0000000e+00
   1.1868900e+05   0.0000000e+00
   1.2966200e+05   0.0000000e+00
   1.4165000e+05   0.0000000e+00
   1.5474600e+05   0.0000000e+00
   1.6905300e+05   0.0000000e+00
   1.8468200e+05   0.0000000e+00
   2.0175700e+05   0.0000000e+00
   2.2041000e+05   0.0000000e+00
   2.4078800e+05   0.0000000e+00
   2.6305000e+05   0.0000000e+00
   2.8737000e+05   0.0000000e+00
   3.1393900e+05   0.0000000e+00
   3.4296400e+05   0.0000000e+00
   3.7467200e+05   0.0000000e+00
   4.0931200e+05   0.0000000e+00
   4.4715500e+05   0.0000000e+00
   4.8849600e+05   1.0000123e-02
   5.3366000e+05   0.0000000e+00
   5.8299900e+05   0.0000000e+00
   6.3690000e+05   0.0000000e+00
   6.9578400e+05   9.9999806e-03
