   1.1079200e+02   2.0000217e-02
   1.2111400e+02   1.0000400e-02
   1.3239800e+02   0.0000000e+00
   1.4473200e+02   2.0000143e-02
   1.5821600e+02   1.9999822e-02
   1.7295600e+02   2.0000697e-02
   1.8907000e+02   0.0000000e+00
   2.0668400e+02   3.0000463e-02
   2.2594000e+02   2.0000342e-02
   2.4699000e+02   1.0000120e-02
   2.7000100e+02   1.9999593e-02
   2.9515500e+02   3.0000043e-02
   3.2265300e+02   2.0000090e-02
   3.5271300e+02   0.0000000e+00
   3.8557300e+02   1.0000038e-02
   4.2149500e+02   2.0000251e-02
   4.6076400e+02   2.0000033e-02
   5.0369100e+02   9.9999775e-03
   5.5061700e+02   1.9999962e-02
   6.0191500e+02   9.9999871e-03
   6.5799200e+02   3.0000157e-02
   7.1929400e+02   0.0000000e+00
   7.8630600e+02   5.0000004e-02
   8.5956200e+02   2.0000070e-02
   9.3964300e+02   9.9994390e-03
   1.0271800e+03   8.0002233e-02
   1.1228800e+03   3.0001982e-02
   1.2275000e+03   2.9997550e-02
   1.3418500e+03   4.0002149e-02
   1.4668700e+03   2.9999877e-02
   1.6035300e+03   0.0000000e+00
   1.7529200e+03   0.0000000e+00
   1.9162300e+03   3.0000895e-02
   2.0947600e+03   9.9996226e-03
   2.2899100e+03   2.0000092e-02
   2.5032500e+03   0.0000000e+00
   2.7364700e+03   0.0000000e+00
   2.9914100e+03   1.9999742e-02
   3.2701000e+03   2.0000137e-02
   3.5747600e+03   9.9999590e-03
   3.9078000e+03   3.0000060e-02
   4.2718700e+03   0.0000000e+00
   4.6698600e+03   1.0000084e-02
   5.1049300e+03   9.9998029e-03
   5.5805200e+03   0.0000000e+00
   6.1004300e+03   0.0000000e+00
   6.6687800e+03   1.9999822e-02
   7.2900700e+03   0.0000000e+00
   7.9692500e+03   9.9999848e-03
   8.7117000e+03   0.0000000e+00
   9.5233200e+03   3.0001421e-02
   1.0410600e+04   1.0000057e-02
   1.1380500e+04   1.9998977e-02
   1.2440700e+04   1.0000553e-02
   1.3599800e+04   0.0000000e+00
   1.4866800e+04   0.0000000e+00
   1.6251800e+04   3.0000075e-02
   1.7765900e+04   0.0000000e+00
   1.9421100e+04   9.9996754e-03
   2.1230400e+04   1.0000372e-02
   2.3208400e+04   0.0000000e+00
   2.5370600e+04   0.0000000e+00
   2.7734200e+04   0.0000000e+00
   3.0318100e+04   9.9997468e-03
   3.3142600e+04   0.0000000e+00
   3.6230400e+04   9.9997313e-03
   3.9605700e+04   0.0000000e+00
   4.3295600e+04   0.0000000e+00
   4.7329200e+04   0.0000000e+00
   5.1738600e+04   0.0000000e+00
   5.6558800e+04   0.0000000e+00
   6.1828100e+04   9.9999952e-03
   6.7588300e+04   0.0000000e+00
   7.3885200e+04   0.0000000e+00
   8.0768700e+04   0.0000000e+00
   8.8293500e+04   0.0000000e+00
   9.6519300e+04   0.0000000e+00
   1.0551100e+05   0.0000000e+00
   1.1534100e+05   0.0000000e+00
   1.2608700e+05   0.0000000e+00
   1.3783400e+05   0.0000000e+00
   1.5067500e+05   1.0000264e-02
   1.6471300e+05   0.0000000e+00
   1.8005800e+05   0.0000000e+00
   1.9683300e+05   0.0000000e+00
   2.1517100e+05   1.0000306e-02
   2.3521800e+05   0.0000000e+00
   2.5713200e+05   0.0000000e+00
   2.8108700e+05   0.0000000e+00
   3.0727500e+05   0.0000000e+00
   3.3590200e+05   0.0000000e+00
   3.6719600e+05   0.0000000e+00
   4.0140600e+05   0.0000000e+00
   4.3880300e+05   0.0000000e+00
   4.7968400e+05   0.0000000e+00
   5.2437300e+05   0.0000000e+00
   5.7322600e+05   0.0000000e+00
   6.2663100e+05   0.0000000e+00
   6.8501100e+05   9.9998977e-03
