   1.1024000e+02   1.0000362e-02
   1.2033700e+02   0.0000000e+00
   1.3135800e+02   2.0000334e-02
   1.4338900e+02   1.0000267e-02
   1.5652200e+02   0.0000000e+00
   1.7085700e+02   0.0000000e+00
   1.8650500e+02   1.0000247e-02
   2.0358700e+02   0.0000000e+00
   2.2223300e+02   5.0000415e-02
   2.4258700e+02   1.0000011e-02
   2.6480500e+02   4.0000230e-02
   2.8905800e+02   1.9999916e-02
   3.1553200e+02   0.0000000e+00
   3.4443100e+02   2.9999453e-02
   3.7597600e+02   0.0000000e+00
   4.1041100e+02   1.9999710e-02
   4.4799900e+02   2.0000392e-02
   4.8903100e+02   1.9999946e-02
   5.3382000e+02   3.9999781e-02
   5.8271100e+02   1.9999979e-02
   6.3608000e+02   0.0000000e+00
   6.9433700e+02   3.0000125e-02
   7.5793000e+02   0.0000000e+00
   8.2734700e+02   2.0000053e-02
   9.0312200e+02   9.9998745e-03
   9.8583600e+02   0.0000000e+00
   1.0761300e+03   5.0000079e-02
   1.1746900e+03   2.9998145e-02
   1.2822700e+03   9.9999690e-03
   1.3997100e+03   3.0000851e-02
   1.5279100e+03   2.0000365e-02
   1.6678500e+03   4.9998588e-02
   1.8206000e+03   3.0000993e-02
   1.9873500e+03   9.9996476e-03
   2.1693600e+03   4.0000668e-02
   2.3680500e+03   0.0000000e+00
   2.5849300e+03   1.0000083e-02
   2.8216800e+03   9.9999489e-03
   3.0801100e+03   9.9999936e-03
   3.3622100e+03   2.0000180e-02
   3.6701500e+03   9.9999969e-03
   4.0062900e+03   2.0000180e-02
   4.3732200e+03   2.9999777e-02
   4.7737500e+03   0.0000000e+00
   5.2109700e+03   0.0000000e+00
   5.6882300e+03   0.0000000e+00
   6.2092000e+03   1.0000072e-02
   6.7778900e+03   0.0000000e+00
   7.3986600e+03   2.9999796e-02
   8.0762800e+03   0.0000000e+00
   8.8159700e+03   0.0000000e+00
   9.6234000e+03   3.0000564e-02
   1.0504800e+04   1.9999846e-02
   1.1466900e+04   9.9997524e-03
   1.2517100e+04   0.0000000e+00
   1.3663500e+04   0.0000000e+00
   1.4914900e+04   2.0001070e-02
   1.6281000e+04   0.0000000e+00
   1.7772100e+04   0.0000000e+00
   1.9399800e+04   0.0000000e+00
   2.1176600e+04   9.9999262e-03
   2.3116100e+04   2.0000469e-02
   2.5233300e+04   9.9997663e-03
   2.7544300e+04   0.0000000e+00
   3.0067000e+04   0.0000000e+00
   3.2820800e+04   0.0000000e+00
   3.5826800e+04   2.0000049e-02
   3.9108100e+04   0.0000000e+00
   4.2689900e+04   1.9999683e-02
   4.6599700e+04   0.0000000e+00
   5.0867700e+04   0.0000000e+00
   5.5526600e+04   0.0000000e+00
   6.0612100e+04   0.0000000e+00
   6.6163400e+04   0.0000000e+00
   7.2223200e+04   0.0000000e+00
   7.8837900e+04   0.0000000e+00
   8.6058500e+04   0.0000000e+00
   9.3940400e+04   9.9997922e-03
   1.0254400e+05   0.0000000e+00
   1.1193600e+05   1.0000047e-02
   1.2218800e+05   0.0000000e+00
   1.3337900e+05   0.0000000e+00
   1.4559500e+05   0.0000000e+00
   1.5892900e+05   0.0000000e+00
   1.7348500e+05   0.0000000e+00
   1.8937400e+05   0.0000000e+00
   2.0671900e+05   0.0000000e+00
   2.2565200e+05   0.0000000e+00
   2.4631900e+05   9.9996828e-03
   2.6887800e+05   0.0000000e+00
   2.9350400e+05   0.0000000e+00
   3.2038500e+05   0.0000000e+00
   3.4972900e+05   0.0000000e+00
   3.8176000e+05   0.0000000e+00
   4.1672400e+05   0.0000000e+00
   4.5489100e+05   0.0000000e+00
   4.9655300e+05   0.0000000e+00
   5.4203100e+05   0.0000000e+00
   5.9167500e+05   0.0000000e+00
