   9.1879000e+01   1.9999782e-02
   9.9443300e+01   9.9994810e-03
   1.0763000e+02   1.0000944e-02
   1.1649200e+02   1.9998506e-02
   1.2608200e+02   1.0000640e-02
   1.3646300e+02   5.0000244e-02
   1.4769800e+02   0.0000000e+00
   1.5985800e+02   9.9999779e-03
   1.7301900e+02   1.9999146e-02
   1.8726300e+02   2.0000846e-02
   2.0268100e+02   9.9996195e-03
   2.1936700e+02   0.0000000e+00
   2.3742800e+02   9.9998152e-03
   2.5697500e+02   3.0000414e-02
   2.7813200e+02   9.9997856e-03
   3.0103000e+02   1.0000096e-02
   3.2581400e+02   9.9999336e-03
   3.5263800e+02   2.0000253e-02
   3.8167100e+02   1.0000056e-02
   4.1309400e+02   2.0000057e-02
   4.4710400e+02   2.9999261e-02
   4.8391300e+02   1.0000131e-02
   5.2375400e+02   2.9999619e-02
   5.6687400e+02   3.0000212e-02
   6.1354500e+02   2.9999974e-02
   6.6405800e+02   3.0000167e-02
   7.1873000e+02   0.0000000e+00
   7.7790300e+02   2.9999747e-02
   8.4194700e+02   3.0000276e-02
   9.1126500e+02   1.9999973e-02
   9.8628900e+02   9.9999844e-03
   1.0674900e+03   0.0000000e+00
   1.1553800e+03   9.9997754e-03
   1.2505000e+03   0.0000000e+00
   1.3534500e+03   2.0000125e-02
   1.4648800e+03   0.0000000e+00
   1.5854800e+03   1.0000578e-02
   1.7160200e+03   4.9996724e-02
   1.8572900e+03   2.0001171e-02
   2.0102100e+03   0.0000000e+00
   2.1757100e+03   9.9996964e-03
   2.3548300e+03   1.9999823e-02
   2.5487000e+03   0.0000000e+00
   2.7585400e+03   1.0000017e-02
   2.9856500e+03   1.9999394e-02
   3.2314500e+03   2.0000389e-02
   3.4975000e+03   0.0000000e+00
   3.7854500e+03   1.9999671e-02
   4.0971000e+03   0.0000000e+00
   4.4344200e+03   1.9999776e-02
   4.7995000e+03   0.0000000e+00
   5.1946400e+03   0.0000000e+00
   5.6223200e+03   0.0000000e+00
   6.0852000e+03   9.9999608e-03
   6.5861900e+03   2.0000034e-02
   7.1284300e+03   0.0000000e+00
   7.7153100e+03   0.0000000e+00
   8.3505100e+03   1.0000031e-02
   9.0380100e+03   0.0000000e+00
   9.7821100e+03   0.0000000e+00
   1.0587500e+04   0.0000000e+00
   1.1459100e+04   1.0000817e-02
   1.2402600e+04   1.9999979e-02
   1.3423700e+04   0.0000000e+00
   1.4528800e+04   1.0000376e-02
   1.5725000e+04   0.0000000e+00
   1.7019600e+04   9.9998600e-03
   1.8420800e+04   1.0000112e-02
   1.9937400e+04   1.0000346e-02
   2.1578900e+04   1.9999126e-02
   2.3355400e+04   0.0000000e+00
   2.5278300e+04   0.0000000e+00
   2.7359400e+04   0.0000000e+00
   2.9611900e+04   1.0000237e-02
   3.2049900e+04   0.0000000e+00
   3.4688500e+04   0.0000000e+00
   3.7544400e+04   1.0000234e-02
   4.0635500e+04   0.0000000e+00
   4.3981000e+04   9.9998757e-03
   4.7601900e+04   0.0000000e+00
   5.1521000e+04   9.9999774e-03
   5.5762700e+04   9.9999443e-03
   6.0353600e+04   0.0000000e+00
   6.5322500e+04   0.0000000e+00
   7.0700500e+04   0.0000000e+00
   7.6521200e+04   0.0000000e+00
   8.2821200e+04   0.0000000e+00
   8.9639900e+04   9.9999738e-03
   9.7019900e+04   0.0000000e+00
   1.0500800e+05   0.0000000e+00
   1.1365300e+05   0.0000000e+00
   1.2301000e+05   0.0000000e+00
   1.3313700e+05   0.0000000e+00
   1.4409800e+05   1.0000355e-02
   1.5596200e+05   9.9997663e-03
   1.6880200e+05   0.0000000e+00
   1.8270000e+05   0.0000000e+00
   1.9774100e+05   0.0000000e+00
   2.1402100e+05   1.0000393e-02
