   9.7628900e+01   1.9999510e-02
   1.0571000e+02   9.9997625e-03
   1.1446000e+02   1.0000484e-02
   1.2393500e+02   1.0000206e-02
   1.3419400e+02   1.0000033e-02
   1.4530200e+02   1.9999337e-02
   1.5732900e+02   1.9999942e-02
   1.7035200e+02   0.0000000e+00
   1.8445300e+02   2.9999635e-02
   1.9972100e+02   0.0000000e+00
   2.1625300e+02   1.0000286e-02
   2.3415400e+02   3.9999603e-02
   2.5353600e+02   0.0000000e+00
   2.7452300e+02   2.0000188e-02
   2.9724700e+02   2.9999165e-02
   3.2185100e+02   1.0000208e-02
   3.4849300e+02   0.0000000e+00
   3.7733900e+02   1.0000166e-02
   4.0857400e+02   1.0000033e-02
   4.4239400e+02   9.9998799e-03
   4.7901300e+02   4.0000325e-02
   5.1866400e+02   1.9999700e-02
   5.6159600e+02   0.0000000e+00
   6.0808300e+02   1.9999812e-02
   6.5841700e+02   1.0000007e-02
   7.1291800e+02   3.9999868e-02
   7.7193000e+02   3.0000025e-02
   8.3582700e+02   5.9999898e-02
   9.0501300e+02   9.9999865e-03
   9.7992600e+02   0.0000000e+00
   1.0610400e+03   4.0000768e-02
   1.1488700e+03   2.0000386e-02
   1.2439700e+03   9.9999933e-03
   1.3469400e+03   9.9996830e-03
   1.4584300e+03   0.0000000e+00
   1.5791500e+03   1.0000368e-02
   1.7098700e+03   0.0000000e+00
   1.8514000e+03   1.9999891e-02
   2.0046500e+03   2.0000416e-02
   2.1705900e+03   9.9998932e-03
   2.3502600e+03   0.0000000e+00
   2.5448100e+03   3.9998430e-02
   2.7554500e+03   1.0000241e-02
   2.9835400e+03   2.9999466e-02
   3.2305000e+03   1.0000118e-02
   3.4979100e+03   9.9999588e-03
   3.7874500e+03   0.0000000e+00
   4.1009600e+03   1.0000016e-02
   4.4404200e+03   1.0000058e-02
   4.8079800e+03   1.9999848e-02
   5.2059600e+03   1.0000075e-02
   5.6368900e+03   0.0000000e+00
   6.1034800e+03   1.0000022e-02
   6.6087000e+03   1.0000001e-02
   7.1557400e+03   0.0000000e+00
   7.7480600e+03   0.0000000e+00
   8.3894100e+03   0.0000000e+00
   9.0838500e+03   1.0000010e-02
   9.8357700e+03   1.9999185e-02
   1.0649900e+04   0.0000000e+00
   1.1531500e+04   9.9997238e-03
   1.2486000e+04   0.0000000e+00
   1.3519600e+04   1.9998432e-02
   1.4638600e+04   0.0000000e+00
   1.5850400e+04   0.0000000e+00
   1.7162400e+04   9.9998165e-03
   1.8583000e+04   0.0000000e+00
   2.0121200e+04   0.0000000e+00
   2.1786800e+04   0.0000000e+00
   2.3590200e+04   0.0000000e+00
   2.5542900e+04   9.9998779e-03
   2.7657200e+04   0.0000000e+00
   2.9946500e+04   0.0000000e+00
   3.2425400e+04   9.9998862e-03
   3.5109400e+04   1.0000002e-02
   3.8015600e+04   0.0000000e+00
   4.1162400e+04   1.9999753e-02
   4.4569600e+04   1.0000069e-02
   4.8258900e+04   0.0000000e+00
   5.2253600e+04   0.0000000e+00
   5.6578900e+04   0.0000000e+00
   6.1262200e+04   0.0000000e+00
   6.6333200e+04   0.0000000e+00
   7.1824000e+04   0.0000000e+00
   7.7769300e+04   0.0000000e+00
   8.4206700e+04   0.0000000e+00
   9.1176900e+04   0.0000000e+00
   9.8724200e+04   0.0000000e+00
   1.0689600e+05   0.0000000e+00
   1.1574400e+05   0.0000000e+00
   1.2532500e+05   1.0000121e-02
   1.3569900e+05   0.0000000e+00
   1.4693200e+05   0.0000000e+00
   1.5909400e+05   9.9999197e-03
   1.7226300e+05   9.9998652e-03
   1.8652200e+05   0.0000000e+00
   2.0196200e+05   1.9999383e-02
   2.1867900e+05   0.0000000e+00
   2.3678100e+05   0.0000000e+00
