   8.6749000e+01   3.0000167e-02
   9.4705000e+01   1.0000452e-02
   1.0339100e+02   1.9999624e-02
   1.1287300e+02   2.0000375e-02
   1.2322500e+02   9.9998255e-03
   1.3452600e+02   0.0000000e+00
   1.4686300e+02   4.0002398e-02
   1.6033300e+02   9.9996905e-03
   1.7503700e+02   5.9999853e-02
   1.9109000e+02   1.9999705e-02
   2.0861500e+02   4.0000789e-02
   2.2774800e+02   1.9999741e-02
   2.4863500e+02   2.0000101e-02
   2.7143800e+02   2.9999759e-02
   2.9633200e+02   0.0000000e+00
   3.2351000e+02   1.9999458e-02
   3.5317900e+02   5.0000043e-02
   3.8557000e+02   1.0000126e-02
   4.2093200e+02   1.9999690e-02
   4.5953600e+02   5.0001171e-02
   5.0168200e+02   9.9999054e-03
   5.4769200e+02   1.9999979e-02
   5.9792200e+02   1.0000020e-02
   6.5275900e+02   1.0000017e-02
   7.1262500e+02   9.9999255e-03
   7.7798100e+02   2.0000185e-02
   8.4933200e+02   9.9999538e-03
   9.2722600e+02   9.9995732e-03
   1.0122600e+03   1.0000353e-02
   1.1051000e+03   1.9999801e-02
   1.2064500e+03   1.0000326e-02
   1.3171000e+03   9.9996726e-03
   1.4378900e+03   9.9998208e-03
   1.5697600e+03   1.0000243e-02
   1.7137300e+03   2.0000040e-02
   1.8709000e+03   2.0000702e-02
   2.0424900e+03   1.9999969e-02
   2.2298100e+03   2.9999945e-02
   2.4343100e+03   9.9997470e-03
   2.6575600e+03   9.9999494e-03
   2.9012900e+03   1.0000221e-02
   3.1673800e+03   1.0000089e-02
   3.4578700e+03   9.9997450e-03
   3.7749900e+03   1.0000184e-02
   4.1212100e+03   1.9999716e-02
   4.4991700e+03   3.0000058e-02
   4.9118000e+03   9.9999385e-03
   5.3622700e+03   0.0000000e+00
   5.8540600e+03   2.0000065e-02
   6.3909500e+03   0.0000000e+00
   6.9770800e+03   0.0000000e+00
   7.6169600e+03   1.0000030e-02
   8.3155300e+03   1.9999819e-02
   9.0781600e+03   1.0000035e-02
   9.9107400e+03   0.0000000e+00
   1.0819700e+04   1.0000002e-02
   1.1812000e+04   9.9999748e-03
   1.2895300e+04   0.0000000e+00
   1.4077900e+04   0.0000000e+00
   1.5369100e+04   0.0000000e+00
   1.6778600e+04   0.0000000e+00
   1.8317400e+04   0.0000000e+00
   1.9997300e+04   0.0000000e+00
   2.1831300e+04   0.0000000e+00
   2.3833500e+04   9.9998820e-03
   2.6019300e+04   0.0000000e+00
   2.8405600e+04   1.0000217e-02
   3.1010800e+04   0.0000000e+00
   3.3854800e+04   0.0000000e+00
   3.6959700e+04   0.0000000e+00
   4.0349400e+04   0.0000000e+00
   4.4049900e+04   0.0000000e+00
   4.8089800e+04   0.0000000e+00
   5.2500300e+04   0.0000000e+00
   5.7315200e+04   0.0000000e+00
   6.2571700e+04   0.0000000e+00
   6.8310300e+04   1.0000033e-02
   7.4575200e+04   0.0000000e+00
   8.1414600e+04   0.0000000e+00
   8.8881300e+04   0.0000000e+00
   9.7032800e+04   0.0000000e+00
   1.0593200e+05   0.0000000e+00
   1.1564700e+05   9.9997504e-03
   1.2625300e+05   0.0000000e+00
   1.3783200e+05   0.0000000e+00
   1.5047300e+05   0.0000000e+00
   1.6427400e+05   0.0000000e+00
   1.7934000e+05   9.9996115e-03
   1.9578700e+05   0.0000000e+00
   2.1374300e+05   0.0000000e+00
   2.3334600e+05   0.0000000e+00
   2.5474700e+05   0.0000000e+00
   2.7811000e+05   0.0000000e+00
   3.0361600e+05   0.0000000e+00
   3.3146200e+05   0.0000000e+00
   3.6186100e+05   0.0000000e+00
   3.9504800e+05   0.0000000e+00
   4.3127800e+05   0.0000000e+00
   4.7083200e+05   9.9999855e-03
