   1.0321800e+02   3.0000975e-02
   1.1320900e+02   1.9998716e-02
   1.2416600e+02   2.0001178e-02
   1.3618500e+02   3.9998140e-02
   1.4936600e+02   5.0001836e-02
   1.6382400e+02   2.0000276e-02
   1.7968100e+02   2.9998953e-02
   1.9707200e+02   9.9999924e-03
   2.1614700e+02   3.0000893e-02
   2.3706900e+02   9.9998439e-03
   2.6001500e+02   2.9999567e-02
   2.8518200e+02   3.0000579e-02
   3.1278600e+02   2.9999861e-02
   3.4306100e+02   1.9999670e-02
   3.7626600e+02   2.0000225e-02
   4.1268600e+02   3.0000253e-02
   4.5263100e+02   0.0000000e+00
   4.9644200e+02   2.9999633e-02
   5.4449300e+02   2.0000156e-02
   5.9719600e+02   1.0000034e-02
   6.5500000e+02   4.9999467e-02
   7.1839800e+02   0.0000000e+00
   7.8793300e+02   1.0000074e-02
   8.6419900e+02   1.0000035e-02
   9.4784700e+02   1.9999791e-02
   1.0395900e+03   9.9995955e-03
   1.1402100e+03   0.0000000e+00
   1.2505800e+03   9.9995138e-03
   1.3716200e+03   2.0001137e-02
   1.5043900e+03   9.9998250e-03
   1.6500000e+03   2.0000483e-02
   1.8097100e+03   1.9999418e-02
   1.9848700e+03   1.0000019e-02
   2.1769900e+03   2.0000468e-02
   2.3877100e+03   0.0000000e+00
   2.6188200e+03   0.0000000e+00
   2.8723000e+03   9.9998251e-03
   3.1503100e+03   4.0000717e-02
   3.4552400e+03   0.0000000e+00
   3.7896800e+03   1.0000011e-02
   4.1564900e+03   1.9999796e-02
   4.5588000e+03   0.0000000e+00
   5.0000600e+03   0.0000000e+00
   5.4840200e+03   3.0000054e-02
   6.0148300e+03   1.0000045e-02
   6.5970200e+03   1.0000047e-02
   7.2355600e+03   9.9999448e-03
   7.9359000e+03   9.9999772e-03
   8.7040300e+03   0.0000000e+00
   9.5465100e+03   1.9999209e-02
   1.0470500e+04   1.0000357e-02
   1.1484000e+04   1.0000365e-02
   1.2595600e+04   9.9995946e-03
   1.3814700e+04   0.0000000e+00
   1.5151900e+04   0.0000000e+00
   1.6618400e+04   2.0000850e-02
   1.8227000e+04   9.9998561e-03
   1.9991200e+04   0.0000000e+00
   2.1926200e+04   1.0000108e-02
   2.4048500e+04   0.0000000e+00
   2.6376200e+04   0.0000000e+00
   2.8929200e+04   1.9999938e-02
   3.1729300e+04   0.0000000e+00
   3.4800400e+04   0.0000000e+00
   3.8168800e+04   0.0000000e+00
   4.1863200e+04   1.0000178e-02
   4.5915300e+04   9.9999389e-03
   5.0359500e+04   0.0000000e+00
   5.5233900e+04   0.0000000e+00
   6.0580100e+04   0.0000000e+00
   6.6443800e+04   0.0000000e+00
   7.2875000e+04   0.0000000e+00
   7.9928700e+04   9.9999159e-03
   8.7665100e+04   1.0000011e-02
   9.6150400e+04   0.0000000e+00
   1.0545700e+05   0.0000000e+00
   1.1566400e+05   0.0000000e+00
   1.2686000e+05   0.0000000e+00
   1.3913900e+05   0.0000000e+00
   1.5260600e+05   0.0000000e+00
   1.6737700e+05   0.0000000e+00
   1.8357800e+05   0.0000000e+00
   2.0134700e+05   0.0000000e+00
   2.2083600e+05   0.0000000e+00
   2.4221100e+05   0.0000000e+00
   2.6565500e+05   0.0000000e+00
   2.9136800e+05   0.0000000e+00
   3.1957000e+05   0.0000000e+00
   3.5050200e+05   0.0000000e+00
   3.8442800e+05   0.0000000e+00
   4.2163800e+05   0.0000000e+00
   4.6244900e+05   0.0000000e+00
   5.0721000e+05   0.0000000e+00
   5.5630400e+05   0.0000000e+00
   6.1015000e+05   0.0000000e+00
   6.6920700e+05   0.0000000e+00
   7.3398100e+05   0.0000000e+00
   8.0502500e+05   0.0000000e+00
   8.8294500e+05   9.9999941e-03
