   1.6467900e+02   1.0000024e-02
   1.7520400e+02   1.0000318e-02
   1.8640200e+02   9.9997365e-03
   1.9831500e+02   1.0000233e-02
   2.1099000e+02   1.0000166e-02
   2.2447500e+02   9.9995780e-03
   2.3882100e+02   2.0000572e-02
   2.5408500e+02   9.9999762e-03
   2.7032400e+02   1.0000049e-02
   2.8760100e+02   0.0000000e+00
   3.0598200e+02   3.0000077e-02
   3.2553800e+02   1.0000113e-02
   3.4634400e+02   9.9997740e-03
   3.6847900e+02   3.9999675e-02
   3.9202900e+02   2.0000526e-02
   4.1708500e+02   9.9997585e-03
   4.4374100e+02   2.0000461e-02
   4.7210200e+02   2.0000052e-02
   5.0227500e+02   3.9999451e-02
   5.3437600e+02   0.0000000e+00
   5.6852900e+02   7.0000577e-02
   6.0486500e+02   9.9999741e-03
   6.4352300e+02   2.0000128e-02
   6.8465200e+02   1.9999837e-02
   7.2840900e+02   9.9999854e-03
   7.7496300e+02   9.9999546e-03
   8.2449200e+02   4.0000142e-02
   8.7718700e+02   1.0000069e-02
   9.3325000e+02   0.0000000e+00
   9.9289500e+02   0.0000000e+00
   1.0563500e+03   2.0001922e-02
   1.1238700e+03   5.0001078e-02
   1.1957000e+03   2.9996427e-02
   1.2721100e+03   3.0002496e-02
   1.3534200e+03   2.0000098e-02
   1.4399200e+03   0.0000000e+00
   1.5319400e+03   1.0000038e-02
   1.6298500e+03   0.0000000e+00
   1.7340200e+03   2.0000936e-02
   1.8448500e+03   0.0000000e+00
   1.9627500e+03   1.0000535e-02
   2.0882000e+03   9.9999576e-03
   2.2216600e+03   2.9999931e-02
   2.3636500e+03   9.9996584e-03
   2.5147100e+03   0.0000000e+00
   2.6754300e+03   0.0000000e+00
   2.8464200e+03   0.0000000e+00
   3.0283400e+03   2.0000296e-02
   3.2218900e+03   0.0000000e+00
   3.4278100e+03   3.0000377e-02
   3.6468900e+03   0.0000000e+00
   3.8799700e+03   0.0000000e+00
   4.1279400e+03   0.0000000e+00
   4.3917700e+03   9.9997864e-03
   4.6724500e+03   3.0000370e-02
   4.9710800e+03   9.9999858e-03
   5.2887900e+03   1.0000119e-02
   5.6268100e+03   2.0000015e-02
   5.9864300e+03   0.0000000e+00
   6.3690300e+03   0.0000000e+00
   6.7760900e+03   0.0000000e+00
   7.2091600e+03   0.0000000e+00
   7.6699100e+03   2.0000062e-02
   8.1601100e+03   0.0000000e+00
   8.6816300e+03   0.0000000e+00
   9.2364900e+03   1.0000131e-02
   9.8268200e+03   0.0000000e+00
   1.0454900e+04   0.0000000e+00
   1.1123100e+04   0.0000000e+00
   1.1834000e+04   9.9995717e-03
   1.2590300e+04   1.0000409e-02
   1.3395000e+04   1.9997786e-02
   1.4251000e+04   0.0000000e+00
   1.5161900e+04   0.0000000e+00
   1.6130900e+04   0.0000000e+00
   1.7161800e+04   1.0000503e-02
   1.8258700e+04   1.9999149e-02
   1.9425600e+04   0.0000000e+00
   2.0667200e+04   0.0000000e+00
   2.1988000e+04   0.0000000e+00
   2.3393300e+04   9.9999165e-03
   2.4888400e+04   0.0000000e+00
   2.6479100e+04   0.0000000e+00
   2.8171400e+04   0.0000000e+00
   2.9971900e+04   0.0000000e+00
   3.1887500e+04   0.0000000e+00
   3.3925500e+04   0.0000000e+00
   3.6093700e+04   0.0000000e+00
   3.8400500e+04   0.0000000e+00
   4.0854800e+04   0.0000000e+00
   4.3465900e+04   0.0000000e+00
   4.6243900e+04   9.9998751e-03
   4.9199400e+04   9.9999152e-03
   5.2343800e+04   0.0000000e+00
   5.5689200e+04   0.0000000e+00
   5.9248400e+04   0.0000000e+00
   6.3035100e+04   0.0000000e+00
   6.7063800e+04   0.0000000e+00
   7.1350000e+04   0.0000000e+00
