   1.0321000e+02   1.9999866e-02
   1.1390300e+02   3.0000148e-02
   1.2570400e+02   2.0000566e-02
   1.3872800e+02   9.9993765e-03
   1.5310000e+02   0.0000000e+00
   1.6896200e+02   0.0000000e+00
   1.8646800e+02   1.9999995e-02
   2.0578700e+02   1.0000189e-02
   2.2710800e+02   9.9997779e-03
   2.5063700e+02   0.0000000e+00
   2.7660400e+02   1.0000123e-02
   3.0526200e+02   0.0000000e+00
   3.3688900e+02   9.9998840e-03
   3.7179200e+02   3.0000300e-02
   4.1031200e+02   9.9998824e-03
   4.5282200e+02   4.0000198e-02
   4.9973700e+02   1.0000120e-02
   5.5151300e+02   1.9999793e-02
   6.0865200e+02   3.0000227e-02
   6.7171200e+02   2.0000054e-02
   7.4130500e+02   1.9999962e-02
   8.1810800e+02   2.9999870e-02
   9.0286800e+02   3.0000042e-02
   9.9641000e+02   3.9998735e-02
   1.0996400e+03   3.0000275e-02
   1.2135700e+03   9.9998098e-03
   1.3393000e+03   4.0000345e-02
   1.4780600e+03   1.0000318e-02
   1.6312000e+03   9.9999497e-03
   1.8002000e+03   4.9999974e-02
   1.9867100e+03   3.9999356e-02
   2.1925400e+03   2.0000098e-02
   2.4197000e+03   0.0000000e+00
   2.6704000e+03   1.9999502e-02
   2.9470600e+03   9.9999544e-03
   3.2523900e+03   4.0000698e-02
   3.5893600e+03   3.0000303e-02
   3.9612400e+03   1.9999777e-02
   4.3716400e+03   9.9998848e-03
   4.8245600e+03   1.9999998e-02
   5.3244100e+03   0.0000000e+00
   5.8760500e+03   0.0000000e+00
   6.4848400e+03   1.0000113e-02
   7.1567100e+03   0.0000000e+00
   7.8981800e+03   1.9999908e-02
   8.7164700e+03   0.0000000e+00
   9.6195400e+03   1.0000287e-02
   1.0616200e+04   0.0000000e+00
   1.1716100e+04   3.9998473e-02
   1.2929900e+04   1.9999826e-02
   1.4269500e+04   0.0000000e+00
   1.5747900e+04   0.0000000e+00
   1.7379500e+04   0.0000000e+00
   1.9180100e+04   0.0000000e+00
   2.1167300e+04   9.9998168e-03
   2.3360300e+04   0.0000000e+00
   2.5780500e+04   0.0000000e+00
   2.8451500e+04   2.0000469e-02
   3.1399300e+04   9.9998993e-03
   3.4652400e+04   1.0000071e-02
   3.8242600e+04   0.0000000e+00
   4.2204700e+04   0.0000000e+00
   4.6577300e+04   0.0000000e+00
   5.1403000e+04   0.0000000e+00
   5.6728600e+04   0.0000000e+00
   6.2606000e+04   0.0000000e+00
   6.9092300e+04   0.0000000e+00
   7.6250600e+04   1.0000057e-02
   8.4150600e+04   0.0000000e+00
   9.2869000e+04   1.0000337e-02
   1.0249100e+05   0.0000000e+00
   1.1310900e+05   0.0000000e+00
   1.2482800e+05   0.0000000e+00
   1.3776100e+05   0.0000000e+00
   1.5203400e+05   0.0000000e+00
   1.6778500e+05   0.0000000e+00
   1.8516900e+05   9.9997751e-03
   2.0435300e+05   9.9999802e-03
   2.2552500e+05   0.0000000e+00
   2.4889100e+05   0.0000000e+00
   2.7467700e+05   0.0000000e+00
   3.0313500e+05   0.0000000e+00
   3.3454100e+05   0.0000000e+00
   3.6920200e+05   9.9999589e-03
   4.0745300e+05   9.9999478e-03
   4.4966700e+05   0.0000000e+00
   4.9625500e+05   0.0000000e+00
   5.4767000e+05   0.0000000e+00
   6.0441100e+05   0.0000000e+00
   6.6703100e+05   0.0000000e+00
   7.3613900e+05   0.0000000e+00
   8.1240700e+05   0.0000000e+00
   8.9657700e+05   0.0000000e+00
   9.8946700e+05   0.0000000e+00
   1.0919800e+06   0.0000000e+00
   1.2051200e+06   0.0000000e+00
   1.3299700e+06   0.0000000e+00
   1.4677600e+06   0.0000000e+00
   1.6198300e+06   0.0000000e+00
