   8.6081900e+01   1.9999785e-02
   9.5693900e+01   9.9997256e-03
   1.0637900e+02   1.0000372e-02
   1.1825800e+02   2.0000029e-02
   1.3146300e+02   0.0000000e+00
   1.4614200e+02   3.0000850e-02
   1.6246100e+02   4.0000542e-02
   1.8060200e+02   2.9999345e-02
   2.0076800e+02   9.9999076e-03
   2.2318600e+02   1.0000227e-02
   2.4810800e+02   9.9998973e-03
   2.7581200e+02   4.0000442e-02
   3.0661000e+02   0.0000000e+00
   3.4084600e+02   2.0000187e-02
   3.7890600e+02   2.9999662e-02
   4.2121500e+02   1.0000040e-02
   4.6824900e+02   0.0000000e+00
   5.2053500e+02   1.9999945e-02
   5.7865900e+02   1.0000076e-02
   6.4327400e+02   1.9999923e-02
   7.1510300e+02   2.0000030e-02
   7.9495300e+02   9.9999337e-03
   8.8371900e+02   1.9999958e-02
   9.8239700e+02   9.9996687e-03
   1.0920900e+03   2.0000776e-02
   1.2140400e+03   9.9998274e-03
   1.3496000e+03   5.0000150e-02
   1.5003000e+03   1.0000184e-02
   1.6678300e+03   3.9999224e-02
   1.8540600e+03   1.0000067e-02
   2.0610900e+03   3.0000513e-02
   2.2912400e+03   2.9999543e-02
   2.5470800e+03   1.9999797e-02
   2.8314900e+03   2.9999917e-02
   3.1476600e+03   2.0000266e-02
   3.4991400e+03   1.9999902e-02
   3.8898600e+03   2.9999946e-02
   4.3242100e+03   3.9999922e-02
   4.8070600e+03   1.0000025e-02
   5.3438300e+03   1.9999892e-02
   5.9405300e+03   5.0000513e-02
   6.6038700e+03   9.9999551e-03
   7.3412700e+03   2.9999943e-02
   8.1610100e+03   0.0000000e+00
   9.0722900e+03   0.0000000e+00
   1.0085300e+04   1.0000453e-02
   1.1211500e+04   1.0000014e-02
   1.2463400e+04   0.0000000e+00
   1.3855100e+04   0.0000000e+00
   1.5402100e+04   0.0000000e+00
   1.7122000e+04   2.0000195e-02
   1.9033900e+04   9.9997065e-03
   2.1159200e+04   0.0000000e+00
   2.3521900e+04   0.0000000e+00
   2.6148400e+04   1.0000023e-02
   2.9068200e+04   0.0000000e+00
   3.2314000e+04   1.0000115e-02
   3.5922300e+04   0.0000000e+00
   3.9933400e+04   0.0000000e+00
   4.4392500e+04   0.0000000e+00
   4.9349500e+04   0.0000000e+00
   5.4859900e+04   0.0000000e+00
   6.0985700e+04   0.0000000e+00
   6.7795500e+04   1.0000007e-02
   7.5365700e+04   9.9999703e-03
   8.3781200e+04   0.0000000e+00
   9.3136400e+04   0.0000000e+00
   1.0353600e+05   9.9999182e-03
   1.1509700e+05   0.0000000e+00
   1.2794900e+05   9.9999285e-03
   1.4223600e+05   0.0000000e+00
   1.5811900e+05   0.0000000e+00
   1.7577500e+05   0.0000000e+00
   1.9540200e+05   0.0000000e+00
   2.1722100e+05   0.0000000e+00
   2.4147700e+05   0.0000000e+00
   2.6844100e+05   0.0000000e+00
   2.9841500e+05   0.0000000e+00
   3.3173700e+05   0.0000000e+00
   3.6877900e+05   0.0000000e+00
   4.0995800e+05   0.0000000e+00
   4.5573500e+05   0.0000000e+00
   5.0662300e+05   0.0000000e+00
   5.6319400e+05   0.0000000e+00
   6.2608100e+05   0.0000000e+00
   6.9599100e+05   0.0000000e+00
   7.7370700e+05   0.0000000e+00
   8.6010100e+05   0.0000000e+00
   9.5614200e+05   0.0000000e+00
   1.0629100e+06   0.0000000e+00
   1.1815900e+06   0.0000000e+00
   1.3135300e+06   0.0000000e+00
   1.4602000e+06   0.0000000e+00
   1.6232500e+06   0.0000000e+00
   1.8045100e+06   0.0000000e+00
   2.0060100e+06   0.0000000e+00
   2.2300000e+06   0.0000000e+00
   2.4790100e+06   0.0000000e+00
   2.7558200e+06   9.9999768e-03
