2.079982599464921811e-02
3.607608000066524906e-02
2.599980609899634615e-02
1.640178913452000620e-02
6.247143829851060405e-03
1.790842697113169662e-03
3.468394081764170078e-02
4.106985337390334917e-03
6.678576116153385478e-02
2.372712225309729292e-02
1.796017447322173499e-02
4.434041711577493654e-03
2.795403830106259202e-02
8.925854760459216858e-03
5.248116968690511724e-02
1.062344248050643399e-03
1.099726572509547862e-01
1.010073020136300140e-02
9.063594442919797531e-03
7.071215608094258594e-03
6.817602811285285169e-02
1.687456751852093109e-02
5.610066080186077754e-03
9.602601979396420406e-03
4.652390084479816543e-03
1.734456255988011189e-02
3.578192362083758293e-02
5.647373941746874730e-03
5.631890058741343894e-03
1.822482929503682625e-02
1.813504237688984668e-03
4.253241813994455226e-04
2.120477749872848663e-02
1.447257872208982006e-02
3.338798619662571021e-02
4.212982702165273506e-03
3.910782743596846744e-02
2.796955446953097724e-02
6.023199626318320905e-03
1.355658959619049364e-02
6.604945079598664726e-02
4.572662631204950194e-03
9.505772136426159438e-03
9.879504054304004326e-04
3.740999281583133607e-03
2.108188329775582699e-03
1.219482684375088923e-02
2.751336891425297873e-02
1.873896086915438075e-01
5.952568358122013910e-03
1.724945200780818311e-02
1.344464224794126965e-02
8.446065861476732828e-03
2.293254333180996460e-03
2.211035322065495190e-02
5.871328368479278650e-03
1.597647709199113497e-03
3.745805748527267914e-02
1.032852130235468319e-01
1.212129115994771758e-02
2.812977192296220452e-02
4.465227997960989452e-03
5.416637111451895643e-03
1.743356887388250800e-02
4.140382394951756112e-02
8.390681747709682892e-03
3.269467622918453137e-02
9.629518214563743614e-03
5.622931662604710445e-02
1.474087843078760417e-02
1.005553041393743643e-02
1.053829023133549120e-02
3.532988914379329558e-03
1.885254274878560982e-02
3.365847189140190598e-02
3.059372878523913472e-02
9.030219894079488316e-03
4.580579070125503915e-02
2.393675975957626142e-02
3.130370047329947975e-02
4.103709663903328669e-02
3.318581626771754424e-03
1.834543688946405418e-02
3.926613692063782302e-02
1.117255749974745659e-02
5.532261496030686267e-03
1.997166368444909870e-02
1.232296614041001638e-02
2.041052403097153023e-02
5.257808493338835161e-03
3.060603205092945339e-02
9.660354125465919024e-04
4.673407793074584038e-02
6.007596810319098743e-03
7.471112034946817380e-03
6.652652647243272217e-03
6.775401380255555682e-03
3.206019594535849948e-02
3.809459568707737978e-04
2.421753346049658473e-02
2.530229986780432871e-02
1.794710043192061441e-02
5.318254968591818420e-03
1.678109963189577600e-02
1.250349323571090313e-02
7.138056820777022998e-03
3.140253438111993006e-02
8.579950196522836969e-02
7.077716236347571244e-02
8.125481110419809083e-03
6.070157933480831332e-03
4.665739683696411289e-02
3.719861267398204274e-02
4.150199116807629096e-02
9.953294503409306979e-03
7.042769493846861781e-03
9.084455200912241665e-03
4.784694077277859385e-03
8.237555242485632839e-03
6.935230338322134758e-03
1.377324569290842675e-02
1.823258748353814157e-02
8.617118183233070383e-02
4.184495124390994608e-02
1.178444099769071080e-01
6.302439015209673756e-03
7.378783264711534680e-03
2.442602373602135654e-02
2.550574413635588351e-03
3.481866968833555176e-03
1.070287803854372451e-02
3.818867176571504041e-03
3.574179837096848333e-02
3.257629107437345645e-03
1.547444740567726663e-02
2.660709079402779828e-02
6.992282853951593304e-03
9.965498310212962674e-03
3.236423473077603558e-02
2.588036281261435825e-02
3.079237397070853054e-03
5.059082529503799433e-04
6.927009876186990614e-03
3.375235527161989102e-02
4.071872934759435819e-02
5.137328994302372241e-03
3.729520293269803638e-02
2.309129516739660132e-02
4.096392902174128547e-02
8.275659496772018800e-03
4.892977201627195585e-03
1.504742886112032108e-01
2.642511977189489214e-02
9.668414751153259559e-04
8.307154103971788398e-03
5.034853369356226405e-02
7.372753123686992538e-02
2.209042840979665370e-02
1.708165525636757068e-02
8.497590561896002995e-03
1.208803866697082639e-02
1.705042200373450183e-03
8.970130945626878722e-06
1.122251952418249800e-02
5.217728181028327694e-02
1.423859575381435962e-02
1.748979174913145238e-02
9.355770841881197366e-04
6.028763176884222898e-03
6.051249208661473034e-02
4.190019223513938296e-02
1.270899573003433924e-02
1.317074336580791906e-02
8.497236454776353753e-03
3.598331847392460814e-02
5.273862840087110808e-03
4.777764775532804958e-02
5.140801458084100217e-02
8.291808907369956419e-03
2.237852189437882292e-02
2.619570930202213318e-03
2.906439174433820757e-02
1.153732510676071764e-02
2.535813421943856200e-02
7.913049746173867610e-03
7.155352490079254328e-03
2.146648223756331825e-02
2.365529693401092950e-03
1.823298073166575509e-02
4.787438480638419452e-03
4.487155377078489576e-02
1.269564818200820920e-02
1.636977272147685514e-02
2.934186433216487422e-02
2.504860024705936675e-02
1.092250180149037693e-02
4.445226688110477664e-02
8.653620070987999222e-03
1.243878483968022947e-02
1.926066066341436747e-02
3.213160879006413811e-02
1.990361958644933787e-02
1.656007637187018322e-01
3.906753608951411827e-02
2.270387798628593912e-02
8.931367549507530576e-03
6.088849511494584012e-03
4.407186645248125333e-03
1.964976765154908406e-02
8.004334635188598002e-03
3.206227264726966772e-03
1.434774177111537707e-02
2.028149682038186269e-03
4.415523410931754093e-03
1.083352044867623605e-02
2.791398171263271850e-03
7.155901920944392029e-03
4.225973137777178090e-02
1.991948108373256532e-02
3.228696171579371887e-02
5.132639618758775131e-05
4.002155407102177785e-03
1.056372774814779217e-02
2.060553510050128559e-02
6.776830387185159288e-02
1.201502210992715612e-02
1.123037687861150671e-02
3.732542930477320692e-02
8.132367748083990655e-02
7.091440457844615589e-03
6.837794475381732406e-02
2.256348396003366938e-02
1.661103000882332634e-02
1.798032129307049892e-02
2.741913729379857542e-02
8.425592609611450706e-03
1.013213833784019219e-02
6.748479153801616561e-04
1.581989768870717059e-02
1.492183515484250128e-02
4.501661952933342509e-02
4.167931378576333890e-02
1.853549865778278960e-01
4.618042873470087212e-03
9.644025968366484736e-03
7.484983243401038214e-05
2.837302234955484115e-02
4.461006154408842482e-03
9.490394150055278186e-03
2.225386223571661562e-02
1.434912127250158320e-01
9.941242666691083290e-04
9.476815607080159992e-03
1.110027763407975612e-02
4.077811598890117295e-02
7.726140436927303630e-03
2.805897555014714648e-02
8.568900735159592011e-03
8.835189012444667062e-03
1.207958566497958561e-02
6.607231594250291638e-04
3.774573263993948741e-02
5.523070855522576456e-02
1.573437981156177367e-03
4.869982950484485346e-02
5.643038262113281994e-03
1.844346646681525176e-02
1.703863883423967218e-02
7.134075211440423468e-03
2.543871695200331830e-03
1.412054802132137188e-02
8.241272956529614724e-02
4.194237953152422926e-02
1.860875016643370461e-01
1.407586964260619002e-03
3.745055470228965313e-03
1.013933459377223435e-02
1.285985831339101111e-02
1.222785613286971919e-02
5.354849574210226310e-02
8.113966741702303108e-04
7.999290858797197465e-03
4.082106602050100674e-02
3.302846461998612537e-02
1.806148443151853883e-02
2.309435505685694667e-02
4.303874670459728602e-02
4.679196205311964528e-03
3.756455114465711426e-02
4.776131174014046528e-03
1.626604271833307150e-02
7.539253263184907128e-03
3.328578919406234571e-02
2.699080190268380881e-03
2.944133595781044110e-02
7.405872598420241070e-04
9.746362614566154645e-03
1.311125816220323325e-03
1.080503807255150071e-02
3.881380026422562302e-02
1.555137489156945517e-02
2.940295351518399172e-02
7.523364898999677051e-03
5.884925153820213563e-03
5.289407793338003066e-02
2.441795548201705288e-02
5.075585214568015344e-04
1.945294266152328144e-02
8.857984685357136664e-03
1.152000284649535265e-02
9.250091615192440175e-04
7.483223246503822347e-03
2.587352149371889565e-02
5.068264653052106244e-02
4.983732620968083643e-03
9.467540805577353844e-06
3.040220655866022678e-03
2.191138483398749962e-02
2.916572339783714968e-02
3.160644318964073857e-02
1.749275976283843487e-03
1.915774477496106102e-03
3.187555078764503502e-02
1.735470855963236123e-02
4.766832801396194558e-03
1.282187915769759656e-01
3.004317328428100092e-03
1.256155837348682872e-02
1.901781143594628506e-02
1.152480869958511477e-02
6.838860999212775446e-03
4.091861224097561277e-03
1.327259813437322265e-02
4.409051188814964994e-02
1.383365574766995745e-02
1.705390887440899964e-02
2.236696831593848727e-03
6.682366972655813878e-03
1.127621586502069138e-02
3.744884891238147492e-03
6.789386380100546209e-03
4.010128597004599532e-02
1.661533525882977983e-03
2.948752701113146937e-03
1.795794720809138628e-02
4.185178464516402241e-02
5.816200367918774108e-03
7.390408799616139147e-03
8.115122588202475229e-02
1.133743705021046959e-03
6.155442882025813356e-02
4.464465255768023527e-02
1.304076333110499794e-02
3.627831949889834089e-03
8.205194149147110316e-03
1.297599629686875013e-02
1.005547090891060601e-03
1.849726430048483777e-02
1.427472340199812013e-02
1.009878141947725613e-02
1.075221017411208749e-02
8.088963663261044407e-03
6.942032342428143890e-03
1.573359252668478023e-02
1.594925684726685583e-02
6.442616277811445691e-03
4.673420799647293178e-02
1.703846984115010149e-02
1.013925094642658536e-02
1.142847583658033496e-02
1.506131015359289498e-02
1.804683803724056040e-02
8.904657138104486030e-03
3.843685134413509733e-03
9.205326050340653654e-02
4.934582816892144931e-03
8.144400997493406874e-03
9.702655798374242024e-02
4.223782741719845843e-03
1.554408598694150337e-02
1.637381304405400098e-02
1.003597227414282714e-02
5.593683229858915917e-02
1.880966970346751449e-02
1.573499442653319702e-01
5.145053297496416517e-02
4.392499510769266521e-03
1.132817820661690712e-02
1.780602829094980050e-02
1.167825827164701777e-02
8.672352153054197280e-03
4.824508469466703281e-02
4.352759345438449862e-02
6.661688401127735526e-02
2.539630842382205322e-02
4.479252436379893565e-02
1.470403037767992714e-02
6.339424435149879078e-02
7.597086935728310231e-02
5.120824367207868662e-03
4.796243306960862318e-02
1.042952897570480555e-02
1.887983491907029368e-02
1.189803564009346906e-02
1.434890156234057412e-02
2.346836346639307944e-02
1.383898612436087160e-02
5.613645762588969496e-02
5.542944829039539445e-03
4.216144433735998648e-02
1.264185814944459862e-01
4.482105558718899388e-03
1.535690317893036692e-02
1.768382339550907340e-03
3.355874877690004886e-03
8.582923835075792485e-03
8.750801848533300287e-02
7.880033157904210370e-03
1.914893429907985707e-03
4.590031174976170331e-03
4.094798549237627788e-03
2.888318031369739992e-04
7.261634046309058468e-03
1.062288883282394396e-02
2.654336178592507298e-02
2.032238464516070153e-02
8.056105479319436435e-02
1.123965928709739180e-02
1.075223072797334457e-02
1.464568207593346799e-02
6.783315554046535044e-03
5.077454903859746072e-03
1.994829311175780884e-01
3.770679138724201962e-02
1.019521962518685557e-02
3.099916591861237841e-03
1.126982792029894258e-02
1.121965754703209070e-02
7.471886349958162775e-03
4.519963421556407596e-02
1.329185209205798086e-02
4.259788828271333233e-02
8.517048194832257252e-03
1.873261187006659140e-02
4.114933877570577103e-02
9.324198984237369245e-03
4.718957625981835130e-03
7.110982326568162986e-04
1.938861326884854311e-02
1.155998078970206684e-02
1.689576530301218071e-01
2.239073367574169731e-03
5.264497349696055893e-03
1.870755122155676881e-02
1.900875918465533623e-02
5.916054290822192474e-02
1.679898548354522014e-02
1.310372265898652458e-03
8.227724530673276304e-02
5.454343130923340610e-02
6.607595266948445949e-03
2.613277654836239274e-03
1.267336897023745891e-02
2.030508511808607267e-02
1.587421075256908315e-02
2.541931158295218391e-03
9.519264032056534014e-03
1.884941421807596667e-03
4.560284047999969836e-03
1.071319854685838686e-02
1.343652888452385140e-02
1.112777928100403338e-02
1.388512469205384001e-02
3.423034687720687835e-03
4.982700953062981636e-02
3.193887774268662060e-03
1.328460563131717530e-02
6.432012309198005540e-02
1.133979502352928936e-02
1.779118231147096578e-03
6.866885604692246625e-02
2.145149088820012470e-02
3.604579345056992210e-03
5.110963051363509417e-03
7.417921029838565926e-04
3.121323150930482848e-02
3.335162069185311495e-02
1.037040811208206001e-02
9.487437189940343876e-04
1.419466899432498576e-02
3.241326084546128361e-02
1.042302317005037310e-02
4.835915965478936041e-02
4.199027076269916392e-02
4.491800229342603895e-02
8.651292624458627178e-02
2.379063946704357627e-02
1.346256066619263593e-02
2.277127086507101453e-02
2.887721274851474691e-03
1.580402331938747171e-03
9.936932189758711231e-03
2.756064810181357502e-02
5.271908747374895454e-02
9.215805894420147845e-03
2.862347324053102215e-02
2.567602654566986976e-03
1.310449527047321139e-03
9.136726922408276025e-03
2.707526821083469301e-02
1.222225711531591680e-02
1.848662208316699182e-02
3.442956778655077710e-02
2.341330331369583309e-02
8.260607091070899799e-02
2.878937247689623835e-02
2.880930248776234284e-02
5.650009744007798186e-03
1.478129719205868026e-02
8.419450790837056792e-05
2.473883919056633820e-03
3.388227701880758280e-02
1.020244402237840443e-02
1.215487575127962259e-02
3.246472276578801081e-02
5.237659890214012987e-02
3.046531904947083827e-02
4.830116973706900102e-02
1.055416282559681548e-02
2.693589100161635982e-02
2.828062828473378726e-02
4.090126214040108732e-02
5.755896320196990379e-02
9.605382682411706119e-03
2.551698383299443214e-03
1.584797783149279396e-02
2.530816875636276997e-03
5.142197699619637657e-03
3.031946081122421921e-02
4.991569198217993969e-02
6.226915798942314617e-03
4.056628538086139157e-02
4.191227621767570910e-02
2.483982306292531819e-02
7.098407164071292297e-03
5.134761671486277879e-03
2.153355068321997912e-02
3.173204571877936281e-03
1.937919080440689019e-03
2.020389493104130310e-02
7.003397286965858375e-04
1.012390917473477217e-02
6.252912347695081287e-04
1.948967808802913593e-02
6.574886916265196279e-02
1.299930166253140083e-03
1.503964149652041622e-02
4.626062226601072337e-03
5.091831859384671720e-03
1.938485195726412716e-02
6.311467678904670621e-03
1.269069397586659702e-02
9.940916682205971563e-03
2.573442557987175132e-03
3.996410768625598868e-04
2.210640368439933251e-02
5.755585315992575550e-03
1.989426780789045699e-03
1.104513070021632265e-02
2.794816297886465462e-02
1.417638317150130695e-02
4.874672956134454976e-02
2.043823860162938613e-02
4.526544586062432492e-03
4.664781490859031682e-02
1.655486839739486737e-02
1.338201658684105150e-02
4.490369102826960446e-02
5.111815694017192435e-02
6.021857651924374978e-03
7.696111285306421988e-04
1.202435138974707746e-02
8.070719190337300245e-03
3.187099141728159946e-02
1.736237292413404321e-03
3.333690179296762163e-03
1.665418523407968254e-01
8.233884764860058270e-02
6.448183675678058335e-02
3.445752546915172390e-04
7.759518067443844751e-03
4.578913156124626155e-02
8.031950480830336858e-03
1.485479872194097467e-02
3.427840767534797578e-02
6.840257889179350570e-03
3.164385642025446116e-02
6.094489196959259258e-04
2.115480059076387670e-02
2.484758886442916745e-02
3.157208822582625168e-02
2.334204551141197664e-03
1.062222710977432129e-02
1.273507804687813369e-02
3.343003437231082536e-02
1.017782518976246761e-02
1.393602750979939554e-02
8.466284558078301936e-02
5.096474044288685362e-02
1.871468277073243605e-02
6.137081357922731344e-03
1.860906833536552125e-03
7.538181355658897000e-03
3.229356834491404343e-02
2.624038958506041876e-03
5.607807725709755553e-03
5.037498145504288802e-03
8.117208085248905913e-03
2.503884550164270015e-02
1.765233918347197672e-02
1.698885922978932497e-02
7.880182059471864181e-04
7.169557240851887059e-03
3.089661804155736588e-02
1.808854732533114393e-02
8.630482561477420198e-03
8.051995437262739197e-03
2.141630628135829731e-02
1.033177811971247931e-02
3.160936678210399947e-02
3.767174959400965834e-02
1.783228150048667138e-02
2.484159818159105762e-02
1.695830624194346326e-01
3.181695577799752064e-03
4.967641517534460149e-02
3.112634565191246816e-02
6.573703468628036735e-03
2.364531843669309685e-02
4.333414548713113851e-03
1.357781466895919414e-02
4.547723796173634703e-02
3.336747421653449286e-02
5.502998468733141801e-02
1.489508228125258245e-02
4.621429891826007302e-02
1.919360880073018097e-02
3.584266743589668586e-03
2.327053818840636723e-02
1.389613166470618326e-02
7.488272962069224270e-02
3.377751720537934543e-02
8.290748813634332345e-03
6.760843296234454736e-02
4.183545848116618920e-03
1.833452698369385583e-02
5.716840446595892154e-03
1.026776487511794032e-02
2.248818197627930685e-02
3.525293409637693387e-02
1.455022937148186812e-01
3.619885654125523807e-04
5.278010379528358907e-03
3.183298536138691372e-03
2.152318690800649262e-02
2.828118443554988870e-02
6.686612526279979429e-03
7.610316596641801545e-02
8.740326510895115794e-03
7.546378265661572889e-03
9.109327675469563708e-04
1.743563666431624248e-01
7.757882915299084414e-02
1.725117302493679727e-02
2.259241768924527896e-02
3.051802098948933062e-02
6.836897667844665620e-03
3.880171541717168660e-02
2.135909148727310400e-02
1.003381350824957170e-02
1.244606464158974496e-01
3.997158497937426322e-03
1.740475766937847960e-02
1.124820106045795569e-02
6.675204744777948201e-03
1.350281298946944160e-02
1.721377618760243020e-02
1.669652238125279298e-01
1.328169112885119576e-03
1.461388933093491632e-02
3.597359909739109712e-02
6.086250249120170319e-03
1.481639202429157164e-02
1.453369656903915896e-01
1.970176435628603548e-02
4.830505827177914574e-02
1.034890367574741420e-02
7.871389118880846303e-02
2.699803130559812886e-02
1.042156686220016039e-02
1.326906951270423810e-02
1.901795374343281941e-02
1.333214647530378202e-02
8.820848472326068071e-03
3.841389213199206121e-02
1.819724856317810405e-02
2.263128601804971409e-03
1.271966981770341343e-01
1.532889920935806734e-03
1.655133067453403361e-04
1.771933175800793903e-02
1.694701927480939119e-02
1.341356832695556316e-03
1.383256079789023547e-02
2.750526573554914339e-02
2.481362020285762110e-02
1.427019047672153235e-02
9.204546659230110686e-03
1.044256669991445452e-01
4.458363408792221337e-03
1.985629314484005717e-02
6.512106500354954142e-02
1.698630759138987714e-02
4.489517949784548045e-02
1.317990855110680141e-02
6.384542267443733821e-02
6.637696444836273073e-03
1.056425431710904164e-03
1.222039158313403470e-02
7.436542277365131015e-02
1.354539181688262095e-02
4.388439158511830453e-03
3.315123898856547468e-03
4.066519690835742468e-02
1.529769072046656582e-02
3.129744551492182059e-02
2.039065857700677470e-02
4.695133603175358390e-03
2.350966822471229137e-02
4.792264904980331197e-02
2.017098356156868041e-02
1.115206357251820150e-02
4.512977571664122771e-03
9.751680664372779431e-03
1.131595044208808486e-02
7.573202731486657936e-03
1.085903266237335388e-03
7.021153727322193561e-02
9.869725288261839077e-03
9.673867538694289753e-03
6.689934451426391739e-03
3.015991329529389003e-03
3.756990554129459314e-02
4.754545509273959587e-03
2.188906734093478898e-02
3.300160784900459197e-03
2.062652792783197311e-02
7.160075285174022537e-03
1.563169173426433300e-02
2.761848451505196419e-03
1.051597996422828918e-02
1.242398393963457803e-03
1.546739502659263792e-02
6.699353326018954446e-02
1.079155625993404727e-01
4.450684032070290758e-03
4.296405860822719719e-02
5.739415270953888981e-03
4.787402393574165249e-02
5.904514071485559429e-02
9.839781601929258742e-03
1.318745351300047372e-02
2.140949189475773243e-02
2.952729578815872780e-02
9.851538058721356905e-02
4.894030782695291126e-03
6.331678410601648821e-02
1.292508605050561865e-01
4.259473058852398381e-02
1.768509832383743235e-02
6.665885386951021438e-03
4.482100587211990117e-03
1.313446806917807803e-02
8.785176780564105982e-04
1.049689015383718504e-01
1.857803948622442853e-03
1.051174231613060750e-03
2.305440937723207857e-03
1.003805850414324656e-03
1.200281252214108370e-02
5.510082570007458465e-04
7.312180436428461668e-03
2.772165849242777189e-02
1.329595232046420772e-01
7.961986001733457885e-03
7.160934879908561687e-03
2.168996193206753492e-02
9.782009012948851556e-03
5.703004866090486021e-03
7.554894678650469521e-03
3.312339383795294412e-02
8.773100004194150925e-03
3.539818633266609855e-03
6.690169195400099897e-03
4.237388143111386896e-02
1.079434638310034465e-02
8.178661737147702518e-03
4.187869988766008966e-02
1.658915924900110639e-01
4.282690961136245700e-02
2.925739541875455735e-02
2.270226522843486749e-02
2.349754465484695659e-02
2.345299154252934726e-02
1.027420088348654807e-03
4.875540652070698561e-02
1.397053012028346419e-01
1.341242715543530632e-02
1.022924285599329831e-02
1.800216800072535275e-02
6.861679721489112246e-03
1.799499549933133297e-03
1.407950579403063028e-02
3.863964360436001472e-02
2.327690183464861673e-03
9.516846413365467536e-03
3.528475326902011312e-04
7.303300152411746834e-03
1.733894379837849428e-02
1.363705130868466363e-02
1.058466750225177666e-01
9.923650427077547811e-03
9.890286733746178269e-03
5.817290727183011684e-02
1.426214928690087286e-02
1.030451825044928146e-02
1.274868707465144461e-02
2.197751691537914304e-02
6.481836258234637167e-03
2.443104111946942103e-02
2.596335248526381034e-02
5.663451909474012495e-03
1.669363127085829734e-01
3.308970476854340356e-03
3.045946076488956124e-03
2.765939135315037198e-02
1.083762087078386609e-02
1.295493039725194805e-04
2.942967151186259584e-03
7.722799876860340224e-03
7.886535692272123380e-03
2.454618769400045142e-02
4.618544203806860746e-03
1.253608921904976860e-03
1.768981326159665881e-03
6.334827568228328445e-03
7.229563804818066840e-03
6.187324688757218222e-02
4.921534753671124446e-02
3.852101908870867591e-02
2.332565407448434699e-02
1.728624741138135674e-03
1.442408399220673071e-02
1.121476103627606566e-02
1.685275426946389321e-02
1.541453936735225246e-02
2.862913523176551650e-02
4.607067876858682992e-02
3.416812775101028474e-03
1.965783025535479053e-02
5.286260658753121587e-03
1.748867971288774192e-02
1.449326738292082591e-02
8.465493970564781645e-02
6.255556350430010321e-03
1.089863965553752997e-03
9.867204570142584785e-02
8.415493461867011235e-03
8.790906430948120312e-03
1.763953737265212818e-02
3.381137736046110204e-02
6.455598540855914634e-03
7.199669790147190940e-02
2.399038084711965085e-02
7.309072959545523558e-03
8.513194865567026010e-03
1.325666980594444183e-02
4.500487639331766931e-02
1.461253097571953985e-01
3.071785316038198703e-03
3.967307639513710515e-02
2.500747257266068904e-02
3.624627147668856714e-02
1.312088788023614561e-02
2.357024739667732544e-03
7.482903983638528435e-04
3.180227963650806428e-02
4.201849383254376014e-02
6.553328884296841239e-03
4.212024941980498788e-03
1.316638000808323383e-02
1.690160244097811959e-01
6.419439325399864393e-02
5.353818516602134453e-02
3.539129918321794882e-02
8.638791382897881635e-03
7.533392164631618100e-03
1.049889535810805824e-02
1.828376872061384523e-03
2.150204166669145156e-02
5.022535378379107407e-02
4.853359066130467220e-03
5.872020556610792544e-04
5.337651194301885199e-02
1.447133283772261865e-02
9.320322789781296594e-03
6.276314882946006308e-04
6.229679126784856691e-02
4.860662475246785470e-03
2.220149453594758363e-02
1.324714984593871822e-04
1.631426375051987787e-02
1.678664355870635111e-04
6.559592986165641709e-03
3.302176334539446562e-02
1.355535058534266535e-01
1.879077282590940409e-02
1.193761730487931036e-02
4.164686322060243834e-03
1.169305732092538151e-02
1.900126598738358097e-01
1.613394216255671296e-02
1.459115251844989372e-02
9.080256252927101229e-03
1.398944573443760414e-03
6.751477068656712432e-02
2.499577603414386909e-02
2.975953432567026227e-02
3.242247930543798451e-02
1.477997267309725041e-02
8.012297934826240198e-02
6.606620579306400273e-03
1.945171842017597887e-03
2.031956504310621775e-02
1.737984923697796433e-02
3.749823593161431649e-03
5.301685882007352996e-03
2.680438100889828441e-03
3.521582108683687581e-03
7.467935107024943793e-03
4.119893196102424049e-02
7.859834582636249581e-03
2.542250329010427648e-02
4.088569531752845546e-04
1.230919652752060327e-02
4.535360158829446209e-02
2.996215579107582624e-03
9.778527886833216637e-03
2.303505100311622306e-04
1.000136680378528944e-02
3.171557624251565132e-03
4.518208956354986816e-02
2.277352779818830886e-02
4.906159710080614661e-02
1.213311896462612727e-01
2.185547314910433678e-02
1.752734371399619628e-02
9.210244297618542034e-03
4.802429855304686523e-02
1.823002243892058935e-02
1.956668763743783009e-03
3.212304342188442973e-03
1.093543487087496324e-02
1.885041850082764658e-03
1.293752913246771497e-01
1.122506831984656020e-02
2.891272186864313372e-03
7.454439551223558322e-03
5.499314982531388653e-03
1.372784220601099003e-02
2.111454906616027066e-03
2.696566112732970075e-02
3.233926492358358412e-02
2.086190667682576855e-02
1.115168917475830700e-03
9.813467689060113852e-03
1.300425770313297022e-02
1.451157988935797560e-01
4.172774052171972226e-02
5.828499570006043240e-03
3.298017184343089714e-02
2.104684773176307595e-03
1.059989194730344246e-02
4.437168556675376296e-02
4.331177487199688175e-02
1.336975601070614084e-02
6.237981298716349481e-03
9.254348190382934158e-03
2.755249580708251170e-02
1.905392275455571440e-03
2.189945626968926168e-02
6.639428336847487573e-03
4.952549331294332086e-02
1.090397493434908495e-03
2.959838005530637806e-03
2.311347561539850090e-02
9.315945650728406011e-03
2.243626941279287107e-02
5.743231134802148294e-03
4.934580338125948984e-02
1.079192738313727168e-02
3.738939280275190794e-03
3.523724971436264109e-03
1.003578557046031217e-01
2.052003204703620534e-02
2.279606671607906435e-02
3.418430263650238873e-03
1.077624434904556235e-02
5.870353609458389167e-03
3.345290296466179453e-02
5.028979031471448105e-03
3.671867403758825171e-02
1.870198453924009057e-03
3.939851212335745978e-02
1.529737160797230763e-03
2.119670582669765796e-02
2.003028101654715995e-02
1.668620496988718060e-02
1.342646176117341661e-02
3.269591342028042857e-02
4.195615574381646173e-03
1.497880770974090170e-02
1.324737351143390890e-02
1.600657147391187571e-02
2.573778059843866844e-02
4.268799027935241130e-03
2.733111226684174343e-03
1.294085744551954839e-02
1.985868074666731140e-03
9.300418457753690388e-03
3.380179792160840913e-02
2.884998615691793805e-02
1.132589495573825718e-02
2.993119912978001868e-02
9.155650654738898067e-03
1.294189597082195378e-03
1.628976822271331181e-03
3.948144503410048328e-02
4.087251912366659384e-02
3.649166952265311958e-02
6.243157025461423121e-02
1.955318936493619791e-02
1.110022831352622946e-02
5.592225367683380417e-03
8.933067348946590854e-04
5.745769588186681182e-02
6.874907398059773578e-02
1.922479467334091696e-01
4.696724964774504421e-03
1.214299799294033498e-02
4.532128543756295397e-02
9.992647921663900049e-03
4.065825220651365576e-03
1.920547739897184719e-02
7.472426825591578503e-02
7.973133887198887576e-03
2.380094996499192324e-03
1.404542478654575467e-02
6.440838993106319521e-02
4.812151735038536909e-02
7.996062009951532615e-03
8.213208692077750631e-03
4.604686028944950799e-03
1.180810994496797649e-03
1.238447214779964480e-04
2.621117636556388394e-02
1.349258915416406794e-02
2.625553160865182895e-02
7.263746692834136161e-03
2.934923555200791290e-02
3.159885117506051194e-02
8.289919096343908306e-03
1.116230670978552624e-03
3.776544500506040861e-03
3.797173144301961567e-02
1.482122270264998355e-02
7.267553453306503826e-03
2.085827407608419407e-03
3.281658558012204296e-02
1.005499575436722033e-02
3.978603522424074140e-02
6.160113084880396161e-03
6.846163045929784530e-02
1.510419862640251763e-02
5.779365400183879807e-03
2.033783586020475147e-03
4.365747917498648961e-02
2.568478271052570486e-03
1.614976131982141447e-02
1.213767138483550509e-03
6.545361688438507131e-03
6.078518409688758034e-02
2.155783969416136432e-03
1.857420347474005116e-03
1.347012300696889819e-02
4.481177114561722338e-03
1.243471011055255789e-07
4.570436128961323508e-02
4.142777268911084637e-02
1.690916160616222699e-02
1.620942673067487239e-01
1.804575096922013400e-02
1.559300085894132527e-03
2.218545115393474529e-02
5.880175764483355078e-02
1.886518016195471228e-02
2.715662706724199932e-02
2.173635884876414480e-03
7.804049662120443077e-03
2.076323179093163621e-02
4.435001548574602458e-03
3.796853578788698946e-02
5.531367341378472940e-03
6.305893494862542352e-03
1.636478123148049288e-02
1.351562071429251478e-02
1.706888785337580886e-02
2.698543775801435368e-02
6.221670278813607943e-03
4.684828403533099900e-02
7.558837527247222335e-04
1.518898350161795342e-02
6.163945670821326106e-03
1.530072180550418395e-02
1.042891000541541248e-02
3.869574977038596486e-02
6.582919408128560038e-03
5.664550510129503710e-03
5.793683064163474873e-03
8.737599826055719721e-02
2.100800085267211584e-02
8.266449879413464291e-03
8.213028336403276064e-02
3.726300767718721593e-03
3.392877586811762682e-03
1.808814979609828536e-03
1.075642831954924314e-02
1.706566477231538995e-02
5.956435006299851641e-03
5.180542827466058653e-02
7.460564623796166195e-02
5.167652076758110641e-02
2.349708183287390305e-03
1.338496479353849149e-03
3.305141769105189586e-02
2.296251362915936733e-02
7.210149772033938587e-02
5.728213899790259023e-02
5.155637005560786447e-03
2.401861756079329974e-02
1.078563342491034166e-01
2.296927619290405065e-02
7.270856038415330182e-04
5.385754328831321089e-03
3.320709763808921133e-02
2.901909965890001400e-02
9.070459390714068204e-03
2.818445358357714314e-02
1.252260851942232521e-03
2.285454858510144877e-02
2.537909006761605510e-02
1.178987538064261466e-02
4.443618700961484563e-02
1.398306816545469566e-01
4.242366715721974241e-02
5.530584888191420433e-03
4.881128763994938002e-02
1.449906669023687950e-02
4.615066466729121630e-03
1.626314697016228994e-02
2.118052842599893459e-02
3.813522865290452858e-04
4.410664129957438812e-03
2.832523788450739752e-02
4.279694034051245016e-02
6.512568006722527225e-02
4.188884676432310696e-04
4.092646277472287986e-02
1.106608802943358227e-01
3.216460313548556021e-03
5.810223929072307796e-04
5.575712070123788749e-03
2.603888466081090425e-02
1.830601467155530682e-02
1.766964035446437764e-01
6.989404657393595566e-03
1.227816113203931264e-04
9.954374727110259363e-03
1.112742013730403864e-02
5.940995102022323532e-02
1.852329166655357481e-03
4.896794690413030886e-03
4.211923394406517224e-03
4.595094867607539546e-02
1.708514759487490819e-02
1.600526413986771979e-02
2.046610790684035962e-03
6.486792994195365869e-02
6.514155434849682076e-03
4.108891547047346243e-02
6.871589760076755003e-03
3.191189603520853176e-03
1.278641900843383895e-02
2.726275519151459027e-03
3.628668845505617600e-03
6.720603270817308156e-03
6.087709107357877104e-03
8.785007496610468952e-03
6.249766398955371866e-02
2.807924960877546811e-02
3.082738492552838157e-03
2.204163503508189438e-03
1.957339275237419442e-03
1.960026681077283242e-02
6.656564079462798551e-03
3.824907165955684744e-03
4.449975731644676552e-02
2.401860907402008152e-02
5.541427613701477468e-03
8.684278368623177258e-03
2.239626783700110826e-02
6.300382745693203787e-04
2.339789164703047833e-02
2.216418368691262103e-02
1.071551360726664785e-02
1.019372728950959477e-02
5.638189120783308750e-02
5.084617487376909273e-03
8.422022679006643808e-03
6.559700826709044877e-04
2.035080353208790216e-02
2.315601884727747691e-03
6.653262895543272416e-03
1.160133293254445898e-02
9.221101995930647624e-03
3.457988688903750399e-04
1.230569051639551076e-02
6.322012899834805744e-02
5.759704957579628304e-02
1.378597180024096610e-03
7.548895852134065998e-02
2.375955827073108345e-02
5.931996883583431392e-03
1.287050405795821771e-02
7.906999996730064428e-03
5.654507386418683966e-03
3.100038433627031950e-02
6.961113265866825106e-02
4.761980328668664886e-02
4.741137882910269503e-03
3.178770446136919975e-02
3.041039706261013369e-03
1.668823267575771097e-02
2.182908958588776482e-02
5.058374533958929619e-04
4.331055685202177957e-02
2.096430529440892684e-02
2.304114556164206518e-02
3.181678021758779784e-02
1.111610542207541220e-02
6.133691644737913201e-02
1.512489699400618171e-02
5.191591642060699313e-02
2.165434855136464179e-03
3.483250468905015051e-02
1.748837402673899741e-02
6.800517940451045011e-04
6.219423534596381017e-03
3.563955157233963944e-02
1.634762462927142126e-02
7.573644960134543087e-03
1.521808309946336320e-02
2.175991537518625132e-02
4.209384832411203897e-02
2.401867144258672520e-03
7.550711330177441259e-04
3.849791052581997414e-02
3.507144538566263348e-02
4.005598692122352674e-04
2.565160955492454958e-02
2.881345189631253842e-03
1.732720477815007792e-02
4.277737983123541983e-03
2.441140208085191068e-03
3.945214334103924921e-03
4.702860349013433285e-03
6.996495604217545933e-03
5.567166488802777896e-03
2.888550923978416927e-03
5.172865810267931325e-02
1.819052347163438790e-02
8.958132126993431990e-03
4.447440771121366184e-04
3.151468881383328452e-02
6.989387833930854610e-03
1.145934846508500594e-03
2.767593296189716032e-03
8.785183095125888297e-03
3.848292851156077162e-03
3.467113947235168220e-02
1.859993301387375070e-04
9.515189794416954727e-02
2.022595943833780871e-02
1.935091816197896664e-02
2.902104119430805665e-02
7.297740214100091431e-03
1.034943145761027944e-01
7.927699647150569795e-02
3.567486983508005166e-02
9.562043302024056043e-03
2.210234006353789180e-03
9.008582538912989976e-03
3.217622842488575708e-03
1.133111393371476205e-02
1.805623871483142545e-02
6.898772856148380553e-03
1.122034797211916846e-02
1.353183795960748691e-02
2.088669151729139264e-02
5.547402597944356244e-03
4.576833668792875016e-03
1.275382663100745571e-02
2.064199991585088587e-02
1.379345690847621521e-02
5.081643910171793066e-02
6.599061042914015907e-02
1.995452211527389691e-02
9.895328330529589919e-03
4.999222775239746397e-02
3.005946673134978278e-02
5.548940167027234527e-02
6.254942421269051034e-02
9.658879294671502899e-03
2.790404068480395114e-02
1.347988592612863468e-01
3.523761669547501030e-04
2.939151859696662733e-02
8.903309647145370154e-03
3.436457546077751452e-04
1.827214332416427778e-01
8.699737337772782755e-03
1.430300059816695842e-02
1.363099182110222123e-02
1.747793281145195582e-02
4.783035984804955400e-04
2.445439158659170210e-03
2.984270753191259687e-02
6.930295515054693545e-02
4.828462050269234467e-03
1.291993404217865564e-02
2.810950622951816427e-03
5.919919245789529404e-03
1.336261269153543683e-03
8.292520514317577862e-02
1.370769562348519467e-02
2.400438340047960153e-02
5.162962392219206656e-04
1.840815283665864915e-02
4.331577177110624427e-03
1.558166892853157966e-02
8.421567341280590188e-03
9.173277866961443427e-02
3.650146881538801971e-03
4.801617230874516765e-04
1.090755107348739643e-02
1.554814177969049069e-02
2.260298052053887410e-02
1.699468940196986050e-02
7.624466489171974337e-02
1.102727500044280162e-01
1.495189723964764289e-03
5.654883032218668461e-06
1.397484239593651222e-02
1.437105591708342373e-02
3.385833710117011619e-02
3.038902017388954088e-02
3.081957926388512962e-03
1.906749550324471658e-03
1.377506898393877077e-01
1.097678210842143592e-01
7.209957838599244211e-03
1.744824335278900851e-02
1.807267661918821738e-02
4.487804478911068540e-03
5.712058963149532244e-03
3.039435570247408808e-05
1.098787905791120435e-04
5.785841758661140755e-02
1.102610733447422289e-02
3.624639055815125771e-02
2.157403850833071805e-06
2.470702428542992379e-02
1.099389204828525590e-02
5.533538115534041707e-03
1.210312232442955355e-02
4.116667105307840469e-02
1.445008650208800399e-02
3.462900762191650078e-02
9.311370819242791030e-03
1.071923881481799332e-02
1.003355454193870927e-02
1.911047156012660869e-02
1.485980005939558507e-02
1.945571264398978945e-03
1.853098312234383385e-02
1.060110539441752771e-02
1.755219551086915604e-03
2.304203199686642722e-02
2.061861414200479720e-02
7.275240478789676835e-02
1.723672131307769570e-02
1.559990297582943553e-01
1.275507553532888860e-01
6.696239199125117968e-03
1.017546541947342634e-02
4.619461629230467263e-03
9.679223922762762071e-04
3.708946292891491386e-02
3.454590041280292123e-02
4.540720163403760834e-02
4.951680937132236365e-03
7.645078501746491173e-02
2.764037996708519976e-03
1.865721834316420944e-03
2.688467300954615335e-02
3.699503308047489246e-03
9.853612463792406698e-03
2.172825730533793805e-03
1.656083791856707843e-02
4.339732081383203786e-03
1.258421155025781640e-02
8.506770104762255598e-04
1.057382834532442223e-02
1.732658616671384558e-02
2.964582301623745059e-02
2.468943837844435676e-02
6.942351951125696249e-04
4.192872177170004627e-02
1.439067414972616116e-02
1.527423670799868405e-02
1.751380452226471195e-03
1.133603799535354457e-02
3.227760499395927914e-03
2.414662299320444530e-02
1.272559310316517204e-03
6.574792812340822523e-03
7.406195369229147223e-03
3.212536936103950642e-03
1.711694957920056534e-02
4.196426948374028937e-02
1.109916864169403772e-02
5.712747897661604041e-02
5.407903819854866651e-03
6.506530322003972050e-03
5.715059188775014481e-03
1.593155022474480181e-02
7.026052901488672418e-03
4.596322599007543995e-03
9.472002284237928532e-03
1.417403017735310161e-02
7.779885867174887726e-03
7.097072945994270521e-02
3.660758690931594124e-03
1.129409536010748255e-02
3.303001392479894271e-02
2.360892578292999103e-02
7.960239346560409740e-03
2.909398102788221183e-02
5.166399696297136607e-03
5.285270496308558386e-02
8.010167258123049305e-03
1.485209327062514753e-02
2.135871555218541926e-02
1.476738962830138023e-02
1.167872825428941524e-02
7.482792783597159991e-02
2.106419204710950881e-03
1.089881358850720156e-02
6.286456714762324142e-03
1.310793262935584097e-02
3.165940312655166761e-02
6.661575269047591286e-02
1.231358149830015253e-03
2.270985334351197441e-02
4.573508613525527691e-03
1.235039307216492799e-02
2.501864807174053202e-03
4.302122760583315317e-03
2.049780915054408292e-02
4.191491355147223901e-04
8.060663134985433451e-03
3.384782231183404433e-02
1.844957498581300745e-02
2.722398133205710877e-02
6.087110030423246131e-03
1.672804443785456258e-02
4.923650339451372121e-02
9.050285278073007256e-03
6.156841727679188310e-03
2.256933188527285306e-02
8.714788220080264131e-03
1.137543725273608072e-02
7.913302294196861847e-03
7.650332129151606216e-03
3.166971165175667263e-02
1.403586510673907224e-02
1.012968082327376194e-02
8.077764709292251100e-03
2.928275239151286163e-03
3.136661418258921558e-02
7.049270468066258337e-03
9.569183831832014930e-03
3.057328542194124449e-03
2.246671595268365240e-02
1.038244123145039971e-02
3.414236724570355284e-03
1.457761657492496511e-02
1.005371335063922136e-02
1.164563764086700348e-03
7.560708943984666142e-02
1.818764485975981129e-02
2.341569034251280573e-03
2.638160049720932737e-02
1.153944443486415276e-02
7.021426764270040366e-03
3.766705340538384350e-03
1.225544070016506247e-02
9.712452227302926372e-03
3.800262976248732633e-02
9.174303135766332176e-03
7.509962097338501209e-03
4.488919430287608564e-02
1.779783257012792011e-02
4.049248867116182066e-02
2.396365078736490111e-03
1.219581464564645744e-02
7.263143154932440691e-03
3.964864152931840170e-03
1.351802614974896566e-01
6.435788652427581157e-03
1.111914131324861187e-02
1.623609670429637187e-03
8.211226469674754239e-03
4.567870064937730457e-02
8.715548503537595346e-03
2.232857292656687670e-02
7.581888758927326100e-04
4.173658445789148186e-02
5.842067540281859449e-03
4.335458881434289639e-03
2.595556552276586867e-02
1.137986688500376882e-02
3.373824632956941294e-03
5.689838573068933120e-02
1.445269992774619004e-02
2.921380496604621037e-03
2.855121321682774996e-03
1.016877717891824517e-02
5.489331535634947058e-03
6.356932522064949465e-02
3.247551348892548789e-02
5.204214762923325965e-02
5.747963603809160688e-03
2.014827435122200361e-02
3.302921789974348071e-02
6.817111977079065924e-03
4.952091231255452766e-03
4.134696770902420576e-02
2.661082512406264325e-02
1.538638758413411918e-02
9.375189746736066129e-03
1.059551823476359393e-02
2.544448803518036331e-02
1.454449787245624612e-02
2.035184842014354373e-02
1.064607875484370513e-03
1.919737238717400887e-02
4.157471241192971234e-02
8.108458938072200459e-03
2.023444904717863063e-02
2.459294789680664065e-03
7.986562558339439788e-03
1.521712478966527442e-02
1.340588029807284224e-03
5.861209953776093731e-03
2.057548225110009815e-02
3.129933870044305805e-03
1.509971698718765194e-02
7.121676737074203282e-03
3.761808755066985838e-02
6.162188374228012161e-02
3.902692873790106903e-02
2.806766981140537773e-03
6.059044364716980983e-03
2.851931264481962196e-03
1.017680804706848352e-02
2.002253319400904442e-03
1.520068796136883615e-02
5.527223225970164834e-03
1.391271846020890324e-02
3.218032190898806322e-02
9.543355418787095173e-03
5.125993436380244135e-03
1.182067495389873581e-02
1.667866031606564381e-02
2.073290296252781884e-02
5.114050707996848841e-03
9.512066848294009266e-03
5.390660278233768950e-04
5.754792108280671475e-02
5.149855570660854392e-02
9.459282683471266842e-03
1.040847694294827069e-01
1.188326758212670253e-01
2.666976243677498040e-02
1.514824517324174502e-02
9.546242900356086483e-03
3.273454834183311263e-02
3.190244331444224129e-03
6.042530762829678020e-02
3.652499612333125201e-02
2.728459025574538933e-03
1.983109296394995266e-02
2.685795707338600735e-02
1.273424581065773532e-02
1.081599098028481615e-02
3.647752455942494115e-02
7.516369544958351190e-02
1.249525639687339151e-02
5.253013807923990683e-04
1.810548259845844166e-02
3.104567847489071372e-02
5.928983860988271647e-03
8.446846829766346820e-03
6.923159604078161534e-03
5.389959167870174081e-03
4.691617139193954289e-02
3.228802032302775099e-02
6.957726290645389888e-02
1.326137142802212045e-02
6.099250072720882772e-03
1.754441261373477015e-02
7.367616918687318328e-02
1.986721959308503441e-02
1.712855363918073040e-02
4.610611123195736951e-04
3.001780915442768538e-02
6.591300019931224663e-02
1.195122617859134713e-02
2.329691864428146131e-02
3.399604900600351753e-02
3.335179198691435448e-02
7.592828702905955046e-03
5.262463330609268297e-02
4.414569696909139904e-03
1.064532029035576005e-02
3.783191333305550245e-03
2.183555239059949485e-02
7.945114179870767235e-03
5.041444913613243178e-02
9.611112258535187830e-03
5.418750903183854918e-03
4.828566591388164936e-02
1.660377009194970166e-02
2.117023297978125676e-02
3.966534842825625989e-02
1.240819023752973540e-03
2.509085449227687128e-02
4.112182206504445825e-02
1.287316735991371475e-02
4.881192099322245043e-02
7.429637756540966378e-03
9.171772515422695754e-03
9.877350212971830468e-02
4.813623836330212279e-04
1.356724102337011906e-02
3.419884927196025631e-02
6.022392307473672241e-02
4.895566531284909796e-03
1.161779038439667185e-02
1.741043331429915474e-03
1.689281523727635334e-02
1.532324308425424102e-02
3.555512933931851555e-02
1.114834692791954671e-02
1.437951712459143686e-04
7.704610260233816458e-04
1.483481863916418474e-02
8.478170089765046935e-02
4.776107978499656223e-03
4.000786797981091547e-02
5.234047067584068902e-02
4.536044047854335265e-02
1.030358493812767035e-02
1.372353017079100401e-02
5.220013738979409476e-04
1.008602763882076869e-01
1.628178003187875575e-02
3.526087167176677334e-02
4.767329165730758989e-02
4.053816413926154653e-03
2.218520470769306391e-02
4.557528030386026607e-02
2.165076819182822770e-02
5.335484997804148914e-03
8.333906416130656275e-03
2.205950436922948094e-02
4.649568003061730313e-03
4.824181543863304087e-04
6.857651844393559612e-03
2.545477898228063526e-03
1.759122620205826049e-02
1.712722292791603318e-01
1.369832002509162316e-02
2.385448316464203883e-02
3.696714189119861948e-03
1.486343506880851567e-02
4.062920868144891118e-02
3.623111197243895215e-02
9.004917617367385815e-03
1.109762442369589645e-02
1.066898533429515815e-02
1.251686510343218671e-02
1.445462917111503265e-01
2.572031182978466030e-02
8.362870737407466365e-03
3.662472408241967264e-02
1.691491492535555918e-02
6.800112046464263510e-03
8.575073868233780774e-03
1.484552702031867975e-02
1.376851518723583084e-03
4.567329625096879821e-03
2.999466752741593301e-02
1.333840438476320556e-02
4.923557876268899042e-02
5.296021558106278615e-02
3.404592422452748512e-02
1.064440525581821298e-02
6.818685026739755572e-02
2.561309182737243634e-03
2.944734739573342738e-03
3.496104470456526392e-02
6.874696233291701514e-03
4.353244549001400801e-03
1.117589817415073038e-02
4.934757065842986130e-03
1.383051844434027462e-02
5.226894096961279441e-03
1.450348969035931794e-02
1.033420638813831692e-02
7.065388248520527992e-02
2.763173829909930726e-02
8.589794209111691059e-03
4.221100425044059176e-03
1.008631779283424706e-02
2.007422806495031894e-02
1.182823557500100875e-01
3.738609389113468928e-04
5.150529493193589312e-03
5.537803992159096196e-03
2.193940939354189178e-03
1.650380129627318157e-02
3.715828473364505419e-02
2.334948404886608500e-02
2.015926255453547727e-02
1.264286057234173012e-02
8.885883512738043666e-03
1.332326406976050599e-02
1.523060360153838215e-02
1.106384825552562609e-02
1.469645849931727755e-02
3.548441116740956905e-04
5.463173187379771756e-02
1.476464316789963087e-02
2.975859865005567317e-02
1.577814612560691360e-02
1.401120691355328685e-02
1.635407205850610002e-01
2.800745070583592761e-02
5.427477259542292515e-02
2.069318617868315044e-02
4.715600860035142755e-02
9.328558148491095103e-03
9.205392499539907770e-05
6.812479646925805217e-03
5.685822737662986348e-02
1.570825988786427041e-02
4.986606501163906580e-02
1.088556900569851160e-01
2.611939283532592124e-02
4.492462109317774815e-02
2.234605212111105688e-02
4.527605505897421695e-02
8.018678528260462721e-03
2.052340150869323004e-02
7.260607844170695671e-03
2.519518559506072654e-03
1.878554941871111647e-02
1.084877588919105212e-02
2.037051700300207893e-02
1.428168364326930055e-02
4.713506265199056411e-02
5.286674455603480871e-02
7.060223059879694972e-03
4.069431580540327359e-02
8.918202253643356392e-03
2.846637875557993247e-02
8.291445093417261492e-02
4.408672182705698425e-03
2.508629837576107149e-02
1.532745772109010696e-02
4.510538893688177675e-02
3.261935868717404964e-03
7.092443539433348609e-04
6.934347257050373081e-02
1.415090176955683364e-02
8.617061722961637249e-03
2.668904157616741254e-02
6.640291156798356839e-03
1.289572378175625651e-02
1.046602851975023674e-01
4.998865163020554253e-02
1.787421658159188131e-01
7.454051587009244764e-03
1.756887055053190164e-02
7.545298761934819687e-02
7.250400559010083956e-02
3.760236765030308334e-03
1.477686408471346954e-02
1.881778808315056348e-03
6.878729215879085535e-03
7.787337790056934883e-03
4.024320065502034853e-03
5.384921863883835973e-03
3.526473401167427857e-02
2.531989391473219407e-03
3.191334799918710274e-02
1.029670143351191572e-02
7.117045320455144854e-03
1.032673615057279337e-02
1.403255465661047870e-02
1.183031372768392729e-02
6.452761722859161851e-03
8.794521090050999232e-03
1.206838684696263583e-02
7.610449514315165143e-03
3.373258645784431298e-02
3.850961240229797827e-02
1.421643355908861969e-02
9.667386463273383232e-03
2.507985658251360092e-02
3.684922672347063638e-03
4.526981173483370091e-02
4.589182580677092158e-03
7.973794283300113597e-03
2.309494471806008368e-03
2.822169838072298431e-03
2.843240062411820160e-02
8.186105931830792160e-02
5.048523303849994370e-02
3.630141532929011500e-05
1.846739070945178788e-03
2.084805170716094377e-02
7.634513992599062382e-02
1.120801583299650336e-02
1.575972762464007970e-01
2.494574308777867955e-02
2.125783578722318518e-02
1.062033919271787065e-02
1.864039885774936012e-02
4.972430204312841290e-04
4.616037188561418134e-03
8.366550305789035094e-03
4.244275892481214757e-02
1.261414094475767599e-02
1.658046349342606404e-02
8.121123282881349478e-03
7.223790183262114584e-03
1.353210794430045882e-02
8.432181819660149180e-03
1.062430005571868806e-02
1.497258738858956925e-02
9.214651303121665707e-03
6.062118704923236123e-02
1.932737258747254001e-03
1.444114417013453097e-02
2.047150693061942656e-03
1.373889597309252246e-02
1.675172823783190323e-01
4.925919766932883997e-02
3.088933373003386121e-02
1.881167930794875112e-02
5.109624980224060364e-02
1.633347198906667797e-02
5.229123983691546379e-02
2.790130261593783481e-02
6.281425592599023007e-03
9.666202006361805654e-03
3.591620693694701910e-02
2.314385240852043918e-02
1.911282136475888141e-02
7.819582355764794629e-03
3.138966420700923382e-02
7.723176506789650175e-03
1.280104161263653263e-02
1.918219492879581073e-02
8.791099749937360611e-03
4.490710490979266979e-03
2.766472427412331250e-02
5.252576835471305106e-02
1.185234955343436765e-02
2.984961514270128430e-02
1.944709276519324820e-02
9.293448010331605003e-02
1.227629114024167585e-02
1.900656576653050184e-02
7.866402185866440064e-03
6.915761246005819752e-04
2.477826608042711654e-02
4.185841386259420149e-02
9.347277876263214436e-02
6.903629289268634756e-03
2.838964393477005216e-02
4.899794648948740082e-03
2.155792738734262689e-03
1.032225769786349924e-02
2.116969617558050500e-03
2.597754708262567380e-03
2.920502262532464685e-02
5.576557218693484197e-02
7.678296628176138616e-02
2.179474791406664416e-03
5.448633596979177846e-02
1.915088167663626592e-02
1.741289506338607358e-03
1.894267746625678817e-02
4.193968663380143874e-02
8.337307171151489213e-03
6.566820752117881986e-03
1.350856778823258247e-02
1.747778538789383079e-02
7.210842503226900548e-03
3.637669452022063155e-02
1.070475237973309230e-03
5.073053056848586713e-03
4.929417089145132769e-02
2.930723212175524034e-02
1.067599653452680139e-02
1.144430167760164263e-01
1.731908351746161770e-02
2.346932160554869931e-02
1.614134338266258739e-01
2.137646589757624671e-02
6.103339766496565164e-03
6.072296080790964444e-04
7.685020819816833215e-02
8.971898056630163085e-03
1.777221145354905552e-02
1.664577674125783044e-02
1.512553045870391188e-01
1.187774351098023345e-02
3.844303167521363057e-02
2.168201535845114616e-02
1.809756608422694729e-02
6.053424317226050073e-03
5.579238609960970180e-02
1.376592809646181442e-02
9.966285545076617597e-03
2.657102826829549000e-02
1.002672575316546771e-02
1.994229567411149456e-02
6.705809598989408149e-02
3.949746458420182182e-02
1.077847454569689015e-02
1.508740573604798810e-02
2.576358411737495954e-02
6.189405778237287584e-04
2.627498222340018952e-02
6.540580032610866096e-03
1.851987698589397380e-01
7.497790211398826015e-04
1.327316581041710838e-02
5.951551020335461850e-02
4.594126749786785202e-02
1.563736871680422580e-02
2.222300020599933079e-04
2.244923418007801000e-02
6.503669205979491219e-02
6.498455896653682062e-03
1.157575837538769858e-02
6.566754186974096096e-03
1.713689046826682993e-02
1.892546316040831511e-02
9.135184728721738867e-02
2.390607086889539115e-02
4.299671445623714366e-02
2.138334863962786103e-02
6.483018839125723664e-04
8.829989311230877769e-03
6.176910052275982888e-02
1.125678042233329602e-02
6.399018233679765189e-02
4.445954686933197182e-03
7.692953002383002420e-03
1.866611330506604341e-02
1.654917613277819693e-02
3.671931165479937285e-03
1.349540384906725704e-02
2.123002221484023857e-04
5.446881822884919698e-03
7.494604621228914861e-03
5.316975886680864322e-02
7.823645546983918828e-03
8.253100846274848135e-03
2.795708316767642112e-03
5.562079118483911205e-03
5.241437916974708670e-03
7.006285010404011103e-03
2.989179616308478699e-02
1.246127217933186253e-02
1.080981542744357260e-01
2.932798918852534339e-03
7.204968482383433681e-02
1.806709581130474564e-03
2.620344069585345617e-02
4.546077996291389423e-02
1.492795580165350300e-01
1.420715488216926087e-02
1.264606604735085682e-01
4.742871561338572739e-02
9.580045015466331915e-03
2.480130278196626681e-02
4.191895727688066398e-02
3.109560472578858786e-02
2.965276192382150858e-02
6.456067049411450204e-04
2.919828607843464978e-03
1.771979768003497380e-01
2.026792772424041225e-02
9.132054111325154516e-03
7.186663124271002595e-03
1.123030798668683480e-02
5.072716947832809319e-03
4.476844678330727315e-03
9.701633162539949687e-03
6.174257056941135670e-03
1.760998507048535389e-01
2.475602962447095035e-03
1.931297141583840360e-02
6.298182604493425193e-03
3.995722246362108827e-03
9.319282305660508969e-03
1.229557840489976621e-02
1.689559628614977285e-02
2.372885350399283472e-02
1.352032276191113096e-02
4.048536939923107897e-02
8.091467285775735818e-02
1.308156822331114737e-02
2.164212131456945062e-02
6.635602738580165250e-02
7.454596070527155782e-02
4.845685378903855089e-03
1.824866983113251559e-02
6.801174270382222276e-02
3.287151883015271975e-02
2.134171038566898618e-02
1.664046420833342407e-02
4.796466889342487772e-03
1.257133684529822097e-02
2.211959272526599005e-02
4.306404518822917749e-02
2.350546695648343676e-02
9.045771875653732877e-03
3.272551492819551766e-02
3.425882302136257218e-02
1.632386132576998938e-02
9.696914719458719217e-03
2.629315828844214220e-02
6.402388936425606721e-04
1.189784505839355279e-02
3.845702575635244480e-02
1.245498231857340233e-03
6.761270949580150402e-03
4.353921899545912938e-02
1.893980167208168808e-02
1.130092057643531517e-01
2.014059218159507288e-03
6.610650539814432770e-03
6.695709137352436925e-03
3.187840844835487797e-02
1.017608383627967988e-01
2.691960549999970753e-02
3.288866969630882195e-03
4.419498915157673603e-03
4.444268590527204743e-03
6.445389851533359603e-03
1.345004614034638890e-01
1.170685504455468498e-02
5.584587667580863390e-02
7.280439193477691862e-04
3.646268778523358012e-02
8.666458531417770396e-04
1.155256256383781297e-03
1.804054514688863131e-02
1.934432814060307870e-02
5.480552768467534044e-04
1.882577146690188677e-02
2.870429176164133664e-02
8.988941673456083076e-04
1.023012838986932932e-01
5.159620313424747272e-03
1.118809735744460271e-02
1.633426127323167887e-01
3.815456061941725069e-02
3.893517448296652389e-02
1.259036795468860062e-02
5.571395226425888275e-03
1.649357086154759709e-03
2.086822201667275917e-02
1.575415926116729981e-02
5.829374408705166599e-02
3.047443419821633387e-02
2.649355911076904310e-02
5.453844047128160975e-03
1.041954233321586674e-02
2.560815709185085796e-03
6.409978974148118624e-02
5.531126078072320928e-02
9.075425557037511415e-03
4.784001694251079767e-03
3.303512771254175310e-03
2.286528905362766526e-02
2.387611151612905377e-03
5.727832726681390124e-02
1.057019783254378315e-01
6.153675055318656717e-02
7.628546988213647136e-03
1.106510620587070233e-02
1.565047115814538134e-02
2.867435164905862699e-02
2.669255122483144005e-02
2.926025231580673541e-03
4.216886810231926241e-03
4.973694958346253081e-02
5.014354528814531607e-03
7.943613981204257490e-02
1.674062676669112182e-01
8.073367220622636176e-02
3.874211523529601242e-02
6.195356912772857078e-02
5.161335024320639654e-03
1.604641393780349423e-01
5.108340593547909883e-03
7.149379721691054117e-03
6.127069934215091315e-03
1.909790481963248923e-02
7.593123932867344369e-03
9.465378290362745986e-03
1.367833690368908464e-02
5.275057145039591805e-02
1.900933056971047114e-02
1.346574540484835047e-01
3.712682969604642197e-02
4.799052238320877865e-05
1.032998158543202080e-02
3.656426373210332811e-03
2.837490742436217777e-03
1.726705210658964831e-02
2.287731371157879917e-02
5.317377394732430984e-02
6.505374251341406421e-03
8.101825411548385647e-03
6.118371189067008629e-03
2.903692590183380023e-02
6.545352965840186416e-03
3.713452592457391205e-02
3.578961193614108548e-03
3.301451371585417335e-03
7.577655045388881870e-04
3.767044702531739155e-03
5.009751759628353930e-03
3.927021241706127319e-02
5.959071977136504335e-03
1.850776182761109789e-03
1.230482535288095073e-03
7.043756344831250335e-03
3.230023022963244422e-02
1.419665820301705544e-02
1.336153981620898145e-03
5.851318668492865548e-03
3.614740240564837809e-02
1.130890213130630526e-02
1.999014152588489412e-02
2.235449092109572516e-02
1.440729850601180084e-01
2.803678394797686629e-02
1.760660370789273246e-03
7.758127418869506867e-03
5.162329621090470944e-03
9.594693451345467569e-03
8.398488761116599177e-04
6.009556880054609668e-02
3.605764438633145968e-02
2.058538732704094827e-03
8.590532469131101703e-03
4.202957250189751082e-03
5.125794273976615190e-04
1.602035410186075301e-02
6.598011633510548687e-03
1.926750738015725953e-02
3.226510389875551256e-03
7.285018344614691693e-03
1.913239494871451715e-02
1.567765204879286930e-02
2.405523450658499790e-03
7.391409104106865316e-03
6.615415945884874256e-03
9.982639991201715940e-03
1.533484292500881738e-02
3.370216885840414400e-02
4.872154870324071560e-03
9.616883896307342264e-03
9.909882474237553807e-02
2.080424550802399339e-02
3.036954173529840886e-02
1.385508625233290540e-02
4.031175726493459698e-03
2.071675355869005036e-04
6.943513015671112787e-02
6.575759750555181839e-04
8.109500406447693599e-03
6.436749862580119601e-03
2.551657231688555724e-02
3.635842528299340279e-03
6.888939067435279756e-03
1.174025177467098290e-03
1.066337634126436965e-02
1.323174148308309261e-01
1.214701250823507078e-02
4.866426590832961113e-02
8.048636968445016526e-03
4.297063858696994337e-02
8.495120267608851847e-03
5.430748812802189962e-02
2.056638556298260451e-03
1.618593243228664061e-02
1.237932491441711899e-02
8.005410752726470694e-03
8.490254736163159455e-02
1.544942460602436883e-04
1.977395341297633405e-02
5.393647160960555326e-03
2.320879319654549442e-03
5.933822598709194256e-03
2.316991764507106769e-02
2.865305352151650137e-02
5.896757915079635197e-03
2.114129945774916952e-04
3.445290715957581573e-02
2.818148523948205836e-02
8.044884127369960475e-03
1.084827158329318853e-03
1.856561702924200028e-03
3.890172838431580488e-02
4.555278201294692998e-03
1.054032309604043243e-03
2.564036366731949762e-02
5.557270537731670568e-02
1.127581898641277260e-02
9.203261184079861504e-03
3.283328956458006487e-02
1.456532060153276943e-02
2.786358719190332872e-02
6.423319712204417220e-02
1.441032094023791434e-02
8.647913523842405345e-03
3.034808245035568175e-03
3.860968975019500246e-03
1.052494510729148208e-02
7.538656002686329460e-02
7.902752262903264130e-03
2.374297858178160518e-03
1.751406978615122900e-01
2.201032263396166325e-02
5.063217233335765705e-03
5.311039093785615596e-03
3.990909327493653153e-02
3.056683634713233330e-02
2.143914772340752353e-03
3.928872063922184306e-03
1.392378244733864573e-03
2.808166515249585493e-02
1.631230012660522463e-02
1.238714525674292424e-02
2.070864850480623118e-02
4.106104466983093171e-02
5.664619016823514014e-03
6.654317425190198892e-03
8.825815769714103962e-03
5.568235117281568336e-02
1.474094297647990631e-04
6.831799524355625271e-03
3.464313651282542594e-02
4.701792834580120761e-02
4.442243027423495999e-02
1.393210774416092862e-03
1.231534291432273380e-02
7.861327573091636198e-03
1.191049044047015962e-02
2.216969740946114417e-03
1.130790013129320468e-02
1.404952375627482875e-02
5.403076856259808429e-03
3.678615139095277927e-03
4.123899654824814132e-02
3.179751566069545163e-03
4.725957596256844667e-02
1.209226976361493650e-01
2.268753829841951841e-02
2.628807109332568104e-03
1.267721147429738855e-02
1.078289969938242381e-02
7.980060659334981335e-03
1.264862878598434909e-02
1.108770984613307101e-02
7.806381168473061627e-02
1.140009003427248403e-02
4.562511967419761311e-02
1.075190092817593368e-02
1.916914132431067272e-02
5.539369490699958681e-03
4.809348657218065308e-03
2.470530345636103714e-02
6.043321475675091092e-02
6.671310500383318721e-03
2.843356714968408704e-03
5.461101687010669163e-03
3.566647959424502565e-03
1.637102533541998084e-02
7.742182605492577141e-02
5.038624754556862533e-03
2.320854783392672926e-02
2.728881293510043021e-02
4.920055195527193830e-03
1.578631264195281061e-02
3.077160918075788620e-02
2.925941226350454658e-02
8.302464220662726657e-03
6.931241664372116010e-04
4.071312364082041446e-02
9.749079205119345892e-03
3.381987495361226531e-02
3.105968653661826326e-02
3.303363109977232315e-02
5.036644931519754405e-03
2.873215034569321508e-02
1.102925726865562270e-02
5.358452356452684737e-03
1.820252321608799642e-02
4.835815983529412679e-03
7.982700942994306464e-03
3.516729396648200084e-03
6.125828960449647594e-03
6.530631321588206695e-02
1.310591968287714388e-03
5.682793573558915859e-03
4.675506858107897844e-04
1.226565152802258640e-02
1.458199477769807524e-02
2.444184669231038061e-03
1.276549662916728759e-03
1.083586731333504270e-02
2.216427447290221335e-03
3.705290243550799292e-03
1.611495238371681016e-02
4.763937377484796232e-02
1.510588228475926754e-03
5.848755453783016124e-03
9.911520638638260383e-03
1.397642941222317038e-03
5.789361624830171790e-03
8.112377170661029188e-03
8.934733828942395236e-04
5.265166096490459663e-03
4.395085935500422925e-02
1.036606099187527413e-01
4.496810210691491554e-03
4.434344229427630846e-02
1.959053004770667898e-03
6.276718195105132625e-02
1.648992543039790818e-03
2.298635643434684614e-02
8.640108032091193060e-03
3.641134350801156910e-02
3.640970552964642275e-03
4.343023244981056817e-03
6.589683207057783938e-03
4.165270163828008014e-03
3.945449805233411378e-03
1.002666612293904268e-02
5.244283867968967290e-03
1.403836474806840692e-02
4.644270323460235328e-02
1.960429946347189492e-02
9.268355416025933144e-03
6.293544689199510878e-02
1.040484783659396256e-02
4.424748092918778103e-02
1.827241485309685299e-03
3.049862971073539260e-03
6.728775808942573725e-03
5.520222489379031372e-02
1.707727977589026946e-02
1.972388114187665839e-02
1.323051369517825801e-02
2.964256710793590835e-03
6.828720558206227698e-03
7.684704637308906183e-02
1.432179506223028517e-02
2.423468018975054664e-02
9.627409803041706449e-04
2.134178613171753766e-02
4.737035991267400659e-02
3.908644331429136920e-02
2.481322425370467016e-02
2.823187944251545275e-02
3.649964958081305597e-03
2.456444280970912497e-02
3.103982716033700309e-02
6.207465204001318126e-03
5.940110891446279823e-03
1.669729568801003178e-02
1.723966254539064658e-01
8.511003215812745770e-03
7.984218115405462488e-03
5.936009591696843335e-04
3.634384968541418820e-02
6.082419193729361045e-03
1.502728829525673375e-02
1.085776731894520092e-02
5.009413129592723592e-03
9.352977487679026147e-02
5.455201460784414591e-02
4.109516219632001338e-02
4.769297934543509886e-03
1.139355412968842685e-02
2.407696209641252763e-02
1.324364736431357485e-03
5.237134391538286228e-04
1.949282180871047404e-02
2.316594066796308707e-02
3.618298119951587552e-03
1.977742345693829853e-02
2.205047838736855226e-02
4.453995825075376599e-03
2.182153319603469255e-02
1.591393895918446003e-02
1.334177620881442893e-02
3.218925802258271185e-02
7.783479085984312817e-03
1.278725601689746812e-02
2.309897575314998758e-03
6.092147583011635510e-03
4.870217465835661314e-03
2.704928154704576773e-02
5.907700409080071137e-03
3.142852762005782057e-03
3.871521111067189463e-03
1.538460892099420552e-01
1.079853625811455801e-03
7.896695612803924375e-03
1.916530417566236419e-02
1.672794654220711996e-02
4.055166302035178444e-02
2.821284084944807556e-03
9.109158298490720868e-03
6.781356439160657161e-04
2.945421347928536392e-03
6.692280260633164113e-02
1.165144523733357140e-01
2.996867972358541535e-02
4.209217852966852871e-03
3.693252586625725593e-03
1.032098176375082811e-02
4.489393106125550564e-02
9.755002220652418676e-03
1.261670821321392473e-02
1.352492209432302681e-02
2.959565291730941860e-03
1.347494349244466455e-02
4.340043926331559054e-02
1.422144759148984139e-01
5.731575944414047871e-03
2.516581929052163699e-03
7.033921328605607926e-02
2.242744117684498072e-03
3.740922791367222878e-03
2.822857510770574938e-02
1.835198406471730639e-04
1.423906215976459546e-03
3.385080846227380563e-02
1.337594145844864524e-01
2.462653915574906580e-02
1.621078012288592052e-01
2.973825468758968527e-02
5.477712942107541318e-03
5.727330928402000337e-03
3.774343397128656231e-03
2.907336530875025745e-03
2.565333691684287820e-02
1.176591336958117791e-04
2.816627260702301086e-02
2.435731207865632353e-02
1.628924818795246792e-03
5.168924385761801410e-02
1.915724867508266510e-02
1.646033514861800287e-02
6.458953627477229814e-03
2.811166554822108320e-03
6.847499142030095097e-03
1.175490486421432602e-03
1.174853367216288809e-02
1.416637643343903949e-02
1.718024979964030141e-01
2.098342040672689784e-02
3.788087567386087817e-02
1.722363389920012616e-02
2.403011155271328112e-04
1.227148487159863792e-02
1.550031015914985974e-02
1.910373894663414118e-02
1.223140015306902612e-02
8.697830907320475147e-02
8.437334652336547086e-03
8.339949797360227124e-02
5.204769334586115820e-02
1.286456759945286098e-02
2.329119551919682854e-03
3.894288977637257176e-02
1.360875353630747707e-02
7.562626082107898849e-03
3.873585044148839668e-03
1.512747962073159556e-02
3.997846725246785582e-03
1.501199928498409171e-02
1.368673689202185365e-02
1.694367344812418991e-02
1.144653388835625190e-03
6.712482920912681700e-03
5.219897348762839867e-02
2.163130940870952416e-03
1.356024334277010183e-02
7.321534468149083069e-03
1.016091026869541010e-02
1.336711075273175620e-01
3.117132394856247241e-02
3.386840468647508984e-02
2.874325742613895347e-03
2.347434601363895118e-03
5.153300189531717125e-03
2.757955727419409558e-02
5.777589763744175183e-03
3.715884293653512471e-02
8.889572102682883128e-03
3.165790206267127954e-02
4.015108748235465645e-03
6.152415979853659636e-03
2.628592487545707707e-02
6.193549260605972495e-02
2.168182474196702833e-02
1.141410769879823948e-02
9.727289601538497256e-04
1.237521416914399812e-03
6.303248825003293643e-02
2.708955143101415830e-02
5.190921985031108146e-03
3.204536461987322893e-02
3.062641538510485397e-04
1.743280914670210929e-02
7.361620554702476282e-02
1.055114311047504125e-02
5.385972139383533169e-02
9.643383948704068592e-03
7.818708711204843884e-03
1.989361566769914675e-03
1.284993244904725218e-02
3.949886899703630716e-02
9.075871171833266304e-02
1.060072632886064348e-01
7.150212987536761974e-03
8.625206163267562509e-03
7.380424953794914589e-02
2.883495238847290018e-02
5.562082304174043902e-03
1.730933012508737226e-02
3.570494532251741043e-02
4.241530206517786679e-03
4.676094873484617533e-03
2.692591058526020570e-02
1.521811915622341693e-01
4.856179638311326069e-02
7.102301324980695449e-04
6.311510729191104063e-02
1.232959620690887020e-02
8.660933995453427153e-03
3.402485643199784898e-03
7.640587091592846488e-04
1.615899453967961988e-02
5.331578176166241329e-03
4.309660239419962902e-02
1.233088228117861992e-02
1.733815293866328502e-03
2.588048008825177132e-02
6.936916413359264788e-03
2.782974669380488750e-02
6.862010930042524749e-03
3.834274746791541816e-02
2.784442388594982748e-02
9.278624753692593652e-03
2.154276420912909842e-02
1.058476595975983443e-03
3.487102337682314313e-02
2.176452692955721177e-02
3.979525769651279243e-02
1.835975179806968250e-03
5.827210023354843435e-03
6.277225854739185151e-02
4.581663999962819894e-02
5.088587052978314068e-02
4.298675777313710339e-02
3.962975250313579417e-02
3.621510850429313783e-02
1.065160324676761236e-02
1.405107952104481077e-02
1.231630180374371740e-03
4.354078531760342818e-02
9.785014501895132957e-03
2.302311637171671355e-03
1.636468942583531316e-01
4.694044517730092819e-04
6.319883457865425359e-03
4.163576630203505435e-02
5.114825917279493608e-03
1.676567625688779248e-02
6.409652214188121290e-03
5.832224561033759816e-03
3.960279155710329929e-02
2.031809960559352937e-02
5.746442731054537262e-03
1.523120228135049076e-02
3.822897964132113829e-02
2.488424459095723825e-04
2.717269266522669494e-02
2.689219320059597559e-02
1.341110599343816115e-02
1.998279978713766655e-03
2.244425745294309840e-02
2.229320847257934557e-02
5.740079384574070520e-02
6.890512512494502678e-04
2.921615325043221308e-03
6.288304849081889636e-02
1.987401167968632504e-02
1.578317669300102477e-01
1.765611130492327624e-02
1.213291685734500282e-02
1.198418799966266719e-02
3.486212253959971447e-02
1.050769553153960666e-02
4.231327053904692347e-03
2.468939393453569928e-02
2.288886621967286747e-02
1.592543478504809540e-01
3.553607888777799914e-03
3.341681280041878394e-02
4.417709701022470153e-02
2.424978531997715680e-04
5.189972659832429308e-02
4.991811305310170886e-03
4.475252273619547555e-02
6.400480802401084003e-03
6.529256995118512541e-02
5.827793405382908354e-02
3.339043447817880740e-03
2.107596628236865430e-02
1.307268548648768056e-02
5.691449273149740834e-02
6.937373317610626318e-03
1.466445505657457474e-02
1.485401991413184096e-02
1.044110224061787356e-02
1.492881312320760989e-03
3.272073252344338823e-02
1.677959949465696520e-03
9.806440689126954754e-03
1.738798439056451692e-02
4.199908416483670581e-02
1.057792319156722859e-03
1.377496595052542933e-02
3.154763622897447523e-02
1.521653812662067673e-01
3.511748041998187346e-03
6.210333727349640065e-02
1.342146904211442490e-02
1.399356884360797304e-01
4.342133344913707421e-02
5.843578846810115052e-02
1.084618529123253109e-03
5.405908130807049287e-03
2.409841125109276911e-03
8.652726953693626322e-02
5.482598080535863554e-03
1.193770061037614230e-03
2.543335186588698699e-02
1.547870260623303469e-02
2.405872337102409053e-02
6.831824407322665410e-03
5.762868337641193633e-03
9.835122952450768563e-02
7.824517140845651132e-04
1.509088822083946013e-01
3.894755470947714598e-03
4.298669236551483364e-02
3.165114285739184172e-03
3.291993807557796678e-03
7.668671330170758957e-03
3.088266918009621546e-03
5.144778693155923482e-02
4.839174110279585717e-03
1.266098279036836742e-02
1.744624844141214395e-02
4.664332400284033897e-02
4.630639957881493504e-03
3.601012769911800249e-02
1.004067770111224805e-01
1.828007107374195195e-02
8.515456289119381454e-04
1.023628311721108686e-02
1.331892691625014957e-03
4.888140157978869589e-03
3.235487565375739279e-03
2.526163433225854862e-02
5.357562596987801816e-03
9.917634129171468485e-03
4.433049550897088902e-03
1.622824192292501855e-02
7.411084242673531518e-03
6.458629318961870390e-03
2.690441039155445392e-03
1.220933464611818030e-02
2.711735368295901255e-02
1.599296158488357558e-02
2.311792513067621388e-02
2.198677409052324228e-02
8.675591126129715905e-03
1.600800829075521570e-02
4.073486044501697240e-02
5.756502692219183509e-02
1.984351936469365141e-01
9.174817190899667296e-02
9.675265312031959899e-03
1.008942863227052338e-02
9.037794142460460131e-03
3.751528256706203324e-02
4.217502124058378210e-02
4.228850876627815447e-02
1.745808466392379096e-03
4.026055084210031221e-02
2.885501495156783322e-02
7.975313181511986538e-02
3.562445277045243539e-03
2.149525185357920205e-03
7.529343650659903187e-02
3.902736501601726266e-03
4.293556406943449012e-03
1.151557890437037747e-02
3.470085626357234665e-02
2.003709380642790250e-02
1.143711668274869676e-02
1.351103541069444483e-02
7.172768212214895855e-02
2.295580402246694910e-03
6.573979750276996541e-03
8.953631045082587059e-03
7.338491725549648077e-03
7.632013207424023782e-02
3.183681086478731131e-02
4.087989321066848661e-03
1.362697139500141340e-02
2.067462981233754785e-03
4.740861813461746260e-02
4.703453001776072839e-02
3.694676354100609548e-03
6.808055588306900774e-02
1.224970273760431216e-02
2.095530464376538574e-02
6.083169034162052430e-02
1.174987271852570292e-01
1.748563716155342174e-02
8.955470518529713708e-02
3.813263115961001981e-02
1.513391301167609469e-02
2.886267816487704183e-02
7.811545607317190278e-04
4.078627675419083110e-02
1.969887955361385081e-03
4.954862353521378819e-03
6.869779191234921811e-02
2.121402584690327067e-03
5.601461137765179760e-02
4.863594966026960065e-02
9.325258340689387623e-03
3.163741958958300043e-02
2.051166418844841289e-03
6.467523615240596511e-03
2.533520963625034410e-03
1.932899863720866918e-01
3.844483152221685445e-03
3.450433480112054252e-02
7.467736814118307699e-04
1.207787544163119696e-02
3.011732284411455687e-06
1.749721590505889240e-02
6.114728884974468537e-03
9.276095231055168314e-04
2.893958837145715456e-03
1.248171444582188289e-01
4.555485719437809417e-03
7.387313563127065330e-03
2.226047311697129140e-03
6.278462377867005326e-03
3.191230786093292304e-02
1.052469553210742641e-02
9.926735318919503118e-04
2.606163894488213936e-02
9.874361600776197789e-02
2.630108335292625707e-02
1.748655802369778259e-02
7.397229851753128749e-02
4.024351281339084291e-02
1.032598018932322226e-02
7.809078879317821360e-03
1.177904596706644616e-02
5.497713078590467026e-03
4.860873672557543268e-02
1.488726962106070618e-02
3.169834918147623748e-02
1.165238977163344201e-02
8.794103984543806540e-02
2.672683690264721426e-02
1.036978158684213544e-02
7.369485005245699979e-03
4.455535547296598370e-02
1.147157911202710198e-02
3.770228463351241177e-02
6.163995111288702450e-03
4.373779650671000274e-02
9.727526579301443849e-03
1.047856807934572981e-03
5.647667569437689154e-04
6.225341137898830063e-03
1.598273981409421710e-03
4.900337701701115711e-02
1.771715192580975221e-02
3.844729220807607817e-02
6.580253887878678015e-03
6.690092226678023488e-03
8.291635382482556368e-03
1.975109655513629381e-02
7.407457084221966311e-03
3.785487893997963038e-03
7.104343203150735326e-04
1.360913585421407584e-02
9.492861368905107858e-03
6.785057879002786077e-03
1.555877764498882166e-03
1.337508931627223382e-02
6.797755896152393555e-03
6.110234469210995556e-03
9.984990600331630772e-03
2.954607710547426866e-02
4.864863265385252489e-03
2.278578739340941621e-03
1.064598315704723928e-02
3.761286691401578147e-02
3.192008063487247228e-03
2.685684194421665560e-02
2.876532560907874361e-02
7.421570827812365434e-02
3.971561470092967346e-03
5.849116742238975701e-03
1.490988071070997560e-02
9.624874126528079957e-03
4.465019662291143387e-02
4.166712648966783977e-02
3.596452560781041811e-03
1.431524698281122672e-02
2.200877826126594605e-02
2.611649017081173890e-02
4.529423164125741252e-02
1.007491550326118299e-02
7.750861872465271418e-03
1.672200202956771603e-02
2.188017964823662717e-02
8.661169761730258543e-03
3.493433067124394886e-02
1.900441433170666286e-02
3.658739995784127119e-02
5.613632039400202195e-03
1.895585375375386655e-02
1.256634321933877141e-01
2.345653623772601341e-03
1.997604193860283775e-02
6.171726218150902499e-03
1.064359922746693950e-02
2.158150893143854620e-03
2.626525672225251198e-02
1.296540032163918769e-02
4.323981665504959132e-02
3.068692386401430938e-02
4.501036555263616262e-02
4.059707404425029129e-03
2.317158992359053676e-02
3.241758966283771887e-02
8.481728173789646746e-03
3.327186396850067424e-02
3.248885136912683415e-03
9.875168156251560442e-03
2.283074574690664021e-02
1.471157919204581221e-02
8.169923983317017163e-03
8.522671115056661140e-02
3.709203403656570735e-03
1.138684027743295732e-02
1.606700682598869931e-02
1.388984401316065848e-02
8.918980065921691680e-03
3.432649133474238029e-02
3.387096762952992307e-02
7.268483062593440736e-02
1.885733583847118422e-02
3.505302671074518595e-02
6.499933217331699134e-04
5.824164475763370270e-03
5.734582600062439195e-02
1.577393538598419534e-02
4.009913143463250673e-02
2.704059965133327834e-03
1.551985429153510815e-02
3.244256853834599080e-02
1.318374936005482952e-02
1.127873230385063527e-02
4.636912855919914783e-02
5.735290147753391646e-03
8.230481780474181372e-03
9.639319294894798176e-03
6.447205693248938413e-03
4.372082830605724182e-03
8.150915628187530015e-02
6.559310954650712788e-02
1.724529103154764584e-02
1.724508544672421692e-02
1.452433018349250649e-01
2.799796675675178190e-02
6.986162903525421075e-02
5.086290141810204460e-03
5.816154070727289072e-03
9.082493058112109385e-02
7.554097155043546213e-04
1.800723955664419512e-03
4.431982943533349650e-02
1.241422051107705579e-02
9.056010128828126740e-03
1.177064855825750433e-02
3.173753984879292001e-02
4.472186596599882734e-03
1.884399842817647761e-02
4.048414941027983147e-03
1.814610209574194942e-03
7.091819612895691738e-02
1.844399744470802405e-02
3.592822566294012060e-02
7.617150653284278372e-02
2.328633330447097555e-02
1.813471461283299238e-02
2.453873358597837007e-02
4.886280975576492297e-02
9.350772616568889944e-03
