2.347783739135831174e-02
3.880332032408181225e-02
2.942982857126926616e-02
1.803988230363935338e-02
1.378663223709597138e-02
1.765104408816444564e-02
3.883530254459209574e-02
7.830800968349579949e-03
6.592722959503724556e-02
2.464339279369464827e-02
2.532749184075706872e-02
7.667476957414639215e-03
3.594385716635455086e-02
1.074831258164458611e-02
5.543902297775718524e-02
6.121047470054288148e-03
1.054020563330243243e-01
1.183449298692510615e-02
1.585755885541207874e-02
1.556891113780786359e-02
6.987071555742196960e-02
1.778770633521456826e-02
9.159453847257718537e-03
1.345314779267729570e-02
1.007255748211105702e-02
2.151905167649601630e-02
4.207789697626703601e-02
1.213684581191455669e-02
7.943706712869650494e-03
2.832566093669186894e-02
4.935537434261261756e-03
5.912128691896998897e-03
2.388800194530921184e-02
2.183473947615658523e-02
3.974525589870015613e-02
1.128477136309264175e-02
4.509336516405275386e-02
3.525917466372365666e-02
1.400558528337202818e-02
1.633143414714998201e-02
7.078339084691652461e-02
1.042317702339767491e-02
2.137197995294029540e-02
5.173245941838895863e-03
1.243078315297307078e-02
9.887208305415541576e-03
1.705415585189293259e-02
2.959937985514158806e-02
1.661771906317810188e-01
1.303247130983661677e-02
1.796229494299968546e-02
1.456158268540411541e-02
1.045698063831724395e-02
1.112212404977014693e-02
2.744371499300915160e-02
8.703260134544081594e-03
6.024348937189069955e-03
4.054396551562215040e-02
9.846794270581650521e-02
1.519786360295104742e-02
3.317392338528023232e-02
7.741690196760794146e-03
7.728075069460919704e-03
1.972867316870471205e-02
5.044680701479552221e-02
1.928312485759282879e-02
3.776289784003638433e-02
1.125774705705854910e-02
5.965847131380765112e-02
1.714626722742655651e-02
1.342068465139131979e-02
1.247047652627838142e-02
5.562890891423527898e-03
2.372025738621250449e-02
3.942737725089899559e-02
3.499367786135601510e-02
1.553981649018989185e-02
5.487957711422958296e-02
2.781742251908489796e-02
4.478532948399839564e-02
4.936478956611679847e-02
7.431545165827774593e-03
2.471159862689962031e-02
4.073972027175906674e-02
1.250579925112628443e-02
8.585750909953912199e-03
2.135968362662693520e-02
1.286838640333946675e-02
2.844614967952879478e-02
9.279130317275481946e-03
3.615601359090390987e-02
5.690119000790228553e-03
5.658737864591124878e-02
8.475918914000093313e-03
1.109701464927992376e-02
1.142566160570930578e-02
8.316704199339454082e-03
4.668071466405489950e-02
3.265144011888326901e-03
2.972255922811760723e-02
2.931355188209657306e-02
2.836355846708546111e-02
8.857658307837034534e-03
2.305952814257265088e-02
1.539283198862876831e-02
1.638906344331453671e-02
4.046456031723711516e-02
8.385645967392693634e-02
7.336926095810103465e-02
1.306537472658608930e-02
1.172098541693019844e-02
5.566477537343764159e-02
4.101711345761461375e-02
4.507170508625737287e-02
1.128114690633996026e-02
1.281054995187022594e-02
1.177733878588861811e-02
8.091863801192259592e-03
1.119374572720350722e-02
1.164880137631775329e-02
1.553282151132831697e-02
2.460285883053387607e-02
8.461802409412841341e-02
4.730104636818161651e-02
1.120076419464897249e-01
1.041440430439447180e-02
9.795041695390967890e-03
2.642442381227026738e-02
1.032819802429311290e-02
7.016904682593811358e-03
1.287633440606457402e-02
5.883741076632830781e-03
4.177846408501952741e-02
5.038408477834144077e-03
1.880331298844423876e-02
3.097712892982033492e-02
1.058967063845369337e-02
1.266964576823932306e-02
3.730244294463573584e-02
2.741504706223062485e-02
9.099273112500451399e-03
1.441441213604934164e-02
1.372815021818747476e-02
3.662846172103147169e-02
4.718378990726737610e-02
1.625358663415218258e-02
4.511885354314106727e-02
2.756504485259221246e-02
4.564127264243229148e-02
1.044444570348505505e-02
8.681025832791939775e-03
1.398112609630842718e-01
3.083874996900125287e-02
5.349036508190582219e-03
1.184253722258085326e-02
5.528484150951288451e-02
7.598857460660482510e-02
2.704203691586552077e-02
2.543473279818427371e-02
1.068982073149770881e-02
1.842856045096905385e-02
4.644958756030329733e-03
8.871097136977082118e-03
1.646248814521411932e-02
5.908544949802636836e-02
2.266462123152006639e-02
2.719517950843683765e-02
1.161362834481367498e-02
7.990399921462255917e-03
6.126490254451186918e-02
5.030639528921915238e-02
1.757695570146929759e-02
2.131750526433405513e-02
1.266432632642420890e-02
3.764154418151361564e-02
9.385285420512893759e-03
4.941711898544974557e-02
6.043306580003236783e-02
1.121821872385254937e-02
2.342479478545634111e-02
5.671551242732865428e-03
3.755539968157290548e-02
1.847835725446526217e-02
3.181499244866436982e-02
1.204327574938753032e-02
9.076094097883458112e-03
2.338248436024581781e-02
4.899043608109770499e-03
2.115528801759340022e-02
7.252293484632169399e-03
5.029931307913569627e-02
1.751830253320465006e-02
1.872077443718970710e-02
4.221175917313874093e-02
3.110771092964147860e-02
1.894623452965248089e-02
4.804443402020545234e-02
1.439296404597698725e-02
1.862035014041503803e-02
2.186327678810167513e-02
3.389490779349939309e-02
2.133518231747770152e-02
1.491626389827877264e-01
4.424675980373219547e-02
2.635508141717883210e-02
1.306356763707436884e-02
1.697349961290659306e-02
1.471474389328002348e-02
2.300131923163545658e-02
9.338877538191707114e-03
6.697655069409547829e-03
1.685230410976924081e-02
6.951596815896288889e-03
1.253492589727094216e-02
2.016370188968531763e-02
5.746832721956065572e-03
1.282123237928017682e-02
4.578201537472256777e-02
2.652165403183628922e-02
3.644601223239450627e-02
9.150470953457189027e-03
8.474023269227016347e-03
1.778978765405519677e-02
2.699049925047862161e-02
6.808127143426927208e-02
1.986275986479096173e-02
1.301440601924162832e-02
4.116537571654610428e-02
8.019375867449746176e-02
1.278920122790693989e-02
7.146143049182983320e-02
2.907401196535517457e-02
1.915988754956615345e-02
2.718870439833302732e-02
3.442432044976936889e-02
1.295104265821712605e-02
1.320286596268618710e-02
1.016875692919881093e-02
2.191213913031416285e-02
2.570209201299449714e-02
4.751499028689470244e-02
4.643574732955448037e-02
1.660420868721625143e-01
6.302265800664426723e-03
1.226338052337058206e-02
9.590311493430142900e-03
3.544420217757233982e-02
9.438434340458976002e-03
1.203507018723745658e-02
2.520187546109372081e-02
1.332534285319172396e-01
6.822826889824368420e-03
1.188749892455535917e-02
1.792521625846868819e-02
4.355414155018148825e-02
1.044597278684727265e-02
3.242985137320199274e-02
1.141490330323534710e-02
1.301606008211764198e-02
1.371216450700795883e-02
1.188676895392180334e-02
4.049549384347823910e-02
6.325910543073248737e-02
7.791525977411824753e-03
5.622702927743842422e-02
1.269524342324196940e-02
2.585209131803182028e-02
2.947481334276430900e-02
1.320718561194468912e-02
6.395661177880975976e-03
1.872586496897183511e-02
7.979052141657659580e-02
4.561169264166212850e-02
1.661222091352483055e-01
5.662158969882084836e-03
8.748742332944583686e-03
1.198261476924706789e-02
2.352356630109256677e-02
1.267768957282090596e-02
5.998378533041516525e-02
6.785236709981288215e-03
1.061142527922009741e-02
4.570427410178069805e-02
3.899182942185610429e-02
2.399696780526865136e-02
2.817818305184229682e-02
4.954232498092278614e-02
7.502857406177701645e-03
3.945298128153165718e-02
1.011386261997445843e-02
2.154329368869427677e-02
1.053018851779017120e-02
3.970574168320821495e-02
9.622258385977681960e-03
3.332711466534264699e-02
6.964492648309944869e-03
1.172759923383991446e-02
1.528184787703186498e-02
1.410266530552361022e-02
4.468254845384074525e-02
1.664120021978016811e-02
3.425756699683026735e-02
1.078730957785471560e-02
7.947145201376470264e-03
5.508220373567792455e-02
2.748186660147821508e-02
8.499464561624989548e-03
2.031421604060822117e-02
1.841272847410754809e-02
1.489983075692566557e-02
1.261972835517180015e-02
1.395937893489116073e-02
2.968836694143182908e-02
5.729385603053063075e-02
1.314056188384141698e-02
1.012851718707710735e-02
9.680343635719648038e-03
2.417105247474773608e-02
3.594097267913547167e-02
3.753057664461764004e-02
8.412987665131668735e-03
8.018620453976450790e-03
3.323584011293225643e-02
2.320742311360409621e-02
6.603041219898264994e-03
1.230320092340506793e-01
1.182647174324551881e-02
1.861121474795835243e-02
2.556158566728694917e-02
1.255910045201974121e-02
8.455217510649370993e-03
1.319956333020250172e-02
1.932381024331648878e-02
5.239726312006041248e-02
2.384954869843369796e-02
2.358003401490640916e-02
7.081734400414793455e-03
9.082976123987989564e-03
2.161355087924581725e-02
1.172778332711173384e-02
9.736765981195954003e-03
4.538716308797985377e-02
8.207519988109679074e-03
4.228513395261184610e-03
2.091450378304235067e-02
5.454899963997902890e-02
1.320232998992218812e-02
1.559746501923743242e-02
7.819058951045311512e-02
7.286272704630816256e-03
6.302981304019746045e-02
4.911050066662672048e-02
1.706445817890630406e-02
8.658865308727161855e-03
9.427789326345872856e-03
1.344601791148303596e-02
1.090117383355693366e-02
2.385127958117015667e-02
1.680008316305611760e-02
1.347304644480569469e-02
1.228175081502906781e-02
9.772640275595960088e-03
1.094194680143393758e-02
2.228549044311546601e-02
1.846849565388263698e-02
1.231272018379511550e-02
5.213967300572169838e-02
2.096810344364142750e-02
1.509206503384824191e-02
1.571193254547879198e-02
1.871081121324784033e-02
2.162868577313051960e-02
1.108975080579715708e-02
1.211997679181481095e-02
9.186218949434431236e-02
9.664494841037107181e-03
1.178079758528161221e-02
9.243410851107193571e-02
1.156834496195361869e-02
1.978550729625767890e-02
2.003801639500301518e-02
1.244829943286197144e-02
5.970368626130545531e-02
2.516662929735661094e-02
1.438087882881170232e-01
5.903842142400334697e-02
6.062260357508124538e-03
1.293240950817137018e-02
1.937928464810683218e-02
1.351095698315281021e-02
1.266128808636622638e-02
5.421860774201551353e-02
5.252607977070817419e-02
7.138471781908593827e-02
3.157121930410008992e-02
4.774303512823785400e-02
1.870551628116391002e-02
6.296272066514257970e-02
7.677630957121393818e-02
9.733358753113390341e-03
5.090214539648104525e-02
1.435934946178915247e-02
2.248930649129799592e-02
1.337279309560631020e-02
2.076426430005492638e-02
3.017283655712465346e-02
2.037540032731724460e-02
5.964773479972486359e-02
1.546490696291877125e-02
4.430254240106186459e-02
1.227854724297687550e-01
1.516933319984323930e-02
1.557427088807084546e-02
1.271309201416636475e-02
5.841496039505979058e-03
2.409142362427928868e-02
8.722305426057982980e-02
1.611234724503340585e-02
4.909092210760443269e-03
9.947793473425611127e-03
1.002481987560222693e-02
3.438492666582831925e-03
1.218872648316328931e-02
1.492046868201501141e-02
3.244570030282926953e-02
2.842947395594176002e-02
7.895102579651239183e-02
1.323673264341775763e-02
1.224777876292722049e-02
1.782117725026673150e-02
1.350239051768332109e-02
1.096983424561852848e-02
1.741759625401537448e-01
4.342348832882941129e-02
1.411281192776154235e-02
1.336876707868814816e-02
1.355791954549575608e-02
1.704604515383957922e-02
1.068628239294209213e-02
5.422559792004883611e-02
1.984981222447715354e-02
4.792534906931299882e-02
1.278584705085761275e-02
2.454603763669409994e-02
4.700689904160364890e-02
1.195902319855796439e-02
9.540301232901548037e-03
5.945214332578187093e-03
2.291975920862446628e-02
1.293355460779345260e-02
1.522036977992558826e-01
9.680339707574819527e-03
7.894242952881318220e-03
2.599700658239548212e-02
1.995066012180542539e-02
6.096877588608077408e-02
2.097508574463596495e-02
5.965748823949209093e-03
8.201144287606518257e-02
5.642285344122391355e-02
9.849041999080432319e-03
1.144459830852732896e-02
1.679407235704998003e-02
2.636267169615918657e-02
1.668575472853532290e-02
5.930434464822643970e-03
1.069620213426760585e-02
6.364146535863431965e-03
1.197201719796496359e-02
1.489533335354920052e-02
1.518517330822364945e-02
2.084801500238511393e-02
2.409298476517800561e-02
6.142608792945568504e-03
5.389298040160258457e-02
1.287598997920694731e-02
2.107575278882558786e-02
6.858628689724538541e-02
1.503242642406639636e-02
6.314571741662362327e-03
7.046502497848218527e-02
2.545667750782145550e-02
6.479813125219497164e-03
9.266011125249804664e-03
1.128915108764795214e-02
3.729720025231479663e-02
3.899213374250251607e-02
1.547341879599228691e-02
1.248214144920766280e-02
1.790718905340865294e-02
4.119945702561883527e-02
2.061284672170154639e-02
5.122985510181837093e-02
4.630909286544123565e-02
5.107888156016444220e-02
8.420761999093158423e-02
2.544946986217396998e-02
1.924346272569830985e-02
2.433767662290893877e-02
1.164157914815594497e-02
1.025103794709515334e-02
2.004008113388850917e-02
2.954324664247862803e-02
6.137499736737376393e-02
2.043123683151787384e-02
3.320717348842733979e-02
9.574258436232069985e-03
8.343909699042650202e-03
1.076177693782300916e-02
3.175698590951927386e-02
1.485941947130275942e-02
2.846853234988155207e-02
4.335146493751079744e-02
3.311166978756040213e-02
8.221154756547773002e-02
3.209858223069889799e-02
3.213723048639300500e-02
8.615137756731101534e-03
1.979620955345444064e-02
9.441093773508289766e-03
7.044651092437131598e-03
3.673110792944125902e-02
1.174935177445996307e-02
1.278634110025942024e-02
3.627782347203682700e-02
5.461778635626361039e-02
3.390995986484012653e-02
5.483787997473110742e-02
1.152553726821730490e-02
3.574219122576833413e-02
3.450847386325359839e-02
4.627191788998248623e-02
6.151925471709707161e-02
1.057213930738373428e-02
1.002329601017355742e-02
1.860087691414155642e-02
8.768971490007658118e-03
1.081028095993367619e-02
4.099564445197883406e-02
5.735248370213031494e-02
9.274684905167338705e-03
4.279438150877559049e-02
4.630931700954005886e-02
3.151182151955348593e-02
8.228410975917978612e-03
1.698593834890237478e-02
2.577667604895973741e-02
1.560472159294608134e-02
1.732466597015897350e-02
2.633686415418668575e-02
5.554794153397392929e-03
1.331567485846074997e-02
4.654323895977520616e-03
2.678973199843901962e-02
6.932702470116572369e-02
9.627466962933711389e-03
1.588871710596580222e-02
6.758550019625730182e-03
8.854774249136916978e-03
2.120574916923346001e-02
8.479876066187247430e-03
1.832105942819891795e-02
1.228696108714560226e-02
6.087375981401136477e-03
6.186052776990292462e-03
2.483922221926169668e-02
1.134540740000973547e-02
5.529673717621357010e-03
1.243601481088489613e-02
3.679990421598565431e-02
2.050487917925060757e-02
5.366495759054203812e-02
2.809406103458303786e-02
8.345904194850735716e-03
4.896891347005670470e-02
1.846901246569543700e-02
1.894861083103221294e-02
5.006666427251796336e-02
5.550089449469455816e-02
8.688620384663350849e-03
9.575165559259758360e-03
1.624102932560076915e-02
9.679468268356104799e-03
4.453469691975846245e-02
7.547471038215420452e-03
9.746134373033153026e-03
1.499215658423457553e-01
8.094576726754493246e-02
7.093239700046138907e-02
1.265020787143157806e-02
1.805147628040271179e-02
5.179236862721717238e-02
1.281220818452572484e-02
2.180035083246818772e-02
3.857364493896246749e-02
1.089521091001080175e-02
3.618745452223781633e-02
9.427491116146005656e-03
2.392327913365917269e-02
2.788969902484019631e-02
3.702658529036755020e-02
6.773571210654917053e-03
1.412820735578808502e-02
1.827343595484480152e-02
4.096893282645441142e-02
1.361393695435701191e-02
1.554175609667571983e-02
8.227424632914907832e-02
5.686809553449543447e-02
2.163563275710776376e-02
8.275391044475629773e-03
8.653504359019710893e-03
1.310719651514823461e-02
4.269812454282614217e-02
9.180770299722041880e-03
8.766369399071341495e-03
8.842047522934310885e-03
8.469550361265662519e-03
3.072003954368281858e-02
2.033437858641556559e-02
2.282655416655067840e-02
6.074626791127859041e-03
9.685093173030167105e-03
3.745271388373781069e-02
2.705483214175547976e-02
9.556775244464056629e-03
1.185101005863503122e-02
3.101873489156036987e-02
1.442079734977128394e-02
3.916521006847983877e-02
4.522575717525165878e-02
2.413335313581385991e-02
2.983118861331505653e-02
1.525114293202047555e-01
6.087285490590016099e-03
5.584118728106118174e-02
3.721101763316144589e-02
1.564931941848762137e-02
2.912114184799232189e-02
6.957246862659440673e-03
1.740066449773195953e-02
4.919624362973751969e-02
3.514225421609137173e-02
6.229804831909425966e-02
2.285456637047819303e-02
5.726539042925193196e-02
2.250876106802661772e-02
8.927139422989897183e-03
2.656171187797836536e-02
1.809085814539132531e-02
7.986364788882283072e-02
4.090089223058638451e-02
1.207711297526285581e-02
7.040689245390197026e-02
9.916461684895827230e-03
2.339512031343955051e-02
9.484911886931157374e-03
1.852983902589172907e-02
2.326342290675188426e-02
3.977927925281104365e-02
1.379342006053172476e-01
7.528314306338369961e-03
1.210165064740926534e-02
7.168842739136247789e-03
2.340372956141804905e-02
3.263809630703343179e-02
1.352621650365849575e-02
7.492927248614172919e-02
1.472241418147107739e-02
1.132050935762838120e-02
6.637862187761983494e-03
1.568637561581906203e-01
8.008669362832472605e-02
2.179938228757232616e-02
2.713971580400487832e-02
3.681092725647828329e-02
9.832723964908359621e-03
4.339712881331945354e-02
2.470065313730361936e-02
1.202870407707309387e-02
1.180975167824689226e-01
6.926646913792071369e-03
2.461671560240540763e-02
1.341092193763081947e-02
9.984414837808108095e-03
1.891565694104817980e-02
2.275962409935852054e-02
1.488759566014171976e-01
9.816413197674274047e-03
1.857070910110817166e-02
4.138550732239653501e-02
9.097418765538451552e-03
1.795898978989936626e-02
1.377282012359513363e-01
2.782846436387338002e-02
5.202148972597015614e-02
1.827645266564819487e-02
7.779339090177445071e-02
2.979179270427907006e-02
1.403312874133820498e-02
2.014756232224021448e-02
2.737921056015082955e-02
1.972928579384548159e-02
1.060705038522179525e-02
4.363048394491541443e-02
2.020984532966637465e-02
8.367326667891278325e-03
1.218474295398469520e-01
6.573775624209058158e-03
4.465866766253988838e-03
2.696460380360662587e-02
2.144888942747867622e-02
4.509039644005254782e-03
1.543338031136956556e-02
3.076460353187215890e-02
3.390248631533330365e-02
1.709476215607330998e-02
1.698727861625669647e-02
1.008277469382300173e-01
7.121158236150183438e-03
3.006220230203338756e-02
6.881319443077738018e-02
2.849725654449468057e-02
5.162593956399077338e-02
1.761753018997262027e-02
6.690210993571471532e-02
2.216626524826494082e-02
6.725835607135137624e-03
1.766672932759265000e-02
7.600030106758415283e-02
2.007440035252139321e-02
5.504800190159364615e-03
8.515594722029732472e-03
4.302648450053809387e-02
2.094669260928732485e-02
3.538538717223360663e-02
2.452253900449193752e-02
1.081400298901272206e-02
2.766366093192584169e-02
5.463066062316189464e-02
2.228965325904371658e-02
1.358468925917819328e-02
7.885819646923714760e-03
1.484135873707050426e-02
1.239422426975177183e-02
1.340474361806748629e-02
7.314219021554227429e-03
7.214657881055500099e-02
1.039090174848318615e-02
1.272492525355453652e-02
1.083892067065467084e-02
6.139829353677015052e-03
4.762860005151244025e-02
7.548220066236461211e-03
3.098510330148921896e-02
6.489216645147535129e-03
2.528488111313217240e-02
9.206869547152652516e-03
2.134479316975581784e-02
7.266717386930402443e-03
1.149953649285554574e-02
6.369702330338019615e-03
1.808597522983184172e-02
6.816753340526519878e-02
1.034260641173485457e-01
8.500179876937666648e-03
5.027070665342349420e-02
1.441728363813399479e-02
5.065554816200306537e-02
6.240538837742090617e-02
1.201178984615070694e-02
1.557102770805184749e-02
2.385566218491771973e-02
3.034490628041115745e-02
9.561164342366697266e-02
1.014703571970117582e-02
6.741210606934282257e-02
1.241603016722507974e-01
5.446588990427907867e-02
2.021736527546434681e-02
1.023080375708508745e-02
8.016503248265780673e-03
1.534843123330562054e-02
6.646659549948235463e-03
1.021376476957696205e-01
1.191008889602650049e-02
8.169382184307351705e-03
1.389140953472020081e-02
9.507274015171726309e-03
1.606286732350929031e-02
6.262039539255300630e-03
9.324408177581781920e-03
3.242991993340133688e-02
1.250752259606072725e-01
1.026162756465095680e-02
1.071192302987418118e-02
2.287093176454840782e-02
1.184298059714223791e-02
7.115842807447508855e-03
1.208684109594021679e-02
4.116729095231842772e-02
1.052731950359849823e-02
7.739347778024437130e-03
1.143157795380910294e-02
5.088146896724379115e-02
1.492413721422083776e-02
1.371338028461716041e-02
4.463342825722328711e-02
1.490364085325312504e-01
4.828996611812839956e-02
3.032383106948706789e-02
3.433948686550449686e-02
3.443139929542985561e-02
2.998802928766215389e-02
6.638287000603966190e-03
5.560022333722405841e-02
1.333501432282405696e-01
1.807001661080558791e-02
1.089215287141979613e-02
1.886976785434813647e-02
8.184176530230874436e-03
6.601680425362064543e-03
1.498175442335339912e-02
4.050509753489237724e-02
6.289998399518391230e-03
1.037809832826858646e-02
5.291673645901340435e-03
9.827049938552073760e-03
2.012828765084788765e-02
1.910864025590261819e-02
1.019832982611358629e-01
1.639844364776181160e-02
1.189087061065552918e-02
6.656316331501049843e-02
2.289509595970614861e-02
1.252524084202846257e-02
1.542072479973878758e-02
2.584366829475285079e-02
8.170295465255191306e-03
2.623139473650709652e-02
3.139815898034519631e-02
9.593173375408246134e-03
1.532065089179937278e-01
7.564324915361885990e-03
6.981295590096258524e-03
3.137430284606983893e-02
1.453820959817593919e-02
1.199136523283801659e-02
1.353324555921751188e-02
1.173677701868010813e-02
1.602275725795845873e-02
2.807379627994189761e-02
9.443939258952305932e-03
5.560553877008796511e-03
9.955452544000058593e-03
1.029407777722332953e-02
8.304121724558292950e-03
6.418917438418289545e-02
5.686240890914831536e-02
4.112080711384734355e-02
2.705292590844755526e-02
8.749367818456780729e-03
1.874189393282645749e-02
1.452126439206596897e-02
2.649551204204057125e-02
1.774058653564558954e-02
3.276536225679240605e-02
5.335317586155210318e-02
7.851847310894678397e-03
2.453363784896862507e-02
8.391226270317799288e-03
1.859440311282384989e-02
1.791120458809563123e-02
8.491584334923309163e-02
1.065577035870283497e-02
9.381789963105948912e-03
9.605728061696146292e-02
1.260365529797063434e-02
1.458378768292836226e-02
1.944042595203887558e-02
3.548502248089008965e-02
1.114946392168131468e-02
7.342922789061272215e-02
2.891356404077936176e-02
1.354955941869995413e-02
1.724308337883037265e-02
1.475055567512792258e-02
4.798071246009152913e-02
1.354504219763540684e-01
8.404889419102260298e-03
4.769722825614693823e-02
3.037633442655176402e-02
4.201582128345821704e-02
1.463977104276573300e-02
5.243531182443616698e-03
1.121850517671019176e-02
4.242950993320498965e-02
5.039086331072652192e-02
9.246629077545137979e-03
8.056695409461769181e-03
1.390340188770414036e-02
1.535169278288699424e-01
7.019865456955580452e-02
5.689791039594482847e-02
4.639055960082270197e-02
1.052497218316461938e-02
8.199512416394383330e-03
1.199999465760412040e-02
7.092118974111131721e-03
3.277479925442715325e-02
5.365523309067314617e-02
9.146388454613938596e-03
1.196207220597716135e-02
5.930692651456560827e-02
1.896439797639308186e-02
1.171264649163227672e-02
1.205417647664205893e-02
6.551531595123981366e-02
9.480268894872851196e-03
2.878793190151872350e-02
5.583107451162627570e-03
2.536722154565449958e-02
7.453520899043719616e-03
9.347821816895349190e-03
3.970815696643100606e-02
1.276012250327662467e-01
2.553138880413878195e-02
1.413066879378855646e-02
1.058793400063457596e-02
1.630126076127573487e-02
1.667984661540482805e-01
1.854977209614614569e-02
1.648318590748278772e-02
1.179070549573723453e-02
9.605689163762315061e-03
7.131131572556756448e-02
2.921807099615695777e-02
3.875123900558311713e-02
3.600308649350850848e-02
1.481703837375579307e-02
8.039789729838837939e-02
1.057191459823816904e-02
9.006389134955515574e-03
2.694945328058783243e-02
2.129291508556417634e-02
6.557830118181712416e-03
9.984760279627497015e-03
6.450006202724534524e-03
6.633812287673539719e-03
1.161099273904214225e-02
4.818958832724724167e-02
1.095352796237885826e-02
2.688651311568714120e-02
7.539661045547835921e-03
1.336137726855203371e-02
5.087726292684931900e-02
1.260465006981897201e-02
1.210047861933698753e-02
8.702334780999963423e-03
1.094032015252528571e-02
6.468083246926822211e-03
4.866508262183950190e-02
2.439661760491001335e-02
5.508958198740768891e-02
1.142800466857088748e-01
2.418952888028920792e-02
2.036606934909778246e-02
1.022065428688730473e-02
4.988874384474455137e-02
2.269146957875531681e-02
4.945017494835311084e-03
5.341261328317415714e-03
1.782469843429240058e-02
6.648946843525755518e-03
1.211810052219188943e-01
1.437063105175195865e-02
6.811155464334020179e-03
1.345148138439985000e-02
9.263964169113360000e-03
1.779237130434278141e-02
5.382848489941744266e-03
3.608649820868906760e-02
3.961041135047894957e-02
2.206695294167623084e-02
6.958773434817622575e-03
1.132198762734007262e-02
1.544702110921933672e-02
1.369096137556293502e-01
4.505335367604981767e-02
7.962321793923244490e-03
3.812599057221134624e-02
5.030334809330529698e-03
2.086092135549235879e-02
5.349551319909218172e-02
4.749155863109656012e-02
1.508954524092774759e-02
8.004600517646578983e-03
1.707471881382375753e-02
3.585939496704675100e-02
5.129425462758060994e-03
2.786811894359672234e-02
9.172701758946391962e-03
5.523486740025451702e-02
4.919840373771607392e-03
5.194374328577904334e-03
2.686873668737234724e-02
1.012737103141951242e-02
3.115744031721352433e-02
1.061758023352287264e-02
5.445891272950141582e-02
1.306141069608325253e-02
8.422222753383709626e-03
8.988974556097321239e-03
9.599932438433823878e-02
2.248742220507976217e-02
2.742414980999424018e-02
6.749958717781815234e-03
1.311637357436296752e-02
1.133320200524359604e-02
4.570093940604768451e-02
1.195479725897002042e-02
4.053702898739762472e-02
8.381018099158664414e-03
4.127926577695886085e-02
5.020883908067240615e-03
2.442621819750163265e-02
2.602406258664958366e-02
1.911288394789742787e-02
2.902729916876571614e-02
4.527192668799288888e-02
6.783280822883340500e-03
2.117471455643967285e-02
1.404123177915807957e-02
1.924392906846199985e-02
3.220605804083132712e-02
1.055074837467019459e-02
6.080470628651939678e-03
1.503473280582216451e-02
1.054960482972882099e-02
1.165214410576731127e-02
4.433963590077242417e-02
2.966388547978934462e-02
1.290947127605846650e-02
3.562104794753296472e-02
1.390390022183355875e-02
6.955283138225227743e-03
8.913397621632266482e-03
4.061364440526649827e-02
4.439159793224847772e-02
4.174197172641805342e-02
6.653166931191316358e-02
2.752815736802874738e-02
1.263927322285509844e-02
8.634590862575279580e-03
7.817419592957728855e-03
6.437275049915160141e-02
7.087566574024654897e-02
1.700914266912725015e-01
1.078759073082607468e-02
2.124342562088747319e-02
5.326878318849353339e-02
1.402536758284208228e-02
1.018172599238955679e-02
2.668287798172868167e-02
7.574659498238520139e-02
1.552407292831820169e-02
1.045980145410585656e-02
1.743758104240981585e-02
7.009317343521495602e-02
5.321201622254910502e-02
1.145747753719886762e-02
1.340351967561390252e-02
1.259449827019692644e-02
6.025930454998732790e-03
8.365624703680260218e-03
3.195298206870568480e-02
1.453396370460900699e-02
3.246669717790900966e-02
1.021840051486352235e-02
3.385513061917429234e-02
3.700060070868484846e-02
9.349915854351359065e-03
1.110442633187769777e-02
9.192941792995330472e-03
4.204961515223039348e-02
2.060522004544825328e-02
1.137582826660251192e-02
7.063263278532045698e-03
4.070774864829482947e-02
1.681918026085266193e-02
4.714502358011808669e-02
1.039530549109507658e-02
6.962802162252607063e-02
1.750233168672234510e-02
7.825121551587925495e-03
9.072858008785409517e-03
4.865314363366019662e-02
7.089385636903451984e-03
2.515236866012732914e-02
5.543470016379420384e-03
1.056579990497033723e-02
6.700536756291569640e-02
1.258310119287717015e-02
6.105196354006895212e-03
1.804976704536980295e-02
1.095338235084006642e-02
7.029563161295489943e-03
5.066542173135273747e-02
4.775374666695353376e-02
2.774860929552582997e-02
1.448021368402126197e-01
2.071301150779667616e-02
7.985545917482985562e-03
2.763715428976681876e-02
6.152556922074650658e-02
2.208997941410126981e-02
3.154911876110261942e-02
8.168661549447038886e-03
1.646603933577856643e-02
2.203402163937542499e-02
8.229991023360357788e-03
4.262820330404686053e-02
6.894305367146553488e-03
6.933661819420422825e-03
2.311474341971129012e-02
2.075891590041249735e-02
2.091403880965438805e-02
3.092921749254105152e-02
1.433776523433625931e-02
5.249681295990421548e-02
6.629340871410861064e-03
2.435871392636304936e-02
9.691717357644237876e-03
1.601601286310535069e-02
1.364472423031131906e-02
4.476170067018910015e-02
1.391494150331656562e-02
8.876474256258343187e-03
1.214289118737434288e-02
8.495165909297812401e-02
2.223632902162180416e-02
1.121329119572633294e-02
8.079336362013164741e-02
8.372892852184590090e-03
7.261300104772869246e-03
5.362823842160458626e-03
1.158637868364224138e-02
2.109027996111837236e-02
9.134064538174450215e-03
6.174805677172638674e-02
7.447218007920464178e-02
5.804655039830399627e-02
1.305909150151971648e-02
4.646846896264553509e-03
3.703948166482631116e-02
2.468597369028493332e-02
7.237152346414250925e-02
6.168475334236026009e-02
9.037929009800280480e-03
2.571079667157822116e-02
1.058881773704276053e-01
3.082296539441005401e-02
5.241008237696570017e-03
8.982693054181702455e-03
3.916137392473688361e-02
3.400210016405871838e-02
9.956686592269777675e-03
3.966871117239653688e-02
8.771399826096695426e-03
2.999120962701564211e-02
3.181324796282614803e-02
1.308912859882114740e-02
5.047765443937603930e-02
1.319798202686692234e-01
4.519743900053951879e-02
1.029898945540749962e-02
5.279163513050096068e-02
1.793762435959279228e-02
1.075885822751814110e-02
1.997918153080298700e-02
2.975948516952527795e-02
4.945972064596094835e-03
9.219983039229317015e-03
3.227296411999625719e-02
4.739708214280853593e-02
7.089583437603515226e-02
1.016954925208234627e-02
4.475500381593329469e-02
1.064913898009879345e-01
6.179027717730293731e-03
4.684641212272915196e-03
6.491755009280167008e-03
3.136909191689369464e-02
2.945717632730482718e-02
1.584291054672735677e-01
1.829365759948439404e-02
8.861348405274072776e-03
1.486740601112762974e-02
1.738441928760657562e-02
6.331964980269967624e-02
4.234664213488416144e-03
8.366954712721461074e-03
8.530632345833337460e-03
5.380289074435211372e-02
1.998457637370579243e-02
2.080834401898512542e-02
5.173796911552046990e-03
6.941281060800791325e-02
2.173624520539002916e-02
4.613072742330252135e-02
1.280802648439470330e-02
5.051100172944615434e-03
1.500133795540041677e-02
6.240212803942582834e-03
9.872520685963521309e-03
1.123852822212089743e-02
1.488048771135221278e-02
1.378107589461540460e-02
6.581537108183063700e-02
3.230374558130186952e-02
6.621208027269265793e-03
1.367465380515044994e-02
7.967578466821317179e-03
2.011854118803077865e-02
9.817837132668450276e-03
7.532986120302244924e-03
4.726376138299354795e-02
2.854648439627227238e-02
9.103990450077282040e-03
1.487176837604416157e-02
2.614792688917463859e-02
7.086924462326137097e-03
2.868061743992787391e-02
2.517729615542527860e-02
1.140559458794031429e-02
1.423806086084486097e-02
5.878246657399645997e-02
1.308555829375227485e-02
1.418546770608096648e-02
1.091823624716896368e-02
2.093913849271399064e-02
7.382432699153163719e-03
1.068218938108310423e-02
1.284301783470999728e-02
1.857424916156887040e-02
7.308952382560407468e-03
1.816920276218977545e-02
6.558277023859668264e-02
5.828282285563553267e-02
9.462041130838838923e-03
7.514395248571130448e-02
3.020411099688282211e-02
9.571964793036668098e-03
1.407719937347006074e-02
1.089951601245588847e-02
7.715021299075543702e-03
3.525967360918404181e-02
7.069972634843010861e-02
5.098575981432454385e-02
7.175679570572158009e-03
3.469416686427918145e-02
1.426632003096635175e-02
2.212354847745862801e-02
2.371089073431374705e-02
9.852743901581768188e-03
4.785299992781993222e-02
2.382779826108426258e-02
2.521283877840879706e-02
3.293335211193686857e-02
1.640108322629481655e-02
6.355406392791729253e-02
1.755486612922894235e-02
5.623385559738899864e-02
1.084203329780607586e-02
3.946825760357806911e-02
2.366072071199600002e-02
4.777250273956053402e-03
7.676020067442768796e-03
3.769762612265713936e-02
1.772403634835445149e-02
1.247897677252699997e-02
1.876962697514695383e-02
2.813577334929106069e-02
4.510137336215513243e-02
4.335138642615412805e-03
5.247339642165153688e-03
4.590248026468822518e-02
4.785998346708258966e-02
9.303000690583833679e-03
2.687331979691385750e-02
8.763987056629429437e-03
2.006137180714242380e-02
7.891716334967205024e-03
5.289800676644447822e-03
6.862577155169994822e-03
1.493325132605433092e-02
1.059403481258703282e-02
1.277354467682783462e-02
8.723871894999292789e-03
5.890274830837281123e-02
2.394487162019083917e-02
1.491531902152606198e-02
9.676347053442056409e-03
3.392961110639059613e-02
1.354710486303117856e-02
1.040814912216761652e-02
6.831827546856755577e-03
1.231827513790125644e-02
1.937756214906800889e-02
4.162312401185739447e-02
1.062128103873727705e-02
9.540305178682106924e-02
2.121546897121552588e-02
2.310243033380880717e-02
3.084335172447984219e-02
1.031831377345372031e-02
1.030161880225392984e-01
7.668105730402541287e-02
3.672669497383030529e-02
1.232229324046436869e-02
1.071658577463844957e-02
1.047166257676824565e-02
5.889191100662524540e-03
1.374819383441475487e-02
2.480012793375881500e-02
7.663083537669888000e-03
1.202999783689190708e-02
1.791422842026755072e-02
2.418110823300010162e-02
1.040611296380628860e-02
1.197204892833128760e-02
1.575621394009927081e-02
2.394911788011066384e-02
1.555726380067695182e-02
5.693600047455582569e-02
6.747227367732080983e-02
2.214510895059655649e-02
2.126565694260532102e-02
5.565180016031850280e-02
3.772789260950357854e-02
6.130511579855793536e-02
7.034856901493706516e-02
1.049726077232472285e-02
3.789007492743381306e-02
1.277456311776173359e-01
9.727432798749463538e-03
3.461958215372396702e-02
1.452037848215593195e-02
1.208087013054098477e-02
1.635060262715584967e-01
1.054839544934685000e-02
1.934495966807192949e-02
2.281764615622268455e-02
2.424104355749856846e-02
7.929255045775995478e-03
1.226349281191334815e-02
3.202630190970233437e-02
7.287236790712808832e-02
9.111758445853495800e-03
1.510229658058019966e-02
7.699548865622481315e-03
1.330986654087249789e-02
1.102929546637372582e-02
8.339165936444221938e-02
1.502452390216154135e-02
2.515141417498046802e-02
8.111317949643450514e-03
2.050447811706479495e-02
7.440114134660011716e-03
2.270009497060530498e-02
1.092714164476909534e-02
8.986027666705428962e-02
8.161247712446060426e-03
6.224690091915392569e-03
1.544386601700118052e-02
1.913062657429838789e-02
2.469765446072010734e-02
2.029961645773077292e-02
7.451636969963688906e-02
1.064897432176315634e-01
1.339253946363059590e-02
6.440356609546288823e-03
1.747404534045046698e-02
1.643528685820788010e-02
4.473302595180084218e-02
3.423641233216680874e-02
8.895087322699850654e-03
5.414769395032472711e-03
1.295724552042330779e-01
1.028230176251799799e-01
9.132206136971179541e-03
2.674495077910846869e-02
2.362063522242032268e-02
1.444453567550255807e-02
8.929070032512630498e-03
1.621817610783247293e-02
6.167991364491830220e-03
6.144204467782438811e-02
1.341757637303228612e-02
4.728687266064736383e-02
7.882381344747897700e-03
2.737757573483019791e-02
1.497480434085791956e-02
9.270822142553876433e-03
1.403544342338419390e-02
4.507545583276467704e-02
1.639487327062793404e-02
4.152217915332943182e-02
1.164819788687012844e-02
1.176397944845709170e-02
1.282935822175445759e-02
1.872480751646019709e-02
1.608442510410196605e-02
4.710224129137245003e-03
2.124945345954406747e-02
1.857515331216157833e-02
1.144063553578180369e-02
2.757118022970172708e-02
2.246560190536450730e-02
7.720235007378645209e-02
1.823795007102881408e-02
1.424027332254601819e-01
1.255824802733952750e-01
1.103760081630294175e-02
1.490194197452085478e-02
5.984854316595743066e-03
6.124018795834487890e-03
4.653327513350621891e-02
4.594292488073017239e-02
4.977671347979704258e-02
7.018621051182514017e-03
7.843357906512023192e-02
7.183779708943061754e-03
6.513891668783393200e-03
3.577593674686890129e-02
1.445905273215941124e-02
1.352918415199139135e-02
6.288560858011256124e-03
1.829386113549014148e-02
1.185779942603646005e-02
1.669599587275926236e-02
9.435226744275425695e-03
1.309908473651330389e-02
1.831710767417892016e-02
3.126711691963493522e-02
2.755278996740967781e-02
6.602985410361192527e-03
4.699733403203087273e-02
1.630216113117826868e-02
3.220293226600030173e-02
6.156047148393678850e-03
1.536166178133561815e-02
6.744484191277513169e-03
2.747106100070459411e-02
7.297001775701895954e-03
9.855310228721821803e-03
1.357756462637050437e-02
9.117303884554145421e-03
2.026551087638545773e-02
5.516916266144233222e-02
1.189097024333908396e-02
6.116412755047521965e-02
7.446075452626157824e-03
1.058472040521567410e-02
7.843286892919239944e-03
2.103189786354125318e-02
1.284655616278239550e-02
7.449976393393341854e-03
1.268084125011469283e-02
1.564062955852315098e-02
9.267043916563225472e-03
7.172932116164205951e-02
9.564539062089658442e-03
1.544769712008812849e-02
3.663696471464785581e-02
2.665650354061908922e-02
1.058407620990931865e-02
3.358423808358674406e-02
8.190417141715054805e-03
5.844438293640252802e-02
1.214079148170809155e-02
1.857310864644018747e-02
2.809470773643218955e-02
1.790346257781582490e-02
1.575575231388987377e-02
7.775728668198428339e-02
1.197907484797798398e-02
1.360381492957586126e-02
1.044313670215945948e-02
1.414638088945917825e-02
3.645858340771579442e-02
7.185046562542882209e-02
8.680123382055272493e-03
2.509465821979315475e-02
8.489698308855021802e-03
1.669017102054205087e-02
6.749775327228909293e-03
8.000065816133310886e-03
3.122908166317057976e-02
1.125720432722831024e-02
1.124920471465603623e-02
4.180667820054329714e-02
1.940576005599600404e-02
3.268448892896275854e-02
1.383961817230484719e-02
2.115348373805425036e-02
5.080658015144277895e-02
1.351558590893304351e-02
1.472026139255429300e-02
2.598981940860172965e-02
1.921686106577189662e-02
1.537742128679462326e-02
9.744111828010881826e-03
9.298861484781869441e-03
3.682996220720841096e-02
1.650336657191536771e-02
1.841051080145408511e-02
1.031071548330163810e-02
1.924254253526538200e-02
3.810319402418337748e-02
9.056475454827246641e-03
1.116791249620355773e-02
7.118997145513743588e-03
2.367091018980597983e-02
1.164294607482327902e-02
6.927388025924747193e-03
2.013774040034582366e-02
1.233390752735691841e-02
5.177621312170632532e-03
7.528858457193936260e-02
2.451715718768301619e-02
5.644592428867716005e-03
2.998910344482737592e-02
1.417376548827377694e-02
1.219262131669815452e-02
5.965153677209850645e-03
1.461543196138664208e-02
1.049504298192430359e-02
4.357849503688474707e-02
1.024208218806391645e-02
1.011568172184385689e-02
4.882918196223980795e-02
2.417463432246656427e-02
4.975948179202470401e-02
7.903687133104159157e-03
1.801673182621168004e-02
8.431945094363091711e-03
1.475689770421373566e-02
1.272080244752692157e-01
1.394030627494434807e-02
1.899556738659893482e-02
8.598581054320663525e-03
1.637523179583008984e-02
5.705180113521346463e-02
1.755997389328049427e-02
2.205024670902466441e-02
8.407699664857036861e-03
5.667925981786670064e-02
9.257106792555690536e-03
1.140368278535253480e-02
3.195357846635177995e-02
1.530995644771085233e-02
5.764540583371760910e-03
5.885541866113439685e-02
1.992700052767671856e-02
4.955235395377887223e-03
7.300956145001517676e-03
1.366484354873957231e-02
9.256783417936684591e-03
6.721840727436018126e-02
4.126774856723951224e-02
5.613821304762982994e-02
7.767186322277751069e-03
2.667749409179697925e-02
4.051877173539744637e-02
9.657579154854241746e-03
1.077323742273748018e-02
4.587596132815709160e-02
3.448000508494178384e-02
2.532990742052322608e-02
1.156571825331855624e-02
1.211980479040856637e-02
2.915598521982263117e-02
1.970679001495453248e-02
2.741320208034879469e-02
8.924974628535963309e-03
2.112302960803424945e-02
5.066375449242879053e-02
1.417543789758405476e-02
2.584152720347655460e-02
1.192481090537210117e-02
1.185813202817561848e-02
1.827202110121956338e-02
7.113516344158283752e-03
9.484732145429584232e-03
2.639075556061604155e-02
1.453819462499122799e-02
1.943869755741723868e-02
8.809244805612029272e-03
4.427513566016359758e-02
6.856081659891540003e-02
4.206273628553775651e-02
7.263927500372303371e-03
7.769139295016947062e-03
5.768883591994448078e-03
1.183877819000646661e-02
7.131032113179609604e-03
1.771270753719862701e-02
7.399664742631532899e-03
1.502949408898013837e-02
4.196202415862305968e-02
1.741227699452471342e-02
8.750628772771761391e-03
1.305414339421642755e-02
2.396199706353480466e-02
2.273522021069471211e-02
1.230627711112784739e-02
1.197525885732377178e-02
1.274835466368812176e-02
6.367738535835192060e-02
5.609415606654099412e-02
1.297859908075805167e-02
1.005647607638572583e-01
1.142319519439806280e-01
3.364695812731554464e-02
2.015916460349547606e-02
1.252670957147934694e-02
3.911780034732971478e-02
5.152797144747979854e-03
6.738803307263921405e-02
4.386600492015109432e-02
5.684290949147950169e-03
2.140355596151549342e-02
3.332825019720796894e-02
1.377449672838903204e-02
1.570267657829753707e-02
4.264626052559163105e-02
7.493558268121618127e-02
1.543133871167117095e-02
6.376933999662986498e-03
2.464769320741094089e-02
3.537801458875537708e-02
1.239582742550009511e-02
9.351477738052269006e-03
1.101119069225184668e-02
1.122082967688034852e-02
5.748570042151175674e-02
3.402937896600315842e-02
7.077918179769943086e-02
1.402742158755872562e-02
1.166713561850520053e-02
2.446587222123414174e-02
7.393568740779132842e-02
2.250024457285569948e-02
2.425993623241021885e-02
8.921535661286566707e-03
3.991977597568987374e-02
6.795805772802851474e-02
1.742170531685856283e-02
3.192178003786096813e-02
4.179203024058779359e-02
4.295178364035110580e-02
9.831101240896361962e-03
5.668017670581988743e-02
1.798051410540998235e-02
1.111883205855514548e-02
7.350822831723756619e-03
2.201415103056309636e-02
1.244234515944771420e-02
5.694125572138347691e-02
1.082036477721689920e-02
6.865452390371699562e-03
5.467023669039042938e-02
1.839011936053869256e-02
2.393251000434689149e-02
4.225493181585838337e-02
7.270680686129418757e-03
3.146271656373957754e-02
4.418491440515388835e-02
1.786727359972348564e-02
5.479140977518094646e-02
1.352401395723325760e-02
1.635672711912529095e-02
9.752318401846116203e-02
9.373115922371685546e-03
1.631524245838570156e-02
4.211333282950267820e-02
6.100806639125799097e-02
6.978315049369622665e-03
1.364179885316296054e-02
5.834892658504156962e-03
2.623401977289746209e-02
1.637743966972507459e-02
5.193509158880346005e-02
1.336907210734785204e-02
7.295139300480107773e-03
5.101956989100287290e-03
2.015587656635927163e-02
8.221991829279191866e-02
6.826818810825127648e-03
4.811880468372151803e-02
6.271841431242040910e-02
5.435634672017949920e-02
1.736085158832778239e-02
2.181924823798617880e-02
4.376234206162877248e-03
9.767832277916230210e-02
2.418431512392259231e-02
3.894320565270548845e-02
5.393422048744210551e-02
9.841417312173821388e-03
2.588660107698007376e-02
5.907758637001993274e-02
2.578907918838115043e-02
8.052289216278386494e-03
1.179054027202256806e-02
2.732879131426342242e-02
7.467058113161634952e-03
5.832285504037603742e-03
8.783589739964195453e-03
7.911072425062849398e-03
1.929861236474401248e-02
1.540311843223096666e-01
1.589477565569607370e-02
2.647681845791174243e-02
1.110169830039231531e-02
1.755477654284183162e-02
5.131087692584625909e-02
4.224775780937890801e-02
9.756909962553978605e-03
1.488389909396021192e-02
1.421877590470041822e-02
1.536296654062640522e-02
1.363638410360116515e-01
3.343621500004935465e-02
1.129261991368267319e-02
4.199601205972296192e-02
1.797447564647813509e-02
7.773646645508362416e-03
1.038899176758393238e-02
1.909224328721113861e-02
3.890378088262602414e-03
1.151816396528319679e-02
3.736502846614735140e-02
1.462360833415757636e-02
6.083639681342022792e-02
6.041631386510408486e-02
4.037157744163499123e-02
1.587557924435828091e-02
6.970510499961082851e-02
1.341833005230007661e-02
7.963206026287033765e-03
3.989139756216153465e-02
1.283251068971064807e-02
9.492431310027631131e-03
1.712133926831807887e-02
8.078856592726136113e-03
1.583327406485707592e-02
7.227564932253595191e-03
2.171487610774670840e-02
2.688113539422442091e-02
7.292031860479575300e-02
3.098925208852284716e-02
1.216807549815089595e-02
6.718017089635775971e-03
1.211444542063156229e-02
2.410808670960994451e-02
1.134796163389568541e-01
9.455358647036223724e-03
1.002048849721049080e-02
8.158255450856882751e-03
7.870427173596013584e-03
2.095114638336640842e-02
4.262497950863480822e-02
2.532805364589505934e-02
2.331639027562255190e-02
1.438604305925924448e-02
1.011419558869439475e-02
1.632160674694159083e-02
1.913521939573792699e-02
1.427890473946814322e-02
1.614192502989422393e-02
5.558386094893416271e-03
6.129869098837370522e-02
1.808630013991238336e-02
3.378137234128279764e-02
1.816192514719401629e-02
2.104774194069660570e-02
1.507255878727623011e-01
3.587184208404267660e-02
5.708289702286843681e-02
2.959997945573862935e-02
5.194698735194309275e-02
1.251129935958617337e-02
1.015910066420793421e-02
1.129166735863114217e-02
6.173752844442805671e-02
2.010740631354956953e-02
5.597281924696675959e-02
1.071093900213401229e-01
2.902606830068087465e-02
4.677616474185239404e-02
3.085999306371131276e-02
4.724694039459682859e-02
1.119482629026846525e-02
2.553069767689853178e-02
8.832113510458650119e-03
6.194364726285706002e-03
2.300524818084692669e-02
1.663212731901617114e-02
2.618223851042627420e-02
1.794971247778494317e-02
4.889321865732099148e-02
5.416837344893386114e-02
1.591923041444686521e-02
4.631301010360228121e-02
9.458486091953773045e-03
3.713900209701657962e-02
8.133728203319960659e-02
7.406907428436833654e-03
2.984625464694522223e-02
1.881969562744481225e-02
4.913379682461267717e-02
1.107595415877478742e-02
5.694543540148201168e-03
7.178369152344454829e-02
2.352930082743910981e-02
9.728824937948018364e-03
3.063252437809500794e-02
9.402693001580832849e-03
1.769443934608144753e-02
1.015186420028605374e-01
5.170086250170191633e-02
1.590408582427644546e-01
8.607768977613011394e-03
2.121137056631597351e-02
7.615823591338312382e-02
7.487384191506812892e-02
6.146554194453003432e-03
2.307794566836608025e-02
1.168807304107586861e-02
1.294879773397886701e-02
8.341545417911915700e-03
8.178827645180514541e-03
9.689903513183054790e-03
4.484651684015383138e-02
6.581219666760793410e-03
3.425928098424337043e-02
1.809423725274936570e-02
8.687283787218018707e-03
2.049458416313304152e-02
1.847785638920589057e-02
1.505907414944615032e-02
1.137845011964173751e-02
1.363330606355795185e-02
1.430227162255793064e-02
1.768644541664987635e-02
3.693308951238560844e-02
4.429607160135783095e-02
2.622300354009885620e-02
1.136592060103893374e-02
3.214374764750410618e-02
6.202556096980517061e-03
4.607792506136081795e-02
8.981650949040888288e-03
1.320379958160903568e-02
6.385783806933106183e-03
9.611575218188209493e-03
3.682113738893101618e-02
8.204708824414547186e-02
5.468782219187440230e-02
5.544220779631676803e-03
7.110620719463099995e-03
3.169056798352360566e-02
7.783347043869309756e-02
2.091572606733719392e-02
1.437752716604417114e-01
2.699421805125635371e-02
2.910718559272221229e-02
1.207698537307798879e-02
2.414021372739488108e-02
9.422526946067344769e-03
8.023792921095720607e-03
1.810546183183342137e-02
4.605068688247256764e-02
1.589398069760387944e-02
2.648526415360922398e-02
1.199783020008802353e-02
1.463575136004792270e-02
1.562935787284086206e-02
1.106128879628100366e-02
1.859694039982619576e-02
1.721331445991021100e-02
1.028782450589421464e-02
6.187808402321471474e-02
5.277710169279238757e-03
1.766362409363866903e-02
5.100150391830437363e-03
1.996711866626813686e-02
1.528064514938809182e-01
5.198064534208331894e-02
3.544139417105764828e-02
2.407583265493554864e-02
5.887611970136680944e-02
1.874630005110871148e-02
5.620149911611226068e-02
3.090118994646002745e-02
1.024820360651980573e-02
1.189891324865472930e-02
3.757953935971340004e-02
2.971843859956575795e-02
2.633693086820668161e-02
8.738171246213765828e-03
4.106138967754722341e-02
1.005022335724780821e-02
1.712940992789114408e-02
2.572380200589078139e-02
1.328829682260644629e-02
1.047116579658406016e-02
3.508689869786579818e-02
5.721079873928509862e-02
1.713446079745819736e-02
3.439913568397937743e-02
2.755062074582564913e-02
9.091683832232962115e-02
1.337119595540165427e-02
2.550007298160836267e-02
8.692494633037693708e-03
5.637681697459990225e-03
2.925071134900093447e-02
5.067759376955381645e-02
9.102875292042351962e-02
1.080769766416140275e-02
4.127673732608423685e-02
7.459544460322645697e-03
1.044969246523103946e-02
1.320061839372536558e-02
1.224616430450759311e-02
9.759680593316449534e-03
4.027062940732678564e-02
6.027415053386333404e-02
7.582896836093561133e-02
6.917438074052673427e-03
5.751570366508659132e-02
2.263905319427144888e-02
9.040977896480700826e-03
2.237192199834788994e-02
4.483884666278579317e-02
1.188841751616268559e-02
1.534819300301638358e-02
1.801530984178108599e-02
2.443145797205067971e-02
9.216560264854942175e-03
4.130950484673931444e-02
1.538192271114182871e-02
9.821434110982090251e-03
5.295089535914435097e-02
3.622555301531401456e-02
1.425667635610344472e-02
1.080866582479377280e-01
2.456357489223383317e-02
2.937512929100007802e-02
1.490862494563772178e-01
2.316924926780587757e-02
1.027077448479854493e-02
6.944918197568018814e-03
7.653713731024448796e-02
1.366122914884029642e-02
2.144060731375596607e-02
2.403580171749509706e-02
1.400813850806292282e-01
1.726593273273109228e-02
4.366693986529319310e-02
3.392997076328346101e-02
2.181019123142212066e-02
1.043154593798011065e-02
5.973543662948348210e-02
1.683719963942841708e-02
2.068849720290317704e-02
3.133357783695794874e-02
1.246333138920049065e-02
2.829820546044784640e-02
6.847881407265755949e-02
4.494800025378144909e-02
1.212649920066471987e-02
1.604598914138771759e-02
2.999444033744618279e-02
9.417250799085379737e-03
3.483681877619238670e-02
1.160264394793827578e-02
1.626282198062446172e-01
3.379007515547970044e-03
1.822668419102249637e-02
6.509852754139805464e-02
5.297459741092434143e-02
2.634220864883467586e-02
6.450660994045412377e-03
2.897777897953017490e-02
7.460091508214132527e-02
9.223943658561065129e-03
1.345247130595146959e-02
1.415134157424966996e-02
2.210858250566151081e-02
2.609365981212791175e-02
8.947201100631221871e-02
2.798416503773456729e-02
4.773968137301799752e-02
3.083604559801852302e-02
1.801894782717919363e-02
1.370589445379858523e-02
6.437933671408820058e-02
1.510351621791579391e-02
6.859941560105337066e-02
6.575673012174028040e-03
1.292155585699726258e-02
2.265986061542468039e-02
2.507232479975805839e-02
7.234216146299406527e-03
2.387001715760760090e-02
8.425062634748969187e-03
1.352539144156295579e-02
8.935325452613961106e-03
5.971294146552532517e-02
1.061057037298803428e-02
1.302606819704836029e-02
9.968201697438686115e-03
9.361273939409995790e-03
8.176547595742600372e-03
1.714939799637843487e-02
3.167756256398073650e-02
1.635000430193772267e-02
1.040317898118577888e-01
4.416296395299325502e-03
7.557116204038838436e-02
1.890853253745312587e-02
3.008058727994664117e-02
5.093421081660852445e-02
1.390272787298036938e-01
1.956674376546133076e-02
1.231689291380247686e-01
5.360509017874461740e-02
1.399661103001892913e-02
3.068924409511949308e-02
4.508906265671808189e-02
4.053709976870672332e-02
4.067928083797985039e-02
3.873738126564136176e-03
1.112205958232366509e-02
1.584817419114233905e-01
2.687230932172378350e-02
1.103435849458008627e-02
1.762815097840738851e-02
1.385049121843480620e-02
8.965866535783958285e-03
8.453474445409525986e-03
1.126254321792724382e-02
9.019548085756700848e-03
1.585367301698327736e-01
6.137337408788700460e-03
2.305954505977468941e-02
7.426185781368560210e-03
7.111078314993443499e-03
9.872854060928757183e-03
1.413850484970126040e-02
2.387205112085466138e-02
2.732889352295317029e-02
1.972283357661294007e-02
4.348510224446905381e-02
8.010250402008275983e-02
2.043999513409414451e-02
2.631875261700778942e-02
6.912270782312691930e-02
7.699942003578907901e-02
7.262753295827643028e-03
2.440689561857474835e-02
6.925584373632938384e-02
3.808609464790795041e-02
2.664796832018266962e-02
2.212977658661622118e-02
7.132288562280817042e-03
2.069739158040534086e-02
2.676402685693390557e-02
4.512818454799506773e-02
2.650321098676739276e-02
1.746550999390213479e-02
3.714397080246197719e-02
3.973921291066223604e-02
1.798342742957236354e-02
2.036300572507675558e-02
2.766444615259167072e-02
6.989976176304400074e-03
1.489431328753275732e-02
3.997590719544764915e-02
5.519732744235628270e-03
1.267425628376264712e-02
4.710104487957487290e-02
2.929397759532290785e-02
1.046247795958105270e-01
6.762050491614722374e-03
9.813842267920119822e-03
1.357043347068070081e-02
3.275920343553941766e-02
9.986322029766118991e-02
3.265293154584587160e-02
1.093261202578412611e-02
1.686883193409001447e-02
8.420301161257040534e-03
9.385134757140652095e-03
1.286048720148687818e-01
1.779174433344635209e-02
6.075092222893776345e-02
3.217819882050423387e-03
4.252440249742174549e-02
3.771043049820762064e-03
1.439742765958065135e-02
2.338923258473620329e-02
2.344488068541240172e-02
4.447578805539400583e-03
2.298155814535650029e-02
3.198348513341137817e-02
8.679607964694677213e-03
1.011271660806376260e-01
7.573000341265660566e-03
1.702633414996216482e-02
1.498732963476473168e-01
4.961419337551942893e-02
4.157169262380405739e-02
1.509369329836699782e-02
1.245286983322941438e-02
1.003471299149931266e-02
3.109832370346788874e-02
2.300453004151713221e-02
6.313610220478013679e-02
4.216634605287972876e-02
3.624153686582001765e-02
6.579614255194538366e-03
1.347183625123498860e-02
6.833971745648247456e-03
6.647253760345234186e-02
5.994857475343957909e-02
1.238660209697245787e-02
1.103135696228216799e-02
6.456323699615190356e-03
2.586328432055424315e-02
5.537424500249716643e-03
6.336529695591328060e-02
1.033799111373957247e-01
6.502401158404055859e-02
1.100249253984077191e-02
1.362647074931463281e-02
1.663956759458762660e-02
3.204262199332018335e-02
2.786782423245604337e-02
6.254741848834362468e-03
6.852090350350030154e-03
5.289699472446913325e-02
9.143695983676721969e-03
8.174240396789207719e-02
1.497376995038359193e-01
8.045035314292361961e-02
4.215727638010329653e-02
6.548771408829331953e-02
9.084252808025590140e-03
1.433850864683717807e-01
1.127802439875140450e-02
8.350789039873055333e-03
1.103648899637373927e-02
2.095057409805893556e-02
1.070339308651466030e-02
1.388582418023517548e-02
2.071518834333017575e-02
5.560172988206435463e-02
2.451065377940699758e-02
1.275218364629468470e-01
4.015408610280665758e-02
1.019606619030476342e-02
1.881567875225504879e-02
1.121049926335527212e-02
6.957181922014794156e-03
2.914299442809869037e-02
2.577105705213971268e-02
5.819973715691928451e-02
1.652147185410104968e-02
1.094394370818653137e-02
1.047387992911369414e-02
3.670440047792997845e-02
1.863692768779499909e-02
4.320303399078076478e-02
8.657321365181077158e-03
9.994558467990520209e-03
4.507749903912654059e-03
9.305067429331280796e-03
8.066125335147503878e-03
4.873357818154160082e-02
8.729207882630424589e-03
5.395418875361646799e-03
1.408969607061261523e-02
1.567639608747704166e-02
3.754802965765300510e-02
1.515880678180561367e-02
5.465077656480514523e-03
8.243556579826520972e-03
3.970830028615499052e-02
1.313592797194049026e-02
2.243640089322813599e-02
2.481436566298334326e-02
1.371868448275823105e-01
3.174636148492312321e-02
6.280565537626650770e-03
9.984756057662316775e-03
7.181654261625301273e-03
1.285488986237630013e-02
9.995018584781582144e-03
6.450400360571614811e-02
4.343523932634192619e-02
5.241349013897202147e-03
1.712275200675026504e-02
8.088826359620507334e-03
7.305956999322868115e-03
1.694002798039412686e-02
7.602637113464262054e-03
2.179867091697143197e-02
9.489063368139984481e-03
1.090248164709145019e-02
1.969227226149575585e-02
2.221134851925484280e-02
1.024228916736688241e-02
1.227687379419345123e-02
1.038557105007502715e-02
2.039484722454410620e-02
2.268449387012183571e-02
3.815500125900750383e-02
6.400463306141370400e-03
1.914910450576833012e-02
9.425646808560329826e-02
3.225694731580366903e-02
3.853984773410462639e-02
1.722015891351186267e-02
1.164206399404095829e-02
7.249368786964262810e-03
7.327840147916428459e-02
9.263931593623538768e-03
1.295528506944372549e-02
1.530127124558943591e-02
3.296171602566198150e-02
1.293825638357815576e-02
1.140002963178861177e-02
7.034088958693902015e-03
1.142246914108146182e-02
1.251337973050088426e-01
1.450962157951667629e-02
5.366289884098504603e-02
1.246620157439760380e-02
4.936690103447971545e-02
9.807139443608078530e-03
6.357524891006700873e-02
1.056138845476680549e-02
1.732829488725647071e-02
1.643186760465772944e-02
1.666623910018989740e-02
8.441134928384329272e-02
4.552350821585409227e-03
2.019078239902563979e-02
1.154377819520326087e-02
5.868316446730552881e-03
1.133790416361774543e-02
2.767882541346788905e-02
3.877270862977066218e-02
1.237329676461657556e-02
5.950792625162922185e-03
3.667409789283607169e-02
3.590834473533539850e-02
1.413348365282188213e-02
1.076899469364112766e-02
9.834235220673928982e-03
5.125743448174448907e-02
1.160595729309342114e-02
6.557174151117957372e-03
2.973198279915078082e-02
5.797242663503397037e-02
1.493396158659457927e-02
1.312492706220098199e-02
3.507301347342729053e-02
1.874951683466272168e-02
3.640520130910968738e-02
6.830389455821866962e-02
1.552515717402424590e-02
1.256973365816778550e-02
1.374496816909138650e-02
7.039248021485078159e-03
1.110908902242534191e-02
7.596495358355258298e-02
1.716046904448018801e-02
6.495583998817240808e-03
1.585552915996775170e-01
2.908441290707714649e-02
8.886118497520989826e-03
1.008404099855133434e-02
4.608606121604797573e-02
3.514350676229181097e-02
4.357873676161503479e-03
6.137524443083404273e-03
1.010930976193515247e-02
3.445224569329195796e-02
1.970037591798335513e-02
1.682492052663320942e-02
2.511754373725501657e-02
4.709042023175092490e-02
9.195951031980635973e-03
9.338811818656773261e-03
1.073657978229129902e-02
5.934250579319096108e-02
6.455011741155517249e-03
1.089607331184915852e-02
3.950338453234070873e-02
5.303045509484467790e-02
4.763509547227024604e-02
5.803168299626256139e-03
1.430511147293011751e-02
1.264177515751054026e-02
1.546779433574575931e-02
6.054517418797795633e-03
1.439888417843161045e-02
1.902019917759601927e-02
6.835161516886149521e-03
1.035700120579660655e-02
4.998847074538914637e-02
8.325688599665344650e-03
5.150234473566459026e-02
1.147358681819323489e-01
2.728549671982593433e-02
8.570557955504832723e-03
1.610243713989297290e-02
1.311886404161522607e-02
9.101461592183722124e-03
1.361295755116713121e-02
1.663873913546678324e-02
7.795125500226808557e-02
1.490188671070162736e-02
4.950455630599363138e-02
1.288069155937702527e-02
2.122666670722006196e-02
1.111799107710123059e-02
8.948596548758878250e-03
2.869136152613625465e-02
6.436707200218398650e-02
1.446198548963928236e-02
5.847441338733591620e-03
9.083747825170901749e-03
5.692423416726460905e-03
2.480170236221147795e-02
7.631557563620056106e-02
1.413297299162940245e-02
3.164927251398813590e-02
3.403556752664469581e-02
7.442064616111075323e-03
1.736864252536153910e-02
3.578079316640631058e-02
3.208236954796568619e-02
1.064134390076331392e-02
4.842761711978842316e-03
5.030508497078220453e-02
1.242803636953755675e-02
4.293492981113179036e-02
4.265098120952493660e-02
3.730582236101566418e-02
1.720740996207490575e-02
3.463210251078255308e-02
1.372809511972217580e-02
7.907112119775416142e-03
2.333465952775999261e-02
1.124578335121967886e-02
1.456396786960934692e-02
7.766447533500279651e-03
1.120883082493019309e-02
6.842436928710239619e-02
6.039810149851898742e-03
8.339589215964164637e-03
1.241343617134770504e-02
1.746258951978587118e-02
2.195498220487221083e-02
7.031873756780165560e-03
1.289412703032941088e-02
2.142954526630492032e-02
5.945598517975774974e-03
7.750728560588993760e-03
1.776532531730590225e-02
5.264347091058312056e-02
1.139640818040579817e-02
1.417406069556600978e-02
1.317178204764584727e-02
1.392931754602835803e-02
1.216696265262709638e-02
1.000478059586725268e-02
1.083281898173794368e-02
6.899964970680161867e-03
5.378021759212323061e-02
1.025049730940365139e-01
1.974972154364869337e-02
4.999902084072242736e-02
7.195572380752377449e-03
6.405726801236155676e-02
6.740215806633974814e-03
3.388778453453852174e-02
1.175654694027691675e-02
4.452920283655366351e-02
7.196911236001466913e-03
1.819781815535139596e-02
1.092343813039214385e-02
6.163845339062321016e-03
6.977273590966831876e-03
1.194508633724884229e-02
9.845782067583521216e-03
1.792801035087745326e-02
5.182284390624913861e-02
2.271382914070184389e-02
1.035478278884385643e-02
7.022464474669889989e-02
1.473676060275958162e-02
4.616321546581277080e-02
7.946751354733258554e-03
6.017893979241338044e-03
9.452620105038823245e-03
5.725693757502083037e-02
2.308383465662311451e-02
2.995214079344134250e-02
1.467886904360967901e-02
1.264605709269944755e-02
1.124917033690351134e-02
7.726262066834829745e-02
1.537885580486837017e-02
2.951544440644699244e-02
9.031119811872162159e-03
2.634051559066388423e-02
5.090430292028749054e-02
4.673149883910206193e-02
2.768787523131669218e-02
3.415094988376044666e-02
6.541440248305501089e-03
2.550938357707844759e-02
3.575436304475285154e-02
8.251591926356360504e-03
6.988835493381782143e-03
1.814938272038623193e-02
1.544222362708064511e-01
1.002571837552778539e-02
1.973763937196599746e-02
1.339510071191525598e-02
4.161658080858802317e-02
7.394704884465306757e-03
1.815751856468531336e-02
1.715675107605416430e-02
1.371991848006204502e-02
9.146690189868300624e-02
6.178090780318749864e-02
4.250989197916266171e-02
6.640476633180084944e-03
1.907992465453474742e-02
2.761551800725812675e-02
9.251715634768552590e-03
3.856356380178911376e-03
3.105332520242804970e-02
3.279862018945285673e-02
1.073909798354314403e-02
2.583473358247333554e-02
2.446282897809049645e-02
1.175150872778187548e-02
2.722151065539182846e-02
2.002582791756235894e-02
1.789516947969250343e-02
4.202951094182138386e-02
1.278381349105259072e-02
1.475796927144860590e-02
9.952824610585294871e-03
7.547046283079179851e-03
5.784919081067276501e-03
3.188937246711073814e-02
1.042331568404895534e-02
6.799489916688515601e-03
6.987677595807250189e-03
1.409270759167035314e-01
4.870484522247719474e-03
1.368006776887660363e-02
2.250773259864536496e-02
1.830640167534521370e-02
4.965509881672355158e-02
1.052608937983787012e-02
1.065685129767628136e-02
5.043071952841829408e-03
6.016572780857538764e-03
7.302286234587142266e-02
1.109169968261980582e-01
3.339510729389751076e-02
9.595463571947343909e-03
5.808367600078649141e-03
1.473503119410536633e-02
4.691050262839662616e-02
1.137949930644973663e-02
1.468615124598748184e-02
1.443752630854643060e-02
6.095541278203066814e-03
1.480677942974326783e-02
4.717898400212933163e-02
1.329345347059144311e-01
8.656396777964746672e-03
5.776229974712238785e-03
6.962185423767068559e-02
5.795587034598996025e-03
6.783927056495573336e-03
3.614725206079760778e-02
1.520500888253096400e-02
6.169776202384236186e-03
3.884328141302610671e-02
1.279254218694629852e-01
3.212820986714302191e-02
1.455904354923602539e-01
3.295399965967819172e-02
6.752602611167871430e-03
8.833983055235776136e-03
5.537263621227975045e-03
6.826395899470904735e-03
2.763578645445822005e-02
4.954903177431836669e-03
3.780650988690446163e-02
2.880847842829724337e-02
1.119556757768660517e-02
5.444683987685122045e-02
2.099795509753962439e-02
1.970723724497336696e-02
1.024020454797366399e-02
5.118232773709585452e-03
1.340821347091209620e-02
1.911351733165059588e-02
1.414418071939092456e-02
1.578544049376773631e-02
1.537736859753789376e-01
2.676183535254193085e-02
4.440923076013747473e-02
2.450093304547236450e-02
5.447946077083113715e-03
1.436603106668110121e-02
2.070540364646394557e-02
2.060673780895420568e-02
1.622121661918006497e-02
8.629886859712726510e-02
9.804903568787730686e-03
8.276331071098293191e-02
5.669392338807827114e-02
1.739575866776239127e-02
8.549514001886433096e-03
4.350057189374828548e-02
1.901097534225666338e-02
1.703497776562700253e-02
7.507036830900087367e-03
1.826749736575801822e-02
1.031903256322474517e-02
1.606266483869915607e-02
1.740270774427141176e-02
2.168937878797511792e-02
6.089354412198208673e-03
1.211863722169488101e-02
5.570777562304638636e-02
7.213614288596955498e-03
1.545242475013675065e-02
8.641735103682175040e-03
1.100154115839565086e-02
1.285483529714206430e-01
3.263806092644304380e-02
4.057391496471352693e-02
1.005508702232221427e-02
1.294445475133457202e-02
1.094746744980360301e-02
3.122994980002163565e-02
8.638462472398565975e-03
4.088447746414477363e-02
1.100346060723128919e-02
3.830373499913497515e-02
1.659903960593273747e-02
9.575367358942824675e-03
3.731294792272014937e-02
6.474064614036735554e-02
2.400626833726315565e-02
2.197158897837645994e-02
7.961646702423105099e-03
6.698033868724273011e-03
7.028668270351050296e-02
3.245905507123928585e-02
1.190456240561423538e-02
3.675132958123651650e-02
7.896918618500482767e-03
2.116206202782647261e-02
7.315543888506002845e-02
1.220067872253463755e-02
6.113823587511214158e-02
1.916176324245690704e-02
1.453231332319234077e-02
9.640000943560458196e-03
1.558823430135081005e-02
4.359318362654556606e-02
8.790171483867934010e-02
1.015540121184744377e-01
1.378048768346927695e-02
1.495773150093937867e-02
7.759841257307432960e-02
3.482776958745868040e-02
1.046261936978748301e-02
2.149805607488079404e-02
3.929458073969654269e-02
1.330055335050863569e-02
6.315626325577193209e-03
3.101671743782907775e-02
1.396931625704633251e-01
5.303470363009415989e-02
7.507930174829431647e-03
6.949541709315738836e-02
1.978811493809337976e-02
1.073575825654630479e-02
8.200736477485617154e-03
7.343830753028412171e-03
2.815187770902740846e-02
6.424155633645061737e-03
4.694189535538226959e-02
1.373936096316920666e-02
5.086336726097167964e-03
2.606726109602796118e-02
9.434206297735097529e-03
3.356704691215509767e-02
8.635828826322560631e-03
4.140827588054167563e-02
3.509268726616696088e-02
1.145808065041229416e-02
2.463450782777125772e-02
8.536385538342627921e-03
3.899407079550653438e-02
2.451981609394366171e-02
5.017664872153376754e-02
8.686746249497723227e-03
1.822918814091247994e-02
6.799791466377341775e-02
5.327893275490316188e-02
5.156055370141151423e-02
4.939780213060804281e-02
3.812401330288982954e-02
4.116898319731717576e-02
1.949441198801579386e-02
2.260674864368606221e-02
4.990065682398334146e-03
4.835536180476923684e-02
1.120091836058133457e-02
5.910676597890974701e-03
1.492636881452771014e-01
6.239467422188009656e-03
1.211982433819093138e-02
4.505671658115234512e-02
7.662291353759743615e-03
1.902865994993250404e-02
1.238753442766052544e-02
1.597744520724142525e-02
4.421372403912880722e-02
2.526941973989301968e-02
9.179033942378109212e-03
2.025422416179189361e-02
4.394992939578437618e-02
1.091586510856741056e-02
3.438287770762316065e-02
3.335517382432175160e-02
1.820968871461223562e-02
8.041232205836738867e-03
2.796711722000685962e-02
2.702295580962925034e-02
5.959261767185543984e-02
4.873386841852346898e-03
6.885085641168599974e-03
6.392804363390074129e-02
2.267218022823557291e-02
1.448285500681576188e-01
1.841512906763082338e-02
1.432545887933794719e-02
2.250111254242184722e-02
3.902864501977605649e-02
1.341426583598831490e-02
1.171230517567897582e-02
2.781138072112105883e-02
2.506699679007127687e-02
1.456731011802255005e-01
1.187768139016236527e-02
3.959731277393575832e-02
5.012896074662265278e-02
8.312476791103440635e-03
5.513738506958575092e-02
7.086230292736518839e-03
4.960483985217658404e-02
1.016723198974646934e-02
6.589837079842987555e-02
6.303383609899484985e-02
8.616683130172247962e-03
2.618814146205413959e-02
1.435758427891486132e-02
6.650489634074278900e-02
9.824886730597594264e-03
1.642680992135704676e-02
1.955448328753218654e-02
1.288247383426638359e-02
1.297600167521550073e-02
3.948517317276428740e-02
5.164112932462511067e-03
1.367237736528796425e-02
2.085992198287919819e-02
4.620722650937046649e-02
1.250444177067049079e-02
1.967331061730457839e-02
3.516131373941753374e-02
1.407655174427119293e-01
9.429153617927081912e-03
6.536196775842936790e-02
1.479728282163755154e-02
1.299237493989966186e-01
4.511245224743580529e-02
6.483347113574512710e-02
4.690666980228941005e-03
8.070658709862644012e-03
6.542641599360516161e-03
8.484840628125875361e-02
8.887404603975712983e-03
9.216486185961100114e-03
2.817987303003940611e-02
1.910607821165061226e-02
2.884096207000558243e-02
8.724846933801514923e-03
1.003203277467405903e-02
9.589202573031081756e-02
6.456689068920524500e-03
1.395724383262210155e-01
1.504875734437497413e-02
4.891928276118562291e-02
6.980203063278718999e-03
7.866038037761174939e-03
1.115057113862141271e-02
8.802217048848596376e-03
5.866158144201517877e-02
9.327469485260723656e-03
1.570510719105232961e-02
2.863241778083511907e-02
5.489496395374918181e-02
9.316123039032188011e-03
4.038508306545023074e-02
9.669183959826548047e-02
2.048698384671699541e-02
8.690692691724399843e-03
1.198296438565822283e-02
7.036924018639974070e-03
8.859559656824096338e-03
8.860118261833161216e-03
2.864713287645749215e-02
1.027988031330355836e-02
1.182874610761275487e-02
7.791987519611531104e-03
2.397239808125353408e-02
1.085131284709353085e-02
1.904244730130391292e-02
5.331422167402139617e-03
1.722490717425590248e-02
3.595532195936721603e-02
1.810778761267026193e-02
2.730224923773257734e-02
3.348991761965331576e-02
1.318007675812104228e-02
2.487261869962866662e-02
4.411712028065457869e-02
6.247847179965227565e-02
1.751727513488987864e-01
8.801680414751866799e-02
1.077466546874491019e-02
1.153000051480879661e-02
1.977999713425935072e-02
4.473678677387179364e-02
4.878683624121649132e-02
4.617649727227954998e-02
1.119897699783418965e-02
4.437669483868918879e-02
3.030131359072514227e-02
7.844909682914776028e-02
7.984353185689466864e-03
6.758219090548487316e-03
7.621106163555156632e-02
1.245796186203939476e-02
7.392154446944490705e-03
1.883489462954146543e-02
4.220243274646512388e-02
3.051839133763205314e-02
1.930549273211627781e-02
1.754642558789865428e-02
7.267565127522229718e-02
7.531519434206121119e-03
1.274596505714618681e-02
1.325246875028338218e-02
1.136880458541595848e-02
7.428721946995843484e-02
3.596771201104218690e-02
9.106621622065293881e-03
1.844962607237627880e-02
8.581771934450786038e-03
5.176130123206214295e-02
4.993727785787750728e-02
1.011061748075660696e-02
7.376023834762111819e-02
1.323500863739728896e-02
2.640876348223205466e-02
6.462555883310916460e-02
1.122094559105856482e-01
2.176162971049776587e-02
8.877768593990888191e-02
4.248181811624890392e-02
1.970274104241748897e-02
3.644950400956697284e-02
1.057834001548242989e-02
4.561420234466623258e-02
7.110412391630900435e-03
6.011212225579455441e-03
7.062020353038167553e-02
5.347929608295450866e-03
6.369891512402457712e-02
5.600867291202590165e-02
1.828479658747401981e-02
3.846775544747017134e-02
5.043784623649202534e-03
1.134405640873940337e-02
8.827431026877772743e-03
1.717311786858758127e-01
1.350640044552280962e-02
3.543560804126577590e-02
5.903405633558326052e-03
1.385212007969506727e-02
9.004555920090157733e-03
2.323865629301493166e-02
1.344419969710269371e-02
7.556065952311793489e-03
1.135909395944604584e-02
1.189571940594199573e-01
5.988109366328150246e-03
1.346113732344329274e-02
1.024891835240652159e-02
9.859895704132077762e-03
3.702305543570822560e-02
1.106458857708344373e-02
1.477825594145731197e-02
2.849102914824122243e-02
9.721672319484137015e-02
3.218872765189571133e-02
2.559489565321691751e-02
7.507198978305332226e-02
4.309594032962230786e-02
2.036193860646466625e-02
1.068968306054152335e-02
1.350735492853022933e-02
7.322338525977524840e-03
5.202178103696525335e-02
2.079327841992471490e-02
3.954247155129480412e-02
2.101324151751766955e-02
9.206368910415548001e-02
2.819177483265220344e-02
1.429502170123321883e-02
1.141899497882776365e-02
5.153912826242479372e-02
2.124494393354242963e-02
4.258725158633808183e-02
7.630836991127283760e-03
4.449688544298898568e-02
1.324449378236854623e-02
6.470432623481531080e-03
9.520867839154314310e-03
8.642643124487552411e-03
8.471165305929131972e-03
5.515559890888938749e-02
2.202563046842081693e-02
4.435313480125802760e-02
1.773384650223342601e-02
1.379984466686085681e-02
9.814646002718615050e-03
2.118822548213703666e-02
1.120204717950303193e-02
1.461571751162133240e-02
9.283191316328130022e-03
2.002386234858142752e-02
1.306729354887120782e-02
8.582305919122831805e-03
4.297489630354323249e-03
1.718402902037802563e-02
1.316339134262920103e-02
1.262036699575697432e-02
2.496951259497109943e-02
3.369135733608850242e-02
8.338332679487811885e-03
7.301036488216800652e-03
1.215012213211877530e-02
4.420809725906597182e-02
9.445451256330781795e-03
3.153819897277622408e-02
3.261028651101084003e-02
7.423590358487863750e-02
9.836694092695129343e-03
1.247098887993278692e-02
2.207568086328745224e-02
1.196350404334871158e-02
4.949500696609308165e-02
4.742883958929382943e-02
9.101490421938534733e-03
1.859364817204363710e-02
2.355159704993778358e-02
3.260321503705911061e-02
5.440857010753898798e-02
1.276276017176428655e-02
9.016063799785530714e-03
2.146248365848921896e-02
2.919788288843243665e-02
1.047579602347059081e-02
3.881697389740861037e-02
2.408725777535066989e-02
4.393156745547412145e-02
6.970397608959436400e-03
2.246221364106183727e-02
1.205466256703447564e-01
8.601084522580298639e-03
2.000700305974061413e-02
1.053668689772611911e-02
1.752242105673245190e-02
1.046443523016187330e-02
3.473925448793389881e-02
1.847472598178259012e-02
4.734340883348105850e-02
3.567550531322231239e-02
5.198107089130189068e-02
6.477234080181137020e-03
2.745761992643154514e-02
3.634680811100941128e-02
1.248064087416160713e-02
4.638955230259864809e-02
1.057597986912770308e-02
1.374440241492291999e-02
2.246671161953215506e-02
2.346065663923351322e-02
1.162118683809830293e-02
8.682157011358038190e-02
5.815531961208109286e-03
1.322886308175944860e-02
1.695358802189800285e-02
1.888806502641115700e-02
1.414654124103859392e-02
3.646330067488085663e-02
3.875334520794818105e-02
7.633375339450709784e-02
2.184896390318058143e-02
3.568473995290386697e-02
1.022623182158711834e-02
7.927259532975917608e-03
6.275174806693079033e-02
2.136295293055334721e-02
4.255180316205281477e-02
6.493526642724356708e-03
1.837102937776576711e-02
3.799199113130353328e-02
1.589715684336504703e-02
1.309434528588675727e-02
5.440062827031399290e-02
7.828211660338656869e-03
1.787356174185163182e-02
1.325147128961429166e-02
9.319033595293331126e-03
8.396120317742521502e-03
8.147162288063869440e-02
6.977072610483334159e-02
2.866022299827151662e-02
2.756470439705241068e-02
1.363670884226795554e-01
3.156072350920276215e-02
7.576518355002639926e-02
9.522293649672938093e-03
1.041807769948614043e-02
8.760828260739951523e-02
4.144995089263468421e-03
7.503229608158640783e-03
5.082581148984773728e-02
1.551811924875366559e-02
1.711396423860971419e-02
1.429681885542502875e-02
3.209737576342060195e-02
7.805142920520031884e-03
2.589526279064126996e-02
8.977791986552055917e-03
5.576752936831006792e-03
7.480633801284207463e-02
2.167117196599655654e-02
4.305163561182577536e-02
7.955596775101055063e-02
2.811401326375517068e-02
2.145457679202860193e-02
3.196330851298881393e-02
5.770064090789468053e-02
1.208781978727630456e-02
