   1.3490200e+02   1.9998867e-02
   1.4457600e+02   0.0000000e+00
   1.5494500e+02   2.0000155e-02
   1.6605700e+02   1.0000154e-02
   1.7796600e+02   1.9998692e-02
   1.9072800e+02   0.0000000e+00
   2.0440700e+02   1.9999860e-02
   2.1906600e+02   0.0000000e+00
   2.3477600e+02   9.9999826e-03
   2.5161300e+02   2.0000537e-02
   2.6965800e+02   9.9996991e-03
   2.8899600e+02   1.0000254e-02
   3.0972200e+02   4.9998294e-02
   3.3193300e+02   3.0000251e-02
   3.5573800e+02   4.0000265e-02
   3.8125000e+02   2.9999365e-02
   4.0859100e+02   4.0000939e-02
   4.3789400e+02   9.9997829e-03
   4.6929700e+02   2.0000112e-02
   5.0295300e+02   2.0000310e-02
   5.3902300e+02   9.9999593e-03
   5.7767900e+02   2.9999672e-02
   6.1910700e+02   2.0000246e-02
   6.6350700e+02   1.9999753e-02
   7.1109000e+02   0.0000000e+00
   7.6208700e+02   9.9999687e-03
   8.1674000e+02   3.0000095e-02
   8.7531300e+02   2.9999844e-02
   9.3808600e+02   9.9998092e-03
   1.0053600e+03   2.0000035e-02
   1.0774600e+03   9.9999743e-03
   1.1547300e+03   1.9999526e-02
   1.2375400e+03   1.9999812e-02
   1.3262900e+03   2.0000882e-02
   1.4214100e+03   2.0000628e-02
   1.5233500e+03   9.9993271e-03
   1.6325900e+03   3.0002088e-02
   1.7496800e+03   0.0000000e+00
   1.8751500e+03   2.0000404e-02
   2.0096300e+03   0.0000000e+00
   2.1537500e+03   1.0000188e-02
   2.3082100e+03   9.9997501e-03
   2.4737400e+03   1.0000265e-02
   2.6511500e+03   1.0000096e-02
   2.8412800e+03   0.0000000e+00
   3.0450400e+03   0.0000000e+00
   3.2634200e+03   1.9999385e-02
   3.4974500e+03   2.0000708e-02
   3.7482800e+03   9.9996826e-03
   4.0170800e+03   2.0000245e-02
   4.3051700e+03   0.0000000e+00
   4.6139200e+03   1.0000025e-02
   4.9448100e+03   2.0000072e-02
   5.2994300e+03   0.0000000e+00
   5.6794800e+03   9.9998667e-03
   6.0867800e+03   1.0000106e-02
   6.5233000e+03   9.9999800e-03
   6.9911200e+03   2.9999975e-02
   7.4924900e+03   0.0000000e+00
   8.0298100e+03   2.9999945e-02
   8.6056700e+03   0.0000000e+00
   9.2228300e+03   0.0000000e+00
   9.8842500e+03   9.9999596e-03
   1.0593100e+04   0.0000000e+00
   1.1352800e+04   0.0000000e+00
   1.2167000e+04   0.0000000e+00
   1.3039500e+04   1.0000748e-02
   1.3974700e+04   0.0000000e+00
   1.4976800e+04   1.0000279e-02
   1.6050900e+04   0.0000000e+00
   1.7202000e+04   0.0000000e+00
   1.8435700e+04   0.0000000e+00
   1.9757800e+04   0.0000000e+00
   2.1174700e+04   0.0000000e+00
   2.2693300e+04   0.0000000e+00
   2.4320700e+04   0.0000000e+00
   2.6064900e+04   0.0000000e+00
   2.7934100e+04   0.0000000e+00
   2.9937500e+04   0.0000000e+00
   3.2084400e+04   1.0000238e-02
   3.4385400e+04   0.0000000e+00
   3.6851300e+04   0.0000000e+00
   3.9494100e+04   0.0000000e+00
   4.2326500e+04   0.0000000e+00
   4.5361900e+04   0.0000000e+00
   4.8615100e+04   0.0000000e+00
   5.2101500e+04   0.0000000e+00
   5.5838000e+04   0.0000000e+00
   5.9842400e+04   1.0000176e-02
   6.4134100e+04   0.0000000e+00
   6.8733500e+04   0.0000000e+00
   7.3662700e+04   0.0000000e+00
   7.8945500e+04   0.0000000e+00
   8.4607100e+04   0.0000000e+00
   9.0674700e+04   0.0000000e+00
   9.7177400e+04   0.0000000e+00
   1.0414700e+05   0.0000000e+00
   1.1161500e+05   0.0000000e+00
   1.1962000e+05   0.0000000e+00
