   1.7787700e+02   1.0000412e-02
   1.9005000e+02   0.0000000e+00
   2.0305500e+02   1.0000381e-02
   2.1695100e+02   9.9997460e-03
   2.3179700e+02   0.0000000e+00
   2.4766000e+02   1.9998985e-02
   2.6460700e+02   3.0000610e-02
   2.8271500e+02   0.0000000e+00
   3.0206200e+02   2.9998991e-02
   3.2273200e+02   4.0001501e-02
   3.4481800e+02   1.9999521e-02
   3.6841400e+02   3.0000767e-02
   3.9362600e+02   2.9999431e-02
   4.2056200e+02   2.0000085e-02
   4.4934200e+02   9.9998823e-03
   4.8009100e+02   2.0000234e-02
   5.1294500e+02   2.0000102e-02
   5.4804700e+02   3.0000050e-02
   5.8555100e+02   9.9999093e-03
   6.2562100e+02   3.0000353e-02
   6.6843400e+02   9.9999331e-03
   7.1417600e+02   2.9999735e-02
   7.6304800e+02   0.0000000e+00
   8.1526500e+02   0.0000000e+00
   8.7105500e+02   1.9999974e-02
   9.3066300e+02   2.0000261e-02
   9.9435100e+02   3.0001579e-02
   1.0624000e+03   2.9999219e-02
   1.1351000e+03   9.9990805e-03
   1.2127700e+03   0.0000000e+00
   1.2957700e+03   1.9999607e-02
   1.3844400e+03   0.0000000e+00
   1.4791800e+03   4.9998429e-02
   1.5804000e+03   2.9999945e-02
   1.6885500e+03   2.9999784e-02
   1.8041000e+03   2.0000273e-02
   1.9275600e+03   1.0000242e-02
   2.0594700e+03   1.9999517e-02
   2.2004000e+03   0.0000000e+00
   2.3509800e+03   0.0000000e+00
   2.5118600e+03   0.0000000e+00
   2.6837500e+03   2.0000574e-02
   2.8674100e+03   9.9998814e-03
   3.0636300e+03   9.9999905e-03
   3.2732800e+03   2.0000266e-02
   3.4972800e+03   9.9997708e-03
   3.7366000e+03   1.0000256e-02
   3.9923100e+03   0.0000000e+00
   4.2655100e+03   1.0000085e-02
   4.5574100e+03   0.0000000e+00
   4.8692800e+03   0.0000000e+00
   5.2024900e+03   0.0000000e+00
   5.5585100e+03   1.0000000e-02
   5.9388900e+03   1.0000003e-02
   6.3453000e+03   9.9999563e-03
   6.7795200e+03   0.0000000e+00
   7.2434600e+03   0.0000000e+00
   7.7391400e+03   2.9999722e-02
   8.2687400e+03   1.0000041e-02
   8.8345900e+03   0.0000000e+00
   9.4391600e+03   0.0000000e+00
   1.0085100e+04   9.9993420e-03
   1.0775200e+04   2.0000795e-02
   1.1512600e+04   9.9996242e-03
   1.2300400e+04   0.0000000e+00
   1.3142200e+04   9.9994966e-03
   1.4041500e+04   0.0000000e+00
   1.5002400e+04   1.0000530e-02
   1.6029100e+04   0.0000000e+00
   1.7126000e+04   9.9994594e-03
   1.8297900e+04   0.0000000e+00
   1.9550100e+04   0.0000000e+00
   2.0887900e+04   1.0000668e-02
   2.2317400e+04   0.0000000e+00
   2.3844600e+04   9.9998082e-03
   2.5476300e+04   0.0000000e+00
   2.7219700e+04   1.0000017e-02
   2.9082400e+04   1.0000178e-02
   3.1072600e+04   9.9997337e-03
   3.3198900e+04   0.0000000e+00
   3.5470800e+04   0.0000000e+00
   3.7898100e+04   0.0000000e+00
   4.0491600e+04   0.0000000e+00
   4.3262500e+04   0.0000000e+00
   4.6223000e+04   0.0000000e+00
   4.9386200e+04   0.0000000e+00
   5.2765700e+04   0.0000000e+00
   5.6376600e+04   0.0000000e+00
   6.0234600e+04   0.0000000e+00
   6.4356500e+04   0.0000000e+00
   6.8760600e+04   9.9999631e-03
   7.3466000e+04   0.0000000e+00
   7.8493400e+04   0.0000000e+00
   8.3864900e+04   0.0000000e+00
   8.9603900e+04   0.0000000e+00
   9.5735700e+04   0.0000000e+00
   1.0228700e+05   0.0000000e+00
   1.0928700e+05   0.0000000e+00
   1.1676600e+05   9.9994051e-03
