   1.3451200e+02   1.9999003e-02
   1.4672200e+02   0.0000000e+00
   1.6004100e+02   1.9999826e-02
   1.7456900e+02   1.0000027e-02
   1.9041600e+02   1.0000297e-02
   2.0770200e+02   3.0000568e-02
   2.2655700e+02   1.9999797e-02
   2.4712300e+02   1.9999872e-02
   2.6955600e+02   1.9999541e-02
   2.9402500e+02   4.0000200e-02
   3.2071600e+02   3.0000230e-02
   3.4983000e+02   5.0000444e-02
   3.8158700e+02   3.9999385e-02
   4.1622600e+02   1.0000027e-02
   4.5401000e+02   3.0000124e-02
   4.9522400e+02   0.0000000e+00
   5.4017900e+02   1.0000010e-02
   5.8921500e+02   2.9999789e-02
   6.4270200e+02   0.0000000e+00
   7.0104500e+02   2.0000019e-02
   7.6468400e+02   4.9999998e-02
   8.3410000e+02   2.0000153e-02
   9.0981800e+02   9.9999146e-03
   9.9240800e+02   4.0001659e-02
   1.0825000e+03   9.9993306e-03
   1.1807600e+03   2.0000689e-02
   1.2879500e+03   2.0000569e-02
   1.4048700e+03   9.9999971e-03
   1.5324000e+03   1.9998963e-02
   1.6715000e+03   3.0001122e-02
   1.8232400e+03   3.0000177e-02
   1.9887500e+03   1.9999655e-02
   2.1692800e+03   9.9999324e-03
   2.3662000e+03   2.0000243e-02
   2.5810000e+03   0.0000000e+00
   2.8152900e+03   0.0000000e+00
   3.0708600e+03   9.9998460e-03
   3.3496200e+03   1.0000011e-02
   3.6536900e+03   2.0000437e-02
   3.9853700e+03   0.0000000e+00
   4.3471500e+03   9.9999470e-03
   4.7417700e+03   9.9998960e-03
   5.1722100e+03   0.0000000e+00
   5.6417300e+03   0.0000000e+00
   6.1538800e+03   1.9999904e-02
   6.7125100e+03   9.9999397e-03
   7.3218500e+03   1.0000009e-02
   7.9865100e+03   9.9999321e-03
   8.7115000e+03   2.0000059e-02
   9.5023100e+03   9.9999196e-03
   1.0364900e+04   9.9999793e-03
   1.1305800e+04   9.9998977e-03
   1.2332100e+04   1.0000202e-02
   1.3451600e+04   0.0000000e+00
   1.4672700e+04   9.9996388e-03
   1.6004600e+04   1.0000282e-02
   1.7457500e+04   0.0000000e+00
   1.9042200e+04   1.9999902e-02
   2.0770800e+04   1.0000412e-02
   2.2656400e+04   1.0000066e-02
   2.4713100e+04   9.9996219e-03
   2.6956400e+04   2.0000540e-02
   2.9403500e+04   0.0000000e+00
   3.2072600e+04   0.0000000e+00
   3.4984100e+04   0.0000000e+00
   3.8159900e+04   0.0000000e+00
   4.1623900e+04   0.0000000e+00
   4.5402400e+04   0.0000000e+00
   4.9524000e+04   0.0000000e+00
   5.4019600e+04   0.0000000e+00
   5.8923400e+04   0.0000000e+00
   6.4272300e+04   0.0000000e+00
   7.0106700e+04   0.0000000e+00
   7.6470800e+04   0.0000000e+00
   8.3412700e+04   0.0000000e+00
   9.0984600e+04   0.0000000e+00
   9.9244000e+04   0.0000000e+00
   1.0825300e+05   0.0000000e+00
   1.1808000e+05   0.0000000e+00
   1.2879900e+05   0.0000000e+00
   1.4049100e+05   0.0000000e+00
   1.5324400e+05   0.0000000e+00
   1.6715600e+05   0.0000000e+00
   1.8233000e+05   0.0000000e+00
   1.9888100e+05   1.0000074e-02
   2.1693500e+05   0.0000000e+00
   2.3662800e+05   0.0000000e+00
   2.5810800e+05   0.0000000e+00
   2.8153800e+05   0.0000000e+00
   3.0709600e+05   0.0000000e+00
   3.3497300e+05   0.0000000e+00
   3.6538100e+05   0.0000000e+00
   3.9854900e+05   0.0000000e+00
   4.3472800e+05   0.0000000e+00
   4.7419200e+05   0.0000000e+00
   5.1723800e+05   0.0000000e+00
   5.6419100e+05   0.0000000e+00
   6.1540700e+05   0.0000000e+00
   6.7127200e+05   9.9999632e-03
