   1.3624900e+02   1.9998904e-02
   1.4605700e+02   1.0000343e-02
   1.5657200e+02   0.0000000e+00
   1.6784300e+02   0.0000000e+00
   1.7992600e+02   1.0000079e-02
   1.9287900e+02   3.0001397e-02
   2.0676500e+02   0.0000000e+00
   2.2165000e+02   9.9996571e-03
   2.3760600e+02   2.9999604e-02
   2.5471100e+02   1.0000193e-02
   2.7304800e+02   2.0000211e-02
   2.9270500e+02   2.0000194e-02
   3.1377700e+02   2.9998897e-02
   3.3636500e+02   1.0000020e-02
   3.6058000e+02   1.9999886e-02
   3.8653800e+02   1.0000050e-02
   4.1436500e+02   4.9999853e-02
   4.4419500e+02   3.0000353e-02
   4.7617300e+02   1.0000093e-02
   5.1045300e+02   1.9999738e-02
   5.4720000e+02   3.0000054e-02
   5.8659300e+02   1.0000038e-02
   6.2882200e+02   0.0000000e+00
   6.7409100e+02   2.0000087e-02
   7.2261900e+02   2.9999834e-02
   7.7464000e+02   2.9999822e-02
   8.3040600e+02   9.9999863e-03
   8.9018700e+02   0.0000000e+00
   9.5427200e+02   1.9999980e-02
   1.0229700e+03   1.9999004e-02
   1.0966100e+03   7.0004333e-02
   1.1755600e+03   1.0000219e-02
   1.2601900e+03   9.9998842e-03
   1.3509100e+03   0.0000000e+00
   1.4481600e+03   0.0000000e+00
   1.5524100e+03   4.0000692e-02
   1.6641700e+03   9.9997060e-03
   1.7839700e+03   2.0000275e-02
   1.9124000e+03   3.0001298e-02
   2.0500800e+03   9.9996666e-03
   2.1976600e+03   0.0000000e+00
   2.3558700e+03   1.0000057e-02
   2.5254700e+03   1.0000095e-02
   2.7072800e+03   9.9996500e-03
   2.9021700e+03   2.0000242e-02
   3.1111000e+03   1.0000081e-02
   3.3350700e+03   9.9999406e-03
   3.5751600e+03   1.0000165e-02
   3.8325400e+03   0.0000000e+00
   4.1084400e+03   0.0000000e+00
   4.4042100e+03   0.0000000e+00
   4.7212700e+03   1.9999763e-02
   5.0611500e+03   1.9999900e-02
   5.4255000e+03   9.9999416e-03
   5.8160800e+03   2.0000001e-02
   6.2347800e+03   3.0000550e-02
   6.6836300e+03   1.9999818e-02
   7.1647800e+03   0.0000000e+00
   7.6805700e+03   0.0000000e+00
   8.2335000e+03   0.0000000e+00
   8.8262200e+03   0.0000000e+00
   9.4616200e+03   1.0000540e-02
   1.0142800e+04   9.9989385e-03
   1.0872900e+04   0.0000000e+00
   1.1655700e+04   1.0000058e-02
   1.2494800e+04   1.0000011e-02
   1.3394300e+04   0.0000000e+00
   1.4358500e+04   0.0000000e+00
   1.5392200e+04   1.0000148e-02
   1.6500300e+04   0.0000000e+00
   1.7688100e+04   0.0000000e+00
   1.8961500e+04   0.0000000e+00
   2.0326500e+04   0.0000000e+00
   2.1789900e+04   9.9996838e-03
   2.3358500e+04   0.0000000e+00
   2.5040100e+04   0.0000000e+00
   2.6842700e+04   0.0000000e+00
   2.8775100e+04   0.0000000e+00
   3.0846600e+04   0.0000000e+00
   3.3067300e+04   0.0000000e+00
   3.5447800e+04   1.0000054e-02
   3.7999700e+04   0.0000000e+00
   4.0735300e+04   9.9998837e-03
   4.3667800e+04   0.0000000e+00
   4.6811500e+04   0.0000000e+00
   5.0181400e+04   0.0000000e+00
   5.3794000e+04   0.0000000e+00
   5.7666600e+04   0.0000000e+00
   6.1818000e+04   0.0000000e+00
   6.6268300e+04   0.0000000e+00
   7.1038900e+04   0.0000000e+00
   7.6153000e+04   0.0000000e+00
   8.1635300e+04   0.0000000e+00
   8.7512200e+04   0.0000000e+00
   9.3812200e+04   0.0000000e+00
   1.0056600e+05   0.0000000e+00
   1.0780500e+05   0.0000000e+00
   1.1556600e+05   0.0000000e+00
   1.2388600e+05   0.0000000e+00
