   9.3672100e+01   9.9995953e-03
   1.0141700e+02   0.0000000e+00
   1.0980300e+02   1.0000065e-02
   1.1888200e+02   1.0000354e-02
   1.2871200e+02   0.0000000e+00
   1.3935400e+02   1.9999311e-02
   1.5087600e+02   1.0000724e-02
   1.6335200e+02   9.9995588e-03
   1.7685800e+02   9.9997485e-03
   1.9148100e+02   0.0000000e+00
   2.0731400e+02   3.0000728e-02
   2.2445600e+02   2.9998450e-02
   2.4301400e+02   3.0000744e-02
   2.6310800e+02   2.0000111e-02
   2.8486300e+02   3.9998882e-02
   3.0841600e+02   1.0000329e-02
   3.3391800e+02   3.9999091e-02
   3.6152700e+02   3.0000316e-02
   3.9142000e+02   1.9999852e-02
   4.2378400e+02   4.0000703e-02
   4.5882500e+02   2.9999555e-02
   4.9676200e+02   4.9999380e-02
   5.3783600e+02   1.0000105e-02
   5.8230700e+02   2.0000150e-02
   6.3045500e+02   9.9998706e-03
   6.8258300e+02   2.0000063e-02
   7.3902200e+02   1.0000058e-02
   8.0012800e+02   0.0000000e+00
   8.6628600e+02   1.9999970e-02
   9.3791400e+02   9.9994016e-03
   1.0154600e+03   1.0000827e-02
   1.0994300e+03   0.0000000e+00
   1.1903300e+03   9.9998657e-03
   1.2887500e+03   1.0000038e-02
   1.3953100e+03   2.9999892e-02
   1.5106800e+03   1.0000020e-02
   1.6355900e+03   2.0000373e-02
   1.7708300e+03   0.0000000e+00
   1.9172500e+03   2.0000462e-02
   2.0757800e+03   9.9997645e-03
   2.2474100e+03   1.0000237e-02
   2.4332400e+03   9.9999880e-03
   2.6344300e+03   2.9999260e-02
   2.8522500e+03   1.0000158e-02
   3.0880900e+03   1.0000136e-02
   3.3434300e+03   1.0000053e-02
   3.6198800e+03   2.9999438e-02
   3.9191800e+03   0.0000000e+00
   4.2432400e+03   0.0000000e+00
   4.5940900e+03   1.9999558e-02
   4.9739400e+03   0.0000000e+00
   5.3852100e+03   0.0000000e+00
   5.8304800e+03   0.0000000e+00
   6.3125700e+03   9.9999879e-03
   6.8345200e+03   1.0000074e-02
   7.3996300e+03   9.9999331e-03
   8.0114600e+03   9.9999586e-03
   8.6738800e+03   0.0000000e+00
   9.3910800e+03   2.0000670e-02
   1.0167600e+04   0.0000000e+00
   1.1008300e+04   9.9999123e-03
   1.1918500e+04   9.9992480e-03
   1.2903900e+04   1.0000447e-02
   1.3970900e+04   1.0000231e-02
   1.5126100e+04   1.0000097e-02
   1.6376800e+04   0.0000000e+00
   1.7730900e+04   0.0000000e+00
   1.9196900e+04   0.0000000e+00
   2.0784200e+04   0.0000000e+00
   2.2502700e+04   0.0000000e+00
   2.4363400e+04   0.0000000e+00
   2.6377800e+04   9.9998632e-03
   2.8558800e+04   1.0000151e-02
   3.0920200e+04   0.0000000e+00
   3.3476800e+04   1.9999963e-02
   3.6244800e+04   0.0000000e+00
   3.9241700e+04   0.0000000e+00
   4.2486400e+04   0.0000000e+00
   4.5999300e+04   9.9999373e-03
   4.9802700e+04   0.0000000e+00
   5.3920600e+04   0.0000000e+00
   5.8379000e+04   0.0000000e+00
   6.3206100e+04   0.0000000e+00
   6.8432200e+04   0.0000000e+00
   7.4090500e+04   1.0000001e-02
   8.0216600e+04   0.0000000e+00
   8.6849200e+04   0.0000000e+00
   9.4030300e+04   0.0000000e+00
   1.0180500e+05   0.0000000e+00
   1.1022300e+05   0.0000000e+00
   1.1933600e+05   0.0000000e+00
   1.2920400e+05   9.9998969e-03
   1.3988700e+05   0.0000000e+00
   1.5145300e+05   1.0000167e-02
   1.6397600e+05   0.0000000e+00
   1.7753400e+05   0.0000000e+00
   1.9221400e+05   0.0000000e+00
   2.0810700e+05   0.0000000e+00
   2.2531400e+05   1.0000062e-02
