   1.1670800e+02   9.9995219e-03
   1.2762700e+02   0.0000000e+00
   1.3956800e+02   1.0000425e-02
   1.5262700e+02   9.9998413e-03
   1.6690700e+02   9.9997993e-03
   1.8252300e+02   0.0000000e+00
   1.9960100e+02   0.0000000e+00
   2.1827600e+02   0.0000000e+00
   2.3869900e+02   1.9999670e-02
   2.6103200e+02   1.0000022e-02
   2.8545500e+02   0.0000000e+00
   3.1216300e+02   2.9999970e-02
   3.4137000e+02   9.9998134e-03
   3.7330900e+02   3.0000043e-02
   4.0823700e+02   2.0000037e-02
   4.4643300e+02   4.0000330e-02
   4.8820300e+02   2.0000112e-02
   5.3388100e+02   3.9999612e-02
   5.8383200e+02   1.9999961e-02
   6.3845700e+02   0.0000000e+00
   6.9819300e+02   1.9999967e-02
   7.6351800e+02   9.9999656e-03
   8.3495500e+02   0.0000000e+00
   9.1307600e+02   3.0000292e-02
   9.9850700e+02   0.0000000e+00
   1.0919300e+03   3.9998296e-02
   1.1940900e+03   3.0001851e-02
   1.3058200e+03   2.9998477e-02
   1.4279900e+03   3.0000656e-02
   1.5616000e+03   3.0000328e-02
   1.7077100e+03   6.0000586e-02
   1.8674900e+03   1.9999150e-02
   2.0422100e+03   3.0000706e-02
   2.2332900e+03   2.9999578e-02
   2.4422400e+03   1.0000283e-02
   2.6707500e+03   0.0000000e+00
   2.9206300e+03   2.9999576e-02
   3.1938900e+03   9.9999874e-03
   3.4927200e+03   3.0000008e-02
   3.8195100e+03   1.0000142e-02
   4.1768800e+03   0.0000000e+00
   4.5676800e+03   3.0000263e-02
   4.9950500e+03   1.9999916e-02
   5.4624000e+03   0.0000000e+00
   5.9734800e+03   9.9998834e-03
   6.5323700e+03   1.0000046e-02
   7.1435600e+03   1.0000101e-02
   7.8119400e+03   9.9998814e-03
   8.5428400e+03   0.0000000e+00
   9.3421400e+03   9.9997708e-03
   1.0216200e+04   0.0000000e+00
   1.1172100e+04   0.0000000e+00
   1.2217400e+04   0.0000000e+00
   1.3360500e+04   1.9999250e-02
   1.4610500e+04   0.0000000e+00
   1.5977500e+04   0.0000000e+00
   1.7472400e+04   0.0000000e+00
   1.9107200e+04   0.0000000e+00
   2.0894900e+04   0.0000000e+00
   2.2849900e+04   0.0000000e+00
   2.4987800e+04   0.0000000e+00
   2.7325700e+04   0.0000000e+00
   2.9882400e+04   0.0000000e+00
   3.2678300e+04   0.0000000e+00
   3.5735800e+04   0.0000000e+00
   3.9079400e+04   0.0000000e+00
   4.2735700e+04   0.0000000e+00
   4.6734200e+04   4.0000064e-02
   5.1106800e+04   1.9999986e-02
   5.5888500e+04   0.0000000e+00
   6.1117600e+04   1.0000109e-02
   6.6836000e+04   9.9999022e-03
   7.3089300e+04   1.0000075e-02
   7.9927800e+04   0.0000000e+00
   8.7406100e+04   0.0000000e+00
   9.5584100e+04   0.0000000e+00
   1.0452700e+05   3.0000346e-02
   1.1430700e+05   0.0000000e+00
   1.2500200e+05   1.0000372e-02
   1.3669800e+05   0.0000000e+00
   1.4948700e+05   0.0000000e+00
   1.6347400e+05   0.0000000e+00
   1.7876900e+05   0.0000000e+00
   1.9549500e+05   0.0000000e+00
   2.1378600e+05   0.0000000e+00
   2.3378900e+05   0.0000000e+00
   2.5566300e+05   0.0000000e+00
   2.7958300e+05   0.0000000e+00
   3.0574200e+05   0.0000000e+00
   3.3434800e+05   0.0000000e+00
   3.6563100e+05   0.0000000e+00
   3.9984000e+05   1.0000185e-02
   4.3725100e+05   0.0000000e+00
   4.7816100e+05   0.0000000e+00
   5.2289900e+05   0.0000000e+00
   5.7182300e+05   0.0000000e+00
   6.2532500e+05   0.0000000e+00
   6.8383200e+05   0.0000000e+00
   7.4781300e+05   0.0000000e+00
