   1.6302100e+02   1.0000200e-02
   1.7730500e+02   0.0000000e+00
   1.9284000e+02   0.0000000e+00
   2.0973600e+02   1.0000083e-02
   2.2811300e+02   2.9999887e-02
   2.4810000e+02   4.0001282e-02
   2.6983900e+02   1.9999217e-02
   2.9348100e+02   0.0000000e+00
   3.1919600e+02   2.0000308e-02
   3.4716400e+02   3.9999974e-02
   3.7758200e+02   1.9999831e-02
   4.1066500e+02   0.0000000e+00
   4.4664700e+02   2.9999498e-02
   4.8578100e+02   1.0000114e-02
   5.2834500e+02   2.9999993e-02
   5.7463800e+02   1.9999932e-02
   6.2498700e+02   5.0000352e-02
   6.7974800e+02   4.0000182e-02
   7.3930700e+02   2.9999913e-02
   8.0408400e+02   4.0000043e-02
   8.7453700e+02   0.0000000e+00
   9.5116200e+02   1.9999620e-02
   1.0345000e+03   1.9999625e-02
   1.1251400e+03   2.0001249e-02
   1.2237300e+03   9.9998519e-03
   1.3309500e+03   2.0000680e-02
   1.4475700e+03   3.9998758e-02
   1.5744000e+03   4.0000810e-02
   1.7123500e+03   9.9997395e-03
   1.8623800e+03   1.9999994e-02
   2.0255600e+03   5.0000730e-02
   2.2030400e+03   9.9996134e-03
   2.3960600e+03   1.0000464e-02
   2.6060100e+03   0.0000000e+00
   2.8343400e+03   9.9999316e-03
   3.0826800e+03   1.9999933e-02
   3.3527800e+03   1.0000107e-02
   3.6465500e+03   2.0000208e-02
   3.9660600e+03   2.9999884e-02
   4.3135600e+03   3.9999960e-02
   4.6915100e+03   1.9999795e-02
   5.1025700e+03   0.0000000e+00
   5.5496500e+03   1.0000131e-02
   6.0359100e+03   0.0000000e+00
   6.5647700e+03   1.9999759e-02
   7.1399600e+03   1.0000091e-02
   7.7655600e+03   0.0000000e+00
   8.4459700e+03   0.0000000e+00
   9.1859900e+03   0.0000000e+00
   9.9908600e+03   9.9994465e-03
   1.0866200e+04   0.0000000e+00
   1.1818300e+04   9.9999167e-03
   1.2853800e+04   0.0000000e+00
   1.3980100e+04   0.0000000e+00
   1.5205000e+04   9.9996664e-03
   1.6537200e+04   0.0000000e+00
   1.7986200e+04   0.0000000e+00
   1.9562100e+04   0.0000000e+00
   2.1276200e+04   2.0000070e-02
   2.3140400e+04   0.0000000e+00
   2.5167900e+04   0.0000000e+00
   2.7373100e+04   0.0000000e+00
   2.9771500e+04   9.9998413e-03
   3.2380000e+04   0.0000000e+00
   3.5217100e+04   0.0000000e+00
   3.8302800e+04   0.0000000e+00
   4.1658800e+04   0.0000000e+00
   4.5308900e+04   0.0000000e+00
   4.9278800e+04   0.0000000e+00
   5.3596600e+04   1.0000063e-02
   5.8292700e+04   0.0000000e+00
   6.3400200e+04   0.0000000e+00
   6.8955200e+04   0.0000000e+00
   7.4997000e+04   0.0000000e+00
   8.1568200e+04   0.0000000e+00
   8.8715100e+04   1.0000015e-02
   9.6488200e+04   0.0000000e+00
   1.0494200e+05   0.0000000e+00
   1.1413700e+05   0.0000000e+00
   1.2413800e+05   0.0000000e+00
   1.3501500e+05   0.0000000e+00
   1.4684500e+05   0.0000000e+00
   1.5971100e+05   0.0000000e+00
   1.7370500e+05   0.0000000e+00
   1.8892400e+05   0.0000000e+00
   2.0547800e+05   0.0000000e+00
   2.2348100e+05   0.0000000e+00
   2.4306300e+05   0.0000000e+00
   2.6435900e+05   0.0000000e+00
   2.8752200e+05   0.0000000e+00
   3.1271500e+05   0.0000000e+00
   3.4011400e+05   0.0000000e+00
   3.6991500e+05   0.0000000e+00
   4.0232600e+05   0.0000000e+00
   4.3757800e+05   0.0000000e+00
   4.7591800e+05   9.9999206e-03
   5.1761700e+05   0.0000000e+00
   5.6297000e+05   0.0000000e+00
   6.1229700e+05   0.0000000e+00
