   1.3801800e+02   1.0000165e-02
   1.4915300e+02   9.9998923e-03
   1.6118600e+02   1.0000063e-02
   1.7419000e+02   0.0000000e+00
   1.8824300e+02   0.0000000e+00
   2.0342900e+02   2.0001210e-02
   2.1984200e+02   2.0000000e-02
   2.3757800e+02   0.0000000e+00
   2.5674500e+02   9.9998636e-03
   2.7745800e+02   9.9998282e-03
   2.9984200e+02   9.9998799e-03
   3.2403200e+02   1.0000047e-02
   3.5017400e+02   4.0000026e-02
   3.7842500e+02   9.9999794e-03
   4.0895500e+02   1.9999928e-02
   4.4194800e+02   1.0000015e-02
   4.7760300e+02   0.0000000e+00
   5.1613500e+02   1.9999983e-02
   5.5777500e+02   1.9999806e-02
   6.0277400e+02   2.0000060e-02
   6.5140400e+02   1.9999990e-02
   7.0395700e+02   3.0000050e-02
   7.6075000e+02   1.0000013e-02
   8.2212500e+02   9.9999710e-03
   8.8845100e+02   1.9999962e-02
   9.6012800e+02   2.0000533e-02
   1.0375900e+03   3.0000325e-02
   1.1213000e+03   1.9999440e-02
   1.2117600e+03   2.9999807e-02
   1.3095200e+03   1.0000216e-02
   1.4151700e+03   1.9999844e-02
   1.5293400e+03   0.0000000e+00
   1.6527200e+03   1.0000300e-02
   1.7860600e+03   0.0000000e+00
   1.9301500e+03   2.0000210e-02
   2.0858700e+03   2.9999780e-02
   2.2541500e+03   0.0000000e+00
   2.4360100e+03   2.0000072e-02
   2.6325400e+03   9.9998061e-03
   2.8449200e+03   3.0000100e-02
   3.0744400e+03   9.9997759e-03
   3.3224700e+03   3.0000424e-02
   3.5905200e+03   2.9999963e-02
   3.8801900e+03   1.9999969e-02
   4.1932300e+03   1.0000114e-02
   4.5315300e+03   1.9999529e-02
   4.8971100e+03   1.0000202e-02
   5.2922000e+03   1.9999704e-02
   5.7191500e+03   4.0000694e-02
   6.1805600e+03   1.9999748e-02
   6.6791800e+03   0.0000000e+00
   7.2180400e+03   1.9999780e-02
   7.8003600e+03   0.0000000e+00
   8.4296700e+03   3.0000097e-02
   9.1097500e+03   0.0000000e+00
   9.8446900e+03   1.9999320e-02
   1.0638900e+04   9.9998816e-03
   1.1497200e+04   1.0000456e-02
   1.2424800e+04   0.0000000e+00
   1.3427200e+04   0.0000000e+00
   1.4510500e+04   0.0000000e+00
   1.5681100e+04   0.0000000e+00
   1.6946200e+04   0.0000000e+00
   1.8313400e+04   0.0000000e+00
   1.9790800e+04   2.0000584e-02
   2.1387500e+04   2.0000271e-02
   2.3113000e+04   9.9995888e-03
   2.4977600e+04   0.0000000e+00
   2.6992700e+04   1.0000064e-02
   2.9170400e+04   0.0000000e+00
   3.1523800e+04   9.9998624e-03
   3.4067000e+04   0.0000000e+00
   3.6815500e+04   0.0000000e+00
   3.9785600e+04   0.0000000e+00
   4.2995400e+04   0.0000000e+00
   4.6464100e+04   0.0000000e+00
   5.0212700e+04   0.0000000e+00
   5.4263700e+04   0.0000000e+00
   5.8641500e+04   0.0000000e+00
   6.3372500e+04   0.0000000e+00
   6.8485100e+04   0.0000000e+00
   7.4010300e+04   0.0000000e+00
   7.9981200e+04   0.0000000e+00
   8.6433800e+04   0.0000000e+00
   9.3407000e+04   0.0000000e+00
   1.0094300e+05   0.0000000e+00
   1.0908600e+05   0.0000000e+00
   1.1788700e+05   0.0000000e+00
   1.2739800e+05   1.9999960e-02
   1.3767600e+05   0.0000000e+00
   1.4878300e+05   1.0000556e-02
   1.6078700e+05   0.0000000e+00
   1.7375800e+05   0.0000000e+00
   1.8777700e+05   0.0000000e+00
   2.0292600e+05   0.0000000e+00
   2.1929700e+05   0.0000000e+00
   2.3698900e+05   0.0000000e+00
   2.5610900e+05   0.0000000e+00
   2.7677100e+05   1.0000043e-02
