   1.4903500e+02   1.0000098e-02
   1.6085500e+02   2.0001099e-02
   1.7361300e+02   2.9999897e-02
   1.8738200e+02   1.9999934e-02
   2.0224300e+02   0.0000000e+00
   2.1828300e+02   9.9995260e-03
   2.3559400e+02   4.0000474e-02
   2.5427900e+02   2.0000340e-02
   2.7444600e+02   9.9999751e-03
   2.9621200e+02   9.9998631e-03
   3.1970400e+02   2.0000407e-02
   3.4506000e+02   2.9999704e-02
   3.7242600e+02   0.0000000e+00
   4.0196300e+02   3.9999538e-02
   4.3384200e+02   1.0000100e-02
   4.6825000e+02   1.9999741e-02
   5.0538600e+02   0.0000000e+00
   5.4546800e+02   3.0000249e-02
   5.8872900e+02   2.9999621e-02
   6.3542000e+02   0.0000000e+00
   6.8581500e+02   1.9999843e-02
   7.4020600e+02   1.0000156e-02
   7.9891200e+02   1.0000013e-02
   8.6227300e+02   0.0000000e+00
   9.3065900e+02   2.0000345e-02
   1.0044700e+03   1.9999121e-02
   1.0841300e+03   9.9998179e-03
   1.1701100e+03   9.9999424e-03
   1.2629100e+03   1.0000933e-02
   1.3630800e+03   1.9999149e-02
   1.4711800e+03   2.0000352e-02
   1.5878600e+03   9.9998746e-03
   1.7137900e+03   1.0000056e-02
   1.8497100e+03   2.0000198e-02
   1.9964100e+03   9.9997903e-03
   2.1547400e+03   2.9999910e-02
   2.3256300e+03   1.0000326e-02
   2.5100800e+03   2.9999650e-02
   2.7091500e+03   3.0000042e-02
   2.9240100e+03   2.9999975e-02
   3.1559100e+03   9.9999115e-03
   3.4062000e+03   0.0000000e+00
   3.6763400e+03   1.0000064e-02
   3.9679100e+03   9.9999356e-03
   4.2826000e+03   0.0000000e+00
   4.6222500e+03   0.0000000e+00
   4.9888400e+03   1.9999980e-02
   5.3845000e+03   1.9999991e-02
   5.8115400e+03   1.0000042e-02
   6.2724500e+03   0.0000000e+00
   6.7699100e+03   0.0000000e+00
   7.3068300e+03   0.0000000e+00
   7.8863300e+03   1.9999764e-02
   8.5117800e+03   0.0000000e+00
   9.1868500e+03   0.0000000e+00
   9.9154500e+03   0.0000000e+00
   1.0701800e+04   2.0001123e-02
   1.1550600e+04   0.0000000e+00
   1.2466700e+04   0.0000000e+00
   1.3455400e+04   0.0000000e+00
   1.4522500e+04   1.0000273e-02
   1.5674300e+04   0.0000000e+00
   1.6917400e+04   9.9999719e-03
   1.8259100e+04   9.9999125e-03
   1.9707200e+04   1.0000246e-02
   2.1270200e+04   0.0000000e+00
   2.2957100e+04   0.0000000e+00
   2.4777800e+04   2.9999806e-02
   2.6742900e+04   0.0000000e+00
   2.8863900e+04   1.9999409e-02
   3.1153000e+04   0.0000000e+00
   3.3623800e+04   1.9999473e-02
   3.6290400e+04   0.0000000e+00
   3.9168600e+04   0.0000000e+00
   4.2275000e+04   9.9999942e-03
   4.5627800e+04   9.9999880e-03
   4.9246500e+04   0.0000000e+00
   5.3152200e+04   0.0000000e+00
   5.7367700e+04   1.0000051e-02
   6.1917500e+04   9.9999458e-03
   6.6828100e+04   0.0000000e+00
   7.2128200e+04   0.0000000e+00
   7.7848600e+04   0.0000000e+00
   8.4022700e+04   0.0000000e+00
   9.0686500e+04   0.0000000e+00
   9.7878700e+04   0.0000000e+00
   1.0564100e+05   0.0000000e+00
   1.1402000e+05   1.0000202e-02
   1.2306300e+05   0.0000000e+00
   1.3282300e+05   0.0000000e+00
   1.4335700e+05   9.9995698e-03
   1.5472600e+05   9.9998342e-03
   1.6699700e+05   1.0000439e-02
   1.8024200e+05   0.0000000e+00
   1.9453700e+05   0.0000000e+00
   2.0996500e+05   0.0000000e+00
   2.2661700e+05   0.0000000e+00
   2.4459000e+05   0.0000000e+00
   2.6398800e+05   0.0000000e+00
