   1.6766800e+02   9.9999060e-03
   1.8166800e+02   0.0000000e+00
   1.9683700e+02   1.0000155e-02
   2.1327300e+02   0.0000000e+00
   2.3108100e+02   9.9999618e-03
   2.5037600e+02   9.9999043e-03
   2.7128200e+02   1.0000065e-02
   2.9393400e+02   1.9999796e-02
   3.1847700e+02   1.0000138e-02
   3.4507000e+02   4.9999775e-02
   3.7388300e+02   3.0000054e-02
   4.0510200e+02   9.9997862e-03
   4.3892700e+02   1.0000225e-02
   4.7557800e+02   3.9999486e-02
   5.1528800e+02   4.9999654e-02
   5.5831400e+02   1.0000055e-02
   6.0493300e+02   3.9999661e-02
   6.5544400e+02   9.9999734e-03
   7.1017300e+02   3.0000016e-02
   7.6947200e+02   1.0000090e-02
   8.3372300e+02   2.9999888e-02
   9.0333800e+02   0.0000000e+00
   9.7876600e+02   1.9999416e-02
   1.0604900e+03   0.0000000e+00
   1.1490400e+03   2.0001161e-02
   1.2449900e+03   3.9997881e-02
   1.3489400e+03   1.0000382e-02
   1.4615800e+03   2.9999873e-02
   1.5836200e+03   9.9999202e-03
   1.7158500e+03   4.9999224e-02
   1.8591200e+03   2.0000656e-02
   2.0143600e+03   1.9999137e-02
   2.1825500e+03   0.0000000e+00
   2.3648000e+03   3.0000098e-02
   2.5622600e+03   1.9999389e-02
   2.7762000e+03   2.9999923e-02
   3.0080100e+03   1.0000133e-02
   3.2591800e+03   2.0000058e-02
   3.5313200e+03   9.9999115e-03
   3.8261800e+03   9.9998837e-03
   4.1456600e+03   2.9999991e-02
   4.4918200e+03   2.0000308e-02
   4.8668900e+03   0.0000000e+00
   5.2732700e+03   1.9999805e-02
   5.7135800e+03   0.0000000e+00
   6.1906600e+03   1.0000076e-02
   6.7075800e+03   0.0000000e+00
   7.2676600e+03   9.9999343e-03
   7.8745000e+03   3.0000205e-02
   8.5320200e+03   1.0000026e-02
   9.2444400e+03   0.0000000e+00
   1.0016300e+04   0.0000000e+00
   1.0852700e+04   0.0000000e+00
   1.1758900e+04   0.0000000e+00
   1.2740700e+04   0.0000000e+00
   1.3804600e+04   1.0000237e-02
   1.4957300e+04   0.0000000e+00
   1.6206200e+04   0.0000000e+00
   1.7559400e+04   1.0000026e-02
   1.9025600e+04   0.0000000e+00
   2.0614200e+04   0.0000000e+00
   2.2335500e+04   1.0000018e-02
   2.4200500e+04   0.0000000e+00
   2.6221200e+04   0.0000000e+00
   2.8410600e+04   0.0000000e+00
   3.0782900e+04   0.0000000e+00
   3.3353300e+04   0.0000000e+00
   3.6138200e+04   0.0000000e+00
   3.9155800e+04   9.9997541e-03
   4.2425200e+04   0.0000000e+00
   4.5967700e+04   0.0000000e+00
   4.9806000e+04   0.0000000e+00
   5.3964700e+04   0.0000000e+00
   5.8470800e+04   9.9998685e-03
   6.3353000e+04   0.0000000e+00
   6.8643000e+04   9.9999225e-03
   7.4374600e+04   0.0000000e+00
   8.0584800e+04   0.0000000e+00
   8.7313600e+04   1.0000006e-02
   9.4604200e+04   0.0000000e+00
   1.0250400e+05   0.0000000e+00
   1.1106300e+05   0.0000000e+00
   1.2033600e+05   1.0000011e-02
   1.3038400e+05   1.0000014e-02
   1.4127100e+05   0.0000000e+00
   1.5306700e+05   0.0000000e+00
   1.6584800e+05   0.0000000e+00
   1.7969600e+05   0.0000000e+00
   1.9470100e+05   0.0000000e+00
   2.1095800e+05   0.0000000e+00
   2.2857300e+05   0.0000000e+00
   2.4765900e+05   0.0000000e+00
   2.6833800e+05   0.0000000e+00
   2.9074400e+05   0.0000000e+00
   3.1502100e+05   0.0000000e+00
   3.4132500e+05   1.0000203e-02
   3.6982600e+05   9.9999322e-03
   4.0070600e+05   0.0000000e+00
   4.3416500e+05   9.9998967e-03
