   1.0948700e+02   9.9995837e-03
   1.2126900e+02   1.0000407e-02
   1.3432000e+02   0.0000000e+00
   1.4877500e+02   9.9997019e-03
   1.6478500e+02   0.0000000e+00
   1.8251800e+02   1.0000076e-02
   2.0216000e+02   3.0000436e-02
   2.2391600e+02   0.0000000e+00
   2.4801300e+02   1.9999938e-02
   2.7470300e+02   1.9999757e-02
   3.0426500e+02   2.0000166e-02
   3.3700900e+02   1.0000139e-02
   3.7327700e+02   2.9999679e-02
   4.1344700e+02   2.9999717e-02
   4.5794000e+02   2.0000163e-02
   5.0722200e+02   6.9999804e-02
   5.6180700e+02   2.9999877e-02
   6.2226600e+02   3.0000165e-02
   6.8923200e+02   1.9999961e-02
   7.6340400e+02   2.9999848e-02
   8.4555800e+02   3.0000198e-02
   9.3655400e+02   2.9999457e-02
   1.0373400e+03   4.0002063e-02
   1.1489800e+03   9.9993603e-03
   1.2726200e+03   6.0002450e-02
   1.4095800e+03   1.9999568e-02
   1.5612700e+03   1.0000164e-02
   1.7292900e+03   2.0000167e-02
   1.9153900e+03   9.9997263e-03
   2.1215100e+03   4.0000369e-02
   2.3498200e+03   5.0000445e-02
   2.6027000e+03   1.9999910e-02
   2.8827900e+03   2.9999644e-02
   3.1930200e+03   2.0000024e-02
   3.5366400e+03   1.0000037e-02
   3.9172400e+03   3.0000233e-02
   4.3388000e+03   9.9999323e-03
   4.8057200e+03   9.9999474e-03
   5.3228900e+03   0.0000000e+00
   5.8957200e+03   0.0000000e+00
   6.5301900e+03   1.0000134e-02
   7.2329500e+03   1.9999750e-02
   8.0113200e+03   1.0000078e-02
   8.8734700e+03   9.9999222e-03
   9.8283900e+03   3.0000569e-02
   1.0886100e+04   9.9998771e-03
   1.2057600e+04   0.0000000e+00
   1.3355200e+04   1.9999644e-02
   1.4792400e+04   1.0000029e-02
   1.6384300e+04   0.0000000e+00
   1.8147500e+04   0.0000000e+00
   2.0100500e+04   0.0000000e+00
   2.2263600e+04   0.0000000e+00
   2.4659500e+04   0.0000000e+00
   2.7313300e+04   9.9998807e-03
   3.0252600e+04   0.0000000e+00
   3.3508300e+04   0.0000000e+00
   3.7114300e+04   0.0000000e+00
   4.1108400e+04   0.0000000e+00
   4.5532300e+04   0.0000000e+00
   5.0432300e+04   0.0000000e+00
   5.5859600e+04   0.0000000e+00
   6.1870900e+04   0.0000000e+00
   6.8529200e+04   0.0000000e+00
   7.5904000e+04   0.0000000e+00
   8.4072500e+04   0.0000000e+00
   9.3120000e+04   0.0000000e+00
   1.0314100e+05   1.0000345e-02
   1.1424100e+05   0.0000000e+00
   1.2653500e+05   0.0000000e+00
   1.4015200e+05   0.0000000e+00
   1.5523500e+05   0.0000000e+00
   1.7194000e+05   0.0000000e+00
   1.9044400e+05   0.0000000e+00
   2.1093900e+05   0.0000000e+00
   2.3363900e+05   0.0000000e+00
   2.5878200e+05   0.0000000e+00
   2.8663100e+05   0.0000000e+00
   3.1747700e+05   0.0000000e+00
   3.5164300e+05   0.0000000e+00
   3.8948500e+05   0.0000000e+00
   4.3140000e+05   0.0000000e+00
   4.7782500e+05   0.0000000e+00
   5.2924700e+05   0.0000000e+00
   5.8620200e+05   0.0000000e+00
   6.4928700e+05   0.0000000e+00
   7.1916000e+05   0.0000000e+00
   7.9655300e+05   0.0000000e+00
   8.8227500e+05   0.0000000e+00
   9.7722100e+05   0.0000000e+00
   1.0823900e+06   0.0000000e+00
   1.1988700e+06   0.0000000e+00
   1.3278800e+06   0.0000000e+00
   1.4707900e+06   0.0000000e+00
   1.6290700e+06   0.0000000e+00
   1.8043800e+06   0.0000000e+00
   1.9985600e+06   0.0000000e+00
   2.2136300e+06   0.0000000e+00
   2.4518600e+06   0.0000000e+00
