   1.3409600e+02   1.9998922e-02
   1.4383300e+02   0.0000000e+00
   1.5427800e+02   1.9999820e-02
   1.6548100e+02   2.9998425e-02
   1.7749700e+02   0.0000000e+00
   1.9038700e+02   2.9999559e-02
   2.0421200e+02   2.9999660e-02
   2.1904100e+02   2.9999988e-02
   2.3494700e+02   9.9999810e-03
   2.5200800e+02   1.0000035e-02
   2.7030800e+02   3.0000375e-02
   2.8993700e+02   3.9999652e-02
   3.1099100e+02   5.9999869e-02
   3.3357400e+02   2.0000035e-02
   3.5779700e+02   2.0000034e-02
   3.8377900e+02   2.0000244e-02
   4.1164800e+02   1.9999751e-02
   4.4154000e+02   9.9999688e-03
   4.7360300e+02   1.9999777e-02
   5.0799400e+02   2.0000146e-02
   5.4488300e+02   1.0000139e-02
   5.8445100e+02   0.0000000e+00
   6.2689100e+02   3.0000249e-02
   6.7241400e+02   2.9999826e-02
   7.2124200e+02   2.9999984e-02
   7.7361600e+02   3.0000400e-02
   8.2979400e+02   9.9999050e-03
   8.9005000e+02   4.0000459e-02
   9.5468300e+02   2.0000354e-02
   1.0240100e+03   2.0000014e-02
   1.0983700e+03   1.0000070e-02
   1.1781300e+03   1.9999622e-02
   1.2636800e+03   9.9995460e-03
   1.3554400e+03   4.0001066e-02
   1.4538700e+03   3.0001402e-02
   1.5594500e+03   9.9998734e-03
   1.6726900e+03   9.9996196e-03
   1.7941500e+03   1.0000396e-02
   1.9244400e+03   9.9995848e-03
   2.0641800e+03   0.0000000e+00
   2.2140800e+03   9.9994760e-03
   2.3748500e+03   1.0000386e-02
   2.5473100e+03   9.9996447e-03
   2.7322800e+03   0.0000000e+00
   2.9306900e+03   0.0000000e+00
   3.1435100e+03   0.0000000e+00
   3.3717800e+03   1.0000139e-02
   3.6166300e+03   0.0000000e+00
   3.8792500e+03   1.0000096e-02
   4.1609500e+03   0.0000000e+00
   4.4631000e+03   1.0000170e-02
   4.7872000e+03   1.0000029e-02
   5.1348300e+03   9.9999260e-03
   5.5077000e+03   0.0000000e+00
   5.9076500e+03   2.9999828e-02
   6.3366400e+03   0.0000000e+00
   6.7967900e+03   2.0000038e-02
   7.2903500e+03   9.9999954e-03
   7.8197500e+03   0.0000000e+00
   8.3875900e+03   0.0000000e+00
   8.9966600e+03   0.0000000e+00
   9.6499700e+03   0.0000000e+00
   1.0350700e+04   9.9995870e-03
   1.1102300e+04   1.0001103e-02
   1.1908600e+04   0.0000000e+00
   1.2773300e+04   0.0000000e+00
   1.3700900e+04   0.0000000e+00
   1.4695800e+04   0.0000000e+00
   1.5762900e+04   0.0000000e+00
   1.6907600e+04   0.0000000e+00
   1.8135400e+04   0.0000000e+00
   1.9452300e+04   0.0000000e+00
   2.0864800e+04   0.0000000e+00
   2.2380000e+04   9.9996628e-03
   2.4005100e+04   0.0000000e+00
   2.5748300e+04   0.0000000e+00
   2.7618000e+04   0.0000000e+00
   2.9623600e+04   0.0000000e+00
   3.1774700e+04   0.0000000e+00
   3.4082100e+04   9.9999324e-03
   3.6557000e+04   0.0000000e+00
   3.9211600e+04   0.0000000e+00
   4.2059100e+04   0.0000000e+00
   4.5113200e+04   0.0000000e+00
   4.8389200e+04   0.0000000e+00
   5.1903000e+04   0.0000000e+00
   5.5672100e+04   0.0000000e+00
   5.9714800e+04   0.0000000e+00
   6.4051000e+04   0.0000000e+00
   6.8702200e+04   0.0000000e+00
   7.3691100e+04   0.0000000e+00
   7.9042300e+04   0.0000000e+00
   8.4782100e+04   0.0000000e+00
   9.0938600e+04   0.0000000e+00
   9.7542300e+04   0.0000000e+00
   1.0462500e+05   0.0000000e+00
   1.1222300e+05   0.0000000e+00
   1.2037200e+05   0.0000000e+00
   1.2911300e+05   1.0000254e-02
