   1.7974100e+02   4.0000564e-02
   1.9274500e+02   1.0000280e-02
   2.0669000e+02   0.0000000e+00
   2.2164300e+02   1.9999654e-02
   2.3767800e+02   1.0000334e-02
   2.5487400e+02   1.9999493e-02
   2.7331300e+02   1.0000246e-02
   2.9308700e+02   0.0000000e+00
   3.1429100e+02   4.9999725e-02
   3.3702900e+02   5.9999492e-02
   3.6141200e+02   0.0000000e+00
   3.8755900e+02   0.0000000e+00
   4.1559800e+02   6.0000995e-02
   4.4566600e+02   1.0000070e-02
   4.7790900e+02   3.9999472e-02
   5.1248400e+02   0.0000000e+00
   5.4956100e+02   0.0000000e+00
   5.8932000e+02   1.0000018e-02
   6.3195600e+02   2.0000240e-02
   6.7767700e+02   1.9999943e-02
   7.2670500e+02   2.9999873e-02
   7.7928000e+02   2.9999999e-02
   8.3565900e+02   4.0000101e-02
   8.9611700e+02   1.0000012e-02
   9.6094900e+02   1.9999662e-02
   1.0304700e+03   9.9997642e-03
   1.1050200e+03   1.0000546e-02
   1.1849700e+03   2.0000123e-02
   1.2707000e+03   9.9997777e-03
   1.3626300e+03   9.9997580e-03
   1.4612100e+03   2.0000955e-02
   1.5669300e+03   0.0000000e+00
   1.6802900e+03   1.0000433e-02
   1.8018600e+03   0.0000000e+00
   1.9322200e+03   9.9999336e-03
   2.0720100e+03   1.9999358e-02
   2.2219100e+03   0.0000000e+00
   2.3826600e+03   1.0000040e-02
   2.5550400e+03   1.9999846e-02
   2.7398900e+03   1.9999605e-02
   2.9381100e+03   2.0000456e-02
   3.1506800e+03   2.9999411e-02
   3.3786200e+03   0.0000000e+00
   3.6230600e+03   0.0000000e+00
   3.8851800e+03   9.9998988e-03
   4.1662600e+03   1.0000061e-02
   4.4676800e+03   9.9998450e-03
   4.7909000e+03   2.0000021e-02
   5.1375100e+03   2.0000193e-02
   5.5092000e+03   1.0000093e-02
   5.9077800e+03   9.9999408e-03
   6.3351900e+03   9.9998898e-03
   6.7935200e+03   1.0000108e-02
   7.2850200e+03   1.9999914e-02
   7.8120700e+03   0.0000000e+00
   8.3772500e+03   0.0000000e+00
   8.9833300e+03   0.0000000e+00
   9.6332500e+03   1.0000117e-02
   1.0330200e+04   1.0000511e-02
   1.1077600e+04   0.0000000e+00
   1.1879000e+04   0.0000000e+00
   1.2738400e+04   0.0000000e+00
   1.3660000e+04   0.0000000e+00
   1.4648300e+04   9.9993928e-03
   1.5708000e+04   1.0000564e-02
   1.6844500e+04   0.0000000e+00
   1.8063100e+04   9.9998427e-03
   1.9369900e+04   2.0000501e-02
   2.0771300e+04   9.9996570e-03
   2.2274000e+04   1.0000179e-02
   2.3885500e+04   0.0000000e+00
   2.5613600e+04   0.0000000e+00
   2.7466700e+04   9.9997827e-03
   2.9453800e+04   0.0000000e+00
   3.1584700e+04   0.0000000e+00
   3.3869800e+04   0.0000000e+00
   3.6320200e+04   0.0000000e+00
   3.8947800e+04   0.0000000e+00
   4.1765600e+04   0.0000000e+00
   4.4787300e+04   9.9998728e-03
   4.8027500e+04   0.0000000e+00
   5.1502200e+04   0.0000000e+00
   5.5228200e+04   0.0000000e+00
   5.9223800e+04   2.0000037e-02
   6.3508500e+04   0.0000000e+00
   6.8103200e+04   0.0000000e+00
   7.3030300e+04   0.0000000e+00
   7.8313900e+04   0.0000000e+00
   8.3979700e+04   0.0000000e+00
   9.0055400e+04   0.0000000e+00
   9.6570700e+04   0.0000000e+00
   1.0355700e+05   0.0000000e+00
   1.1104900e+05   0.0000000e+00
   1.1908400e+05   0.0000000e+00
   1.2769900e+05   0.0000000e+00
   1.3693800e+05   0.0000000e+00
   1.4684500e+05   0.0000000e+00
   1.5746900e+05   0.0000000e+00
   1.6886100e+05   0.0000000e+00
