   1.8759300e+02   9.9996876e-03
   2.0329800e+02   1.0000365e-02
   2.2031900e+02   0.0000000e+00
   2.3876400e+02   9.9996971e-03
   2.5875300e+02   3.0001174e-02
   2.8041700e+02   0.0000000e+00
   3.0389400e+02   0.0000000e+00
   3.2933600e+02   0.0000000e+00
   3.5690800e+02   1.0000065e-02
   3.8678900e+02   2.0000324e-02
   4.1917200e+02   1.9999676e-02
   4.5426500e+02   0.0000000e+00
   4.9229700e+02   2.0000146e-02
   5.3351300e+02   0.0000000e+00
   5.7817900e+02   2.0000052e-02
   6.2658500e+02   6.9999431e-02
   6.7904300e+02   4.0000420e-02
   7.3589400e+02   0.0000000e+00
   7.9750400e+02   9.9999769e-03
   8.6427200e+02   3.0000061e-02
   9.3663000e+02   4.0002120e-02
   1.0150500e+03   9.9998515e-03
   1.1000300e+03   4.9996950e-02
   1.1921200e+03   1.0000363e-02
   1.2919300e+03   4.9999123e-02
   1.4000900e+03   2.0000428e-02
   1.5173100e+03   0.0000000e+00
   1.6443400e+03   9.9995536e-03
   1.7820000e+03   3.0001733e-02
   1.9312000e+03   9.9998595e-03
   2.0928800e+03   2.0000136e-02
   2.2681000e+03   0.0000000e+00
   2.4579800e+03   2.0000421e-02
   2.6637700e+03   3.9999297e-02
   2.8867800e+03   6.0001234e-02
   3.1284700e+03   3.0000055e-02
   3.3903900e+03   4.0000426e-02
   3.6742400e+03   9.9999397e-03
   3.9818500e+03   9.9998333e-03
   4.3152100e+03   1.0000122e-02
   4.6764900e+03   9.9999689e-03
   5.0680100e+03   9.9999873e-03
   5.4923100e+03   0.0000000e+00
   5.9521400e+03   0.0000000e+00
   6.4504600e+03   0.0000000e+00
   6.9905000e+03   9.9999326e-03
   7.5757500e+03   0.0000000e+00
   8.2100000e+03   0.0000000e+00
   8.8973500e+03   3.0000103e-02
   9.6422500e+03   9.9998901e-03
   1.0449500e+04   1.0000632e-02
   1.1324400e+04   0.0000000e+00
   1.2272400e+04   0.0000000e+00
   1.3299900e+04   3.0000362e-02
   1.4413400e+04   0.0000000e+00
   1.5620100e+04   0.0000000e+00
   1.6927800e+04   1.0000554e-02
   1.8345100e+04   9.9995324e-03
   1.9880900e+04   0.0000000e+00
   2.1545400e+04   0.0000000e+00
   2.3349200e+04   1.9999754e-02
   2.5304000e+04   0.0000000e+00
   2.7422500e+04   1.0000229e-02
   2.9718400e+04   0.0000000e+00
   3.2206400e+04   0.0000000e+00
   3.4902800e+04   0.0000000e+00
   3.7824900e+04   0.0000000e+00
   4.0991600e+04   0.0000000e+00
   4.4423500e+04   0.0000000e+00
   4.8142700e+04   0.0000000e+00
   5.2173300e+04   1.9999936e-02
   5.6541300e+04   0.0000000e+00
   6.1275000e+04   0.0000000e+00
   6.6405000e+04   0.0000000e+00
   7.1964500e+04   0.0000000e+00
   7.7989500e+04   1.0000037e-02
   8.4518900e+04   0.0000000e+00
   9.1594900e+04   0.0000000e+00
   9.9263400e+04   1.0000145e-02
   1.0757400e+05   0.0000000e+00
   1.1658000e+05   0.0000000e+00
   1.2634000e+05   0.0000000e+00
   1.3691800e+05   0.0000000e+00
   1.4838100e+05   0.0000000e+00
   1.6080300e+05   0.0000000e+00
   1.7426600e+05   0.0000000e+00
   1.8885600e+05   9.9998567e-03
   2.0466700e+05   0.0000000e+00
   2.2180200e+05   9.9997222e-03
   2.4037100e+05   0.0000000e+00
   2.6049500e+05   0.0000000e+00
   2.8230400e+05   0.0000000e+00
   3.0593900e+05   0.0000000e+00
   3.3155300e+05   0.0000000e+00
   3.5931100e+05   0.0000000e+00
   3.8939300e+05   0.0000000e+00
   4.2199400e+05   0.0000000e+00
   4.5732300e+05   0.0000000e+00
   4.9561100e+05   0.0000000e+00
