   1.6435900e+02   2.0000246e-02
   1.8883000e+02   9.9999811e-03
   2.1694400e+02   0.0000000e+00
   2.4924400e+02   2.9999369e-02
   2.8635200e+02   1.0000061e-02
   3.2898600e+02   0.0000000e+00
   3.7796700e+02   1.0000002e-02
   4.3424100e+02   4.9999853e-02
   4.9889300e+02   2.0000020e-02
   5.7317100e+02   2.0000006e-02
   6.5850800e+02   3.0000178e-02
   7.5655100e+02   1.9999956e-02
   8.6919000e+02   2.0000057e-02
   9.9860000e+02   5.0000935e-02
   1.1472800e+03   0.0000000e+00
   1.3180900e+03   9.9997624e-03
   1.5143300e+03   3.0001038e-02
   1.7398000e+03   2.9999818e-02
   1.9988300e+03   9.9997680e-03
   2.2964200e+03   3.0000483e-02
   2.6383300e+03   1.0000039e-02
   3.0311400e+03   2.9999819e-02
   3.4824300e+03   1.9999848e-02
   4.0009100e+03   1.0000038e-02
   4.5965900e+03   3.0000180e-02
   5.2809600e+03   0.0000000e+00
   6.0672200e+03   2.9999980e-02
   6.9705400e+03   1.9999948e-02
   8.0083500e+03   3.0000096e-02
   9.2006800e+03   3.9999155e-02
   1.0570500e+04   3.0000090e-02
   1.2144300e+04   2.9999814e-02
   1.3952400e+04   3.0001188e-02
   1.6029800e+04   3.9999893e-02
   1.8416400e+04   1.9999775e-02
   2.1158300e+04   1.0000121e-02
   2.4308500e+04   2.9999371e-02
   2.7927600e+04   1.0000189e-02
   3.2085700e+04   0.0000000e+00
   3.6862700e+04   0.0000000e+00
   4.2351100e+04   1.9999783e-02
   4.8656500e+04   3.0000168e-02
   5.5900800e+04   3.9999876e-02
   6.4223600e+04   1.0000035e-02
   7.3785600e+04   0.0000000e+00
   8.4771200e+04   2.9999961e-02
   9.7392400e+04   0.0000000e+00
   1.1189300e+05   0.0000000e+00
   1.2855200e+05   0.0000000e+00
   1.4769100e+05   0.0000000e+00
   1.6968100e+05   0.0000000e+00
   1.9494400e+05   0.0000000e+00
   2.2396800e+05   9.9998321e-03
   2.5731300e+05   1.0000205e-02
   2.9562400e+05   0.0000000e+00
   3.3963800e+05   0.0000000e+00
   3.9020500e+05   0.0000000e+00
   4.4830100e+05   0.0000000e+00
   5.1504600e+05   0.0000000e+00
   5.9172900e+05   0.0000000e+00
   6.7982900e+05   0.0000000e+00
   7.8104600e+05   0.0000000e+00
   8.9733200e+05   0.0000000e+00
   1.0309300e+06   9.9999349e-03
   1.1844200e+06   0.0000000e+00
   1.3607700e+06   0.0000000e+00
   1.5633700e+06   0.0000000e+00
   1.7961300e+06   0.0000000e+00
   2.0635500e+06   0.0000000e+00
   2.3707800e+06   9.9998872e-03
   2.7237500e+06   0.0000000e+00
   3.1292800e+06   0.0000000e+00
   3.5951800e+06   0.0000000e+00
   4.1304500e+06   0.0000000e+00
   4.7454200e+06   0.0000000e+00
   5.4519400e+06   0.0000000e+00
   6.2636600e+06   0.0000000e+00
   7.1962300e+06   0.0000000e+00
   8.2676400e+06   0.0000000e+00
   9.4985800e+06   0.0000000e+00
   1.0912800e+07   0.0000000e+00
   1.2537500e+07   0.0000000e+00
   1.4404200e+07   0.0000000e+00
   1.6548800e+07   0.0000000e+00
   1.9012600e+07   0.0000000e+00
   2.1843300e+07   0.0000000e+00
   2.5095500e+07   0.0000000e+00
   2.8831900e+07   0.0000000e+00
   3.3124500e+07   0.0000000e+00
   3.8056300e+07   0.0000000e+00
   4.3722300e+07   0.0000000e+00
   5.0231900e+07   0.0000000e+00
   5.7710700e+07   0.0000000e+00
   6.6303000e+07   0.0000000e+00
   7.6174600e+07   0.0000000e+00
   8.7515900e+07   0.0000000e+00
   1.0054600e+08   0.0000000e+00
   1.1551600e+08   0.0000000e+00
   1.3271400e+08   9.9998916e-03
