   1.4726100e+02   2.0000551e-02
   1.5818000e+02   0.0000000e+00
   1.6990800e+02   0.0000000e+00
   1.8250600e+02   2.0000161e-02
   1.9603800e+02   0.0000000e+00
   2.1057300e+02   1.0000017e-02
   2.2618600e+02   1.0000245e-02
   2.4295700e+02   0.0000000e+00
   2.6097100e+02   2.0000354e-02
   2.8032100e+02   1.9999612e-02
   3.0110500e+02   9.9997917e-03
   3.2343000e+02   2.0000178e-02
   3.4741100e+02   3.0000219e-02
   3.7317000e+02   1.0000102e-02
   4.0083900e+02   2.9999665e-02
   4.3055900e+02   2.0000099e-02
   4.6248300e+02   2.0000089e-02
   4.9677400e+02   1.9999803e-02
   5.3360700e+02   1.9999800e-02
   5.7317100e+02   3.0000103e-02
   6.1566900e+02   2.0000059e-02
   6.6131800e+02   0.0000000e+00
   7.1035200e+02   1.9999947e-02
   7.6302100e+02   9.9999637e-03
   8.1959500e+02   0.0000000e+00
   8.8036400e+02   2.0000064e-02
   9.4563900e+02   9.9995113e-03
   1.0157500e+03   3.0002743e-02
   1.0910700e+03   9.9991365e-03
   1.1719600e+03   1.0000539e-02
   1.2588600e+03   3.0000596e-02
   1.3522000e+03   1.0000123e-02
   1.4524600e+03   0.0000000e+00
   1.5601500e+03   5.0001176e-02
   1.6758300e+03   0.0000000e+00
   1.8000800e+03   1.0000213e-02
   1.9335500e+03   9.9997901e-03
   2.0769100e+03   1.9999605e-02
   2.2309000e+03   1.9999889e-02
   2.3963100e+03   0.0000000e+00
   2.5739900e+03   1.0000063e-02
   2.7648400e+03   2.0000087e-02
   2.9698400e+03   1.0000053e-02
   3.1900400e+03   1.9999540e-02
   3.4265600e+03   1.9999781e-02
   3.6806200e+03   2.9999897e-02
   3.9535200e+03   1.0000178e-02
   4.2466600e+03   1.0000019e-02
   4.5615300e+03   9.9998551e-03
   4.8997400e+03   1.9999877e-02
   5.2630300e+03   1.0000034e-02
   5.6532600e+03   0.0000000e+00
   6.0724200e+03   0.0000000e+00
   6.5226700e+03   0.0000000e+00
   7.0062900e+03   1.9999928e-02
   7.5257700e+03   1.0000030e-02
   8.0837700e+03   0.0000000e+00
   8.6831400e+03   2.0000204e-02
   9.3269600e+03   0.0000000e+00
   1.0018500e+04   2.9999092e-02
   1.0761300e+04   1.0000001e-02
   1.1559200e+04   1.0000471e-02
   1.2416300e+04   1.9999851e-02
   1.3336900e+04   2.0000700e-02
   1.4325800e+04   0.0000000e+00
   1.5387900e+04   1.0000523e-02
   1.6528900e+04   0.0000000e+00
   1.7754400e+04   9.9999668e-03
   1.9070800e+04   9.9999353e-03
   2.0484800e+04   1.0000331e-02
   2.2003700e+04   0.0000000e+00
   2.3635100e+04   1.0000396e-02
   2.5387600e+04   0.0000000e+00
   2.7269900e+04   0.0000000e+00
   2.9291900e+04   1.9999542e-02
   3.1463700e+04   1.0000069e-02
   3.3796600e+04   0.0000000e+00
   3.6302500e+04   0.0000000e+00
   3.8994100e+04   0.0000000e+00
   4.1885300e+04   0.0000000e+00
   4.4990900e+04   0.0000000e+00
   4.8326800e+04   0.0000000e+00
   5.1910000e+04   0.0000000e+00
   5.5758900e+04   0.0000000e+00
   5.9893100e+04   0.0000000e+00
   6.4333900e+04   0.0000000e+00
   6.9103900e+04   0.0000000e+00
   7.4227600e+04   0.0000000e+00
   7.9731300e+04   0.0000000e+00
   8.5642900e+04   0.0000000e+00
   9.1993000e+04   9.9999749e-03
   9.8813800e+04   0.0000000e+00
   1.0614000e+05   0.0000000e+00
   1.1401000e+05   0.0000000e+00
   1.2246300e+05   0.0000000e+00
   1.3154300e+05   0.0000000e+00
   1.4129700e+05   0.0000000e+00
   1.5177300e+05   0.0000000e+00
   1.6302700e+05   0.0000000e+00
