   1.5756700e+02   2.9998297e-02
   1.7200300e+02   0.0000000e+00
   1.8776300e+02   2.0000510e-02
   2.0496700e+02   1.9999072e-02
   2.2374600e+02   1.0000244e-02
   2.4424700e+02   2.0000157e-02
   2.6662600e+02   2.9999789e-02
   2.9105500e+02   2.0000333e-02
   3.1772300e+02   3.9998596e-02
   3.4683300e+02   6.0001612e-02
   3.7861200e+02   1.9999527e-02
   4.1330100e+02   1.0000218e-02
   4.5117000e+02   4.0000137e-02
   4.9250800e+02   1.9999851e-02
   5.3763300e+02   0.0000000e+00
   5.8689300e+02   9.9999497e-03
   6.4066600e+02   2.9999868e-02
   6.9936600e+02   1.0000041e-02
   7.6344500e+02   0.0000000e+00
   8.3339500e+02   3.9999604e-02
   9.0975300e+02   3.9999981e-02
   9.9310800e+02   1.9999951e-02
   1.0841000e+03   0.0000000e+00
   1.1834300e+03   1.9999913e-02
   1.2918600e+03   2.0000861e-02
   1.4102300e+03   2.0000028e-02
   1.5394400e+03   2.9998080e-02
   1.6804800e+03   2.0001078e-02
   1.8344600e+03   2.0000007e-02
   2.0025400e+03   1.0000009e-02
   2.1860200e+03   2.9999837e-02
   2.3863100e+03   0.0000000e+00
   2.6049500e+03   1.9999567e-02
   2.8436200e+03   1.0000248e-02
   3.1041700e+03   9.9997987e-03
   3.3885800e+03   1.0000157e-02
   3.6990600e+03   0.0000000e+00
   4.0379800e+03   3.0000420e-02
   4.4079600e+03   9.9999020e-03
   4.8118300e+03   0.0000000e+00
   5.2527100e+03   2.9999821e-02
   5.7339800e+03   1.0000050e-02
   6.2593500e+03   1.9999838e-02
   6.8328500e+03   0.0000000e+00
   7.4589000e+03   1.0000075e-02
   8.1423200e+03   1.0000010e-02
   8.8883500e+03   0.0000000e+00
   9.7027300e+03   9.9996679e-03
   1.0591700e+04   2.0000937e-02
   1.1562200e+04   0.0000000e+00
   1.2621600e+04   2.9999098e-02
   1.3778000e+04   1.0000076e-02
   1.5040400e+04   9.9995948e-03
   1.6418400e+04   1.0000544e-02
   1.7922800e+04   1.9999464e-02
   1.9564900e+04   0.0000000e+00
   2.1357500e+04   2.0000496e-02
   2.3314400e+04   0.0000000e+00
   2.5450500e+04   0.0000000e+00
   2.7782400e+04   0.0000000e+00
   3.0327900e+04   0.0000000e+00
   3.3106700e+04   9.9998194e-03
   3.6140000e+04   0.0000000e+00
   3.9451300e+04   0.0000000e+00
   4.3066000e+04   1.0000094e-02
   4.7011900e+04   0.0000000e+00
   5.1319300e+04   9.9998845e-03
   5.6021300e+04   0.0000000e+00
   6.1154200e+04   0.0000000e+00
   6.6757400e+04   0.0000000e+00
   7.2873900e+04   0.0000000e+00
   7.9550900e+04   0.0000000e+00
   8.6839700e+04   0.0000000e+00
   9.4796300e+04   0.0000000e+00
   1.0348200e+05   0.0000000e+00
   1.1296300e+05   0.0000000e+00
   1.2331300e+05   0.0000000e+00
   1.3461200e+05   0.0000000e+00
   1.4694500e+05   0.0000000e+00
   1.6040900e+05   0.0000000e+00
   1.7510600e+05   0.0000000e+00
   1.9115000e+05   0.0000000e+00
   2.0866400e+05   0.0000000e+00
   2.2778300e+05   0.0000000e+00
   2.4865300e+05   0.0000000e+00
   2.7143600e+05   0.0000000e+00
   2.9630600e+05   0.0000000e+00
   3.2345400e+05   0.0000000e+00
   3.5309000e+05   0.0000000e+00
   3.8544200e+05   0.0000000e+00
   4.2075700e+05   0.0000000e+00
   4.5930900e+05   0.0000000e+00
   5.0139200e+05   0.0000000e+00
   5.4733200e+05   0.0000000e+00
   5.9748000e+05   0.0000000e+00
   6.5222400e+05   0.0000000e+00
   7.1198300e+05   0.0000000e+00
   7.7721800e+05   0.0000000e+00
   8.4842900e+05   0.0000000e+00
