   1.1666400e+02   1.0000090e-02
   1.3300100e+02   0.0000000e+00
   1.5162600e+02   0.0000000e+00
   1.7285800e+02   1.0000055e-02
   1.9706400e+02   2.0000367e-02
   2.2466000e+02   2.9999271e-02
   2.5611900e+02   1.9999902e-02
   2.9198400e+02   4.0000485e-02
   3.3287200e+02   2.9999940e-02
   3.7948500e+02   4.9999585e-02
   4.3262500e+02   4.0000053e-02
   4.9320700e+02   5.0000469e-02
   5.6227300e+02   5.0000121e-02
   6.4101000e+02   4.9999678e-02
   7.3077200e+02   1.9999971e-02
   8.3310400e+02   2.0000121e-02
   9.4976700e+02   2.0000592e-02
   1.0827700e+03   6.9998557e-02
   1.2343900e+03   9.9997009e-03
   1.4072400e+03   9.9999673e-03
   1.6043000e+03   5.0001004e-02
   1.8289600e+03   2.9999445e-02
   2.0850700e+03   3.0000069e-02
   2.3770500e+03   4.0000322e-02
   2.7099200e+03   5.0000285e-02
   3.0894000e+03   1.0000055e-02
   3.5220200e+03   0.0000000e+00
   4.0152200e+03   9.9999628e-03
   4.5774800e+03   0.0000000e+00
   5.2184800e+03   0.0000000e+00
   5.9492400e+03   9.9999958e-03
   6.7823300e+03   2.0000025e-02
   7.7320800e+03   4.0000142e-02
   8.8148300e+03   2.0000003e-02
   1.0049200e+04   0.0000000e+00
   1.1456400e+04   0.0000000e+00
   1.3060700e+04   9.9998400e-03
   1.4889600e+04   3.0000836e-02
   1.6974700e+04   1.9999888e-02
   1.9351700e+04   9.9997311e-03
   2.2061500e+04   0.0000000e+00
   2.5150900e+04   1.0000120e-02
   2.8672900e+04   0.0000000e+00
   3.2688000e+04   0.0000000e+00
   3.7265400e+04   0.0000000e+00
   4.2483800e+04   9.9999612e-03
   4.8432900e+04   0.0000000e+00
   5.5215100e+04   0.0000000e+00
   6.2947100e+04   0.0000000e+00
   7.1761800e+04   0.0000000e+00
   8.1810800e+04   0.0000000e+00
   9.3267000e+04   0.0000000e+00
   1.0632700e+05   1.0000422e-02
   1.2121700e+05   1.9999615e-02
   1.3819100e+05   0.0000000e+00
   1.5754300e+05   0.0000000e+00
   1.7960400e+05   0.0000000e+00
   2.0475400e+05   0.0000000e+00
   2.3342700e+05   0.0000000e+00
   2.6611400e+05   0.0000000e+00
   3.0337900e+05   0.0000000e+00
   3.4586200e+05   0.0000000e+00
   3.9429400e+05   0.0000000e+00
   4.4950800e+05   9.9999792e-03
   5.1245400e+05   0.0000000e+00
   5.8421500e+05   0.0000000e+00
   6.6602400e+05   0.0000000e+00
   7.5929000e+05   0.0000000e+00
   8.6561500e+05   0.0000000e+00
   9.8683000e+05   0.0000000e+00
   1.1250200e+06   0.0000000e+00
   1.2825600e+06   0.0000000e+00
   1.4621600e+06   0.0000000e+00
   1.6669100e+06   0.0000000e+00
   1.9003300e+06   0.0000000e+00
   2.1664400e+06   0.0000000e+00
   2.4698200e+06   0.0000000e+00
   2.8156700e+06   0.0000000e+00
   3.2099600e+06   0.0000000e+00
   3.6594600e+06   0.0000000e+00
   4.1719100e+06   0.0000000e+00
   4.7561100e+06   0.0000000e+00
   5.4221200e+06   0.0000000e+00
   6.1814000e+06   0.0000000e+00
   7.0470000e+06   0.0000000e+00
   8.0338100e+06   0.0000000e+00
   9.1588100e+06   0.0000000e+00
   1.0441400e+07   0.0000000e+00
   1.1903500e+07   0.0000000e+00
   1.3570400e+07   0.0000000e+00
   1.5470700e+07   0.0000000e+00
   1.7637100e+07   0.0000000e+00
   2.0106800e+07   0.0000000e+00
   2.2922500e+07   0.0000000e+00
   2.6132400e+07   0.0000000e+00
   2.9791800e+07   0.0000000e+00
   3.3963600e+07   0.0000000e+00
   3.8719600e+07   0.0000000e+00
   4.4141700e+07   9.9999835e-03
