   1.0409700e+02   1.0000848e-02
   1.1262200e+02   0.0000000e+00
   1.2184400e+02   0.0000000e+00
   1.3182200e+02   0.0000000e+00
   1.4261600e+02   0.0000000e+00
   1.5429500e+02   0.0000000e+00
   1.6693000e+02   1.9999251e-02
   1.8059900e+02   2.0000200e-02
   1.9538800e+02   1.0000064e-02
   2.1138800e+02   0.0000000e+00
   2.2869800e+02   9.9996936e-03
   2.4742500e+02   2.0000863e-02
   2.6768700e+02   2.9999712e-02
   2.8960700e+02   1.9999761e-02
   3.1332200e+02   1.9999785e-02
   3.3897900e+02   1.0000263e-02
   3.6673800e+02   9.9998725e-03
   3.9676900e+02   3.0000402e-02
   4.2926000e+02   2.9999902e-02
   4.6441100e+02   1.9999679e-02
   5.0244000e+02   2.0000140e-02
   5.4358400e+02   3.0000071e-02
   5.8809700e+02   3.0000026e-02
   6.3625500e+02   1.9999802e-02
   6.8835600e+02   1.0000021e-02
   7.4472400e+02   3.0000042e-02
   8.0570800e+02   4.0000152e-02
   8.7168600e+02   4.0000271e-02
   9.4306700e+02   1.9999290e-02
   1.0202900e+03   2.0000115e-02
   1.1038400e+03   9.9998457e-03
   1.1942300e+03   0.0000000e+00
   1.2920300e+03   1.9999797e-02
   1.3978300e+03   3.9998276e-02
   1.5122900e+03   0.0000000e+00
   1.6361300e+03   2.0000132e-02
   1.7701100e+03   9.9999700e-03
   1.9150600e+03   2.0000039e-02
   2.0718800e+03   9.9998961e-03
   2.2415400e+03   0.0000000e+00
   2.4251000e+03   9.9996945e-03
   2.6236800e+03   1.0000107e-02
   2.8385300e+03   1.9999905e-02
   3.0709700e+03   3.0000558e-02
   3.3224500e+03   1.0000069e-02
   3.5945200e+03   2.9999133e-02
   3.8888600e+03   0.0000000e+00
   4.2073100e+03   0.0000000e+00
   4.5518400e+03   0.0000000e+00
   4.9245800e+03   9.9999205e-03
   5.3278400e+03   2.0000188e-02
   5.7641300e+03   0.0000000e+00
   6.2361400e+03   2.0000237e-02
   6.7468100e+03   0.0000000e+00
   7.2992900e+03   1.9999891e-02
   7.8970100e+03   3.0000056e-02
   8.5436800e+03   0.0000000e+00
   9.2433000e+03   9.9997844e-03
   1.0000200e+04   0.0000000e+00
   1.0819100e+04   0.0000000e+00
   1.1705100e+04   0.0000000e+00
   1.2663600e+04   0.0000000e+00
   1.3700600e+04   1.9999887e-02
   1.4822500e+04   0.0000000e+00
   1.6036300e+04   9.9994403e-03
   1.7349400e+04   0.0000000e+00
   1.8770100e+04   2.0000745e-02
   2.0307200e+04   9.9999323e-03
   2.1970100e+04   0.0000000e+00
   2.3769200e+04   0.0000000e+00
   2.5715600e+04   1.0000044e-02
   2.7821400e+04   9.9998627e-03
   3.0099600e+04   0.0000000e+00
   3.2564400e+04   0.0000000e+00
   3.5231000e+04   1.0000016e-02
   3.8116000e+04   9.9998878e-03
   4.1237200e+04   0.0000000e+00
   4.4614100e+04   0.0000000e+00
   4.8267400e+04   0.0000000e+00
   5.2219900e+04   0.0000000e+00
   5.6496100e+04   0.0000000e+00
   6.1122500e+04   0.0000000e+00
   6.6127600e+04   0.0000000e+00
   7.1542700e+04   0.0000000e+00
   7.7401200e+04   9.9999683e-03
   8.3739400e+04   0.0000000e+00
   9.0596600e+04   0.0000000e+00
   9.8015400e+04   1.0000421e-02
   1.0604200e+05   0.0000000e+00
   1.1472500e+05   0.0000000e+00
   1.2412000e+05   0.0000000e+00
   1.3428400e+05   0.0000000e+00
   1.4528000e+05   0.0000000e+00
   1.5717700e+05   0.0000000e+00
   1.7004700e+05   0.0000000e+00
   1.8397200e+05   0.0000000e+00
   1.9903700e+05   0.0000000e+00
   2.1533600e+05   0.0000000e+00
   2.3296900e+05   1.0000344e-02
