   1.4158700e+02   1.9999191e-02
   1.5487700e+02   9.9999488e-03
   1.6941500e+02   1.0000172e-02
   1.8531800e+02   1.0000282e-02
   2.0271400e+02   1.9999570e-02
   2.2174200e+02   1.0000213e-02
   2.4255700e+02   9.9998422e-03
   2.6532500e+02   2.0000315e-02
   2.9023100e+02   3.9999262e-02
   3.1747400e+02   2.0000166e-02
   3.4727500e+02   0.0000000e+00
   3.7987300e+02   1.0000001e-02
   4.1553100e+02   9.9999459e-03
   4.5453600e+02   4.0000441e-02
   4.9720300e+02   2.9999652e-02
   5.4387400e+02   6.0000549e-02
   5.9492700e+02   2.9999620e-02
   6.5077100e+02   5.0000137e-02
   7.1185800e+02   3.0000023e-02
   7.7867900e+02   2.9999852e-02
   8.5177200e+02   4.0000287e-02
   9.3172700e+02   4.0001553e-02
   1.0191900e+03   3.0000199e-02
   1.1148600e+03   0.0000000e+00
   1.2195100e+03   9.9997443e-03
   1.3339800e+03   2.0000264e-02
   1.4592000e+03   1.9999675e-02
   1.5961700e+03   3.0000011e-02
   1.7460000e+03   0.0000000e+00
   1.9098900e+03   0.0000000e+00
   2.0891700e+03   0.0000000e+00
   2.2852800e+03   9.9997483e-03
   2.4997900e+03   3.9999847e-02
   2.7344400e+03   4.0000241e-02
   2.9911200e+03   1.9999893e-02
   3.2718900e+03   2.0000183e-02
   3.5790200e+03   1.0000085e-02
   3.9149800e+03   9.9999541e-03
   4.2824700e+03   2.0000088e-02
   4.6844600e+03   0.0000000e+00
   5.1241800e+03   1.0000038e-02
   5.6051800e+03   0.0000000e+00
   6.1313300e+03   9.9998913e-03
   6.7068600e+03   2.0000243e-02
   7.3364300e+03   1.9999773e-02
   8.0250800e+03   0.0000000e+00
   8.7783900e+03   9.9999382e-03
   9.6024000e+03   0.0000000e+00
   1.0503800e+04   0.0000000e+00
   1.1489700e+04   0.0000000e+00
   1.2568300e+04   0.0000000e+00
   1.3748000e+04   9.9999813e-03
   1.5038500e+04   0.0000000e+00
   1.6450200e+04   9.9996842e-03
   1.7994300e+04   0.0000000e+00
   1.9683400e+04   0.0000000e+00
   2.1531000e+04   1.0000079e-02
   2.3552100e+04   1.0000001e-02
   2.5762900e+04   9.9999123e-03
   2.8181200e+04   2.0000547e-02
   3.0826600e+04   0.0000000e+00
   3.3720200e+04   0.0000000e+00
   3.6885500e+04   0.0000000e+00
   4.0347800e+04   0.0000000e+00
   4.4135200e+04   0.0000000e+00
   4.8278100e+04   1.0000051e-02
   5.2809900e+04   1.0000060e-02
   5.7767100e+04   0.0000000e+00
   6.3189600e+04   0.0000000e+00
   6.9121100e+04   0.0000000e+00
   7.5609400e+04   0.0000000e+00
   8.2706700e+04   0.0000000e+00
   9.0470200e+04   0.0000000e+00
   9.8962500e+04   0.0000000e+00
   1.0825200e+05   0.0000000e+00
   1.1841300e+05   0.0000000e+00
   1.2952900e+05   0.0000000e+00
   1.4168700e+05   0.0000000e+00
   1.5498700e+05   0.0000000e+00
   1.6953600e+05   0.0000000e+00
   1.8545000e+05   0.0000000e+00
   2.0285800e+05   0.0000000e+00
   2.2189900e+05   0.0000000e+00
   2.4272900e+05   0.0000000e+00
   2.6551300e+05   0.0000000e+00
   2.9043700e+05   0.0000000e+00
   3.1769900e+05   0.0000000e+00
   3.4752100e+05   9.9999349e-03
   3.8014200e+05   0.0000000e+00
   4.1582600e+05   0.0000000e+00
   4.5485900e+05   0.0000000e+00
   4.9755500e+05   0.0000000e+00
   5.4426000e+05   0.0000000e+00
   5.9534900e+05   0.0000000e+00
   6.5123300e+05   0.0000000e+00
   7.1236400e+05   0.0000000e+00
   7.7923200e+05   0.0000000e+00
   8.5237700e+05   0.0000000e+00
   9.3238800e+05   1.0000001e-02
