   1.1771900e+02   9.9994572e-03
   1.2795300e+02   0.0000000e+00
   1.3907800e+02   1.9999119e-02
   1.5116900e+02   1.0000180e-02
   1.6431200e+02   9.9997143e-03
   1.7859700e+02   0.0000000e+00
   1.9412500e+02   2.9999374e-02
   2.1100200e+02   3.0000496e-02
   2.2934700e+02   5.9998246e-02
   2.4928600e+02   0.0000000e+00
   2.7095900e+02   1.0000253e-02
   2.9451700e+02   1.9999579e-02
   3.2012200e+02   2.0000214e-02
   3.4795400e+02   2.9999584e-02
   3.7820500e+02   3.0000485e-02
   4.1108700e+02   0.0000000e+00
   4.4682700e+02   2.0000232e-02
   4.8567500e+02   1.0000020e-02
   5.2790000e+02   3.0000012e-02
   5.7379600e+02   2.9999844e-02
   6.2368200e+02   1.9999828e-02
   6.7790500e+02   0.0000000e+00
   7.3684300e+02   2.0000092e-02
   8.0090500e+02   1.9999903e-02
   8.7053600e+02   4.9999933e-02
   9.4622100e+02   4.0001820e-02
   1.0284900e+03   9.9991674e-03
   1.1179000e+03   1.0000908e-02
   1.2151000e+03   9.9998718e-03
   1.3207400e+03   9.9994901e-03
   1.4355600e+03   2.0000178e-02
   1.5603700e+03   2.9999988e-02
   1.6960300e+03   1.0000383e-02
   1.8434900e+03   2.9999178e-02
   2.0037600e+03   2.0000179e-02
   2.1779700e+03   0.0000000e+00
   2.3673200e+03   2.0000312e-02
   2.5731400e+03   1.9999942e-02
   2.7968500e+03   9.9999793e-03
   3.0400100e+03   2.9999900e-02
   3.3043100e+03   1.0000016e-02
   3.5915900e+03   2.0000284e-02
   3.9038500e+03   9.9999119e-03
   4.2432500e+03   0.0000000e+00
   4.6121600e+03   2.0000258e-02
   5.0131500e+03   0.0000000e+00
   5.4489900e+03   9.9999882e-03
   5.9227300e+03   0.0000000e+00
   6.4376600e+03   2.0000152e-02
   6.9973600e+03   0.0000000e+00
   7.6057100e+03   1.0000084e-02
   8.2669600e+03   0.0000000e+00
   8.9856900e+03   1.0000056e-02
   9.7669200e+03   2.0000821e-02
   1.0616100e+04   0.0000000e+00
   1.1539000e+04   9.9998775e-03
   1.2542200e+04   0.0000000e+00
   1.3632700e+04   0.0000000e+00
   1.4817900e+04   0.0000000e+00
   1.6106200e+04   0.0000000e+00
   1.7506500e+04   1.9999689e-02
   1.9028500e+04   1.0000286e-02
   2.0682900e+04   0.0000000e+00
   2.2481000e+04   0.0000000e+00
   2.4435600e+04   0.0000000e+00
   2.6560000e+04   0.0000000e+00
   2.8869200e+04   0.0000000e+00
   3.1379100e+04   0.0000000e+00
   3.4107200e+04   9.9999701e-03
   3.7072500e+04   9.9999578e-03
   4.0295600e+04   0.0000000e+00
   4.3798900e+04   9.9999643e-03
   4.7606800e+04   0.0000000e+00
   5.1745800e+04   0.0000000e+00
   5.6244600e+04   2.0000198e-02
   6.1134600e+04   1.0000042e-02
   6.6449700e+04   0.0000000e+00
   7.2226900e+04   9.9998817e-03
   7.8506300e+04   0.0000000e+00
   8.5331700e+04   0.0000000e+00
   9.2750500e+04   0.0000000e+00
   1.0081400e+05   0.0000000e+00
   1.0957900e+05   0.0000000e+00
   1.1910600e+05   0.0000000e+00
   1.2946100e+05   0.0000000e+00
   1.4071700e+05   0.0000000e+00
   1.5295100e+05   0.0000000e+00
   1.6624800e+05   0.0000000e+00
   1.8070200e+05   0.0000000e+00
   1.9641300e+05   0.0000000e+00
   2.1348900e+05   0.0000000e+00
   2.3205000e+05   0.0000000e+00
   2.5222400e+05   0.0000000e+00
   2.7415300e+05   0.0000000e+00
   2.9798800e+05   0.0000000e+00
   3.2389500e+05   0.0000000e+00
   3.5205500e+05   0.0000000e+00
   3.8266300e+05   0.0000000e+00
   4.1593200e+05   0.0000000e+00
