   2.0856800e+02   9.9998568e-03
   2.2783900e+02   1.0000037e-02
   2.4889100e+02   0.0000000e+00
   2.7188800e+02   2.0000051e-02
   2.9701000e+02   2.9999864e-02
   3.2445300e+02   1.0000035e-02
   3.5443200e+02   2.0000109e-02
   3.8718100e+02   3.0000200e-02
   4.2295600e+02   0.0000000e+00
   4.6203600e+02   9.9999398e-03
   5.0472700e+02   0.0000000e+00
   5.5136300e+02   2.0000039e-02
   6.0230800e+02   9.9999966e-03
   6.5796000e+02   1.9999949e-02
   7.1875400e+02   1.0000053e-02
   7.8516600e+02   6.0000243e-02
   8.5771400e+02   0.0000000e+00
   9.3696500e+02   3.0000488e-02
   1.0235400e+03   2.9999117e-02
   1.1181100e+03   4.9999354e-02
   1.2214200e+03   2.0000485e-02
   1.3342800e+03   9.9996106e-03
   1.4575600e+03   0.0000000e+00
   1.5922400e+03   5.0000056e-02
   1.7393600e+03   1.9999556e-02
   1.9000700e+03   1.0000397e-02
   2.0756400e+03   1.9999586e-02
   2.2674200e+03   3.0000784e-02
   2.4769300e+03   4.9999273e-02
   2.7057900e+03   4.0000100e-02
   2.9558000e+03   3.9999964e-02
   3.2289100e+03   9.9998496e-03
   3.5272500e+03   9.9999617e-03
   3.8531600e+03   1.0000135e-02
   4.2091900e+03   1.9999978e-02
   4.5981100e+03   4.0000357e-02
   5.0229700e+03   1.9999939e-02
   5.4870800e+03   0.0000000e+00
   5.9940700e+03   9.9999689e-03
   6.5479100e+03   3.0000280e-02
   7.1529300e+03   0.0000000e+00
   7.8138400e+03   1.0000067e-02
   8.5358300e+03   9.9999582e-03
   9.3245200e+03   0.0000000e+00
   1.0186100e+04   0.0000000e+00
   1.1127300e+04   9.9996399e-03
   1.2155400e+04   9.9996893e-03
   1.3278500e+04   0.0000000e+00
   1.4505400e+04   0.0000000e+00
   1.5845700e+04   2.9999702e-02
   1.7309800e+04   0.0000000e+00
   1.8909200e+04   0.0000000e+00
   2.0656400e+04   9.9999570e-03
   2.2565000e+04   0.0000000e+00
   2.4650000e+04   9.9999622e-03
   2.6927600e+04   9.9997945e-03
   2.9415600e+04   1.0000201e-02
   3.2133600e+04   2.0000155e-02
   3.5102700e+04   0.0000000e+00
   3.8346100e+04   0.0000000e+00
   4.1889200e+04   0.0000000e+00
   4.5759600e+04   0.0000000e+00
   4.9987700e+04   0.0000000e+00
   5.4606500e+04   0.0000000e+00
   5.9652000e+04   0.0000000e+00
   6.5163800e+04   9.9999778e-03
   7.1184800e+04   0.0000000e+00
   7.7762100e+04   0.0000000e+00
   8.4947200e+04   9.9999695e-03
   9.2796100e+04   9.9996538e-03
   1.0137000e+05   0.0000000e+00
   1.1073700e+05   1.0000143e-02
   1.2096900e+05   0.0000000e+00
   1.3214600e+05   0.0000000e+00
   1.4435600e+05   0.0000000e+00
   1.5769400e+05   0.0000000e+00
   1.7226500e+05   0.0000000e+00
   1.8818200e+05   0.0000000e+00
   2.0556900e+05   0.0000000e+00
   2.2456300e+05   0.0000000e+00
   2.4531200e+05   0.0000000e+00
   2.6797900e+05   0.0000000e+00
   2.9274000e+05   0.0000000e+00
   3.1978800e+05   0.0000000e+00
   3.4933600e+05   0.0000000e+00
   3.8161400e+05   0.0000000e+00
   4.1687400e+05   0.0000000e+00
   4.5539300e+05   0.0000000e+00
   4.9747000e+05   0.0000000e+00
   5.4343500e+05   0.0000000e+00
   5.9364700e+05   0.0000000e+00
   6.4849900e+05   0.0000000e+00
   7.0841900e+05   0.0000000e+00
   7.7387600e+05   0.0000000e+00
   8.4538000e+05   0.0000000e+00
   9.2349200e+05   9.9999296e-03
   1.0088200e+06   0.0000000e+00
   1.1020300e+06   0.0000000e+00
   1.2038600e+06   9.9996215e-03
