   1.7453900e+02   1.0000150e-02
   1.8846000e+02   0.0000000e+00
   2.0349100e+02   0.0000000e+00
   2.1972100e+02   0.0000000e+00
   2.3724600e+02   9.9999742e-03
   2.5616800e+02   2.9999655e-02
   2.7659900e+02   0.0000000e+00
   2.9866000e+02   0.0000000e+00
   3.2248000e+02   9.9999617e-03
   3.4820000e+02   0.0000000e+00
   3.7597100e+02   0.0000000e+00
   4.0595800e+02   0.0000000e+00
   4.3833600e+02   0.0000000e+00
   4.7329600e+02   4.0000350e-02
   5.1104500e+02   0.0000000e+00
   5.5180500e+02   0.0000000e+00
   5.9581500e+02   3.0000245e-02
   6.4333600e+02   0.0000000e+00
   6.9464700e+02   3.9999913e-02
   7.5005000e+02   1.0000025e-02
   8.0987200e+02   9.9999653e-03
   8.7446500e+02   2.0000006e-02
   9.4421000e+02   4.0001283e-02
   1.0195200e+03   2.9998593e-02
   1.1008300e+03   2.0000138e-02
   1.1886300e+03   9.9997884e-03
   1.2834300e+03   1.0000679e-02
   1.3858000e+03   5.9996114e-02
   1.4963200e+03   2.0001270e-02
   1.6156700e+03   1.9999845e-02
   1.7445300e+03   2.9998098e-02
   1.8836600e+03   4.0001100e-02
   2.0339000e+03   0.0000000e+00
   2.1961200e+03   3.0000529e-02
   2.3712800e+03   9.9996633e-03
   2.5604000e+03   1.9999939e-02
   2.7646100e+03   1.0000094e-02
   2.9851100e+03   2.9999508e-02
   3.2231900e+03   3.0000722e-02
   3.4802700e+03   3.9998947e-02
   3.7578400e+03   2.0000316e-02
   4.0575600e+03   0.0000000e+00
   4.3811800e+03   9.9999877e-03
   4.7306100e+03   0.0000000e+00
   5.1079100e+03   1.9999875e-02
   5.5153000e+03   1.0000107e-02
   5.9551900e+03   0.0000000e+00
   6.4301600e+03   9.9999596e-03
   6.9430100e+03   3.0000225e-02
   7.4967700e+03   0.0000000e+00
   8.0946900e+03   2.0000029e-02
   8.7403000e+03   1.9999938e-02
   9.4374000e+03   9.9999959e-03
   1.0190100e+04   9.9995421e-03
   1.1002800e+04   0.0000000e+00
   1.1880400e+04   9.9995360e-03
   1.2827900e+04   3.0002270e-02
   1.3851100e+04   0.0000000e+00
   1.4955800e+04   0.0000000e+00
   1.6148600e+04   0.0000000e+00
   1.7436600e+04   0.0000000e+00
   1.8827300e+04   2.9999716e-02
   2.0328900e+04   1.0000147e-02
   2.1950300e+04   1.9999997e-02
   2.3701000e+04   0.0000000e+00
   2.5591300e+04   0.0000000e+00
   2.7632400e+04   0.0000000e+00
   2.9836300e+04   0.0000000e+00
   3.2215900e+04   2.0000371e-02
   3.4785400e+04   0.0000000e+00
   3.7559700e+04   0.0000000e+00
   4.0555400e+04   0.0000000e+00
   4.3790000e+04   1.0000082e-02
   4.7282600e+04   0.0000000e+00
   5.1053700e+04   0.0000000e+00
   5.5125600e+04   1.0000074e-02
   5.9522300e+04   9.9999501e-03
   6.4269600e+04   0.0000000e+00
   6.9395600e+04   0.0000000e+00
   7.4930400e+04   0.0000000e+00
   8.0906600e+04   0.0000000e+00
   8.7359500e+04   9.9998953e-03
   9.4327000e+04   0.0000000e+00
   1.0185000e+05   0.0000000e+00
   1.0997400e+05   0.0000000e+00
   1.1874500e+05   0.0000000e+00
   1.2821600e+05   0.0000000e+00
   1.3844200e+05   0.0000000e+00
   1.4948300e+05   0.0000000e+00
   1.6140600e+05   9.9997850e-03
   1.7427900e+05   0.0000000e+00
   1.8817900e+05   0.0000000e+00
   2.0318800e+05   0.0000000e+00
   2.1939300e+05   0.0000000e+00
   2.3689200e+05   0.0000000e+00
   2.5578600e+05   0.0000000e+00
   2.7618600e+05   0.0000000e+00
   2.9821400e+05   0.0000000e+00
   3.2199900e+05   0.0000000e+00
