   1.9771000e+02   9.9996970e-03
   2.1399000e+02   0.0000000e+00
   2.3161100e+02   0.0000000e+00
   2.5068300e+02   0.0000000e+00
   2.7132600e+02   9.9997877e-03
   2.9366800e+02   1.0000299e-02
   3.1785100e+02   1.9999574e-02
   3.4402400e+02   1.0000052e-02
   3.7235300e+02   3.0000375e-02
   4.0301500e+02   2.9999613e-02
   4.3620100e+02   3.9999758e-02
   4.7212000e+02   0.0000000e+00
   5.1099700e+02   3.0000476e-02
   5.5307600e+02   9.9999221e-03
   5.9861900e+02   3.0000279e-02
   6.4791300e+02   0.0000000e+00
   7.0126500e+02   1.9999981e-02
   7.5901100e+02   1.9999945e-02
   8.2151200e+02   3.0000062e-02
   8.8916000e+02   1.0000105e-02
   9.6237900e+02   2.0000892e-02
   1.0416300e+03   0.0000000e+00
   1.1274000e+03   6.0002399e-02
   1.2202400e+03   2.9999711e-02
   1.3207200e+03   0.0000000e+00
   1.4294700e+03   1.9999871e-02
   1.5471800e+03   3.0001488e-02
   1.6745900e+03   1.9999290e-02
   1.8124800e+03   1.0000034e-02
   1.9617300e+03   1.0000021e-02
   2.1232700e+03   2.9999747e-02
   2.2981100e+03   2.0000019e-02
   2.4873500e+03   9.9999064e-03
   2.6921700e+03   2.0000162e-02
   2.9138600e+03   9.9998594e-03
   3.1538000e+03   0.0000000e+00
   3.4135000e+03   2.0000228e-02
   3.6945900e+03   9.9998880e-03
   3.9988200e+03   2.0000284e-02
   4.3281100e+03   3.9999841e-02
   4.6845100e+03   0.0000000e+00
   5.0702600e+03   0.0000000e+00
   5.4877700e+03   9.9999190e-03
   5.9396600e+03   0.0000000e+00
   6.4287700e+03   9.9999882e-03
   6.9581500e+03   1.9999919e-02
   7.5311200e+03   2.0000222e-02
   8.1512800e+03   0.0000000e+00
   8.8225000e+03   9.9999896e-03
   9.5489900e+03   1.9999873e-02
   1.0335300e+04   0.0000000e+00
   1.1186400e+04   9.9994616e-03
   1.2107500e+04   1.0000010e-02
   1.3104500e+04   1.0000020e-02
   1.4183600e+04   1.0000369e-02
   1.5351600e+04   1.9999453e-02
   1.6615700e+04   0.0000000e+00
   1.7983900e+04   1.0000029e-02
   1.9464800e+04   2.0000666e-02
   2.1067700e+04   0.0000000e+00
   2.2802500e+04   0.0000000e+00
   2.4680200e+04   1.9999986e-02
   2.6712500e+04   0.0000000e+00
   2.8912100e+04   0.0000000e+00
   3.1292900e+04   9.9998908e-03
   3.3869700e+04   1.0000290e-02
   3.6658800e+04   1.0000047e-02
   3.9677500e+04   0.0000000e+00
   4.2944700e+04   0.0000000e+00
   4.6481000e+04   9.9999944e-03
   5.0308500e+04   0.0000000e+00
   5.4451200e+04   9.9999950e-03
   5.8935000e+04   0.0000000e+00
   6.3788000e+04   0.0000000e+00
   6.9040700e+04   1.0000039e-02
   7.4725900e+04   0.0000000e+00
   8.0879200e+04   1.0000074e-02
   8.7539300e+04   0.0000000e+00
   9.4747700e+04   0.0000000e+00
   1.0255000e+05   0.0000000e+00
   1.1099400e+05   1.0000165e-02
   1.2013400e+05   1.0000537e-02
   1.3002700e+05   0.0000000e+00
   1.4073400e+05   0.0000000e+00
   1.5232300e+05   0.0000000e+00
   1.6486600e+05   0.0000000e+00
   1.7844200e+05   0.0000000e+00
   1.9313500e+05   0.0000000e+00
   2.0903900e+05   0.0000000e+00
   2.2625300e+05   0.0000000e+00
   2.4488400e+05   0.0000000e+00
   2.6504900e+05   0.0000000e+00
   2.8687400e+05   0.0000000e+00
   3.1049700e+05   0.0000000e+00
   3.3606500e+05   0.0000000e+00
   3.6373900e+05   9.9999245e-03
   3.9369100e+05   0.0000000e+00
   4.2610900e+05   0.0000000e+00
   4.6119800e+05   0.0000000e+00
