   1.7018700e+02   1.0000363e-02
   1.8856600e+02   0.0000000e+00
   2.0892900e+02   1.0000020e-02
   2.3149100e+02   2.9999600e-02
   2.5648900e+02   2.0000033e-02
   2.8418700e+02   2.9999971e-02
   3.1487600e+02   3.9999769e-02
   3.4887900e+02   9.9999999e-03
   3.8655400e+02   2.0000218e-02
   4.2829800e+02   9.9999287e-03
   4.7454900e+02   9.9999907e-03
   5.2579500e+02   9.9999800e-03
   5.8257500e+02   6.0000370e-02
   6.4548700e+02   9.9999490e-03
   7.1519200e+02   1.0000052e-02
   7.9242500e+02   2.0000036e-02
   8.7799800e+02   3.0000003e-02
   9.7281200e+02   4.9997701e-02
   1.0778600e+03   3.0000703e-02
   1.1942600e+03   3.0000743e-02
   1.3232300e+03   9.9997280e-03
   1.4661200e+03   0.0000000e+00
   1.6244500e+03   0.0000000e+00
   1.7998700e+03   3.0000621e-02
   1.9942400e+03   2.9999332e-02
   2.2095900e+03   2.9999958e-02
   2.4482000e+03   0.0000000e+00
   2.7125800e+03   1.0000074e-02
   3.0055100e+03   2.9999892e-02
   3.3300700e+03   1.9999998e-02
   3.6896800e+03   0.0000000e+00
   4.0881200e+03   1.9999915e-02
   4.5295900e+03   1.0000085e-02
   5.0187400e+03   2.0000102e-02
   5.5607100e+03   2.9999760e-02
   6.1612000e+03   1.9999987e-02
   6.8265400e+03   9.9999823e-03
   7.5637300e+03   3.0000084e-02
   8.3805300e+03   0.0000000e+00
   9.2855400e+03   1.0000265e-02
   1.0288300e+04   2.9999555e-02
   1.1399300e+04   1.0000041e-02
   1.2630300e+04   1.9999548e-02
   1.3994200e+04   9.9998824e-03
   1.5505400e+04   9.9999187e-03
   1.7179800e+04   2.0000691e-02
   1.9035100e+04   0.0000000e+00
   2.1090600e+04   0.0000000e+00
   2.3368200e+04   9.9999744e-03
   2.5891700e+04   9.9999499e-03
   2.8687700e+04   1.0000158e-02
   3.1785700e+04   1.0000005e-02
   3.5218200e+04   1.9999628e-02
   3.9021300e+04   0.0000000e+00
   4.3235200e+04   0.0000000e+00
   4.7904100e+04   0.0000000e+00
   5.3077200e+04   1.0000100e-02
   5.8809000e+04   1.9999942e-02
   6.5159700e+04   0.0000000e+00
   7.2196200e+04   0.0000000e+00
   7.9992600e+04   0.0000000e+00
   8.8630900e+04   1.9999866e-02
   9.8202000e+04   0.0000000e+00
   1.0880700e+05   0.0000000e+00
   1.2055700e+05   9.9994122e-03
   1.3357500e+05   0.0000000e+00
   1.4800000e+05   0.0000000e+00
   1.6398200e+05   0.0000000e+00
   1.8169100e+05   9.9997058e-03
   2.0131100e+05   0.0000000e+00
   2.2305100e+05   0.0000000e+00
   2.4713800e+05   0.0000000e+00
   2.7382600e+05   0.0000000e+00
   3.0339600e+05   0.0000000e+00
   3.3615900e+05   0.0000000e+00
   3.7246100e+05   0.0000000e+00
   4.1268200e+05   0.0000000e+00
   4.5724700e+05   0.0000000e+00
   5.0662500e+05   0.0000000e+00
   5.6133500e+05   0.0000000e+00
   6.2195300e+05   0.0000000e+00
   6.8911600e+05   0.0000000e+00
   7.6353300e+05   0.0000000e+00
   8.4598600e+05   0.0000000e+00
   9.3734300e+05   0.0000000e+00
   1.0385700e+06   9.9996865e-03
   1.1507200e+06   0.0000000e+00
   1.2749800e+06   0.0000000e+00
   1.4126700e+06   0.0000000e+00
   1.5652200e+06   0.0000000e+00
   1.7342500e+06   0.0000000e+00
   1.9215300e+06   0.0000000e+00
   2.1290300e+06   0.0000000e+00
   2.3589400e+06   0.0000000e+00
   2.6136800e+06   0.0000000e+00
   2.8959300e+06   0.0000000e+00
   3.2086600e+06   0.0000000e+00
   3.5551600e+06   0.0000000e+00
   3.9390700e+06   0.0000000e+00
