   1.5159500e+02   9.9999498e-03
   1.6228500e+02   9.9992252e-03
   1.7372800e+02   0.0000000e+00
   1.8597900e+02   1.0000174e-02
   1.9909400e+02   0.0000000e+00
   2.1313400e+02   2.9998786e-02
   2.2816300e+02   1.0000321e-02
   2.4425300e+02   9.9999616e-03
   2.6147700e+02   0.0000000e+00
   2.7991600e+02   9.9995274e-03
   2.9965400e+02   1.0000077e-02
   3.2078500e+02   2.0000040e-02
   3.4340600e+02   9.9999488e-03
   3.6762200e+02   1.0000079e-02
   3.9354600e+02   2.0000117e-02
   4.2129800e+02   4.0000198e-02
   4.5100700e+02   0.0000000e+00
   4.8281100e+02   0.0000000e+00
   5.1685700e+02   2.0000330e-02
   5.5330500e+02   1.9999685e-02
   5.9232200e+02   2.9999999e-02
   6.3409100e+02   0.0000000e+00
   6.7880600e+02   3.9999484e-02
   7.2667300e+02   2.9999958e-02
   7.7791600e+02   3.0000196e-02
   8.3277300e+02   2.0000032e-02
   8.9149800e+02   1.9999938e-02
   9.5436400e+02   0.0000000e+00
   1.0216600e+03   2.0001368e-02
   1.0937100e+03   1.9998604e-02
   1.1708300e+03   4.0002853e-02
   1.2534000e+03   2.9997851e-02
   1.3417800e+03   3.0000312e-02
   1.4364000e+03   2.0001685e-02
   1.5377000e+03   9.9996098e-03
   1.6461300e+03   0.0000000e+00
   1.7622100e+03   2.0000511e-02
   1.8864800e+03   0.0000000e+00
   2.0195100e+03   9.9999732e-03
   2.1619200e+03   0.0000000e+00
   2.3143700e+03   9.9998026e-03
   2.4775700e+03   4.9999381e-02
   2.6522800e+03   1.0000412e-02
   2.8393200e+03   2.9999763e-02
   3.0395400e+03   9.9999898e-03
   3.2538800e+03   9.9997752e-03
   3.4833300e+03   1.0000176e-02
   3.7289700e+03   0.0000000e+00
   3.9919300e+03   1.9999984e-02
   4.2734300e+03   9.9999683e-03
   4.5747800e+03   0.0000000e+00
   4.8973800e+03   0.0000000e+00
   5.2427300e+03   9.9999044e-03
   5.6124300e+03   1.0000134e-02
   6.0082100e+03   0.0000000e+00
   6.4318900e+03   0.0000000e+00
   6.8854500e+03   9.9999391e-03
   7.3709900e+03   1.0000136e-02
   7.8907800e+03   0.0000000e+00
   8.4472100e+03   0.0000000e+00
   9.0428900e+03   0.0000000e+00
   9.6805700e+03   1.9999489e-02
   1.0363200e+04   3.0000509e-02
   1.1094000e+04   0.0000000e+00
   1.1876300e+04   1.0000169e-02
   1.2713800e+04   2.0001263e-02
   1.3610400e+04   2.9997919e-02
   1.4570100e+04   0.0000000e+00
   1.5597600e+04   9.9999938e-03
   1.6697500e+04   9.9994698e-03
   1.7874900e+04   0.0000000e+00
   1.9135400e+04   0.0000000e+00
   2.0484800e+04   0.0000000e+00
   2.1929300e+04   0.0000000e+00
   2.3475700e+04   0.0000000e+00
   2.5131200e+04   0.0000000e+00
   2.6903400e+04   9.9997090e-03
   2.8800500e+04   0.0000000e+00
   3.0831500e+04   0.0000000e+00
   3.3005600e+04   0.0000000e+00
   3.5333100e+04   0.0000000e+00
   3.7824700e+04   0.0000000e+00
   4.0492000e+04   1.0000039e-02
   4.3347400e+04   0.0000000e+00
   4.6404100e+04   0.0000000e+00
   4.9676400e+04   1.0000124e-02
   5.3179500e+04   0.0000000e+00
   5.6929600e+04   9.9999589e-03
   6.0944100e+04   0.0000000e+00
   6.5241700e+04   0.0000000e+00
   6.9842400e+04   0.0000000e+00
   7.4767500e+04   0.0000000e+00
   8.0039900e+04   0.0000000e+00
   8.5684100e+04   0.0000000e+00
   9.1726300e+04   9.9999918e-03
   9.8194600e+04   0.0000000e+00
   1.0511900e+05   0.0000000e+00
   1.1253200e+05   0.0000000e+00
   1.2046700e+05   9.9999742e-03
