   2.0061600e+02   9.9999542e-03
   2.1418700e+02   1.9999891e-02
   2.2867600e+02   0.0000000e+00
   2.4414500e+02   2.0000381e-02
   2.6066100e+02   1.0000027e-02
   2.7829400e+02   2.0000178e-02
   2.9712000e+02   9.9998756e-03
   3.1721900e+02   3.0000111e-02
   3.3867800e+02   0.0000000e+00
   3.6158800e+02   1.0000244e-02
   3.8604900e+02   2.9999867e-02
   4.1216400e+02   9.9997716e-03
   4.4004500e+02   0.0000000e+00
   4.6981300e+02   0.0000000e+00
   5.0159500e+02   3.9999559e-02
   5.3552600e+02   3.0000195e-02
   5.7175300e+02   0.0000000e+00
   6.1043000e+02   3.0000132e-02
   6.5172400e+02   1.9999891e-02
   6.9581100e+02   1.0000069e-02
   7.4288100e+02   1.0000043e-02
   7.9313500e+02   2.9999860e-02
   8.4678800e+02   2.9999614e-02
   9.0407000e+02   2.0000073e-02
   9.6522800e+02   4.9997806e-02
   1.0305200e+03   1.9999450e-02
   1.1002300e+03   2.0000606e-02
   1.1746600e+03   2.9999090e-02
   1.2541200e+03   4.0001042e-02
   1.3389600e+03   3.0001002e-02
   1.4295400e+03   9.9995536e-03
   1.5262400e+03   2.0000764e-02
   1.6294900e+03   9.9999774e-03
   1.7397200e+03   3.0000829e-02
   1.8574100e+03   0.0000000e+00
   1.9830600e+03   1.9998798e-02
   2.1172000e+03   1.0000519e-02
   2.2604300e+03   9.9999317e-03
   2.4133400e+03   2.9998983e-02
   2.5765900e+03   0.0000000e+00
   2.7508900e+03   2.0000023e-02
   2.9369800e+03   1.0000101e-02
   3.1356600e+03   2.0000180e-02
   3.3477800e+03   9.9996810e-03
   3.5742400e+03   1.0000120e-02
   3.8160300e+03   1.9999758e-02
   4.0741700e+03   0.0000000e+00
   4.3497800e+03   2.0000025e-02
   4.6440300e+03   9.9998343e-03
   4.9581800e+03   2.0000196e-02
   5.2935900e+03   0.0000000e+00
   5.6516900e+03   1.0000000e-02
   6.0340100e+03   0.0000000e+00
   6.4421900e+03   9.9998988e-03
   6.8779800e+03   0.0000000e+00
   7.3432600e+03   1.9999999e-02
   7.8400100e+03   0.0000000e+00
   8.3703600e+03   0.0000000e+00
   8.9365900e+03   2.0000178e-02
   9.5411300e+03   0.0000000e+00
   1.0186600e+04   0.0000000e+00
   1.0875600e+04   1.0001288e-02
   1.1611400e+04   9.9990845e-03
   1.2396800e+04   0.0000000e+00
   1.3235400e+04   1.0000723e-02
   1.4130800e+04   0.0000000e+00
   1.5086700e+04   0.0000000e+00
   1.6107300e+04   0.0000000e+00
   1.7196900e+04   9.9998548e-03
   1.8360200e+04   0.0000000e+00
   1.9602200e+04   0.0000000e+00
   2.0928200e+04   0.0000000e+00
   2.2343900e+04   0.0000000e+00
   2.3855500e+04   9.9996793e-03
   2.5469200e+04   9.9999011e-03
   2.7192100e+04   1.0000184e-02
   2.9031600e+04   0.0000000e+00
   3.0995500e+04   0.0000000e+00
   3.3092200e+04   0.0000000e+00
   3.5330800e+04   0.0000000e+00
   3.7720900e+04   0.0000000e+00
   4.0272600e+04   0.0000000e+00
   4.2996900e+04   0.0000000e+00
   4.5905500e+04   0.0000000e+00
   4.9010900e+04   0.0000000e+00
   5.2326300e+04   0.0000000e+00
   5.5866000e+04   0.0000000e+00
   5.9645200e+04   0.0000000e+00
   6.3680000e+04   0.0000000e+00
   6.7987800e+04   0.0000000e+00
   7.2587000e+04   0.0000000e+00
   7.7497300e+04   0.0000000e+00
   8.2739700e+04   0.0000000e+00
   8.8336800e+04   0.0000000e+00
   9.4312600e+04   0.0000000e+00
   1.0069300e+05   0.0000000e+00
   1.0750400e+05   0.0000000e+00
   1.1477600e+05   0.0000000e+00
   1.2254100e+05   0.0000000e+00
