   1.3004800e+02   2.0000195e-02
   1.4056700e+02   3.0000768e-02
   1.5193700e+02   0.0000000e+00
   1.6422600e+02   0.0000000e+00
   1.7750900e+02   0.0000000e+00
   1.9186700e+02   0.0000000e+00
   2.0738600e+02   0.0000000e+00
   2.2416100e+02   9.9999355e-03
   2.4229200e+02   1.9999326e-02
   2.6188900e+02   2.0000226e-02
   2.8307200e+02   9.9999425e-03
   3.0596800e+02   9.9999739e-03
   3.3071600e+02   6.0000518e-02
   3.5746600e+02   9.9998502e-03
   3.8637900e+02   3.0000880e-02
   4.1763200e+02   1.9999465e-02
   4.5141100e+02   0.0000000e+00
   4.8792400e+02   3.9999751e-02
   5.2738900e+02   1.0000102e-02
   5.7004700e+02   1.0000041e-02
   6.1615500e+02   4.9999469e-02
   6.6599200e+02   9.9999478e-03
   7.1986000e+02   1.0000083e-02
   7.7808600e+02   3.9999976e-02
   8.4102100e+02   1.9999826e-02
   9.0904600e+02   2.0000057e-02
   9.8257400e+02   2.0000294e-02
   1.0620500e+03   9.9996190e-03
   1.1479500e+03   9.9998521e-03
   1.2408000e+03   0.0000000e+00
   1.3411700e+03   0.0000000e+00
   1.4496400e+03   0.0000000e+00
   1.5669000e+03   0.0000000e+00
   1.6936400e+03   0.0000000e+00
   1.8306200e+03   2.0000111e-02
   1.9786900e+03   2.0000488e-02
   2.1387400e+03   1.9999893e-02
   2.3117300e+03   9.9998400e-03
   2.4987100e+03   2.0000300e-02
   2.7008200e+03   9.9998109e-03
   2.9192700e+03   1.0000271e-02
   3.1554000e+03   1.9999805e-02
   3.4106200e+03   4.0000598e-02
   3.6864900e+03   1.0000033e-02
   3.9846700e+03   0.0000000e+00
   4.3069600e+03   0.0000000e+00
   4.6553300e+03   3.9999468e-02
   5.0318700e+03   2.9999970e-02
   5.4388700e+03   2.9999992e-02
   5.8787900e+03   1.0000166e-02
   6.3543000e+03   9.9999141e-03
   6.8682600e+03   2.0000162e-02
   7.4238000e+03   0.0000000e+00
   8.0242700e+03   1.9999730e-02
   8.6733000e+03   1.0000032e-02
   9.3748400e+03   0.0000000e+00
   1.0133100e+04   1.9999715e-02
   1.0952700e+04   9.9999506e-03
   1.1838600e+04   1.0000408e-02
   1.2796200e+04   9.9998699e-03
   1.3831200e+04   0.0000000e+00
   1.4949900e+04   0.0000000e+00
   1.6159200e+04   0.0000000e+00
   1.7466200e+04   9.9996981e-03
   1.8878900e+04   0.0000000e+00
   2.0405900e+04   0.0000000e+00
   2.2056500e+04   9.9998730e-03
   2.3840500e+04   0.0000000e+00
   2.5768800e+04   2.0000047e-02
   2.7853100e+04   1.0000082e-02
   3.0106000e+04   0.0000000e+00
   3.2541100e+04   0.0000000e+00
   3.5173200e+04   9.9997951e-03
   3.8018100e+04   1.0000071e-02
   4.1093200e+04   0.0000000e+00
   4.4417000e+04   0.0000000e+00
   4.8009600e+04   0.0000000e+00
   5.1892900e+04   0.0000000e+00
   5.6090200e+04   0.0000000e+00
   6.0627000e+04   0.0000000e+00
   6.5530800e+04   9.9999467e-03
   7.0831200e+04   0.0000000e+00
   7.6560400e+04   0.0000000e+00
   8.2752900e+04   0.0000000e+00
   8.9446300e+04   0.0000000e+00
   9.6681100e+04   0.0000000e+00
   1.0450100e+05   0.0000000e+00
   1.1295400e+05   0.0000000e+00
   1.2209000e+05   0.0000000e+00
   1.3196500e+05   0.0000000e+00
   1.4263900e+05   0.0000000e+00
   1.5417600e+05   0.0000000e+00
   1.6664700e+05   0.0000000e+00
   1.8012600e+05   0.0000000e+00
   1.9469500e+05   0.0000000e+00
   2.1044300e+05   1.0000255e-02
   2.2746500e+05   0.0000000e+00
   2.4586300e+05   9.9997546e-03
   2.6574900e+05   1.0000011e-02
