   1.3244000e+02   1.0000337e-02
   1.4350500e+02   0.0000000e+00
   1.5549400e+02   9.9995201e-03
   1.6848400e+02   0.0000000e+00
   1.8256000e+02   1.0000081e-02
   1.9781200e+02   1.9999930e-02
   2.1433800e+02   0.0000000e+00
   2.3224500e+02   0.0000000e+00
   2.5164800e+02   0.0000000e+00
   2.7267200e+02   0.0000000e+00
   2.9545200e+02   1.9999722e-02
   3.2013500e+02   1.0000196e-02
   3.4688100e+02   3.0000096e-02
   3.7586100e+02   0.0000000e+00
   4.0726200e+02   2.9999641e-02
   4.4128600e+02   3.9999958e-02
   4.7815300e+02   5.9999995e-02
   5.1810000e+02   9.9999458e-03
   5.6138400e+02   2.0000228e-02
   6.0828500e+02   4.9999271e-02
   6.5910300e+02   5.0000562e-02
   7.1416800e+02   9.9998654e-03
   7.7383200e+02   1.0000127e-02
   8.3848200e+02   1.9999905e-02
   9.0853200e+02   1.0000068e-02
   9.8443500e+02   2.0000257e-02
   1.0666800e+03   2.9998347e-02
   1.1557900e+03   1.9999990e-02
   1.2523500e+03   1.0000274e-02
   1.3569800e+03   3.0000536e-02
   1.4703500e+03   0.0000000e+00
   1.5931900e+03   2.9999542e-02
   1.7262900e+03   1.9999709e-02
   1.8705100e+03   1.9999903e-02
   2.0267800e+03   1.0000223e-02
   2.1961100e+03   9.9998672e-03
   2.3795800e+03   2.9999914e-02
   2.5783800e+03   2.0000065e-02
   2.7937900e+03   0.0000000e+00
   3.0272000e+03   2.9999251e-02
   3.2801000e+03   2.0000426e-02
   3.5541400e+03   0.0000000e+00
   3.8510700e+03   1.9999702e-02
   4.1728000e+03   1.9999791e-02
   4.5214100e+03   1.0000024e-02
   4.8991500e+03   2.0000158e-02
   5.3084500e+03   0.0000000e+00
   5.7519400e+03   1.9999931e-02
   6.2324800e+03   0.0000000e+00
   6.7531700e+03   9.9999857e-03
   7.3173600e+03   0.0000000e+00
   7.9286800e+03   0.0000000e+00
   8.5910800e+03   1.0000056e-02
   9.3088200e+03   1.9999519e-02
   1.0086500e+04   0.0000000e+00
   1.0929200e+04   0.0000000e+00
   1.1842300e+04   9.9994487e-03
   1.2831600e+04   9.9999162e-03
   1.3903600e+04   2.0000545e-02
   1.5065200e+04   9.9999042e-03
   1.6323800e+04   1.0000282e-02
   1.7687600e+04   1.0000024e-02
   1.9165300e+04   0.0000000e+00
   2.0766400e+04   0.0000000e+00
   2.2501300e+04   1.0000222e-02
   2.4381200e+04   0.0000000e+00
   2.6418100e+04   1.0000083e-02
   2.8625200e+04   1.0000105e-02
   3.1016700e+04   9.9997517e-03
   3.3607900e+04   0.0000000e+00
   3.6415700e+04   0.0000000e+00
   3.9458000e+04   0.0000000e+00
   4.2754500e+04   0.0000000e+00
   4.6326400e+04   0.0000000e+00
   5.0196700e+04   0.0000000e+00
   5.4390300e+04   0.0000000e+00
   5.8934300e+04   0.0000000e+00
   6.3858000e+04   0.0000000e+00
   6.9193000e+04   9.9998599e-03
   7.4973600e+04   0.0000000e+00
   8.1237300e+04   0.0000000e+00
   8.8024200e+04   9.9999803e-03
   9.5378100e+04   9.9994755e-03
   1.0334600e+05   0.0000000e+00
   1.1198000e+05   0.0000000e+00
   1.2133600e+05   0.0000000e+00
   1.3147300e+05   0.0000000e+00
   1.4245600e+05   0.0000000e+00
   1.5435800e+05   0.0000000e+00
   1.6725400e+05   0.0000000e+00
   1.8122700e+05   0.0000000e+00
   1.9636700e+05   0.0000000e+00
   2.1277300e+05   0.0000000e+00
   2.3054800e+05   0.0000000e+00
   2.4981000e+05   0.0000000e+00
   2.7068000e+05   0.0000000e+00
   2.9329300e+05   0.0000000e+00
   3.1779600e+05   0.0000000e+00
   3.4434700e+05   9.9999294e-03
