   1.0490900e+02   9.9994986e-03
   1.1341400e+02   0.0000000e+00
   1.2260900e+02   1.0000547e-02
   1.3255000e+02   0.0000000e+00
   1.4329600e+02   0.0000000e+00
   1.5491400e+02   0.0000000e+00
   1.6747300e+02   1.0000156e-02
   1.8105100e+02   2.0000578e-02
   1.9573000e+02   9.9995852e-03
   2.1159800e+02   2.0000979e-02
   2.2875400e+02   9.9999661e-03
   2.4730000e+02   0.0000000e+00
   2.6734900e+02   1.9999826e-02
   2.8902400e+02   1.0000220e-02
   3.1245700e+02   2.9999674e-02
   3.3778900e+02   9.9999705e-03
   3.6517500e+02   3.0000773e-02
   3.9478200e+02   3.9999178e-02
   4.2678800e+02   3.0000349e-02
   4.6139000e+02   1.0000013e-02
   4.9879700e+02   5.0000420e-02
   5.3923700e+02   1.9999848e-02
   5.8295500e+02   5.0000473e-02
   6.3021800e+02   3.9999602e-02
   6.8131200e+02   4.0000039e-02
   7.3654900e+02   2.9999861e-02
   7.9626400e+02   2.0000081e-02
   8.6082100e+02   0.0000000e+00
   9.3061200e+02   9.9998779e-03
   1.0060600e+03   1.0000482e-02
   1.0876300e+03   2.9997021e-02
   1.1758000e+03   1.0000212e-02
   1.2711300e+03   3.0001075e-02
   1.3741900e+03   1.9999766e-02
   1.4856000e+03   2.9998954e-02
   1.6060400e+03   0.0000000e+00
   1.7362500e+03   2.0000602e-02
   1.8770200e+03   1.0000113e-02
   2.0292000e+03   9.9996416e-03
   2.1937100e+03   0.0000000e+00
   2.3715700e+03   0.0000000e+00
   2.5638400e+03   2.9999810e-02
   2.7717000e+03   0.0000000e+00
   2.9964200e+03   0.0000000e+00
   3.2393500e+03   2.0000115e-02
   3.5019800e+03   0.0000000e+00
   3.7859000e+03   1.0000013e-02
   4.0928400e+03   2.9999581e-02
   4.4246600e+03   1.0000101e-02
   4.7833900e+03   1.9999982e-02
   5.1712000e+03   2.9999853e-02
   5.5904500e+03   2.0000336e-02
   6.0437000e+03   9.9998058e-03
   6.5336800e+03   0.0000000e+00
   7.0634000e+03   9.9999607e-03
   7.6360600e+03   2.0000012e-02
   8.2551500e+03   9.9999802e-03
   8.9244300e+03   0.0000000e+00
   9.6479700e+03   0.0000000e+00
   1.0430200e+04   9.9997274e-03
   1.1275800e+04   0.0000000e+00
   1.2190000e+04   1.0000015e-02
   1.3178300e+04   0.0000000e+00
   1.4246700e+04   0.0000000e+00
   1.5401700e+04   0.0000000e+00
   1.6650400e+04   9.9998297e-03
   1.8000300e+04   0.0000000e+00
   1.9459700e+04   0.0000000e+00
   2.1037400e+04   1.0000035e-02
   2.2743000e+04   0.0000000e+00
   2.4586900e+04   0.0000000e+00
   2.6580200e+04   1.0000105e-02
   2.8735200e+04   1.0000051e-02
   3.1064900e+04   0.0000000e+00
   3.3583500e+04   0.0000000e+00
   3.6306200e+04   0.0000000e+00
   3.9249700e+04   0.0000000e+00
   4.2431900e+04   0.0000000e+00
   4.5872000e+04   0.0000000e+00
   4.9591100e+04   0.0000000e+00
   5.3611600e+04   0.0000000e+00
   5.7958200e+04   0.0000000e+00
   6.2657100e+04   0.0000000e+00
   6.7737000e+04   0.0000000e+00
   7.3228700e+04   0.0000000e+00
   7.9165700e+04   0.0000000e+00
   8.5584000e+04   0.0000000e+00
   9.2522700e+04   0.0000000e+00
   1.0002400e+05   0.0000000e+00
   1.0813300e+05   1.0000166e-02
   1.1690000e+05   0.0000000e+00
   1.2637800e+05   0.0000000e+00
   1.3662400e+05   0.0000000e+00
   1.4770000e+05   0.0000000e+00
   1.5967500e+05   0.0000000e+00
   1.7262100e+05   0.0000000e+00
   1.8661600e+05   0.0000000e+00
   2.0174600e+05   0.0000000e+00
   2.1810200e+05   0.0000000e+00
