   1.8378300e+02   1.0000108e-02
   1.9795800e+02   9.9999140e-03
   2.1322600e+02   0.0000000e+00
   2.2967200e+02   0.0000000e+00
   2.4738600e+02   0.0000000e+00
   2.6646600e+02   1.9999953e-02
   2.8701800e+02   2.0000731e-02
   3.0915600e+02   1.9999513e-02
   3.3300000e+02   0.0000000e+00
   3.5868400e+02   3.9999101e-02
   3.8634800e+02   4.0000986e-02
   4.1614700e+02   0.0000000e+00
   4.4824300e+02   1.0000240e-02
   4.8281600e+02   1.9999636e-02
   5.2005400e+02   1.0000033e-02
   5.6016500e+02   0.0000000e+00
   6.0337000e+02   9.9998418e-03
   6.4990600e+02   0.0000000e+00
   7.0003200e+02   2.0000303e-02
   7.5402500e+02   0.0000000e+00
   8.1218100e+02   3.9999986e-02
   8.7482300e+02   0.0000000e+00
   9.4229600e+02   9.9995064e-03
   1.0149700e+03   2.0001764e-02
   1.0932600e+03   9.9999304e-03
   1.1775800e+03   3.9998036e-02
   1.2684000e+03   5.0000228e-02
   1.3662300e+03   2.0001019e-02
   1.4716100e+03   2.9999412e-02
   1.5851100e+03   4.0001149e-02
   1.7073700e+03   9.9995553e-03
   1.8390500e+03   1.9999582e-02
   1.9808900e+03   3.0001386e-02
   2.1336800e+03   1.9999141e-02
   2.2982400e+03   0.0000000e+00
   2.4755000e+03   9.9999587e-03
   2.6664300e+03   0.0000000e+00
   2.8720900e+03   4.0000088e-02
   3.0936100e+03   9.9998214e-03
   3.3322100e+03   0.0000000e+00
   3.5892200e+03   1.9999999e-02
   3.8660500e+03   9.9999732e-03
   4.1642300e+03   4.0000078e-02
   4.4854100e+03   9.9999615e-03
   4.8313600e+03   1.0000167e-02
   5.2040000e+03   9.9998927e-03
   5.6053700e+03   0.0000000e+00
   6.0377000e+03   0.0000000e+00
   6.5033800e+03   0.0000000e+00
   7.0049700e+03   1.9999977e-02
   7.5452500e+03   3.9999926e-02
   8.1272000e+03   2.0000145e-02
   8.7540400e+03   0.0000000e+00
   9.4292200e+03   1.0000318e-02
   1.0156500e+04   1.9998746e-02
   1.0939800e+04   1.0000380e-02
   1.1783600e+04   9.9995264e-03
   1.2692400e+04   0.0000000e+00
   1.3671400e+04   0.0000000e+00
   1.4725800e+04   1.0000208e-02
   1.5861600e+04   2.0000388e-02
   1.7085000e+04   0.0000000e+00
   1.8402700e+04   0.0000000e+00
   1.9822100e+04   0.0000000e+00
   2.1350900e+04   0.0000000e+00
   2.2997700e+04   0.0000000e+00
   2.4771500e+04   2.9998862e-02
   2.6682000e+04   0.0000000e+00
   2.8740000e+04   0.0000000e+00
   3.0956600e+04   1.0000308e-02
   3.3344300e+04   0.0000000e+00
   3.5916000e+04   2.0000456e-02
   3.8686200e+04   0.0000000e+00
   4.1670000e+04   0.0000000e+00
   4.4883900e+04   9.9999632e-03
   4.8345700e+04   0.0000000e+00
   5.2074500e+04   0.0000000e+00
   5.6090900e+04   0.0000000e+00
   6.0417100e+04   0.0000000e+00
   6.5077000e+04   1.0000052e-02
   7.0096300e+04   0.0000000e+00
   7.5502600e+04   0.0000000e+00
   8.1326000e+04   0.0000000e+00
   8.7598500e+04   0.0000000e+00
   9.4354900e+04   0.0000000e+00
   1.0163200e+05   0.0000000e+00
   1.0947100e+05   0.0000000e+00
   1.1791400e+05   0.0000000e+00
   1.2700900e+05   0.0000000e+00
   1.3680500e+05   1.9999104e-02
   1.4735600e+05   0.0000000e+00
   1.5872200e+05   0.0000000e+00
   1.7096300e+05   0.0000000e+00
   1.8415000e+05   0.0000000e+00
   1.9835300e+05   0.0000000e+00
   2.1365100e+05   0.0000000e+00
   2.3013000e+05   0.0000000e+00
   2.4787900e+05   0.0000000e+00
   2.6699800e+05   9.9999814e-03
