   2.1751600e+02   2.0000314e-02
   2.3999200e+02   0.0000000e+00
   2.6479000e+02   1.9999722e-02
   2.9215000e+02   6.0001065e-02
   3.2233800e+02   3.9999174e-02
   3.5564400e+02   0.0000000e+00
   3.9239300e+02   9.9998972e-03
   4.3293800e+02   3.0000051e-02
   4.7767300e+02   2.9999826e-02
   5.2703000e+02   1.9999878e-02
   5.8148700e+02   3.0000320e-02
   6.4157200e+02   3.0000102e-02
   7.0786500e+02   2.9999703e-02
   7.8100700e+02   5.0000322e-02
   8.6170800e+02   0.0000000e+00
   9.5074700e+02   5.0001856e-02
   1.0489900e+03   3.9999920e-02
   1.1573800e+03   9.9999843e-03
   1.2769700e+03   9.9994423e-03
   1.4089100e+03   3.0001877e-02
   1.5545000e+03   4.9998757e-02
   1.7151200e+03   2.9999802e-02
   1.8923400e+03   1.9999786e-02
   2.0878700e+03   3.0000373e-02
   2.3036100e+03   1.0000045e-02
   2.5416400e+03   9.9998343e-03
   2.8042600e+03   0.0000000e+00
   3.0940200e+03   0.0000000e+00
   3.4137300e+03   9.9998250e-03
   3.7664600e+03   0.0000000e+00
   4.1556400e+03   2.0000121e-02
   4.5850400e+03   1.0000100e-02
   5.0588100e+03   3.9999998e-02
   5.5815300e+03   1.9999958e-02
   6.1582600e+03   1.0000053e-02
   6.7945900e+03   9.9999340e-03
   7.4966600e+03   0.0000000e+00
   8.2712800e+03   5.0000003e-02
   9.1259400e+03   0.0000000e+00
   1.0068900e+04   2.9999830e-02
   1.1109300e+04   9.9998964e-03
   1.2257200e+04   1.0000605e-02
   1.3523800e+04   9.9993443e-03
   1.4921100e+04   2.0000230e-02
   1.6462900e+04   0.0000000e+00
   1.8164000e+04   0.0000000e+00
   2.0040900e+04   1.0000017e-02
   2.2111700e+04   1.0000135e-02
   2.4396500e+04   0.0000000e+00
   2.6917300e+04   0.0000000e+00
   2.9698600e+04   1.0000268e-02
   3.2767400e+04   0.0000000e+00
   3.6153200e+04   0.0000000e+00
   3.9888800e+04   0.0000000e+00
   4.4010500e+04   0.0000000e+00
   4.8558000e+04   0.0000000e+00
   5.3575500e+04   0.0000000e+00
   5.9111300e+04   0.0000000e+00
   6.5219200e+04   0.0000000e+00
   7.1958300e+04   0.0000000e+00
   7.9393600e+04   0.0000000e+00
   8.7597200e+04   0.0000000e+00
   9.6648600e+04   9.9998816e-03
   1.0663500e+05   1.0000481e-02
   1.1765400e+05   0.0000000e+00
   1.2981100e+05   9.9998878e-03
   1.4322400e+05   0.0000000e+00
   1.5802300e+05   0.0000000e+00
   1.7435100e+05   0.0000000e+00
   1.9236700e+05   0.0000000e+00
   2.1224400e+05   0.0000000e+00
   2.3417400e+05   1.0000039e-02
   2.5837100e+05   0.0000000e+00
   2.8506900e+05   0.0000000e+00
   3.1452400e+05   0.0000000e+00
   3.4702400e+05   0.0000000e+00
   3.8288100e+05   0.0000000e+00
   4.2244400e+05   9.9998658e-03
   4.6609400e+05   0.0000000e+00
   5.1425500e+05   0.0000000e+00
   5.6739300e+05   0.0000000e+00
   6.2602000e+05   0.0000000e+00
   6.9070600e+05   0.0000000e+00
   7.6207600e+05   0.0000000e+00
   8.4082000e+05   0.0000000e+00
   9.2770100e+05   0.0000000e+00
   1.0235600e+06   0.0000000e+00
   1.1293200e+06   0.0000000e+00
   1.2460100e+06   0.0000000e+00
   1.3747600e+06   0.0000000e+00
   1.5168200e+06   0.0000000e+00
   1.6735500e+06   0.0000000e+00
   1.8464700e+06   0.0000000e+00
   2.0372600e+06   0.0000000e+00
   2.2477700e+06   0.0000000e+00
   2.4800300e+06   0.0000000e+00
   2.7362900e+06   0.0000000e+00
   3.0190300e+06   0.0000000e+00
   3.3309800e+06   9.9998401e-03
