   1.6073500e+02   2.9999310e-02
   1.7377200e+02   1.0000163e-02
   1.8786700e+02   2.0000027e-02
   2.0310500e+02   0.0000000e+00
   2.1957900e+02   2.9999698e-02
   2.3738900e+02   0.0000000e+00
   2.5664400e+02   0.0000000e+00
   2.7746000e+02   5.0000034e-02
   2.9996500e+02   4.0000894e-02
   3.2429600e+02   5.0000221e-02
   3.5060000e+02   1.9999714e-02
   3.7903700e+02   4.0000096e-02
   4.0978100e+02   0.0000000e+00
   4.4301900e+02   2.9999527e-02
   4.7895200e+02   1.9999922e-02
   5.1780000e+02   4.0000800e-02
   5.5980000e+02   3.9999353e-02
   6.0520500e+02   5.0000583e-02
   6.5429400e+02   9.9999270e-03
   7.0736400e+02   0.0000000e+00
   7.6473900e+02   1.0000067e-02
   8.2676800e+02   3.9999553e-02
   8.9382700e+02   0.0000000e+00
   9.6632600e+02   1.0000623e-02
   1.0447100e+03   2.9997555e-02
   1.1294400e+03   0.0000000e+00
   1.2210500e+03   0.0000000e+00
   1.3200900e+03   4.0002411e-02
   1.4271700e+03   1.0000124e-02
   1.5429300e+03   1.9998749e-02
   1.6680700e+03   1.0000104e-02
   1.8033700e+03   0.0000000e+00
   1.9496400e+03   2.0000440e-02
   2.1077800e+03   9.9997923e-03
   2.2787400e+03   1.0000509e-02
   2.4635800e+03   1.9999784e-02
   2.6634000e+03   9.9999855e-03
   2.8794300e+03   2.9999731e-02
   3.1129800e+03   2.0000298e-02
   3.3654800e+03   9.9997646e-03
   3.6384500e+03   2.0000164e-02
   3.9335700e+03   2.0000340e-02
   4.2526300e+03   1.9999800e-02
   4.5975600e+03   1.9999946e-02
   4.9704700e+03   1.0000021e-02
   5.3736300e+03   0.0000000e+00
   5.8094900e+03   0.0000000e+00
   6.2807000e+03   0.0000000e+00
   6.7901300e+03   0.0000000e+00
   7.3408800e+03   0.0000000e+00
   7.9363100e+03   0.0000000e+00
   8.5800300e+03   0.0000000e+00
   9.2759600e+03   0.0000000e+00
   1.0028300e+04   0.0000000e+00
   1.0841700e+04   0.0000000e+00
   1.1721100e+04   9.9999379e-03
   1.2671800e+04   0.0000000e+00
   1.3699700e+04   0.0000000e+00
   1.4810800e+04   1.0000682e-02
   1.6012200e+04   0.0000000e+00
   1.7310900e+04   0.0000000e+00
   1.8715000e+04   0.0000000e+00
   2.0233000e+04   9.9999116e-03
   2.1874100e+04   1.0000416e-02
   2.3648400e+04   1.9999645e-02
   2.5566500e+04   1.9999841e-02
   2.7640200e+04   9.9999277e-03
   2.9882100e+04   0.0000000e+00
   3.2305900e+04   0.0000000e+00
   3.4926200e+04   0.0000000e+00
   3.7759100e+04   0.0000000e+00
   4.0821800e+04   0.0000000e+00
   4.4132900e+04   0.0000000e+00
   4.7712500e+04   0.0000000e+00
   5.1582500e+04   0.0000000e+00
   5.5766400e+04   1.0000112e-02
   6.0289700e+04   0.0000000e+00
   6.5179800e+04   0.0000000e+00
   7.0466600e+04   0.0000000e+00
   7.6182200e+04   0.0000000e+00
   8.2361400e+04   0.0000000e+00
   8.9041800e+04   0.0000000e+00
   9.6264000e+04   0.0000000e+00
   1.0407200e+05   0.0000000e+00
   1.1251300e+05   0.0000000e+00
   1.2163900e+05   0.0000000e+00
   1.3150600e+05   0.0000000e+00
   1.4217200e+05   0.0000000e+00
   1.5370400e+05   0.0000000e+00
   1.6617100e+05   9.9998134e-03
   1.7964900e+05   0.0000000e+00
   1.9422100e+05   9.9997524e-03
   2.0997400e+05   0.0000000e+00
   2.2700500e+05   0.0000000e+00
   2.4541800e+05   0.0000000e+00
   2.6532400e+05   0.0000000e+00
   2.8684400e+05   0.0000000e+00
   3.1011100e+05   0.0000000e+00
   3.3526400e+05   0.0000000e+00
