   2.3943200e+02   1.9999696e-02
   2.5996500e+02   1.0000355e-02
   2.8226000e+02   0.0000000e+00
   3.0646600e+02   9.9999856e-03
   3.3274800e+02   0.0000000e+00
   3.6128400e+02   0.0000000e+00
   3.9226700e+02   0.0000000e+00
   4.2590700e+02   0.0000000e+00
   4.6243200e+02   1.0000122e-02
   5.0209000e+02   2.9999714e-02
   5.4514800e+02   2.9999976e-02
   5.9189900e+02   1.9999897e-02
   6.4265900e+02   4.0000418e-02
   6.9777300e+02   4.0000108e-02
   7.5761300e+02   4.9999538e-02
   8.2258400e+02   0.0000000e+00
   8.9312800e+02   1.9999964e-02
   9.6972100e+02   7.9997378e-02
   1.0528800e+03   1.0000725e-02
   1.1431800e+03   0.0000000e+00
   1.2412100e+03   0.0000000e+00
   1.3476600e+03   1.9999504e-02
   1.4632300e+03   9.9996518e-03
   1.5887100e+03   2.0000683e-02
   1.7249600e+03   1.9999988e-02
   1.8728900e+03   2.0000563e-02
   2.0335100e+03   1.9999917e-02
   2.2079000e+03   2.9999030e-02
   2.3972400e+03   1.0000309e-02
   2.6028300e+03   2.9999424e-02
   2.8260400e+03   3.0000533e-02
   3.0684000e+03   9.9999778e-03
   3.3315400e+03   2.9999357e-02
   3.6172400e+03   1.0000023e-02
   3.9274500e+03   2.0000473e-02
   4.2642700e+03   9.9998296e-03
   4.6299600e+03   1.0000036e-02
   5.0270200e+03   0.0000000e+00
   5.4581300e+03   9.9999675e-03
   5.9262100e+03   3.9999811e-02
   6.4344300e+03   1.0000066e-02
   6.9862400e+03   2.0000038e-02
   7.5853700e+03   0.0000000e+00
   8.2358800e+03   0.0000000e+00
   8.9421700e+03   3.0000108e-02
   9.7090400e+03   1.0000330e-02
   1.0541700e+04   3.9998384e-02
   1.1445700e+04   0.0000000e+00
   1.2427300e+04   1.9999246e-02
   1.3493000e+04   0.0000000e+00
   1.4650200e+04   9.9994193e-03
   1.5906500e+04   0.0000000e+00
   1.7270600e+04   0.0000000e+00
   1.8751700e+04   0.0000000e+00
   2.0359900e+04   9.9998309e-03
   2.2105900e+04   0.0000000e+00
   2.4001700e+04   0.0000000e+00
   2.6060000e+04   0.0000000e+00
   2.8294900e+04   9.9998977e-03
   3.0721400e+04   0.0000000e+00
   3.3356000e+04   0.0000000e+00
   3.6216600e+04   0.0000000e+00
   3.9322400e+04   1.0000218e-02
   4.2694700e+04   3.9999697e-02
   4.6356100e+04   0.0000000e+00
   5.0331500e+04   0.0000000e+00
   5.4647900e+04   9.9999600e-03
   5.9334400e+04   9.9999781e-03
   6.4422800e+04   9.9999985e-03
   6.9947600e+04   1.0000026e-02
   7.5946200e+04   0.0000000e+00
   8.2459200e+04   0.0000000e+00
   8.9530800e+04   0.0000000e+00
   9.7208800e+04   9.9996887e-03
   1.0554500e+05   0.0000000e+00
   1.1459700e+05   0.0000000e+00
   1.2442400e+05   0.0000000e+00
   1.3509500e+05   0.0000000e+00
   1.4668000e+05   0.0000000e+00
   1.5925900e+05   0.0000000e+00
   1.7291700e+05   0.0000000e+00
   1.8774600e+05   0.0000000e+00
   2.0384700e+05   0.0000000e+00
   2.2132900e+05   0.0000000e+00
   2.4030900e+05   0.0000000e+00
   2.6091800e+05   0.0000000e+00
   2.8329400e+05   0.0000000e+00
   3.0758900e+05   0.0000000e+00
   3.3396700e+05   0.0000000e+00
   3.6260700e+05   0.0000000e+00
   3.9370400e+05   0.0000000e+00
   4.2746800e+05   0.0000000e+00
   4.6412600e+05   0.0000000e+00
   5.0392900e+05   0.0000000e+00
   5.4714500e+05   0.0000000e+00
   5.9406800e+05   9.9999356e-03
   6.4501400e+05   0.0000000e+00
   7.0032900e+05   0.0000000e+00
   7.6038800e+05   0.0000000e+00
