   2.6281500e+02   2.9999732e-02
   2.9846700e+02   1.0000054e-02
   3.3895600e+02   3.9999746e-02
   3.8493700e+02   5.0000110e-02
   4.3715600e+02   1.0000028e-02
   4.9645900e+02   1.9999904e-02
   5.6380600e+02   2.0000107e-02
   6.4029000e+02   1.9999836e-02
   7.2714800e+02   2.0000060e-02
   8.2579000e+02   2.9999983e-02
   9.3781300e+02   2.9999422e-02
   1.0650300e+03   2.0000366e-02
   1.2095100e+03   4.0000735e-02
   1.3735900e+03   3.9998902e-02
   1.5599200e+03   3.9999580e-02
   1.7715300e+03   1.0000052e-02
   2.0118500e+03   1.0000034e-02
   2.2847700e+03   4.9999521e-02
   2.5947100e+03   4.0000144e-02
   2.9467000e+03   4.0000383e-02
   3.3464400e+03   0.0000000e+00
   3.8004000e+03   5.0000411e-02
   4.3159500e+03   1.9999938e-02
   4.9014300e+03   3.0000141e-02
   5.5663400e+03   2.9999821e-02
   6.3214400e+03   2.0000062e-02
   7.1789800e+03   3.0000065e-02
   8.1528500e+03   1.0000006e-02
   9.2588300e+03   1.9999313e-02
   1.0514800e+04   1.0000020e-02
   1.1941200e+04   2.0000095e-02
   1.3561100e+04   1.0000296e-02
   1.5400800e+04   0.0000000e+00
   1.7490000e+04   9.9999396e-03
   1.9862600e+04   0.0000000e+00
   2.2557100e+04   1.0000019e-02
   2.5617100e+04   1.0000017e-02
   2.9092200e+04   9.9999574e-03
   3.3038700e+04   0.0000000e+00
   3.7520600e+04   9.9998283e-03
   4.2610400e+04   0.0000000e+00
   4.8390800e+04   2.0000062e-02
   5.4955300e+04   9.9999879e-03
   6.2410300e+04   9.9999702e-03
   7.0876600e+04   9.9999689e-03
   8.0491400e+04   9.9999957e-03
   9.1410500e+04   3.0000406e-02
   1.0381100e+05   0.0000000e+00
   1.1789300e+05   0.0000000e+00
   1.3388600e+05   0.0000000e+00
   1.5204900e+05   0.0000000e+00
   1.7267500e+05   0.0000000e+00
   1.9609900e+05   0.0000000e+00
   2.2270100e+05   1.0000113e-02
   2.5291200e+05   1.0000010e-02
   2.8722100e+05   0.0000000e+00
   3.2618400e+05   0.0000000e+00
   3.7043200e+05   0.0000000e+00
   4.2068400e+05   0.0000000e+00
   4.7775200e+05   0.0000000e+00
   5.4256200e+05   0.0000000e+00
   6.1616300e+05   9.9999783e-03
   6.9974900e+05   0.0000000e+00
   7.9467400e+05   0.0000000e+00
   9.0247600e+05   0.0000000e+00
   1.0249000e+06   0.0000000e+00
   1.1639400e+06   0.0000000e+00
   1.3218300e+06   0.0000000e+00
   1.5011400e+06   0.0000000e+00
   1.7047800e+06   0.0000000e+00
   1.9360500e+06   0.0000000e+00
   2.1986800e+06   0.0000000e+00
   2.4969400e+06   0.0000000e+00
   2.8356700e+06   0.0000000e+00
   3.2203400e+06   0.0000000e+00
   3.6572000e+06   0.0000000e+00
   4.1533200e+06   0.0000000e+00
   4.7167400e+06   0.0000000e+00
   5.3565900e+06   0.0000000e+00
   6.0832500e+06   0.0000000e+00
   6.9084700e+06   0.0000000e+00
   7.8456500e+06   0.0000000e+00
   8.9099500e+06   0.0000000e+00
   1.0118600e+07   0.0000000e+00
   1.1491300e+07   0.0000000e+00
   1.3050100e+07   0.0000000e+00
   1.4820500e+07   0.0000000e+00
   1.6831000e+07   0.0000000e+00
   1.9114200e+07   0.0000000e+00
   2.1707100e+07   0.0000000e+00
   2.4651800e+07   0.0000000e+00
   2.7996000e+07   0.0000000e+00
   3.1793800e+07   0.0000000e+00
   3.6106800e+07   0.0000000e+00
   4.1004800e+07   0.0000000e+00
   4.6567400e+07   0.0000000e+00
   5.2884500e+07   0.0000000e+00
   6.0058600e+07   0.0000000e+00
   6.8205900e+07   1.0000009e-02
