   1.4677300e+02   9.9996867e-03
   1.5931000e+02   2.0001011e-02
   1.7291900e+02   1.0000144e-02
   1.8769000e+02   9.9996875e-03
   2.0372200e+02   1.9999945e-02
   2.2112400e+02   4.0001046e-02
   2.4001300e+02   1.9999074e-02
   2.6051400e+02   0.0000000e+00
   2.8276800e+02   1.9999898e-02
   3.0692200e+02   2.9999589e-02
   3.3313900e+02   3.0000223e-02
   3.6159600e+02   3.0000341e-02
   3.9248400e+02   1.9999935e-02
   4.2601000e+02   3.0000062e-02
   4.6240000e+02   1.9999812e-02
   5.0189800e+02   3.9999705e-02
   5.4477000e+02   1.0000092e-02
   5.9130500e+02   1.9999796e-02
   6.4181400e+02   3.9999974e-02
   6.9663800e+02   0.0000000e+00
   7.5614500e+02   3.0000388e-02
   8.2073600e+02   9.9999223e-03
   8.9084300e+02   1.0000004e-02
   9.6693900e+02   1.0000586e-02
   1.0495400e+03   4.9999060e-02
   1.1391900e+03   0.0000000e+00
   1.2365000e+03   9.9998059e-03
   1.3421200e+03   0.0000000e+00
   1.4567600e+03   3.0000617e-02
   1.5812000e+03   1.0000245e-02
   1.7162700e+03   9.9997179e-03
   1.8628700e+03   2.0000413e-02
   2.0220000e+03   1.0000004e-02
   2.1947200e+03   9.9997998e-03
   2.3821900e+03   2.0000238e-02
   2.5856800e+03   1.0000022e-02
   2.8065500e+03   1.0000155e-02
   3.0462900e+03   1.9999637e-02
   3.3065000e+03   0.0000000e+00
   3.5889400e+03   1.0000037e-02
   3.8955100e+03   2.0000240e-02
   4.2282700e+03   0.0000000e+00
   4.5894500e+03   9.9999404e-03
   4.9814800e+03   1.9999993e-02
   5.4070000e+03   0.0000000e+00
   5.8688700e+03   0.0000000e+00
   6.3701900e+03   3.9999731e-02
   6.9143300e+03   1.0000075e-02
   7.5049600e+03   9.9999227e-03
   8.1460300e+03   0.0000000e+00
   8.8418700e+03   2.0000117e-02
   9.5971500e+03   9.9994745e-03
   1.0416900e+04   0.0000000e+00
   1.1306800e+04   9.9997000e-03
   1.2272600e+04   1.9999467e-02
   1.3320900e+04   0.0000000e+00
   1.4458800e+04   2.0000468e-02
   1.5693900e+04   0.0000000e+00
   1.7034400e+04   0.0000000e+00
   1.8489500e+04   0.0000000e+00
   2.0068900e+04   1.0000043e-02
   2.1783200e+04   9.9998484e-03
   2.3643900e+04   1.0000141e-02
   2.5663600e+04   0.0000000e+00
   2.7855800e+04   0.0000000e+00
   3.0235200e+04   0.0000000e+00
   3.2818000e+04   0.0000000e+00
   3.5621300e+04   0.0000000e+00
   3.8664100e+04   0.0000000e+00
   4.1966800e+04   0.0000000e+00
   4.5551600e+04   0.0000000e+00
   4.9442600e+04   0.0000000e+00
   5.3666000e+04   0.0000000e+00
   5.8250200e+04   9.9999131e-03
   6.3225900e+04   0.0000000e+00
   6.8626700e+04   9.9999805e-03
   7.4488800e+04   0.0000000e+00
   8.0851700e+04   1.0000053e-02
   8.7758100e+04   0.0000000e+00
   9.5254400e+04   0.0000000e+00
   1.0339100e+05   0.0000000e+00
   1.1222300e+05   0.0000000e+00
   1.2180900e+05   2.0000075e-02
   1.3221400e+05   1.0000227e-02
   1.4350800e+05   0.0000000e+00
   1.5576600e+05   0.0000000e+00
   1.6907200e+05   0.0000000e+00
   1.8351400e+05   0.0000000e+00
   1.9919000e+05   9.9995021e-03
   2.1620400e+05   0.0000000e+00
   2.3467300e+05   0.0000000e+00
   2.5471800e+05   0.0000000e+00
   2.7647700e+05   0.0000000e+00
   3.0009300e+05   0.0000000e+00
   3.2572700e+05   0.0000000e+00
   3.5355100e+05   0.0000000e+00
   3.8375200e+05   0.0000000e+00
   4.1653200e+05   0.0000000e+00
   4.5211200e+05   0.0000000e+00
