   1.4668000e+02   1.9999949e-02
   1.5961800e+02   0.0000000e+00
   1.7369700e+02   1.0000547e-02
   1.8901900e+02   3.9998629e-02
   2.0569100e+02   1.9999755e-02
   2.2383400e+02   1.0000237e-02
   2.4357800e+02   0.0000000e+00
   2.6506300e+02   9.9999299e-03
   2.8844300e+02   0.0000000e+00
   3.1388600e+02   9.9997679e-03
   3.4157200e+02   2.0000173e-02
   3.7170100e+02   1.9999821e-02
   4.0448700e+02   0.0000000e+00
   4.4016500e+02   2.0000399e-02
   4.7899100e+02   5.0000340e-02
   5.2124100e+02   0.0000000e+00
   5.6721700e+02   9.9999959e-03
   6.1724900e+02   9.9999676e-03
   6.7169400e+02   2.0000170e-02
   7.3094200e+02   9.9999557e-03
   7.9541500e+02   1.0000047e-02
   8.6557600e+02   2.9999965e-02
   9.4192500e+02   4.0000775e-02
   1.0250100e+03   0.0000000e+00
   1.1154200e+03   1.0000360e-02
   1.2138100e+03   1.9999022e-02
   1.3208700e+03   0.0000000e+00
   1.4373800e+03   2.0000742e-02
   1.5641700e+03   1.0000079e-02
   1.7021400e+03   6.9996011e-02
   1.8522700e+03   2.0001060e-02
   2.0156600e+03   3.9999372e-02
   2.1934500e+03   0.0000000e+00
   2.3869200e+03   2.0000839e-02
   2.5974700e+03   9.9998954e-03
   2.8265800e+03   4.9999630e-02
   3.0759000e+03   1.9999779e-02
   3.3472100e+03   0.0000000e+00
   3.6424600e+03   1.9999584e-02
   3.9637400e+03   2.0000235e-02
   4.3133700e+03   1.9999717e-02
   4.6938300e+03   2.0000257e-02
   5.1078600e+03   2.9999747e-02
   5.5584000e+03   1.0000102e-02
   6.0486900e+03   0.0000000e+00
   6.5822200e+03   1.9999932e-02
   7.1628100e+03   9.9999409e-03
   7.7946100e+03   1.0000132e-02
   8.4821500e+03   1.9999856e-02
   9.2303200e+03   0.0000000e+00
   1.0044500e+04   0.0000000e+00
   1.0930500e+04   9.9996452e-03
   1.1894600e+04   1.0000219e-02
   1.2943800e+04   0.0000000e+00
   1.4085500e+04   1.9999534e-02
   1.5327900e+04   0.0000000e+00
   1.6680000e+04   0.0000000e+00
   1.8151200e+04   0.0000000e+00
   1.9752300e+04   0.0000000e+00
   2.1494500e+04   0.0000000e+00
   2.3390500e+04   0.0000000e+00
   2.5453700e+04   0.0000000e+00
   2.7698800e+04   0.0000000e+00
   3.0142100e+04   9.9999556e-03
   3.2800800e+04   0.0000000e+00
   3.5694000e+04   0.0000000e+00
   3.8842400e+04   2.0000374e-02
   4.2268600e+04   1.9999757e-02
   4.5996900e+04   0.0000000e+00
   5.0054100e+04   1.0000069e-02
   5.4469200e+04   0.0000000e+00
   5.9273700e+04   0.0000000e+00
   6.4502000e+04   9.9998601e-03
   7.0191400e+04   0.0000000e+00
   7.6382800e+04   1.9999905e-02
   8.3120200e+04   0.0000000e+00
   9.0451900e+04   0.0000000e+00
   9.8430300e+04   9.9994952e-03
   1.0711200e+05   0.0000000e+00
   1.1656000e+05   0.0000000e+00
   1.2684200e+05   9.9998120e-03
   1.3803000e+05   9.9999362e-03
   1.5020500e+05   0.0000000e+00
   1.6345400e+05   0.0000000e+00
   1.7787200e+05   0.0000000e+00
   1.9356100e+05   0.0000000e+00
   2.1063400e+05   0.0000000e+00
   2.2921300e+05   0.0000000e+00
   2.4943100e+05   0.0000000e+00
   2.7143300e+05   0.0000000e+00
   2.9537500e+05   0.0000000e+00
   3.2142900e+05   0.0000000e+00
   3.4978100e+05   0.0000000e+00
   3.8063300e+05   0.0000000e+00
   4.1420800e+05   0.0000000e+00
   4.5074300e+05   0.0000000e+00
   4.9050200e+05   0.0000000e+00
   5.3376700e+05   0.0000000e+00
   5.8084800e+05   0.0000000e+00
