   1.8462900e+02   9.9996223e-03
   1.9907500e+02   2.0000089e-02
   2.1465200e+02   0.0000000e+00
   2.3144800e+02   0.0000000e+00
   2.4955800e+02   1.9999944e-02
   2.6908500e+02   2.0000060e-02
   2.9014000e+02   9.9998224e-03
   3.1284200e+02   1.0000088e-02
   3.3732100e+02   9.9999476e-03
   3.6371500e+02   6.0001080e-02
   3.9217500e+02   1.9999815e-02
   4.2286100e+02   9.9998840e-03
   4.5594800e+02   2.0000383e-02
   4.9162500e+02   2.0000052e-02
   5.3009300e+02   1.9999587e-02
   5.7157000e+02   2.0000304e-02
   6.1629400e+02   1.0000052e-02
   6.6451700e+02   2.0000001e-02
   7.1651300e+02   1.9999823e-02
   7.7257700e+02   0.0000000e+00
   8.3302900e+02   1.9999877e-02
   8.9821000e+02   3.0000153e-02
   9.6849200e+02   2.9998843e-02
   1.0442700e+03   1.9999830e-02
   1.1259800e+03   5.0003306e-02
   1.2140900e+03   3.0000620e-02
   1.3090900e+03   1.9999765e-02
   1.4115200e+03   4.9997182e-02
   1.5219600e+03   0.0000000e+00
   1.6410500e+03   2.0000628e-02
   1.7694600e+03   2.9999208e-02
   1.9079100e+03   0.0000000e+00
   2.0572000e+03   0.0000000e+00
   2.2181700e+03   9.9997982e-03
   2.3917300e+03   0.0000000e+00
   2.5788700e+03   2.0000234e-02
   2.7806600e+03   0.0000000e+00
   2.9982400e+03   1.9999885e-02
   3.2328400e+03   1.0000065e-02
   3.4858000e+03   0.0000000e+00
   3.7585500e+03   9.9999129e-03
   4.0526400e+03   0.0000000e+00
   4.3697500e+03   0.0000000e+00
   4.7116600e+03   2.9999931e-02
   5.0803300e+03   2.0000106e-02
   5.4778500e+03   2.9999842e-02
   5.9064700e+03   2.0000407e-02
   6.3686400e+03   9.9999369e-03
   6.8669600e+03   9.9999301e-03
   7.4042700e+03   1.0000043e-02
   7.9836300e+03   9.9999751e-03
   8.6083200e+03   1.0000022e-02
   9.2818900e+03   2.0000980e-02
   1.0008200e+04   9.9999521e-03
   1.0791300e+04   0.0000000e+00
   1.1635600e+04   0.0000000e+00
   1.2546100e+04   1.0000087e-02
   1.3527800e+04   0.0000000e+00
   1.4586300e+04   9.9997853e-03
   1.5727600e+04   9.9997695e-03
   1.6958200e+04   2.0001207e-02
   1.8285200e+04   0.0000000e+00
   1.9715900e+04   1.0000013e-02
   2.1258600e+04   9.9999450e-03
   2.2922000e+04   3.0000650e-02
   2.4715600e+04   0.0000000e+00
   2.6649500e+04   9.9998685e-03
   2.8734700e+04   0.0000000e+00
   3.0983100e+04   0.0000000e+00
   3.3407400e+04   0.0000000e+00
   3.6021400e+04   0.0000000e+00
   3.8840000e+04   0.0000000e+00
   4.1879100e+04   0.0000000e+00
   4.5155900e+04   0.0000000e+00
   4.8689200e+04   0.0000000e+00
   5.2499000e+04   0.0000000e+00
   5.6606800e+04   0.0000000e+00
   6.1036100e+04   0.0000000e+00
   6.5812000e+04   0.0000000e+00
   7.0961500e+04   0.0000000e+00
   7.6514000e+04   0.0000000e+00
   8.2501000e+04   0.0000000e+00
   8.8956400e+04   0.0000000e+00
   9.5916900e+04   0.0000000e+00
   1.0342200e+05   0.0000000e+00
   1.1151400e+05   0.0000000e+00
   1.2024000e+05   0.0000000e+00
   1.2964800e+05   0.0000000e+00
   1.3979300e+05   0.0000000e+00
   1.5073100e+05   0.0000000e+00
   1.6252500e+05   0.0000000e+00
   1.7524200e+05   0.0000000e+00
   1.8895400e+05   0.0000000e+00
   2.0373900e+05   0.0000000e+00
   2.1968100e+05   0.0000000e+00
   2.3687100e+05   0.0000000e+00
   2.5540500e+05   0.0000000e+00
   2.7538900e+05   0.0000000e+00
   2.9693800e+05   9.9998671e-03
