   1.3047600e+02   9.9997884e-03
   1.3995600e+02   0.0000000e+00
   1.5012600e+02   9.9991777e-03
   1.6103300e+02   0.0000000e+00
   1.7273400e+02   9.9995388e-03
   1.8528400e+02   1.0000370e-02
   1.9874700e+02   1.0000234e-02
   2.1318800e+02   9.9994196e-03
   2.2867700e+02   0.0000000e+00
   2.4529300e+02   9.9996569e-03
   2.6311500e+02   1.0000224e-02
   2.8223300e+02   5.0000988e-02
   3.0274000e+02   1.9999445e-02
   3.2473600e+02   1.0000056e-02
   3.4833100e+02   9.9999149e-03
   3.7364000e+02   1.0000307e-02
   4.0078900e+02   1.9999529e-02
   4.2990900e+02   2.0000270e-02
   4.6114600e+02   0.0000000e+00
   4.9465200e+02   1.0000080e-02
   5.3059300e+02   5.0000016e-02
   5.6914500e+02   9.9999411e-03
   6.1049800e+02   4.0000093e-02
   6.5485600e+02   1.0000051e-02
   7.0243700e+02   9.9999774e-03
   7.5347500e+02   9.9999591e-03
   8.0822100e+02   1.9999926e-02
   8.6694500e+02   1.0000010e-02
   9.2993600e+02   2.0000060e-02
   9.9750400e+02   1.9999680e-02
   1.0699800e+03   1.9999159e-02
   1.1477200e+03   3.0002900e-02
   1.2311200e+03   4.9999419e-02
   1.3205700e+03   4.9999737e-02
   1.4165200e+03   0.0000000e+00
   1.5194400e+03   2.9999875e-02
   1.6298400e+03   1.9999717e-02
   1.7482600e+03   0.0000000e+00
   1.8752900e+03   1.9999184e-02
   2.0115400e+03   1.0000282e-02
   2.1577000e+03   9.9996685e-03
   2.3144700e+03   0.0000000e+00
   2.4826400e+03   0.0000000e+00
   2.6630300e+03   0.0000000e+00
   2.8565200e+03   0.0000000e+00
   3.0640700e+03   0.0000000e+00
   3.2867000e+03   0.0000000e+00
   3.5255100e+03   0.0000000e+00
   3.7816600e+03   1.0000007e-02
   4.0564300e+03   0.0000000e+00
   4.3511700e+03   2.0000028e-02
   4.6673200e+03   1.9999975e-02
   5.0064400e+03   0.0000000e+00
   5.3702000e+03   9.9999844e-03
   5.7603900e+03   9.9999669e-03
   6.1789300e+03   0.0000000e+00
   6.6278800e+03   4.9999968e-02
   7.1094500e+03   2.0000299e-02
   7.6260200e+03   9.9998839e-03
   8.1801100e+03   0.0000000e+00
   8.7744700e+03   1.0000006e-02
   9.4120100e+03   0.0000000e+00
   1.0095900e+04   9.9992921e-03
   1.0829400e+04   1.0000633e-02
   1.1616300e+04   0.0000000e+00
   1.2460300e+04   0.0000000e+00
   1.3365600e+04   0.0000000e+00
   1.4336800e+04   1.0000112e-02
   1.5378500e+04   0.0000000e+00
   1.6495800e+04   0.0000000e+00
   1.7694400e+04   1.9999308e-02
   1.8980000e+04   0.0000000e+00
   2.0359100e+04   1.0000260e-02
   2.1838400e+04   1.9999401e-02
   2.3425100e+04   9.9998117e-03
   2.5127100e+04   0.0000000e+00
   2.6952800e+04   1.0000237e-02
   2.8911200e+04   0.0000000e+00
   3.1011800e+04   2.0000223e-02
   3.3265100e+04   0.0000000e+00
   3.5682100e+04   9.9999693e-03
   3.8274700e+04   0.0000000e+00
   4.1055700e+04   0.0000000e+00
   4.4038700e+04   1.0000047e-02
   4.7238500e+04   1.0000040e-02
   5.0670800e+04   0.0000000e+00
   5.4352500e+04   0.0000000e+00
   5.8301700e+04   9.9999918e-03
   6.2537800e+04   0.0000000e+00
   6.7081700e+04   0.0000000e+00
   7.1955700e+04   0.0000000e+00
   7.7183900e+04   0.0000000e+00
   8.2792000e+04   0.0000000e+00
   8.8807500e+04   0.0000000e+00
   9.5260200e+04   0.0000000e+00
   1.0218200e+05   0.0000000e+00
   1.0960600e+05   0.0000000e+00
   1.1757000e+05   0.0000000e+00
   1.2611200e+05   0.0000000e+00
