4.307998419609660010e-04
7.036886503500748048e-03
4.259365198314939323e-03
1.617636145904559342e-02
1.347349636997151713e-03
6.204819103629076980e-03
1.706021211352636013e-02
6.125535058110994410e-04
5.405752134388068161e-03
1.146135712455684935e-02
4.063420905049531726e-03
2.555970258625822871e-03
1.369595443501759290e-02
1.187917322577847779e-05
3.039027669420058583e-03
5.163290355554277060e-03
2.378171502254737904e-03
2.205649813270159701e-02
4.766498761067850323e-03
4.528126603904458931e-03
1.181427062548081816e-02
1.384362835416595716e-02
1.373812629505179531e-02
3.824721489236170349e-03
6.802443639765945113e-03
7.946169538185370073e-04
2.199799929161013953e-02
1.189154718536404240e-02
7.121646291226779377e-04
2.583338167038413610e-03
5.511927749258335729e-03
3.181575531023530991e-03
1.800362511383809443e-03
3.603438433000251580e-03
1.557612417918206350e-02
7.287826804435454733e-03
1.662502096028132224e-03
8.016302940330607973e-03
1.745603219279885307e-02
1.420874477566805814e-02
5.468316996362072684e-03
4.154852172158295977e-03
1.773429677404773572e-02
8.819249374128991167e-03
3.362113094279299986e-03
9.788443476566512785e-03
6.430830345257742761e-03
3.389554312774995491e-03
1.403544611347223685e-02
9.497922061608304184e-03
2.018420473614281757e-02
8.329716023703819319e-03
7.240970490601168416e-03
5.025731593969647850e-04
6.771284332116793512e-04
3.648827028271884286e-03
9.357000530731376248e-03
1.067476100221866585e-02
9.038902072326712028e-03
7.883848953430853956e-03
5.102813971355787785e-04
1.927342121537565373e-02
1.660530388775875547e-04
5.293574573990426045e-03
5.044851989938299239e-03
4.128796098372216304e-03
9.205016122431927336e-03
3.983579780728256463e-03
1.137667737175753445e-02
2.056772346386146963e-02
1.467360183660148046e-02
8.093994095637484232e-03
3.746027169199628564e-03
5.107880712504491577e-03
4.072685461875556398e-03
5.823333230819894429e-03
1.190052584326783264e-02
1.641711375402422381e-03
1.058689146205786351e-02
2.179838646875677938e-03
8.726531758757958418e-03
7.501087734675046526e-04
6.552587909018560419e-03
2.088418931010686472e-02
9.685254739949092362e-03
4.531328714377328174e-04
1.118353389001363642e-02
1.054363050956879169e-02
2.245213655409966994e-03
1.411205848726669577e-04
4.572963749968228346e-03
9.892934221100212287e-04
1.771677394561806985e-03
4.552846774429483365e-03
3.048724305938009557e-05
1.107943715275387479e-02
1.557004059210155729e-03
8.261968763611314548e-03
3.784938987909883083e-03
2.984486848076323747e-03
8.521375337456943769e-03
5.412427470364552899e-03
6.141900730568344152e-03
3.425018074462456760e-03
7.845079259345895048e-03
7.068574737544284538e-03
1.978537192227509348e-03
2.895776145473440664e-03
6.924414762364588388e-03
5.082117394651320015e-03
3.769765952792420924e-03
3.342567909872743294e-04
4.159633440260742179e-03
1.418378037560460688e-03
6.569969924643446167e-03
5.512034595330582432e-03
7.858896867413010107e-03
2.988582688165858543e-03
2.386117346564683300e-03
7.006835768734395037e-03
1.207453408581376543e-02
1.029905716020077010e-03
3.485449787621805288e-03
1.384114243670503137e-03
7.929902151044582181e-03
2.169189167908645854e-02
1.634889413449390223e-03
9.790673559665332912e-03
2.483857596573246437e-03
3.619850387263097002e-04
6.466238794748738195e-03
2.419834082972512589e-03
1.994753432624874281e-04
7.094990826841060701e-03
1.054353663966536847e-02
8.849595112764145274e-03
4.443579279567727060e-03
1.294813920727853895e-02
1.432917513511161242e-02
1.440207816912961701e-02
4.424505427387161703e-03
9.350129083978993673e-04
3.920755452643970643e-03
1.903368716426067503e-02
2.133235396910498211e-03
3.163090489143703752e-03
9.769598219070829766e-06
3.491238349925345884e-03
4.545697200951430428e-03
1.054790060843832991e-02
8.569379282414220714e-03
1.702350032769573990e-03
6.667076520049414201e-03
4.507100888378260707e-03
2.527241681190126824e-03
1.421766995659480906e-02
6.367177204197342968e-03
5.296332152296925021e-03
2.825251893821428741e-03
4.332125976405851175e-03
5.025761889678888837e-03
5.860705699430785766e-03
1.313490142739005134e-02
1.626936519959978900e-02
4.958936545799800914e-03
1.197844726237292518e-02
2.650462740259682676e-03
1.054699899864729867e-02
1.024292595187291550e-02
1.898426216535949911e-03
5.353947101963225583e-03
2.973698087208783477e-03
9.185853920252966612e-03
1.016326150742856253e-02
5.611457246425048369e-04
3.714164644797879420e-03
6.671567565456371605e-03
2.091149091601714541e-03
8.308188534560945193e-03
3.102167174487814594e-02
2.398262502552717720e-03
1.314340313343761481e-02
2.124732079182720459e-02
1.017307727931282199e-02
5.836384695328105656e-04
4.165458568354669239e-03
5.472958053789200514e-03
6.622750011972888340e-04
1.622060650802483253e-02
8.810598725440658280e-03
1.578253602077073908e-03
6.650472126867563267e-04
6.197429753217200375e-03
9.289858137874446031e-03
6.342515999091418930e-03
8.346565203698594684e-03
1.509649961091693790e-02
8.349290868315786124e-03
7.587516641757482971e-03
9.240810167017825261e-03
1.796475962815588176e-02
6.285332490551181518e-03
4.009540428523760552e-03
4.792710971694953172e-03
3.763280907583806210e-03
5.577806448900057140e-03
1.508787916074645543e-03
1.411744904119809118e-03
9.823462146892692273e-03
1.220004471720381387e-02
7.711368425133068201e-03
1.130655699047454152e-02
1.576399458760556049e-03
1.102611900539834586e-02
1.127529912837025097e-02
8.738152803356049117e-03
3.381674055734018840e-03
6.158547741450961718e-03
3.479550282565668437e-03
1.247765266568200485e-02
7.329530013958944143e-03
5.848820885141633834e-03
6.958451934308313921e-03
5.071132513710246113e-03
2.168240853772209712e-03
6.671394890247905538e-03
1.496738505958033517e-02
3.649153311037716015e-03
1.045915123526270328e-02
4.214890421981546710e-03
4.676623407532747544e-03
7.664233487086696828e-03
7.399699826541588678e-03
1.024847638697264952e-02
2.042160540004464911e-02
2.527553220963680387e-04
1.150892166596369746e-02
4.657230219616767530e-03
7.133898858990036715e-03
2.772945062518007123e-04
5.548817077565169724e-03
1.884907534733282512e-03
7.427689466817786156e-03
9.608041041274164099e-03
5.771016510609914066e-03
2.268842128773479374e-03
2.118003900739116787e-03
2.367440730090140423e-03
1.176053315258340955e-02
2.159108441532937503e-02
2.111235437409078250e-02
4.012316120552045055e-03
1.223175838152649325e-02
8.110972702814706753e-03
2.744279027733778457e-03
1.857396090701727426e-02
1.764783521218512077e-02
1.792163556270226846e-02
2.951342461962419735e-03
6.983314687813244742e-03
3.359593843457790285e-03
9.808308863485492701e-04
6.602751974415167931e-03
4.088896609902427023e-03
8.286418231038327614e-03
1.164068193325703063e-02
6.722690816791910932e-03
2.919782364465063271e-03
1.107501203396423287e-02
1.404233472225525567e-02
1.742722606529085658e-02
7.661008830451248967e-04
1.937591630134884765e-04
1.484524315683727336e-02
1.887276677741570345e-03
6.149207207770177432e-04
3.258707860870459563e-03
2.381439997812585981e-03
3.038422832672977702e-03
5.108051772037696964e-04
6.100135663747427483e-04
8.450861609979392133e-03
8.495790461661581819e-03
7.451236981579015956e-03
6.473840685241454528e-03
8.117159500959156629e-03
1.723187488439813231e-02
1.626963781504898055e-03
6.324685382365391765e-04
1.352025036429660605e-02
1.227328072646677488e-02
7.091718950566139150e-03
4.637455040595280138e-03
4.627884408879128116e-03
1.471594662392210033e-02
5.548481182254921297e-03
6.236939600484031794e-03
1.384632145394585918e-03
8.854517199216264262e-03
2.464545324994054949e-03
1.950712991699705620e-02
1.675802890092753083e-03
8.886527885408753227e-03
7.365427899847019726e-03
2.968652757199447250e-03
4.675068151866489975e-03
4.715133822986909240e-04
2.714908402935775275e-03
9.663321266935987960e-03
3.139005393992675124e-03
4.428313720754648367e-03
1.102098387711192805e-02
1.000242330024434575e-03
5.341635343462951616e-03
4.361830372680779166e-03
3.827559686472668549e-03
3.055059804319231603e-03
5.920099077300111472e-03
2.197922241307378750e-03
4.701060535356975725e-03
6.607573677060701173e-04
1.155421587703190853e-02
2.056550108666093182e-02
1.696871328202759557e-02
1.576856350405178304e-04
2.415320608617520411e-03
2.863815461614664052e-03
1.813516757189157121e-03
1.766795204133206907e-03
5.147876215416370520e-03
1.445689629084375523e-03
1.817690359497961842e-03
7.099003437078666226e-03
2.730974018308143791e-03
2.454181783453587753e-03
5.034826013503699085e-03
3.964579217525471787e-03
1.729268441540642758e-03
5.478354734355263614e-03
6.188861359282007936e-04
3.639990505533285004e-03
1.248204954631133845e-03
7.763969361039210586e-03
2.969609284659341028e-04
3.060356423279732199e-03
2.596347750250306476e-03
2.942643993574484834e-03
2.516044526825406483e-04
1.002562043465757497e-03
1.042255472685196501e-03
4.205402061202223422e-03
1.836762728737866088e-03
5.732035278001687550e-03
7.583769030619288108e-03
5.307741346236865068e-03
5.919870230766470856e-03
6.008981019374426587e-03
5.207011903602183633e-03
9.637033652422808197e-03
1.267605537025436047e-03
9.744468384235737898e-03
4.709692010362799726e-03
1.525792948686812388e-02
6.220614718524143140e-03
1.864427224918683082e-02
1.094516868552544145e-04
8.153070026416252974e-03
3.124859909027802047e-03
1.328165628626799561e-03
3.246132147143223051e-03
9.273412683966442485e-03
2.883374381483264429e-03
1.262512221566029595e-02
8.084748180082139413e-03
4.222337989552540222e-03
4.314668161301705301e-03
4.579827948909987768e-03
3.656939068699795528e-03
1.065706221555730304e-02
7.148575440966940808e-03
1.374746616235358876e-02
5.658091453412198921e-03
5.826165667993288624e-03
3.656384254246029981e-03
2.255873115246562980e-03
7.989298851639561536e-03
3.531649903551892580e-03
7.822910562717378530e-03
8.821440557535670246e-03
8.036750604185087868e-03
5.241959401601841220e-03
2.284759029002923682e-03
2.484592131659371650e-03
9.766375712680004303e-03
2.232449179698398761e-02
3.742676559428122218e-03
1.123255339201269243e-02
2.144303573750102297e-03
4.642981314740702269e-03
2.304347822499716331e-03
2.102606602205348441e-03
8.305934521177009379e-04
1.085391004617555083e-02
7.098868111264518797e-03
1.018735401908564883e-04
2.238253673860482462e-02
1.577427609229212603e-03
8.486789103918443086e-03
8.039881419644059543e-03
1.113587647643241377e-02
8.523094597159204186e-03
1.015525755682228706e-02
8.695352397552588014e-03
2.789260938944953475e-03
2.337637044948600012e-03
7.167790417435339172e-03
1.058544380171471094e-04
7.788310456764944122e-03
6.846536994959226408e-03
2.293975461073891921e-03
1.494656973511687952e-03
4.145284886198104431e-03
2.053207995204352990e-03
8.926206784540081994e-05
1.325840387670482873e-02
5.820064726274743264e-03
8.941644283639972948e-03
2.041538794643597311e-03
5.264220262935241298e-03
6.156397472153279232e-03
1.796419422543662006e-03
1.890743857235391463e-03
9.473525371767019948e-03
4.319455851812583833e-03
2.153400937384061190e-03
1.148108312090419377e-03
2.505420853542855361e-02
5.637705521019571037e-03
8.550581169208249649e-03
4.099718224973120453e-03
6.619947523348200871e-03
4.917998821174635049e-03
4.749767910938088207e-03
2.299063462830309296e-03
2.885608127328406075e-03
9.523502832140587002e-03
5.980276574600634082e-03
5.961900661125010652e-03
5.206460287252804436e-03
4.875376551174098391e-03
4.277248530323732941e-04
4.545381155867199603e-03
1.333602241360351548e-03
1.486620115806198527e-03
1.966005280308267406e-02
4.956230310272416971e-04
3.048759189791971479e-03
7.306165326931480034e-03
1.185069647260081002e-03
1.660673019353331101e-03
1.091644162559749116e-02
1.418437185009546785e-03
7.166913943558242406e-03
4.787431353591204038e-03
1.088670226839765463e-02
6.702047734473217527e-03
1.205859822906857744e-04
5.133460564326100886e-03
4.667534954345188905e-03
1.611373316124936270e-02
7.858442228719886985e-03
6.025817288701769241e-03
2.016814987119743604e-03
8.670977294002136723e-03
3.220609194775709595e-03
1.316487063120173233e-03
1.854569155151130798e-03
4.564224647435899569e-03
1.435975868952168825e-03
1.999365924826228529e-03
1.147408126747954732e-03
6.187520137843504145e-03
1.711780467722079802e-03
1.775561782067789154e-02
1.065202414922725681e-02
3.664308489001626319e-03
1.409694486213007233e-02
2.756161657603292594e-03
4.284152103345215470e-03
1.858587122258544347e-02
6.752632243460474602e-03
3.450112142336512772e-03
5.099575404298679676e-04
7.893849693738189816e-03
7.938905908423367569e-04
2.872668855641007796e-03
1.509334503184049138e-02
5.490725093802913473e-03
1.897852340001706176e-02
2.034730967865776459e-03
5.868490823463887868e-03
7.580009993598466056e-04
1.154359037550953260e-02
7.047037080181157639e-03
3.858791995961733962e-03
9.159560092162637515e-03
6.951647608467169696e-04
4.870537692240549908e-03
8.676462928233128619e-03
1.663362136482705823e-03
2.050571177432572098e-02
5.470151236423942409e-03
4.549468834549854279e-05
6.815380922802843910e-03
1.958702086557567636e-03
2.889748358623771014e-03
1.276843002153055066e-02
2.696941621828895241e-03
1.019636214724790879e-02
1.229450640365591964e-02
1.216773592129825410e-03
3.811690686257513012e-03
1.489530987396195600e-03
9.087446397662674383e-03
6.824903309591157617e-03
4.021029716203413165e-03
6.956204790387151247e-03
9.415619194891205676e-03
2.655277178887905081e-03
4.259837873444437262e-03
1.178837782527711320e-03
6.046796341886805440e-03
4.170766865817501692e-04
6.787845701656505283e-03
2.608816657715873431e-03
9.499344442026861138e-03
7.642038974215094316e-03
1.059529321928567164e-02
7.073840645382265500e-03
2.940601462391053984e-03
4.464069489913115806e-04
1.283560152175130566e-03
6.698501584403123051e-03
4.703416411105207254e-04
2.201212346667005999e-03
4.303771020906415994e-03
8.550688078428625438e-03
1.853404104844201148e-03
5.633722057870794823e-03
1.629766348882158433e-02
9.149057211063229113e-04
7.212988428284556296e-03
1.069235597627104899e-02
4.619126323749425146e-03
1.246085950537681192e-03
7.917882844359794975e-03
5.530233651468658383e-03
8.237838179536735128e-05
9.821608354281910133e-03
1.590215410364223883e-02
5.283699692747955128e-04
6.755561020672785737e-03
4.501641655596547338e-03
1.316621424195066163e-02
2.083548946669080103e-03
2.059327396740954011e-02
8.226238221718020762e-04
6.657394632623894748e-03
8.191783995904685116e-04
3.225357002268675142e-03
2.969929824740719787e-03
1.007918817153580487e-03
1.229820743354522079e-02
9.863722188620815262e-03
1.098582105607997378e-02
1.052938196392698075e-02
3.394807417338841556e-03
2.274761938892769664e-03
3.371280723584615772e-03
3.130360034549486536e-03
1.120322235075345112e-02
8.595925203322474228e-03
9.525166748846998141e-03
5.748935632068125426e-03
8.630291786244487923e-03
4.642006584070753304e-03
5.261463969530109051e-03
8.957344964043300814e-03
1.713747947115351958e-02
2.739024434724552314e-04
1.629241671924045939e-02
1.599211907398631963e-02
4.037591892548504820e-03
1.433498715491986035e-02
3.775922959012522305e-03
1.032978823708387804e-02
9.772265497438948137e-03
3.784428285442002337e-03
8.691736842445712402e-03
9.452463266939708760e-04
2.751136405976950354e-03
1.629697497702149072e-03
6.256469009831427085e-03
8.158048937362971523e-04
7.356318096630966828e-03
8.578417917080955954e-03
1.188544874506317246e-02
9.808023791587064041e-04
4.247727262984338920e-03
1.196214462208645794e-02
8.660668610730690468e-04
9.463642705593510677e-04
4.474891371387257691e-03
5.530156397259545185e-03
5.788430510540827287e-03
1.456180214020837138e-03
7.737403092685843711e-03
1.030979164572638426e-02
5.169542073052415740e-04
8.960903144400983455e-03
8.840904307756924235e-03
2.209250358314436991e-03
6.737475759120242075e-03
1.387616893206049425e-02
2.426317329837572503e-03
2.190583287796133566e-03
5.490438652593018949e-03
5.718758733207485179e-03
8.381947425624005493e-03
6.672991073566490218e-03
1.052459739566818063e-02
1.638404089829921528e-02
6.241713327805883428e-03
3.124298125932122982e-03
1.899443505433336414e-04
2.427559248139532846e-02
3.026699538361928704e-03
4.917227690642113520e-03
3.682708625192853032e-03
8.304475796706383556e-03
1.261380996970594718e-03
1.278630712951330135e-02
7.473872434950617517e-03
5.590839340035138293e-03
1.482586943201693762e-03
5.618145950597716598e-03
1.492823829508608396e-02
1.139538047182359418e-03
1.692790639344164683e-02
8.485341376068926411e-04
7.123807734242096172e-03
3.674484717615136582e-03
1.496749975757486091e-02
8.305630830309182781e-04
1.004883132201214897e-02
4.862941815207289659e-03
7.255466575602346514e-04
1.282837169779231631e-05
7.972687841313087775e-03
2.173703246641117345e-02
2.265730214471346152e-03
9.320132491720168125e-03
1.363269495568683164e-03
1.044184544403783423e-02
2.465573497890696450e-02
1.948215762229766387e-03
1.264147955286808612e-03
9.073171553183318264e-03
1.004647295507790639e-02
5.553838847295620128e-03
2.705628507212258158e-03
6.015945454819869240e-03
1.439867929612252684e-02
7.613825873635691847e-03
3.273270580589378656e-03
2.976203799145489982e-04
4.346597508466460563e-03
1.498031372380775016e-02
3.983623385376560896e-03
1.505574029387119622e-02
3.229656384270961642e-04
1.789910215857304279e-03
8.986819207580480640e-03
2.070164529305661832e-02
1.559179462928912815e-03
1.057126041522466267e-02
5.107312622967193592e-03
9.481339896350070642e-04
1.609998574715039953e-03
6.712120153500759218e-03
6.638498250500774259e-03
5.406065325175905129e-03
1.905459694554268238e-02
6.301386590147565331e-03
1.627516818215585942e-02
1.136581237385682341e-02
1.007748734184732084e-02
2.865166411819058609e-03
2.464204694612164362e-02
4.657901904553621991e-03
4.095143709739510959e-03
2.725136859588507977e-03
8.996255288775446141e-03
4.454499725885640443e-03
4.785569663013972651e-03
1.066150936972015163e-02
8.202355039960303879e-03
8.742282815675872856e-03
1.209211614235855201e-02
2.790921457463574427e-03
1.084702130824262119e-03
2.740577888510835336e-03
2.527635829632765996e-03
1.891418502974288873e-02
2.269954661575248819e-02
6.933598087888600929e-03
1.021741587928415426e-03
4.332845593470325933e-03
5.917499681775222758e-03
6.210551073154353154e-03
2.588335108264056342e-03
1.328202807686296172e-02
3.805686163817900182e-03
1.257625892577347165e-02
1.481228770049798117e-02
7.094889318552425814e-03
9.336533307620405869e-03
3.731790754695540457e-03
1.392217580734884594e-02
4.466699808405985898e-04
9.170780216610800381e-03
7.479704217863493085e-03
1.148863418433893231e-02
1.718361551960847708e-02
1.121251482087798346e-02
7.595521666992642584e-03
1.261543001460792290e-02
6.809941578384337731e-03
2.656254631352429358e-03
4.112243107895071151e-03
6.290660185601526337e-03
3.164730355025800572e-03
1.041076667984951534e-02
5.965841040384284831e-03
6.008796252249717917e-03
8.294086132649461721e-03
7.933764698689232606e-03
9.026856013464927238e-05
1.211371194914521998e-02
3.911136724642857825e-03
8.855480083364052415e-03
6.031409598753764180e-03
1.285843345977361919e-02
1.865064134702427859e-03
2.172060801126264248e-03
3.956953565993711784e-04
2.597069673854962308e-03
5.650625790209780688e-03
1.358836903463018185e-02
6.874685522213314429e-03
3.065791182560415138e-03
5.550382879389057639e-03
1.279740952738574016e-02
2.350801405075774754e-04
2.761487395685906752e-03
7.623680369553172652e-03
2.925483592869120106e-03
2.263166434491766400e-03
5.503555369067219746e-03
1.431492129564587929e-03
3.176546719536512005e-04
3.261135014665292927e-03
1.064518107237608438e-02
6.582565972389333407e-03
8.745431400849594528e-03
4.789726672171477559e-03
7.143516106505613718e-04
2.681923572044402418e-03
1.836023919032810420e-05
2.783817083214829729e-04
9.199242770687491525e-04
2.320173324226916176e-03
1.760578108768697317e-02
4.804419644485854643e-04
2.492387956576499965e-04
3.902477709165664676e-03
4.202507043701144557e-03
1.165577561552526460e-02
8.285276320207222989e-03
7.785373248312018463e-03
2.402488737683890901e-03
2.051622881647706083e-04
1.473227699658725964e-02
3.017689435517788548e-03
3.146780431292322232e-03
8.583085291695597427e-04
9.825037226748130695e-03
1.622700730442246456e-02
8.334695063427653358e-03
9.645772974401705530e-03
2.326117380242709223e-03
1.076341386201092216e-02
6.523141561206692758e-03
1.081667844521495489e-02
4.178029146792398970e-04
9.836890473801778237e-03
1.822877857483653184e-03
5.738261136465324427e-04
4.324197863210085119e-03
1.836789191175705951e-02
1.379788534947380511e-02
2.956445870831627982e-03
6.459224004897047566e-03
6.577151204834448496e-04
4.231198747737570029e-03
2.925874802027529208e-03
6.314294109258364101e-04
2.085815052861058391e-03
1.641401689622188742e-04
1.529209795147568919e-02
8.856312792283486945e-03
2.385968998659277265e-03
6.451778507042891207e-03
2.426192067965647192e-03
1.593316209655588900e-04
6.989454305537424333e-03
4.249808694810550992e-03
1.183095399818208729e-02
1.348889642526752801e-02
1.341886718528400007e-03
1.220056089424362191e-03
1.185664698870625769e-02
1.195168337673733171e-02
4.140157941770472583e-03
8.319590887593693827e-04
3.178747000329081593e-04
1.020121328474467640e-02
1.059281045262054546e-03
1.006948177710016365e-02
1.529683345522633679e-02
5.960452732977814493e-04
1.460146016948676677e-03
6.316920430274485486e-03
4.801695642701871679e-03
2.723086737397002830e-04
4.570362459581409943e-03
9.197909868023311855e-03
6.712925527180268852e-03
5.671306200220279682e-04
2.124587562653511719e-03
1.034081180635645393e-02
2.079611391530433034e-02
1.076002823847019198e-03
4.533432454008122330e-03
6.199068932931834502e-03
1.430135685253978127e-02
1.788005373276613024e-03
3.012832750413524732e-03
6.482934839658342947e-04
2.539437291557227871e-03
1.298452185561141566e-02
3.759762690551997789e-03
8.533822135534593900e-04
1.501322705907628431e-02
2.677721427297872093e-03
4.872246184238159666e-03
3.924996558733820536e-03
1.019890634999521357e-03
9.023275856540531083e-04
1.709987762226546776e-02
3.434150292490045168e-03
1.442760667712074179e-03
7.258968773092434879e-03
1.333158743733875440e-02
2.564255808487219974e-03
2.231449817035015964e-03
5.691793412214407252e-03
1.443978755425066006e-02
2.135401163057034767e-03
1.207976298688978600e-02
8.021391210203300190e-03
4.246871468137174144e-03
4.298346634083618709e-03
8.396638792348667252e-03
6.850734608572968745e-03
9.081949740225693860e-03
3.081937512756211060e-03
2.754123402787664668e-02
2.591299254416189538e-03
4.640491585068092992e-03
4.072660282571055612e-03
3.231625583982450627e-03
2.271412058481569844e-03
1.044378119466550341e-02
7.836591578238641387e-04
4.712673739985035609e-03
3.374478334837138684e-03
5.387315322153264727e-04
3.307529274698371713e-04
8.402979749453143299e-03
6.416549488615362271e-03
5.261827196471579628e-03
7.074770064024500302e-03
3.660344021339917084e-03
8.041499751552461453e-03
4.430486598423258836e-03
1.074162515898858389e-02
1.651113344432297630e-03
5.834133321475635202e-03
2.003185439568311646e-03
1.270998239570914068e-02
5.935046740588586578e-04
1.212085106635280886e-02
1.497352605451416838e-02
8.427729588475374456e-03
9.603890535403124956e-03
3.817272222581923839e-03
1.079610988325709064e-02
6.179040909393518181e-03
5.644685457967964747e-04
5.814595105908433592e-03
1.213652602118119213e-02
3.889507057337317133e-03
5.944115268811433865e-03
1.317649923718485806e-02
5.624595258957919806e-03
7.823905867985427379e-03
2.906650861278855299e-03
4.847124158339521580e-03
1.791798943864431753e-03
1.163436968786963743e-03
1.841776358402937366e-02
6.112832818386663460e-03
6.637778096135409957e-03
1.168251927545285035e-02
8.968715654163079976e-03
3.702819005574362141e-03
1.710225911871612187e-02
7.867643756501270166e-03
1.617172801819221142e-02
1.091865949196916229e-02
6.477525818911932442e-04
3.129197067546188055e-03
1.967347195875554511e-02
2.032064032022676270e-02
6.880817147871758251e-03
1.233926919568681608e-03
4.676177610190637712e-03
7.422408509526434196e-03
1.063056788018516699e-03
1.402394365401145662e-02
9.722956136413059280e-03
1.156223625770644650e-02
3.567980289930218832e-03
6.615691670378886016e-03
2.526756353780162945e-03
1.329865899811365389e-02
1.872018550099533015e-03
7.897629943307997447e-03
1.404438712982907997e-02
7.836796155231119665e-03
7.830925119603886556e-03
2.050952601605874129e-02
1.523138612045910100e-03
4.507954184275992683e-03
6.773552456452063171e-03
3.904103370883676982e-03
1.394239045462386702e-02
2.256243127264265323e-03
3.302805297053728207e-03
1.720154686633090443e-03
2.619188780597434397e-04
1.314206395559365352e-02
5.799801142508297749e-07
3.555026502125097770e-03
5.175542981536280195e-03
2.336736371347057769e-04
1.415652200211692160e-03
2.816986137458791801e-03
3.413658181353979547e-03
1.151068806967890830e-03
3.096595729428068891e-03
4.872372212027229789e-03
8.880427303680833717e-03
6.918138346611832660e-04
4.786455750666251605e-03
2.178293355575652238e-03
5.956351303771420698e-03
1.542750743059795142e-02
1.636048509677600661e-03
6.769580485924569548e-03
3.843829839331764676e-03
3.215335285484561141e-05
1.832912989236284984e-02
3.328067212343351327e-03
1.577211604411094328e-02
5.072474727702148099e-03
1.145782823341695913e-02
3.905318796318900214e-03
4.741643376972568317e-04
2.235810159963577508e-03
3.526102101528470669e-03
8.994479706633579444e-03
9.743639174418292212e-04
6.250227826148584782e-04
9.229027116823608837e-03
7.063200735253566745e-03
4.181538253415220067e-04
1.050001813693990892e-02
1.282514711677542815e-02
5.957695661645490831e-03
1.419387223500229341e-02
8.140098716881619513e-04
3.561047177896544194e-03
5.496484407915319843e-03
3.161558538752070810e-03
2.080131072780636373e-03
3.414877998138243255e-03
9.477366772050179952e-03
5.689025644556816239e-03
3.077192424313618824e-03
2.708956425291359198e-03
3.682240892486243582e-03
2.224278067380739202e-02
3.415547402211349410e-03
1.482469183049041947e-04
2.881307446236735332e-04
7.076445226270781409e-03
7.733424774667360668e-03
1.317088793857458529e-02
1.087364620955111848e-02
4.702968067412700501e-03
9.790408016688853868e-03
2.473663429042712372e-02
1.686488740984054373e-03
3.771921601975380695e-03
1.184963273540224141e-03
3.767269684931008784e-03
6.089739505847754572e-03
5.549887111149285832e-03
6.278817719342422339e-03
1.190671239190623995e-02
8.360757388123487904e-04
1.003836538084059435e-03
1.192238296191399163e-02
1.402369975410871529e-03
1.478394411852424623e-02
1.819688791200243638e-03
4.339090320484459591e-03
7.178039539602163073e-03
3.948999327993684425e-04
3.136533319845202783e-03
7.731795071641084198e-03
1.611541645915433956e-06
2.767314133393412954e-03
1.840850924596321159e-03
2.545647917071200070e-03
1.142694713133833974e-03
5.046707951298842754e-03
1.037743231757312992e-02
6.082534822890270365e-03
1.496161386177837296e-02
6.264314881231579021e-03
8.986734080483748267e-04
5.287185827525900036e-03
9.469615957587372915e-03
8.188326744612976424e-03
1.043143862282243373e-02
8.123962971616828857e-03
8.381311056565159009e-06
3.195691199380515640e-03
1.014136427674511287e-02
8.353496843683423656e-03
1.957158382133831597e-03
6.463216421248544653e-03
2.383221698973252145e-03
9.810632876881265202e-03
2.481427592908327928e-03
2.231518672476236198e-03
2.484419001262427092e-03
6.901139318410926893e-04
2.696307318472656884e-03
1.380765307734979316e-04
4.097920552808313570e-03
1.081885894294568919e-02
7.761057853022441553e-04
6.433778236379733735e-03
2.348034436693768531e-03
2.722480824721843114e-03
5.045349137759226089e-03
6.418142396237466393e-03
3.385155414225770806e-03
3.024629716525526011e-03
3.818951644720183173e-03
1.201245927443656252e-03
7.031502423039823028e-03
7.388926166046238912e-03
5.738467342846336741e-04
1.395278947369734432e-04
1.176749626528874118e-02
2.242062377140579144e-03
9.774180971671826701e-03
5.591648911127620677e-03
1.536312474304577999e-03
1.025949085965219276e-02
4.949935479917128532e-03
4.985632615653708827e-03
3.847902743549318303e-03
6.128968468091919655e-03
8.543185558893303180e-03
2.629609934737802985e-03
1.367208124059102366e-02
6.167232839007933363e-03
1.292952384428381306e-02
2.967196536366283055e-03
1.319574041727857375e-02
1.310237253282124995e-02
5.275138284992868243e-03
5.189198304728779437e-03
4.441215153858204048e-03
1.134642471304960105e-02
1.079797055106216427e-03
9.074920352538238394e-03
7.997529309148529442e-04
7.048111564619488449e-03
4.302460182514250379e-03
2.187157458880183147e-02
1.858411495753819857e-03
2.626891150303110791e-03
9.696761092492603776e-03
2.534937052154152869e-04
7.665368833696144767e-03
1.813257043755561867e-03
1.791134298642285683e-02
1.262045052426370023e-02
5.612811706403841557e-04
4.336440309365511940e-03
8.794905587482053019e-03
1.018307732073204554e-02
5.681149079924056877e-03
1.541215130680446792e-02
1.305998354935391029e-02
5.140853641420769712e-03
6.110161935567124010e-03
5.947013691536356082e-03
2.288165739998755405e-03
1.359783707740096388e-02
9.609860109056664323e-03
1.738359415342580075e-03
7.378229955880894440e-03
3.679884461828607060e-03
6.583645462941417788e-03
8.599752669547799586e-03
1.326250701397360503e-03
7.485917006958982788e-03
6.280280671683915149e-03
1.442738549983416498e-03
6.462774935364889832e-03
3.238870752950702252e-03
1.029900002001766547e-02
5.011336751594759435e-03
4.521279897284572608e-03
7.010668614191436707e-03
3.025674049859463678e-03
8.501350032523998651e-03
4.648440709761777340e-03
1.503663480180707918e-02
6.137349945118390944e-03
2.250620153541826006e-03
1.840187651311524925e-02
1.832230161753046951e-03
1.295596873503183021e-04
4.399103357139279107e-04
5.875005560457276059e-03
3.175612020434205184e-04
1.563817965742411026e-02
1.776180955582280980e-04
2.327844519925130647e-03
1.738034417604792520e-02
1.137784953700901429e-02
4.291172723085566465e-03
1.129961523761224829e-02
2.573493953192295541e-03
8.962365802091179848e-03
1.707257426527712186e-04
9.987379279400509027e-03
8.225117439859843532e-03
3.873344517490807069e-03
5.763272111096696786e-03
2.742356092247013460e-04
2.418842013673507246e-03
1.387621107105210024e-03
5.602618921055758754e-03
1.275059831309634413e-02
1.142277091079820471e-02
6.972908274358545315e-03
2.526363491971580014e-03
1.131870871030608502e-02
8.898845606616979584e-03
3.019522890614711823e-04
2.950881255707245125e-03
2.616414624822375763e-04
6.463407398427364892e-03
4.851311108128772073e-03
5.754656031868715920e-04
7.614963251901640372e-04
9.728361763048627795e-04
5.864574096619882236e-03
2.182317210371102073e-02
1.500072025574801168e-02
1.319902068468197008e-03
7.698502459747884157e-03
2.322200880512114568e-03
5.649605185663230051e-04
1.706976144735284327e-03
7.037341860604489491e-03
4.743394145764570288e-03
1.812408337219968907e-03
3.914764731121447502e-03
1.036084256370936900e-03
9.176225272298627750e-03
2.002906398825173885e-03
5.172527499130582601e-05
1.243764532826776583e-04
2.606894828017431755e-03
6.979824234397726847e-03
3.072979356853532129e-02
3.009858013148930100e-03
8.735762949071733743e-04
2.282650950036642021e-03
4.165509500130842521e-03
1.132097082677471301e-03
1.642561704480163288e-03
7.228718616784632345e-03
1.260114797899947181e-02
9.879378821645055236e-03
1.017327650784778138e-02
7.285375300507691831e-03
1.042012830574769004e-02
4.701108001674565717e-03
4.874136876762026963e-03
1.799816303066358036e-02
2.086877867110288089e-03
7.156644709405071345e-03
1.131081868300305195e-02
5.228847712437941983e-03
8.680346118397611402e-03
9.684003187330688127e-04
1.123792790339556841e-02
4.842046503628016918e-03
1.570556300503246280e-02
1.039663022542490663e-02
8.496411854054862142e-03
6.855655115085558700e-03
1.284091289638262905e-02
1.068251966036255253e-02
8.051695952462850983e-03
3.716009685764445382e-03
1.566800348722650936e-03
1.566628569219800232e-03
2.025557201315862990e-02
1.699167262150192564e-02
3.174083292043994742e-03
1.243881332824271248e-02
8.113680308710237779e-03
8.739936301351896794e-03
1.570598315196054459e-02
1.988749450033816882e-02
4.095196063639364344e-03
8.628939480325179337e-03
5.900000905355188901e-04
1.044098397905524750e-02
2.726743490274165238e-03
1.105673313203324112e-02
2.249020655491515246e-03
8.398306924865055548e-03
1.166702699497349080e-03
6.136410224642049882e-03
9.831131663810754526e-03
1.217028289159191416e-02
7.769009969971868781e-03
1.532430611829294737e-04
1.465751868979263579e-02
5.593199601213598091e-03
7.469771755688890853e-03
4.519430329331469709e-03
7.327062781310547147e-04
2.331970970668431967e-03
4.027975471653258595e-03
1.473933851993896108e-02
5.096449986821131178e-03
1.441976157629613897e-02
5.994739888178533121e-03
2.554920416539026382e-03
6.653922228194436919e-03
8.912850459604090836e-03
1.103702903135883595e-03
7.971276318432801841e-04
1.359506283012441689e-02
8.840170405410026355e-03
4.227667118926489373e-03
1.122836600664754193e-02
2.854032248005750755e-03
1.402959283734492475e-02
9.541069498818669642e-03
1.888901172021424570e-03
4.963925864629995313e-03
9.728276857646506875e-03
3.562889897516699489e-03
1.920124419325641317e-03
5.141585833116205095e-03
9.420483435227137645e-03
8.015363270784836569e-03
1.297786370025744325e-02
1.048557652206969643e-02
6.477762624085148767e-03
6.179549681519968390e-03
5.217648131001581188e-03
1.999491334967315546e-03
1.626239321383837321e-03
6.517641795699265390e-03
1.407286933558851184e-02
2.011144908219089211e-03
9.227043099980286947e-03
1.990319400480051841e-03
2.852056562174330040e-04
4.898707787859626038e-03
7.108102402611456150e-03
1.723881188213723104e-02
4.254377693997451679e-03
2.654328760272460508e-03
2.309448124952563890e-03
4.669945404985169531e-03
1.094266436071342913e-02
3.775858864378379628e-03
3.886285128364471569e-03
9.795308308930376906e-03
3.337575025631632410e-03
4.443519411387553304e-03
1.193663170099280336e-02
5.968531002497766327e-04
1.017694131945250970e-02
5.312383351204203255e-03
7.418612265263684058e-03
3.071413931187979424e-03
4.964030560588293152e-03
1.115069720275106051e-03
1.099841776249823808e-02
6.174632156386891495e-03
1.241180569995128068e-03
1.167018514819337036e-02
1.796681653937933637e-02
6.411826959103472667e-04
2.487659348378619059e-03
1.600004148488421351e-03
1.177459103041546967e-02
9.837196452060359073e-03
1.439606649713122584e-02
9.370972634647816921e-03
8.704369604189850923e-03
6.467171851523018621e-03
1.098203498483398075e-03
3.481504825313033041e-03
2.051176432266709013e-03
7.833767357630982281e-03
1.354960021196348688e-02
3.901720442353812449e-03
1.840979115255530346e-02
6.045873427972528295e-03
9.554158394464438639e-03
6.628739833076851239e-03
2.609131617519169256e-03
7.959526554974661466e-04
9.536590249024284871e-03
2.640870945850471319e-03
2.479464309871434735e-03
1.079392324197610969e-02
1.354834241935276226e-02
1.124158830115502914e-03
7.493583806459435531e-03
3.149093036557317014e-03
4.466821913815510400e-03
4.756021053306328135e-03
7.859889808265067834e-03
4.288477396202619932e-03
1.579468160366585480e-02
5.838457031934716178e-03
3.899543058667026205e-03
4.036542175528306034e-03
6.628829592965640059e-04
1.132796123102918200e-03
1.239171892092691407e-02
2.133924933763750066e-03
1.402074802263284306e-02
7.094499273602697560e-03
1.343298126938474897e-02
3.258149811454369525e-03
1.748680443503312920e-03
7.030677719549404368e-03
7.674924128999603169e-03
8.121392268267300582e-03
1.884215724813723819e-02
4.678106689555763527e-04
5.155246085299321039e-03
1.349176255874603471e-02
2.612148381026197473e-03
2.170253069838492654e-03
9.839635472259435772e-03
7.197407968725888852e-03
2.031359072160717014e-03
6.413128819856594651e-03
2.913692911146424105e-04
1.832240498449118002e-02
4.501015192641379115e-03
1.511355051506584057e-02
1.826414489056114344e-03
5.616161393235817763e-03
1.851512097952618882e-02
7.252449370663300622e-03
8.876980174562778755e-03
1.263748707598064992e-02
3.063546338183934740e-03
1.749026007885885834e-03
1.445929747417772733e-03
5.020707514184707086e-03
4.392908290937997708e-03
2.729282388843130847e-03
6.714625871346458635e-03
1.089683728770204398e-02
6.877892497616484510e-03
4.127793160998870746e-03
1.259743881508715649e-02
2.630552252845965279e-04
6.947769976199070704e-04
1.200577492358611241e-02
1.841269851472535773e-02
7.639386896997932275e-03
8.977058923120917813e-03
1.656371998203791038e-02
9.507750294899133467e-03
8.715383994222879530e-03
1.871758260504041357e-03
8.222042487064392877e-03
1.935710531067507886e-02
7.851255102942270719e-03
1.814785973266282507e-02
6.518862833929546345e-03
3.606097876528331202e-03
1.101559288167689235e-02
1.372597103174598432e-02
8.427704399246019329e-03
8.531664300574053061e-03
5.605386813980043487e-03
1.849466519182331459e-02
1.263766197770136357e-03
7.827963809063892553e-03
3.389857269544609315e-03
2.054323062382797105e-02
9.230700079618450390e-03
4.820477486347777250e-03
5.684981059427735711e-03
6.099209793597855367e-03
4.857086697341292392e-03
1.899734987479659819e-03
3.127188660389146942e-03
7.820793809641705605e-03
8.661469409245817772e-04
5.657026178794003803e-03
9.244526413561117081e-03
7.050168652475330595e-03
5.570756440728809843e-03
9.092051401709553074e-03
3.815967709820018705e-03
8.073950776223600898e-03
8.077748779906770288e-03
3.403467141480933170e-03
1.477888367480272025e-02
6.981127868197117663e-03
3.560893593638001040e-03
1.643824281864499515e-03
2.387258371113601396e-02
9.779984368429646413e-03
4.654093394129515254e-03
1.919247201434896822e-04
4.749617715835128401e-03
8.010954088448343086e-03
7.160142177082264199e-03
5.813856489984015226e-03
2.239582673923149869e-03
4.391201036612963488e-03
6.168669398158456614e-03
2.055829441649581393e-03
1.252934063768271905e-02
1.098753803318767638e-02
1.051008209092380756e-03
1.003050714879718912e-02
5.402589160249273012e-04
1.852965033423590268e-04
4.093607824609518664e-03
1.380802906915048166e-02
4.385621414481934155e-03
8.251576069643043118e-03
8.614508188167056477e-03
1.858230295432433123e-04
6.456529510102033444e-04
8.803341099555394428e-03
5.563343108778242598e-03
1.137357576436815896e-03
5.123428806084988872e-03
3.190884857890256398e-03
2.477714175810225537e-03
8.136089109385534479e-03
9.863087794188502705e-03
2.172438237837120284e-03
1.214345948737260115e-02
1.029790051267901428e-02
6.777952494237263811e-04
4.344848660856693266e-03
3.046553434305809653e-03
4.833977464653227071e-03
2.003052642526524131e-03
6.826382870336336617e-03
4.698688709962572582e-03
5.269670941885050593e-03
3.275781149848572531e-03
7.926088638981932007e-04
7.850984787258752633e-04
1.121880133258782407e-02
5.467454050997528313e-03
4.597396604471914484e-03
5.573745230621671674e-03
1.225506384150314328e-02
2.343175447668400038e-02
1.038722416241748790e-02
5.418723892024886538e-03
5.504990927241468907e-03
4.039009333111428721e-03
7.272949040220476162e-03
7.526903503864893104e-03
1.692237170095238497e-02
2.250917789903030854e-03
3.929333400808373601e-03
6.652433909082340786e-03
9.535334417149224362e-03
5.405516843303898034e-03
1.643726249217966270e-02
2.669699980164802391e-03
3.417811347604783698e-03
2.196002017961730911e-03
6.463161068124020567e-03
1.801289930990382024e-02
1.470395538210054532e-04
1.041474119897403336e-02
2.121512830280243567e-02
1.264036362539639087e-02
8.461687719902674654e-03
3.601164137551017032e-03
4.004544998640217034e-03
3.791466435466769695e-03
9.570299945907759231e-03
3.298174608072086678e-02
3.539013696728821046e-03
1.206944821244410396e-02
4.803113246265288891e-03
1.084867238305523181e-02
5.227802864076671469e-03
4.752569891106402968e-03
3.510776373042333309e-03
7.407750010985122806e-03
2.106785457817347742e-03
9.286009749134441563e-03
8.998738240117381106e-04
9.081115835542837023e-03
1.230897396258410310e-03
1.072184192543715851e-02
6.499668176263984423e-03
9.364276482472571814e-03
8.361618542776336107e-05
1.316848505696934651e-03
1.047194573129095712e-04
1.247109858990458689e-02
3.796011406019871113e-03
1.139236581386296118e-02
2.199913807228921683e-03
4.284325032770610296e-03
3.492522378354052156e-03
2.220668142828984004e-02
3.143865006568755550e-03
1.244503663272075386e-02
4.588686101044096508e-03
2.341555701229042653e-03
1.853737649260450704e-02
9.720768271281154949e-03
7.409474208232389326e-04
2.021747130902465037e-03
2.155562310492043724e-03
9.507965302447267701e-04
4.715448245572242784e-03
1.163363041104366162e-02
5.902985724357980414e-04
1.542288946162696794e-02
1.547322360201536066e-02
9.785997915063456270e-04
2.441359925537427231e-03
3.857818779969155506e-03
1.676740376500404986e-02
3.279943186119379465e-03
1.285911919897981051e-02
5.594518385836304405e-05
7.556070799645990879e-05
6.183321070715294167e-03
1.210858949808983100e-02
8.889373673451302429e-03
5.869081905682807347e-03
1.337438467351722247e-02
7.962365021738793819e-03
1.355627156122130375e-02
9.487372966577565375e-03
3.001710769979450740e-03
8.490850798093356466e-04
1.126546514185383131e-02
1.489143643599172718e-03
8.284531510695365697e-03
1.024762544370908142e-02
1.330869752869942059e-02
1.584487555570783177e-02
7.188022189915621932e-03
4.828837771184370589e-03
2.413285808435884953e-04
1.752745053676583683e-04
1.342182826650225843e-03
7.032674233499160155e-03
6.231113648647602574e-03
4.359357250690287441e-03
2.229051890779007537e-03
2.327531969517241100e-03
1.590388124836084743e-02
2.492922555739680683e-03
8.015207623763878977e-03
3.036020268903504449e-03
5.400556969024149050e-03
4.863803224205029635e-04
1.820145061062775288e-04
1.111510481060384685e-02
3.587786756695566376e-03
8.527485596275025462e-03
7.309046871711273076e-03
9.008543888427195459e-03
8.311490862439003396e-03
9.643478732054752353e-03
9.917974200481129501e-03
2.313053095582101940e-03
3.092246388201411872e-04
2.374853192463495175e-02
6.854251106808284012e-03
1.329196772292044922e-02
1.109462594467074169e-03
1.739526258903918406e-03
9.099137753334592821e-03
4.800534898916151115e-03
3.672068240236481002e-03
7.828223613729671723e-03
7.411652275564599261e-03
1.300549334696389329e-02
1.123039456138723649e-02
1.846717017039335024e-02
8.971806073856220323e-03
4.892526085153081107e-03
9.667825782496001271e-04
6.330842530067955394e-03
9.576973964031884612e-03
6.085971086616157304e-04
2.162599247874287360e-03
2.115303700837787779e-03
1.139041614788987439e-03
3.799098373941961048e-03
1.114213106668115929e-03
7.033994414035103738e-04
3.335441709216901973e-03
5.099978395481350596e-03
1.581882766847180974e-02
1.331704912532229688e-02
9.079727291086301874e-03
7.906635717463065052e-03
5.613054429145421589e-03
2.218988467772576439e-02
1.261030948246528397e-03
9.998373431836743517e-04
9.005840085756845401e-03
8.257564994187841650e-03
4.001087359403321733e-03
1.698776723642179617e-02
1.580231529880567892e-02
1.509974269704813209e-02
7.041662292440947074e-03
3.968444643527297214e-03
5.426615215773052288e-03
8.221138450126384964e-04
2.603817472018175004e-03
1.018088534090374510e-02
1.316426655146164847e-03
5.256986404857449599e-03
1.829943027960855310e-03
4.176783007466665192e-03
9.042220298821530139e-03
2.766638266943126541e-03
3.154110572060683446e-03
8.781815137756750558e-03
3.336548243962363710e-03
2.700412772884756320e-03
6.547092348040309913e-04
4.359399618262128906e-03
7.457131398754162158e-04
6.181390677183162992e-03
3.524041290087149073e-03
5.565761859973621627e-03
1.780220723467168531e-02
4.116057713754513181e-03
1.300020193901905638e-03
1.170711910650731880e-02
2.875915342098415723e-03
2.249328233920084782e-02
6.812002191669820801e-03
8.281381178008920957e-03
8.663548811193456239e-03
7.381262249520625929e-03
4.111297968396827006e-03
7.888362530126927924e-03
1.896160730709603535e-03
9.900236293197604842e-03
6.857830797761729595e-03
1.036555678586823133e-02
1.604816291650179583e-02
2.461733514797048977e-03
1.097161731162057908e-03
1.162023919545694456e-03
1.397949228392889043e-02
1.452263025109010695e-02
1.552301983793052302e-03
1.769174507717350677e-03
5.561207003617039263e-03
3.547045767593822677e-03
8.434577305930246807e-03
1.298132606861601875e-02
7.391708186695962815e-03
1.097914730479615693e-02
2.773608848462875368e-04
8.600563498433641887e-03
3.820938871553752197e-03
1.090899081059455364e-03
1.410369929960996523e-03
3.048949510243382718e-03
4.793388059012437287e-03
9.489344614713684720e-03
4.317390262098629201e-03
1.378568212802311734e-03
2.790457093760818647e-04
1.163818033061431861e-02
4.548747340447552648e-03
3.822245131221535530e-03
1.067155752388743335e-02
1.184363064371663117e-02
3.043511069783327166e-03
5.835664568279749602e-04
7.273059390841527666e-03
5.327660604379610282e-03
6.482897287258139636e-03
7.160106543973399594e-03
4.545219022273089271e-03
1.182102891660109095e-02
6.365804901339153568e-03
7.762441605091611281e-04
1.308197120155424678e-02
1.375465468519001134e-03
1.850118367429583882e-02
1.810419254887532178e-02
4.960887713339799752e-04
4.530082588594845985e-03
6.653455047287253608e-05
7.139142097646501359e-03
6.506758359745656514e-03
3.898373348740122400e-03
5.893402519181327112e-03
5.175238595990456830e-04
1.181595708094549009e-02
5.679264615766184410e-03
4.057326380028122674e-03
1.138552106048546474e-02
9.453020730468917471e-03
8.397612405363160185e-03
1.309656669038949429e-02
6.560452157781511418e-03
1.840048134765939888e-03
1.627052120373315353e-04
1.429856386926166290e-02
6.518404081937556778e-03
5.590098747199572990e-03
1.052741741298207460e-02
5.201915707912519934e-03
2.229667067533551948e-03
6.395786064369730559e-03
1.026030919841819378e-02
4.095543182873703260e-03
7.691559162343542845e-03
5.824546347412164031e-03
5.946873645043952369e-03
9.098839744382525296e-03
3.517109833121594858e-04
1.326139624341494787e-02
4.428719440757272058e-03
3.186097248508771001e-03
1.134001763670409828e-02
1.372949362405867513e-02
6.742425965119890063e-03
4.715458196450280151e-03
8.517416697270317749e-03
5.210124623488413681e-03
5.382275472639666287e-04
1.110998406055192268e-02
3.819076482882381458e-03
9.800099611768317044e-04
2.567533259831744977e-03
6.748499579981051717e-03
2.164065741499218481e-04
1.542953930791565037e-03
1.341899603108546524e-03
1.853553083202072157e-03
4.621993943659854706e-03
1.157370950066909099e-02
6.682999153923101059e-03
2.358002298365115268e-03
1.047462140487596689e-03
1.274242043342016864e-02
3.108967135963797319e-03
2.642241239793198353e-04
1.049398531214791553e-03
1.115922270748667851e-02
3.839264456132570301e-03
3.542482890441108010e-03
1.866960265974429737e-03
1.109073580532072417e-02
6.181350140676167282e-03
1.230695376444438521e-02
6.113496440723761687e-03
1.079575388769969495e-03
7.348422750201786396e-03
1.929957944914334868e-03
1.285045800927255878e-02
9.258471896819378197e-03
9.416678327678324953e-03
4.115077530486388295e-03
2.926501950466109544e-04
8.676301411747690609e-03
2.186072110579178468e-03
6.172338392032543884e-03
1.395831144933308565e-02
7.010272213994534450e-03
9.213736260559443961e-03
1.371561628129941163e-03
8.784308713332624960e-03
1.234735750248718705e-02
7.086905059217306520e-03
1.651956757008326898e-03
2.863858326719925795e-03
1.071251913457249051e-02
2.539828978691781314e-03
6.921453202457234291e-03
4.850477109318849828e-04
1.345538569265452948e-02
9.003376022762325445e-03
1.176900836366312660e-02
7.108628130225061285e-03
4.786175383007785361e-03
2.501557508797443586e-03
4.364465999050014255e-03
4.715550378098551376e-03
4.488047766905290357e-03
1.055397985493129612e-03
3.773798198148131233e-03
9.816742322315795410e-04
1.577521018266177244e-02
5.821176772538841880e-03
7.482964934712101925e-03
4.966777706314222732e-03
1.593767369617613699e-02
2.795765181114420088e-04
1.487887078915427728e-02
8.205701991535353096e-03
1.378780707860952429e-02
5.253473176921859798e-03
8.144165187452648974e-03
8.834069177460220079e-03
4.847427373180179105e-03
5.375349180745418384e-04
1.045128450376799946e-02
5.856867865138086146e-03
9.680185862451388956e-03
5.344738608620314439e-04
1.678054873316609658e-02
3.708246393475209124e-03
1.084382071052384343e-02
6.821596762195101388e-03
3.336370469570811015e-03
1.062467379018573917e-02
5.795108810267037697e-03
7.129521058920296368e-03
1.781335930486548091e-02
7.920834598953591446e-03
5.453481286296013412e-03
2.845856453397064591e-03
1.734380800952141019e-02
1.729172007299090846e-02
1.004175414908824171e-02
2.447522787971523252e-03
5.908863650294785344e-03
9.315249230031415195e-03
3.766983305444890958e-03
4.164593920652584838e-03
1.831409008665413210e-03
1.301843634033461074e-02
1.286978821310989524e-03
1.416033379897838149e-03
3.991412578449532803e-03
6.765437129361674164e-03
5.199940361283209196e-03
7.509502423661220186e-03
1.115823182752885730e-02
3.414419417135301262e-03
5.182016463581757409e-03
2.721569390050451037e-02
2.621658782248147243e-04
7.022985197725660315e-03
4.786237259250481803e-03
1.293543640701715070e-02
3.096831296398411216e-04
4.318138216061548872e-03
1.207678842493365573e-02
5.363131313059533306e-03
4.894076578885842932e-04
2.898294910194991036e-03
2.420888960035890228e-02
1.250588177223361033e-02
3.173004668741250954e-04
1.080820328817770771e-05
1.830323224336364825e-03
6.255110802396772647e-03
3.293020825182577560e-04
4.687555168263584857e-03
1.421139372629073513e-02
2.784764117985940365e-03
9.736122980174051131e-03
6.956995642690527205e-03
5.081343903266150562e-03
9.261075592323841574e-03
4.307488208545680666e-03
6.202375082999514368e-04
6.842728571871522537e-03
2.784569911070596763e-03
1.815127282996020644e-03
4.912575616570801114e-03
1.324352781882217993e-02
5.917884287154839829e-03
6.011763452658023740e-03
5.601244716304716945e-03
1.313549216457521188e-03
8.270141448116189939e-03
7.405988781043976524e-03
1.101469665543031683e-02
1.420098155614802141e-03
1.898809630391254735e-02
1.204203405423333491e-02
1.191557824686024884e-02
6.544335815376048013e-03
5.186260274797333154e-03
4.245523093813842290e-03
1.310891416856791716e-04
3.933023309058724694e-03
2.842065852792281626e-03
7.557497911037493535e-03
8.845225772857578245e-03
8.162231528595163127e-03
8.811351856646255920e-03
2.382495175734143482e-03
1.941362243712921613e-04
4.628547656995776576e-03
3.863655643561157048e-05
1.619469424685282891e-02
4.246031220447758943e-03
1.554961686561883230e-02
2.631500321775778924e-03
1.625998018788837917e-03
6.597440143587652607e-03
1.415313236130773776e-02
2.108045059554455349e-03
4.842610360808799193e-04
5.723732484965676597e-04
5.965208220428171865e-03
1.288697767508814314e-04
2.614080666976385976e-04
7.924059570745059511e-03
1.564486233642459895e-03
4.560381789816236354e-03
7.284315047325072220e-03
4.204214029748095001e-03
7.526312341148513364e-03
1.356924942643390752e-02
2.279639013082581517e-02
1.857421342639858268e-03
1.642251084619495566e-02
4.154846166969814944e-03
5.289241668536929022e-03
1.845812051074895502e-02
1.311521027082692597e-03
1.551083040370713042e-03
2.746048311720318460e-03
7.246865840311970952e-03
7.627130016442637377e-03
2.961810152482064352e-03
1.275220451492401451e-02
1.012007300174887735e-02
1.957793443071329832e-03
9.157493631285696517e-03
7.537480663285281782e-03
1.861479089407396556e-04
2.403090381793584031e-04
7.828108177529306865e-04
4.910695848417573903e-04
2.266768804427180851e-03
1.346248653225829957e-03
6.286627711385901936e-03
9.004584255678930657e-03
3.744717378491067318e-03
9.905157952745874753e-03
4.123231028569704533e-03
1.176758274620064940e-03
7.937727033604130220e-03
9.051341888528335183e-03
4.402323465760099412e-03
9.524206724013992544e-04
4.877968811699429780e-04
1.462082595285066431e-03
4.137480959894718202e-03
1.605930666164170038e-03
2.290237553655384214e-03
7.459278540555588748e-03
5.078109138702108748e-04
8.353812010736006224e-03
3.737300349938178356e-05
6.134744387047119316e-03
4.050758238336388609e-03
5.311610996448286326e-03
4.454250669977140482e-03
1.591900473162113569e-02
8.564222623136982793e-03
5.553743785959679158e-03
1.555356633638076830e-03
2.310763209460244688e-03
4.801371348389988324e-03
5.054071090290601642e-03
2.132003054448671636e-03
3.285460177421927006e-03
9.981208916155892563e-03
3.830138494501639582e-03
9.171661386811427730e-03
8.540739543549339535e-03
1.842213437396178488e-02
1.217719145738194522e-02
1.331960309633194867e-02
3.328936503221672887e-03
1.941053250754383279e-03
5.879967445337947775e-03
1.014394889365756230e-03
6.964304169722784592e-03
2.210920826729001129e-03
1.416331424881106700e-02
6.677700460383380679e-03
1.340376894491684956e-02
1.409965759783794390e-02
7.421196208288355009e-03
7.507082218189336381e-03
9.553204667019974880e-03
3.307715785524893530e-03
2.865269710792342234e-03
1.632209933748362618e-03
7.655289682507673658e-03
4.614727238122313425e-03
6.312265002743119163e-03
7.417464086138422265e-03
7.439974633694102640e-03
9.283969340051222846e-03
4.080128297328445425e-03
1.302900060330934584e-02
4.619590885330188742e-04
3.664579562406241643e-04
6.058243757134228191e-03
2.383233813290595686e-03
7.175807155746086793e-04
4.345425774510894962e-04
2.813091488630386789e-03
3.421567950727412953e-03
7.804810056300412165e-04
4.242860534852874003e-03
4.423451544982089090e-03
2.541340798178185444e-03
1.011354995668920908e-03
1.178835038007930176e-03
3.678038354801242433e-03
1.056291021352727226e-02
8.380139253316699205e-03
9.616857329743462926e-03
9.046307057983720215e-03
4.665555693894377878e-04
1.461893957836438336e-04
5.312577411655116863e-03
1.333056957538320333e-03
1.889803646158676924e-03
4.296994866814653202e-03
6.136746036211361381e-03
1.456543877337263676e-02
1.019500803452242504e-02
3.057170557628836449e-03
2.441412449904500383e-03
2.640460206908266418e-03
1.026269744818327813e-02
5.450744120622435206e-03
5.072286590234861489e-03
3.333181503503519424e-03
9.631727614957907163e-03
2.318203931951093571e-03
2.986118982241393102e-03
6.772887767284181508e-03
1.109476165493594214e-02
7.350777570084224147e-04
6.733765316336826588e-03
6.520052951448247584e-03
2.091602441738416810e-03
9.667474073691241163e-03
1.549872993283473149e-03
2.012121880524405521e-03
4.107173837790260330e-03
6.375979457128543720e-03
6.263380438506735079e-03
6.327040761257976716e-03
7.383818495238483361e-03
1.648444068817932207e-02
2.202295348902697913e-03
1.333979055436871480e-02
7.933268983687060457e-04
5.135582391227295866e-03
2.749820211223604188e-03
1.636122538627940437e-02
2.285509428924426337e-02
6.960354492701966225e-03
3.017603322181021874e-04
2.089255734562722646e-03
1.408822144484770614e-03
7.446501150564652227e-03
8.255952060944237933e-03
7.411056233830519251e-04
1.017485105967366223e-02
4.179908141200405075e-03
1.147790417627826513e-03
2.746257183790599705e-03
9.291323000695775672e-03
7.838875789405383432e-03
4.427231690558443983e-03
2.145194901913621919e-03
9.136237877904037838e-03
8.941634052407165800e-03
5.453077079667766926e-03
6.634055940062869158e-04
8.558966026442267096e-04
5.884048695262594254e-03
9.439756078997591990e-03
4.282483219997703337e-03
1.237614648128861766e-02
8.452953411620518082e-03
8.148950121051793880e-03
3.282677838059366599e-03
9.529570313300145604e-03
2.739747385920332512e-02
5.168861112923622998e-03
4.820008147332872223e-03
1.311357410430855769e-02
1.235363622672169858e-03
3.671371969171402950e-03
1.165508617882344070e-02
2.204131935633399549e-03
1.260437262877371276e-02
2.146813421371124211e-03
7.831314241003542887e-04
4.238687833244294406e-03
1.034688457669491295e-02
6.844164814089309656e-03
3.163000220988564700e-03
6.343046533831897711e-03
7.431765185113784443e-03
1.197559066080536479e-02
3.170409519016453414e-03
1.520005354182564147e-02
1.099730541891248171e-03
9.471674465328826925e-03
1.441754274832601768e-02
1.641030947242594004e-02
1.089761113738945027e-02
1.616116714468129878e-02
1.091542373956172485e-02
1.272968684769363451e-02
7.915473391692515789e-04
1.137366474734048411e-03
1.410508454720694246e-03
1.774307815285677001e-03
1.266619880276119783e-02
1.124905264618040633e-03
8.821049673419996059e-03
7.982479443287039678e-03
4.775469081144563359e-03
1.496158596607498684e-02
1.083554066243850277e-02
7.926133109830469509e-03
4.532207567670992580e-03
8.219564569703153092e-03
1.619616147825692814e-03
1.193025203168000294e-02
5.664907663163182630e-03
2.771707239350583180e-03
5.231905650208003127e-03
7.911189596670673702e-03
1.689432078970276759e-04
6.940994464724438429e-03
2.059660036114463466e-03
1.430147810707243410e-03
1.033600930674077704e-02
7.959791499975924292e-03
5.694339849598002712e-03
7.363375274015772007e-03
6.435715455065459112e-03
3.794517301490544408e-04
7.000959990072434802e-03
2.083804581244607648e-04
4.481475865018629164e-03
6.286039414781463726e-03
5.114724807723691063e-03
8.865749680381245293e-03
4.932656307717062441e-03
1.181099153213397042e-02
6.204532788356211491e-03
6.495766194074890747e-03
1.254231786298703674e-02
4.021550785901310647e-03
8.405815394246438088e-03
4.534346871009454528e-03
9.489725789895478089e-03
2.871195943347298277e-04
4.191670436115005859e-03
4.244022998203703795e-03
9.181547776545312400e-03
7.750505172584436740e-03
5.923193551898262542e-03
3.839003115455402303e-03
6.667952763802451619e-04
3.780792779045641632e-03
3.967030711456126513e-03
1.113902752277313828e-02
6.184320055867273576e-03
1.204290990994135932e-04
6.845793880395622264e-04
1.409157259019684465e-03
2.310106601944032138e-04
2.747818366376727096e-03
3.748113151998833190e-03
1.635042376076099098e-04
6.079567205310972347e-03
3.873325138453578842e-03
1.719253160978757031e-03
7.584324341926531286e-03
5.670369746010717367e-03
1.059825103575671654e-02
7.051319299723195384e-04
3.086649966619624957e-03
8.059544436655101049e-03
1.144520600279128920e-02
1.106944026880912757e-03
5.006198911917462448e-03
1.857306488443069385e-03
1.076895533149154621e-02
9.617734860645614850e-03
1.226541712501380901e-02
7.645249768337343196e-03
1.071177401706564954e-02
2.249993488674147525e-04
6.154383662018157557e-03
1.464245001272762418e-04
6.882914242828334223e-04
6.632578189103566224e-03
7.043286247187012343e-03
7.486514069165650306e-04
1.222277891107798357e-03
2.811018514107837662e-03
3.506575886667603545e-03
1.495126558357419595e-03
5.873735146286983982e-03
5.323122797656129742e-04
6.694118344781732448e-03
7.708257371961672226e-04
1.255661120467436477e-02
6.394295295169667714e-03
4.845633446095719624e-03
1.689610747743450561e-02
1.212351995266739563e-02
2.313242752286131902e-03
8.139746099733970869e-03
3.500807812094551639e-03
6.907318663638692575e-03
5.307884552403318093e-03
1.047739360950368341e-03
2.048704182227148018e-03
4.728559325858337943e-03
6.012725849793402327e-03
1.979418097884460236e-03
7.278123650095029949e-03
3.675701997021538648e-03
6.002430684018038830e-03
1.142379702886523081e-02
5.593774590486892163e-03
7.623173691082951297e-04
6.127600803062293287e-03
6.270880823432269796e-03
3.066098090911257429e-03
6.256861054339841501e-03
5.936847493386105713e-03
2.841273523401552630e-03
8.452259169891158594e-03
8.157214435369774391e-03
5.087465181745079272e-03
5.621269828260653557e-03
7.943735171401913875e-03
5.037036840519882805e-03
9.477126429341795402e-03
3.436983061106452589e-03
1.197156589661075611e-02
8.438271829586573708e-03
8.558986639484242667e-03
1.018536475991131326e-02
1.653322652318958350e-02
1.206154844424574615e-02
4.077858359172898198e-03
5.296713507601429408e-04
9.390142482594806758e-03
2.261860501851236001e-03
1.295832966087409307e-03
3.866986978406326651e-03
6.774406438116029744e-03
8.640577171091564507e-03
3.846497715110967341e-03
4.126413612980217149e-04
7.126254566715384091e-03
1.444754069489089660e-02
1.000297517873689583e-02
1.050405555124930314e-02
1.060598952825563164e-02
8.617689244964915965e-03
5.764513010611119377e-03
1.031407187167880657e-02
2.196233519138352658e-03
6.688217348180100844e-03
6.388546630655444255e-04
7.661269731628994432e-03
5.295931859821464277e-03
8.462280934708289043e-03
1.285833514468763192e-02
1.289396632228191272e-02
4.059982033064193918e-03
6.462807909601204354e-03
4.185641114465733260e-03
2.290619848787033962e-03
2.199926331669088946e-03
4.897060882894686135e-03
5.628296891808571949e-03
9.297126796214969023e-05
4.559171893127441678e-03
1.962340640102815234e-04
6.557353716179970503e-03
3.742642780633870497e-03
5.130921817911653429e-03
9.086415029922771322e-04
1.004987264354156341e-02
5.754052892139615606e-03
8.077540748339202478e-03
6.476254070255900788e-03
8.091162043344611587e-04
5.548258787498350523e-04
1.234744424301462314e-03
1.380646761746621640e-03
4.108761646838577329e-03
5.920042318111099454e-04
7.830123399695317239e-04
4.446747165430024740e-03
9.271452562874748018e-03
5.345544791728743146e-03
3.170761504158464781e-03
4.934188529690550044e-03
3.212146758519552649e-03
6.627618665082385049e-03
4.741915648236802103e-03
7.675031938149625386e-03
7.474664192511677394e-03
4.352605754012060964e-03
1.771500334036663201e-03
3.464753803481883995e-03
6.927723914822334420e-03
5.618195846552795185e-03
1.036623784616163326e-04
4.999325999918372704e-03
3.745870416528656287e-03
1.657594938111143362e-02
2.224380839947916102e-03
1.779558523606371637e-02
1.121402906612993002e-02
2.455638359650908018e-03
6.651797281931132177e-03
2.222789070252910015e-03
4.515612606363294222e-03
1.140571266121680714e-02
4.274578169438044556e-03
3.589970607284764630e-03
1.486409156205945915e-02
5.320783190691668121e-03
3.688557166895494680e-03
2.135946595711480257e-03
8.052712701047272381e-03
2.003501732030405456e-03
1.835340769642853764e-03
7.932594747328995189e-04
7.448705586795908648e-03
1.944474145225702499e-02
7.682806872017184513e-03
1.391367047228718457e-04
1.110089946917764336e-03
1.122778234879846272e-02
2.181546703050018382e-02
8.941665603459526823e-03
2.070869768619503035e-03
4.251575829407558751e-03
9.785321973792846309e-03
4.825826544660320391e-03
7.319431285504553533e-03
3.059266131117116452e-03
5.955324689743614341e-03
1.018063110264335247e-03
2.313984638691501429e-03
1.521727680827073513e-02
1.005751125767150554e-02
2.315053243210387236e-03
3.689901321260186193e-03
6.931027959145330845e-04
7.033165798301776322e-04
3.752560255835243018e-03
1.520309712636294013e-03
4.312485427097978094e-03
6.360733371862120449e-03
3.096696041083122925e-03
8.040126505310374577e-04
9.952774880908771011e-04
1.063273081036714834e-02
4.543044484891490230e-03
7.116945529534208538e-03
4.672085271546840002e-03
9.918621343259000078e-03
9.508783032232974788e-03
7.218592546775220824e-03
8.527215900391864681e-03
1.076788500924459081e-02
7.548250202407547483e-05
4.408766931895240389e-03
1.445659610366406252e-03
1.871576731390478185e-02
4.962144029688638630e-03
5.826292028095238218e-03
2.611443977292766971e-04
8.590576511377108135e-03
5.630017173166173422e-03
2.352611573521268262e-02
7.138039523050623315e-03
6.137376207963103278e-03
2.225350210638453799e-03
1.729006054672423826e-02
5.829657172125424398e-03
6.224527843895724015e-04
5.794181412544064692e-03
8.673955841825007826e-03
5.655941004147610474e-03
8.572367871209185530e-03
1.350549724466360317e-03
1.724737885866849335e-03
3.305777432135299961e-03
2.500389959138939189e-02
7.804976394608159444e-03
3.546802675738188870e-03
7.869497122004381895e-03
6.267018694130857895e-03
6.284877163006671874e-03
1.423402169765103061e-03
4.726327090167827850e-03
9.476188706917980722e-03
7.843625071133156559e-03
7.257431349689782291e-03
5.655131978473392461e-03
5.304974535114769831e-03
6.459991116427283393e-04
7.269715488577105367e-03
4.384839095690176887e-03
4.969605648936552267e-03
1.287881824141440430e-02
6.213492848642656295e-03
1.317949584624815429e-02
1.190404685893846001e-02
4.464957415844565680e-03
1.875891693597712929e-04
5.381915652676726169e-03
1.229878342837012906e-03
7.618446159792179560e-04
3.064061831882332419e-03
1.934909072239476488e-02
1.860105311258769545e-03
1.117013940993848500e-02
6.564439398372138483e-04
1.255780790924268704e-02
1.021485226950973567e-02
4.015996889595087674e-03
1.024919058621225239e-02
1.539470625324729919e-02
1.114106232357463776e-02
2.449068147350571406e-03
1.162031312676071841e-02
4.214666996058036991e-03
5.188972447955258853e-03
9.622935227272734916e-04
9.398178852819575463e-03
2.785226515760395784e-03
9.204408881235897483e-03
1.421662999953860092e-02
2.576258169776026894e-04
6.979969971980651061e-04
6.221031639244676854e-04
4.938019385573942654e-03
1.623252759947977839e-02
4.662407072770811435e-03
6.091745477219789699e-03
7.410477404862660274e-03
1.537269436043154887e-03
1.241132814200843204e-02
9.306507109153670798e-03
5.893631796820778500e-03
1.698278087599826216e-04
1.358805790908330750e-02
8.804600032965265166e-03
1.485674469787212973e-02
8.248991284732392834e-03
7.174937006673063299e-03
1.849138502292954145e-03
8.992836761470477096e-04
5.478248187698814622e-03
3.238366156005565138e-03
9.070673561205399660e-04
5.228444596685226896e-03
5.012241429943335887e-03
1.512241861480067770e-02
7.675795528967349103e-04
2.145522802667793093e-04
1.047800520803694214e-02
7.690007635816541133e-04
6.347490473522035721e-03
4.394465692509622740e-03
1.966348860886207080e-03
1.589792664911934827e-02
1.422914963174308489e-02
1.329799202252038293e-02
1.463965370807082536e-03
1.069105208771397100e-02
2.685933737680955107e-03
1.526922542606301905e-02
1.123389588516767075e-02
6.266721240193321232e-03
5.165502726586038498e-03
7.169206801195641098e-03
9.529688459016286486e-03
3.494856513660392610e-03
1.978549197730557641e-03
2.484269998941968961e-03
8.730676374084471447e-03
6.567666890293521846e-03
7.772928078067952405e-03
1.085044328651707871e-02
5.948722382874449197e-03
7.189790485759834857e-03
3.694434192874207837e-03
6.995930055861411881e-03
1.149873678267367139e-02
1.183644487772170240e-02
2.506167505870680531e-03
6.762106501929114090e-03
3.762596057776919963e-03
3.683125162360095621e-03
5.392978302629303222e-03
1.075594892325122676e-02
8.012947614575832364e-03
6.383271750595142721e-03
5.763428299943045355e-03
6.177139664214663850e-04
2.072724528024688651e-02
4.468467224043897639e-04
4.203282682782749635e-03
1.462685769629905623e-03
6.957733913093599499e-05
3.904989468745934198e-03
1.974188265675315065e-03
7.473670524433813182e-03
6.615876264694604478e-03
1.359177841738441576e-02
2.597248910735972232e-03
5.940784407166061452e-03
1.498058619491260748e-02
2.647285183070772607e-03
1.149726498082413034e-02
3.829376098764281913e-04
4.776716242036452807e-03
1.163337416917704058e-02
1.924458480638638466e-03
9.186645258469022454e-03
1.378263627989371456e-03
1.930291450458694949e-02
3.878533941840179612e-03
6.219417585255788798e-03
1.429720824501246566e-02
7.526597604917508767e-04
4.121767633415864170e-03
1.974771799184447951e-03
3.720011216787466081e-03
2.851173254807363826e-03
3.102737300664004487e-03
2.086520807924713370e-03
2.743570613064525571e-02
1.058010530950085314e-02
1.226722148639604326e-02
1.364002099279208345e-03
5.007735728626992212e-03
1.096746105094841515e-02
5.106542104129692221e-03
3.028514134582049877e-03
8.677910755807968779e-03
2.752199492074129585e-03
1.131457681101993330e-02
1.325113035104215917e-03
2.573444335489620712e-03
2.539028356114601814e-03
8.986048133825549553e-03
5.901618491275265012e-04
2.054644521586749921e-03
6.491675847456117136e-03
9.006125403640756477e-03
5.133381322177846913e-04
1.088794010886802796e-04
3.865450470991382056e-03
5.483017393204956194e-03
9.816215908769185868e-04
3.128224350467642082e-03
6.149500731530065274e-03
5.141857392209171068e-03
4.031427427730062060e-03
5.998110580232226922e-03
3.351479894181149354e-03
6.183682744318552346e-03
1.213361120686950708e-03
1.558871464781169149e-02
2.089827813441653384e-04
1.826262890584704271e-02
8.993851418894778862e-03
2.274177865630410897e-02
2.630685386546065783e-03
1.048003385021544463e-02
1.168825362675539412e-03
6.063890939123122749e-03
2.274476874226006098e-02
2.197437607985330051e-04
4.058679452323938654e-03
5.369370215785614249e-03
1.108751400733931115e-02
3.049392366540824763e-03
2.833202805021143439e-03
1.030351187450069018e-03
6.029224939271530040e-03
1.090139000593166310e-03
2.173914542789772211e-03
8.803199389213022322e-03
1.724556976935759638e-03
1.415137035778549213e-02
1.193635073783118686e-02
1.508195518897610362e-03
2.443274111443491207e-03
9.168853720001974086e-03
1.084757672132332339e-02
2.220833774504994175e-03
3.331777610432406622e-03
2.839019331644885083e-02
5.535191628455876818e-03
4.007296002680198546e-03
5.356615983828039336e-03
8.163241152055109723e-03
9.412032220840735319e-03
7.146796982244525698e-03
1.822575731313660127e-03
4.169153067881184276e-03
6.999155635617717490e-04
2.561267517934145976e-03
1.174889553864756978e-02
1.699196471955245541e-03
9.866465203787772725e-03
1.198225308543765435e-03
5.379554926686102787e-03
7.949041337221065748e-03
1.626385322079348104e-04
2.513580666756543708e-03
2.369768569615621993e-03
9.148318062870126974e-04
1.432390262881294606e-03
1.151016261726992701e-02
6.935408819952991466e-03
9.619353498665512286e-03
1.290122623176338107e-03
1.461864787948252697e-02
6.468941353579678311e-03
2.054891340398430025e-03
1.563361370909899456e-03
1.072475179112281898e-03
1.605651292021045839e-03
9.629644009198097933e-04
3.818767690532387168e-03
1.718577836924670491e-02
5.649305702172053439e-03
1.313069868074760987e-03
1.032001762588533218e-02
2.187092106841681625e-03
6.586888249705914744e-03
9.055423536724303835e-03
1.015436194312568929e-02
3.585080774223598681e-04
1.303544824781763950e-02
3.948918534151856473e-03
1.127205320219166335e-02
1.167394281822766063e-03
1.018739814675795503e-02
1.266568466193624364e-02
4.459304741234440886e-03
8.780076755891061055e-03
6.288542490638536139e-03
6.015234400688958087e-03
3.779309238173434327e-03
6.285368022371336932e-03
5.797416963162636133e-03
4.519012529664421032e-03
5.234947404839566595e-03
2.041282585854958462e-02
1.664626970629184619e-02
1.407782946731049069e-02
6.248930930966902289e-03
4.060529939261972240e-03
3.914262604614885017e-03
1.295169561775912602e-02
1.126712861794545301e-02
8.646601675134070464e-03
6.393856049510054755e-03
7.129741935023849349e-03
7.641551694427878814e-03
1.137162003632155235e-02
1.245856970432032522e-02
2.322214511536432966e-03
1.488612476995235245e-02
1.846370255139231920e-02
2.783857839970005701e-03
3.864103994538149235e-04
8.311923930567878538e-03
1.073595882607768443e-03
1.771511310940337524e-04
1.154869392623203948e-02
7.978427714856789824e-03
1.020588163081859005e-03
5.683661204405370676e-03
9.777477295804895899e-03
1.288317804530199166e-02
2.875798815860843450e-03
1.877336280944756977e-02
5.721511627111115078e-03
4.527561712216214215e-04
7.841734117322434264e-03
6.750745509089112716e-03
8.903917525132363283e-04
2.604235330957634445e-03
6.473571243246259953e-03
2.019871269245485622e-03
9.928189690026564124e-03
3.503433824684251251e-03
7.212630517289206518e-03
2.880995749223866885e-03
7.626873819569365658e-03
3.698339938642207936e-03
3.546015731546468385e-03
1.833725311091912672e-03
6.824191485369243346e-03
4.069505583746101975e-03
1.135257779645171793e-02
2.807613719175237627e-03
7.892554126142760709e-04
1.101345985059035484e-02
1.726963186556185539e-02
1.148839725139471930e-03
2.555676265504613085e-04
3.000627811182962450e-03
7.307359384493708823e-05
2.160781755187379718e-03
1.668048770242539555e-03
1.052806209697084447e-03
2.232675673678472320e-03
2.147255586758660417e-04
4.886354239189519624e-03
8.342008494600452757e-04
7.038193846316935683e-03
8.048811646954199747e-03
4.600772405854967190e-03
1.149022537608141575e-02
2.003445651006873288e-02
5.317517017706497630e-03
5.911455166426273292e-03
5.255549786311405729e-03
9.308811324260309744e-03
3.878614666934376929e-03
3.219591375982731873e-03
7.962554577912533960e-03
1.442431152171913013e-02
1.490949538965004144e-02
7.724712052213028937e-03
6.713422975582192427e-03
6.040176387191329745e-03
5.998988291874186515e-03
8.922133713559183372e-04
7.850105351325199418e-03
1.309746722034598951e-02
2.240968516218816431e-02
8.305554355916967488e-03
3.699152187397158052e-04
2.170469938931958616e-03
8.422974067021100214e-03
5.468750148009026563e-03
5.212721781491598885e-03
3.599676813597288937e-03
2.489158803263016428e-03
1.917089921817305507e-03
2.328802885126404505e-03
1.576323875014619402e-02
3.602486924924263277e-03
2.333746668321381654e-02
7.378430914401584023e-03
9.402498990832461670e-03
3.135096665563560404e-03
1.166055919721553218e-04
2.080365763417093249e-03
1.434678628890967943e-02
2.982046116451465140e-03
1.405294892549755533e-03
2.680996220469704610e-04
9.151472565624691954e-03
3.745632845802496658e-03
2.296620282798290079e-03
3.636577385207034017e-03
3.678717395514344117e-03
4.659972156831965022e-03
5.621355487280761502e-03
3.592671773587812704e-03
6.793630985676529267e-03
4.817714658296121458e-03
1.431095755341867115e-02
8.656191003568994204e-04
1.058289494407395033e-03
7.093193242243947582e-04
1.299562691937710367e-02
1.203624692546251089e-02
6.492223855010606677e-03
1.416214860137345218e-02
1.751121834644493291e-03
8.608876478784718150e-03
3.546022820340543995e-04
3.001563555279790959e-03
7.292527614650563123e-03
6.727890748868326550e-04
1.831985442573069939e-03
1.566906885232317859e-02
5.466386955603412534e-03
2.393770190949771979e-03
5.062583611159963623e-03
8.854580119376476502e-03
5.665596155555928338e-04
2.565576570688590970e-03
2.245703435171332932e-03
1.114869644364216775e-02
5.580316364358786294e-03
1.023139454753496831e-02
8.459417934537126829e-03
7.007008537070780543e-03
7.810786178661105993e-03
1.235118007354253471e-02
3.890764056269816612e-03
2.898044559671680322e-03
1.007633432980845935e-02
3.455678535206336069e-03
8.786843535651506568e-03
1.519303600287526430e-02
1.439761476978736188e-02
7.804258180598234833e-03
6.756934687113169344e-03
8.121125020241011429e-04
3.112024073417993600e-03
1.753145680010664148e-02
6.268263568050838836e-04
1.893492238260141255e-04
9.044787957138098258e-03
1.781662289512227822e-03
4.634332635174128259e-04
1.748596785550929691e-03
4.394026048320744636e-03
9.593226987088999567e-04
1.387960895070381243e-02
1.571856976287141355e-03
6.138640620730516362e-03
6.872081480811557605e-04
3.316053080393885789e-03
4.720380078017337964e-03
4.708872359935535601e-03
6.598738494831536683e-03
1.156960825998538597e-02
4.797150151557093398e-04
1.218893588885164130e-02
3.723691763486695634e-03
4.504151086708475978e-03
8.937416500525752899e-03
5.784429422330705783e-03
1.462166720554763238e-02
9.139045882182313466e-03
2.563674587899708677e-03
8.938945766729291392e-03
1.490613128406110058e-02
2.773908892609488336e-03
6.423228808697819224e-03
2.945494931043316986e-02
2.154079572068479803e-02
2.316192121922695801e-03
9.337063166751573967e-03
7.132723210239989798e-04
5.332146394033971532e-03
2.821082609594177584e-03
8.127668356928617957e-03
1.267348322433164455e-02
9.634593656460656991e-03
3.067811431517885809e-03
5.501717874096669764e-03
1.087015519306881034e-02
7.263542551925975845e-03
9.927446544393462094e-03
3.411071556944859483e-03
2.436310184222056680e-04
8.608691329331405158e-05
1.328212857864575006e-02
1.465518033811217570e-03
2.184339606043476673e-03
5.275778813579274328e-03
1.878829170657256168e-03
1.129923259243140535e-02
1.970967964629391847e-02
1.035662725678871549e-02
1.177873431246946427e-02
2.607290946251560569e-03
3.969562450045555774e-03
5.542752754451983274e-03
8.120185163737377856e-04
6.196402169140033302e-04
7.604910385886084687e-03
1.564216876501800177e-02
1.484294926506839196e-02
4.496829993556193845e-03
1.218690693249502646e-02
3.193972666011450200e-03
4.654023120512046710e-03
2.945645782391746650e-03
1.010210315567384304e-02
1.392731114802065015e-04
1.332276325702844849e-02
6.967628014382126582e-03
4.748160625044835735e-03
9.676699726390581777e-03
4.414970284410014469e-03
1.243080827670065003e-02
