5.970216558534989504e-03
8.424275380497735916e-03
6.256872338886550027e-03
1.645323200306973710e-02
5.018630093007957725e-03
1.701567546859312011e-02
1.744738177999789058e-02
6.511286807173782484e-03
9.281180382141328983e-03
1.681155914598887052e-02
1.926539274057185308e-02
6.994746106174437768e-03
2.471069908961167835e-02
6.142880516593175223e-03
1.470109293815846131e-02
6.795380047665770806e-03
8.287359050751865602e-03
2.639181380161861531e-02
1.243301549373154215e-02
1.401400484223982827e-02
1.359409496146653414e-02
1.440303127344250839e-02
1.885350956620358495e-02
8.177464409100852760e-03
1.100675941364635292e-02
4.828011276029691400e-03
2.765444867329086218e-02
1.396272744012438602e-02
5.155530641881861213e-03
4.051444528425201565e-03
6.908143576633392346e-03
8.384508412919882900e-03
1.007193774596762230e-02
1.026482477945817040e-02
1.969240053653735847e-02
1.086843128681509729e-02
6.233566349342287150e-03
8.704463457045634803e-03
2.181980170286358656e-02
1.706130503854475650e-02
9.875038212356929829e-03
8.491451307233331344e-03
3.118174385700595713e-02
1.084033846795160946e-02
4.898661371442476938e-03
1.391419691091383241e-02
1.156612809952790345e-02
9.825441474737326569e-03
1.459203824002669111e-02
1.642639881026199122e-02
2.044508804562292573e-02
9.777157978365086724e-03
1.012051774969028976e-02
1.245210202408970381e-02
6.020436679684228708e-03
7.500902307678583396e-03
1.057944114004305720e-02
1.211800264835931167e-02
9.637525268277291959e-03
1.254190042125635784e-02
7.199183239578791325e-03
2.277675941028757534e-02
3.777045321167070077e-03
6.848130113980288765e-03
9.909461610451676672e-03
1.084055168593695169e-02
1.111144957735116061e-02
6.346850326723925059e-03
1.238172480350746736e-02
2.245318192125895368e-02
1.825431411268557680e-02
9.164726133408934716e-03
4.855772074682271171e-03
8.539477828908422982e-03
6.450726539440441477e-03
7.074038613436755760e-03
1.631972696459002559e-02
6.301344918126735618e-03
1.418131845048613109e-02
8.395331690351389570e-03
1.137902542707583398e-02
6.137532537980436471e-03
1.077802266766699629e-02
2.234842537130688964e-02
1.115996254914729258e-02
8.619377289918404503e-03
1.254593481280413987e-02
1.185651443318177373e-02
8.175093099441676711e-03
8.324531514964235782e-03
1.002280580773216856e-02
4.493870204570223244e-03
7.497698385977660980e-03
7.135940958866928037e-03
4.291726091464882591e-03
1.369288198070296898e-02
8.458505726277022740e-03
1.049208126767697292e-02
5.496504257886765908e-03
1.098814062980220732e-02
1.042473956302460494e-02
1.293365051490615904e-02
9.219200193995200424e-03
1.000466190791762973e-02
1.122980049065570862e-02
9.984323888552044252e-03
7.280081746466967110e-03
5.206521779545106830e-03
9.298765264972414304e-03
1.020303450854208663e-02
1.009950154064559111e-02
6.378010247003128817e-03
9.338572346312424763e-03
8.823504101524194676e-03
8.933232941031923544e-03
1.039716749289364660e-02
1.067266732596005262e-02
7.354243435723625474e-03
7.778745016198557356e-03
1.100443905370072049e-02
1.341895685670154749e-02
1.207659109988124327e-02
6.940523324685651287e-03
4.835452385412328420e-03
1.096359896256161523e-02
2.257105545576150799e-02
7.313059068486407743e-03
1.243088672367270026e-02
9.513361158150797706e-03
5.370022779475241634e-03
1.004611389523050492e-02
5.309314206295007860e-03
1.217539532828329149e-02
7.917842595749872633e-03
1.470531768029589847e-02
1.328225973045313660e-02
9.498871224029014834e-03
1.523479035739611076e-02
1.721000675996822715e-02
1.940788170189943970e-02
7.086865923725893003e-03
1.388779302513936005e-02
5.834279315584915346e-03
2.484159377473152408e-02
6.198577114108960381e-03
1.528896101661074945e-02
8.522727414324532055e-03
5.985223294617111542e-03
9.036826564510986107e-03
1.210087068780767681e-02
1.121749048008306889e-02
6.638982759413524122e-03
7.667094314467079279e-03
7.135994740054702953e-03
5.533226271811650041e-03
1.438815805156878729e-02
8.208249006522054525e-03
9.980866976925109949e-03
8.450995288078171769e-03
7.504102956728788548e-03
8.905045973228196271e-03
8.800449202413501010e-03
1.799332066041582287e-02
2.108845908772683658e-02
8.594219839620609314e-03
1.596459917895908659e-02
7.472456413658600145e-03
1.165234000220882575e-02
1.202784028916614560e-02
1.062226485721475162e-02
1.202912857936000793e-02
9.815699119010604101e-03
1.528736998825657931e-02
1.422305511245445728e-02
1.157887823560967318e-02
9.987570184853579794e-03
8.236692028003140056e-03
1.162584063888119461e-02
1.294928791422408215e-02
3.157849285811933915e-02
5.594276186590575912e-03
1.751811938624199885e-02
2.686193270325736709e-02
1.345900529301589064e-02
6.406738456175278471e-03
5.739997266909501600e-03
9.970306748165685615e-03
4.636689393447298441e-03
2.089404297951093226e-02
1.010722917262008719e-02
8.187582094157479229e-03
6.083961256111242166e-03
1.373764437463678885e-02
1.480354276534531950e-02
1.016008523171391641e-02
1.399807469566022484e-02
1.574397572997930650e-02
1.415964336046773159e-02
1.372226784973126432e-02
1.056813131328611724e-02
1.950836939314160717e-02
8.475248370832421524e-03
6.841132887840459774e-03
1.085403806247888826e-02
4.628968975520031739e-03
9.991437004959486529e-03
1.698943869676233787e-02
1.086097295368776763e-02
1.424246523243422914e-02
1.266688995234203051e-02
9.556303433935363703e-03
1.437538311800877142e-02
5.692148778222255040e-03
1.806024877342653559e-02
1.308700358477304926e-02
1.138342189259418033e-02
1.043442526060103966e-02
6.829635324881436556e-03
7.690805956453374177e-03
1.446264862208799726e-02
1.077157178744921062e-02
1.018947337227623165e-02
9.985516481978923622e-03
7.251973916441064628e-03
6.759729081195074013e-03
1.369330238447808573e-02
1.709711588297383594e-02
1.260306521481793611e-02
1.088241965211303799e-02
1.148667615705573075e-02
7.705483892267679831e-03
1.151830520992681677e-02
9.480595646002502874e-03
2.200724241177009002e-02
2.781011911683636817e-02
8.674934589595137066e-03
1.442415883643468656e-02
9.462972832601628317e-03
9.844497250505275174e-03
1.274803863907424117e-02
6.777378991120068530e-03
4.785262921211599386e-03
1.009247295520588651e-02
1.132965396187528111e-02
8.270362381109293282e-03
8.207429553601732625e-03
9.878376969859411008e-03
5.518616445273140034e-03
1.358775648482216623e-02
2.499849593894932012e-02
2.176131672371584003e-02
8.090798232693820549e-03
1.521851172066109037e-02
1.412858521150952944e-02
7.713843879035455278e-03
2.141814686336096854e-02
2.133454146378259766e-02
2.419080480662775395e-02
7.032775354608849019e-03
1.173377333084645903e-02
1.366254374819375443e-02
1.245707271231006989e-02
8.803779979526062116e-03
7.900676062195566979e-03
1.030520330340809441e-02
1.729088451279922958e-02
9.588339330825916551e-03
6.837467431054305815e-03
1.568996414579956755e-02
1.475631106635618556e-02
2.062321621209935868e-02
7.721136807959791057e-03
2.936719170969912234e-03
1.677667752255643935e-02
5.448451707720919183e-03
6.119277567285797553e-03
6.411032198075681393e-03
1.113646925243487809e-02
4.996164314789593684e-03
4.044688926217194364e-03
5.645737870170601871e-03
1.164278009649174529e-02
1.187933872834673853e-02
1.066967576913700581e-02
1.328872275576209287e-02
1.158705110305576977e-02
1.923471233504799385e-02
4.706384677983474138e-03
7.429165614941599105e-03
1.482496261593340206e-02
1.691143677306491608e-02
9.589921279042243688e-03
7.519721684732538075e-03
8.023745266563159229e-03
1.842674306719468275e-02
8.984094970489697046e-03
1.051666442907090229e-02
9.829034805507369521e-03
1.678686348425100644e-02
8.206508823466978145e-03
2.037005618487343003e-02
7.071399699709138634e-03
1.217663241632773244e-02
8.415006222379025833e-03
6.472932108433204074e-03
1.255008292134107868e-02
6.943380513785094195e-03
1.161026525541305685e-02
1.176189945840277855e-02
8.414748877274211281e-03
1.127927232564083712e-02
1.697103147929081290e-02
6.119618419627677504e-03
7.146192907128546754e-03
9.266051358071760585e-03
9.338375416740795840e-03
1.016943814862996016e-02
1.006120112466769509e-02
7.314692193689073703e-03
9.213593049626806961e-03
9.429722848568047183e-03
1.458964923691201572e-02
2.307697290566829498e-02
2.451654327327747185e-02
5.083112179844376244e-03
1.018240638143263176e-02
1.464190639594637085e-02
5.314444937460055529e-03
4.308632411925741520e-03
8.388415261272656048e-03
8.016180312853626172e-03
1.029786996892824262e-02
1.351867615436074671e-02
9.130143862855769760e-03
6.878336261977710010e-03
9.263060944987827616e-03
8.521217268732270145e-03
6.882481150764603248e-03
1.263260864323608249e-02
8.182670517470819194e-03
7.861773301290075205e-03
8.401595546117850144e-03
1.254553944156427091e-02
2.620245969261201895e-03
1.098507768271794575e-02
8.377555519628711658e-03
1.043347240911325809e-02
1.176744705844887107e-02
9.891098533191857931e-03
7.795484554731968788e-03
7.435283543865522059e-03
5.730046683633928904e-03
1.167220439856454101e-02
1.019092783536377708e-02
6.994387747798434633e-03
8.525805372909108990e-03
7.838080272865602383e-03
9.818513418325283335e-03
1.266402825652051742e-02
7.547956711422034760e-03
1.132821888016883119e-02
7.851906908411384819e-03
1.684446810730503424e-02
1.380991028518154494e-02
2.045092829118765054e-02
9.775461012819012391e-03
1.397344022557967663e-02
6.648743063291478322e-03
9.506805157678797219e-03
7.069197005066808238e-03
1.308336662194062305e-02
6.862752812176360628e-03
1.584378247473925902e-02
1.387038632674966396e-02
7.854615443480357159e-03
9.288912237793362989e-03
8.253412501713436322e-03
1.023557324247574563e-02
1.750136974417963384e-02
1.203413243337367496e-02
1.603516739928930596e-02
7.383285385480300306e-03
7.103103666432164162e-03
7.226934990032902843e-03
3.947679496460371022e-03
1.300376608303775543e-02
6.296213198038294254e-03
1.171179770967636057e-02
9.777133031769632415e-03
1.163425802028081671e-02
8.106346046741610967e-03
1.016387779455263547e-02
5.873380686436870113e-03
1.112305033614822448e-02
2.786661869644918924e-02
5.642546741799215823e-03
1.802871649797975137e-02
9.022504325571781975e-03
9.077296249099977080e-03
6.827749632147554933e-03
5.237634418704049423e-03
7.037156045710419097e-03
1.442924022103368384e-02
8.258980873101373285e-03
1.553826298924680833e-02
2.836553719284926750e-02
7.900119312123662571e-03
1.050483670289427407e-02
1.700766399273922341e-02
1.841875876484024011e-02
1.011081359029350479e-02
1.636465069462969199e-02
9.282994375335675008e-03
1.133778597440167520e-02
7.835451438732007542e-03
1.200286193900637621e-02
5.018346614559858650e-03
1.200753236577545117e-02
9.641708686677082085e-03
4.956254451711557263e-03
1.021634779359581122e-02
6.092289449834678919e-03
1.176336910899847092e-02
1.083127993876300404e-02
1.584457730044775900e-02
8.735103434212619991e-03
1.100964035262102896e-02
5.639377040317673784e-03
7.733418243534750242e-03
1.130493988292030280e-02
8.068463782788649549e-03
4.097632333231527799e-03
1.102720120048601878e-02
7.222993208175289108e-03
4.429957052207492661e-03
1.158307196217411503e-02
2.731979039986790966e-02
8.328146074020940232e-03
1.060601398484016349e-02
7.573462798426903141e-03
8.450127850459007023e-03
6.020693462142186203e-03
9.003487625761728147e-03
5.344510742164920031e-03
6.696550069886795034e-03
1.209140665066969766e-02
9.245109696841927530e-03
1.114027771139356610e-02
9.020751523935079813e-03
6.406554523375019607e-03
6.672209727781154912e-03
9.913483514968872076e-03
7.755324019329500745e-03
1.472200456662137343e-02
2.129001450304071619e-02
5.065625360705938024e-03
6.014479041880883836e-03
8.272955455912042733e-03
5.022418462114075152e-03
4.713998444815323957e-03
1.398041364300382089e-02
1.082829577756715296e-02
1.068211416137840146e-02
1.386567130204421038e-02
1.161808410171601136e-02
8.301631359187214981e-03
5.695004675495341992e-03
8.291483904457816467e-03
1.162128047033307576e-02
1.818237359656979524e-02
9.549088821960283538e-03
1.624844540325356274e-02
1.277323694644222005e-02
1.049052482390397042e-02
6.357901821996903707e-03
9.178469112568057170e-03
8.385266304527868794e-03
7.658604504372362731e-03
7.676304601982725066e-03
7.507708323607900115e-03
4.932714757040043002e-03
1.024076392227381456e-02
9.270800455605720733e-03
2.147313806788285484e-02
1.185362648747764411e-02
6.703825203390804260e-03
1.607948591638515626e-02
8.853138101791032180e-03
1.089873419890808812e-02
2.200336029834413371e-02
8.823194633272850307e-03
1.730620801303842451e-02
5.333387773351155013e-03
9.214490498435414997e-03
6.704945649148819249e-03
4.101537450055975711e-03
1.640602808259858728e-02
1.171050288318204596e-02
2.050664222498219461e-02
1.058983500209874015e-02
8.252782510423323573e-03
1.105633558613016050e-02
1.362007653481954288e-02
1.027559790435012867e-02
1.167848352804040299e-02
1.333015633042954409e-02
7.870016710456166631e-03
9.855828727728745825e-03
1.019790269144722761e-02
5.218144480950857346e-03
2.278728806076366423e-02
1.424220802493679147e-02
9.521634122968939892e-03
1.363895515320718947e-02
4.067349228949854352e-03
7.390203294251472717e-03
1.650524097045557442e-02
6.958230121919928290e-03
1.518513407352487486e-02
1.406745948124748895e-02
5.496585963267302741e-03
1.259750465190054292e-02
3.872271175537464385e-03
1.041329448661709386e-02
1.008539314671802120e-02
9.809667369829948996e-03
1.058376080843618193e-02
1.010139195899038486e-02
4.762933271612042330e-03
8.048912603990506995e-03
4.563490224047540844e-03
1.031385493075918404e-02
4.385280390713595239e-03
9.740905490540916270e-03
9.531443923981208072e-03
1.180350567776569312e-02
1.216565765453020247e-02
1.179224459993356323e-02
1.538214325693022973e-02
5.108032554001279077e-03
9.616572547734061546e-03
5.661658421896489067e-03
8.004354773388023744e-03
7.733338437139553913e-03
6.628243943949930182e-03
1.921397897487387221e-02
1.286072979300395720e-02
1.192734528304345738e-02
1.588577405455410263e-02
2.144120827516024508e-02
4.685622939124162514e-03
1.061985392229903950e-02
1.313646186010267863e-02
1.018235258269313027e-02
7.070158214893103310e-03
1.336374304077812825e-02
9.434257525648394316e-03
8.046408978354195954e-03
1.357699695132946228e-02
1.729159003408857823e-02
6.985050891653745223e-03
9.387376091938520392e-03
7.752755711718135011e-03
1.560213533882518454e-02
6.192748777114751545e-03
2.273763458233235904e-02
7.932695597604861454e-03
7.494924914021300517e-03
8.503109402902451000e-03
8.520714666339131854e-03
5.000880939747248850e-03
5.214977363266902650e-03
1.793166950047946073e-02
1.167898258024356942e-02
1.177770811810969522e-02
1.198837217449140458e-02
9.025258327438012013e-03
5.399241803996058034e-03
7.072782627365134349e-03
6.645000587402324563e-03
1.748871266860960172e-02
1.244896924586121230e-02
1.045222939083831695e-02
8.105297329924664868e-03
1.031747958362055385e-02
9.496661098465255038e-03
1.008940226530260532e-02
1.139887803227260764e-02
1.914838878904381522e-02
6.772098939127473537e-03
2.331108547632536332e-02
1.870525097023859051e-02
8.589804111189966451e-03
1.760290364075811978e-02
9.425844671800203203e-03
1.294831350481698111e-02
1.066603699658923501e-02
8.928044970930176100e-03
1.167088552184971859e-02
6.873268606145880102e-03
9.123747247587261217e-03
5.754984529519002745e-03
9.416022183667507872e-03
6.829692832122560148e-03
1.131565534971223919e-02
1.159092947687089849e-02
1.423647890881290200e-02
5.971596861620152852e-03
1.007639563365589526e-02
1.562571699617812740e-02
4.720201443320573217e-03
4.688610835955164639e-03
1.231078057247427492e-02
7.655649649833120088e-03
1.114568202732493796e-02
5.438401359338353169e-03
1.159194472128844897e-02
1.085237943585698819e-02
7.513354502910288800e-03
1.177535261400136819e-02
1.576051812225710141e-02
7.691864177232527779e-03
1.079144734546454674e-02
1.518309407274338017e-02
7.984236505545461854e-03
6.177868504453588698e-03
9.856043877386054530e-03
1.198109481432062598e-02
1.362916456301827700e-02
1.108312006506971363e-02
1.325216352420030552e-02
2.175711690709989515e-02
8.814194061951684256e-03
4.474092071709559991e-03
6.290783895531632669e-03
2.676660521608528742e-02
5.627185373922096237e-03
1.155151461957342439e-02
1.651030145361028975e-02
1.000967359321164145e-02
1.126413515598450286e-02
1.487049816684116177e-02
1.087437179276685463e-02
1.027577398273606113e-02
9.178463336322443406e-03
1.091291031329226502e-02
1.604146329595640061e-02
7.595741176819507424e-03
2.081309827678283486e-02
3.624453933442533041e-03
1.309788639298878517e-02
6.200585683179496259e-03
1.838966336484399583e-02
4.551738063204163742e-03
1.495200328962214935e-02
1.278038387353314619e-02
6.717821938585417409e-03
9.210007711842976147e-03
1.047092978686283218e-02
2.814228015986463410e-02
1.042566218600496364e-02
1.239636264445143250e-02
8.827159133432804089e-03
1.233283729587446483e-02
2.800046535308691256e-02
4.723469438041428756e-03
1.064807917385049776e-02
9.652810519686503415e-03
1.327187673300185555e-02
7.477565443189279799e-03
7.512262591788901323e-03
8.169862288041129100e-03
1.710481213863904865e-02
1.054805845726094343e-02
5.180056927055009738e-03
9.332288979176263724e-03
7.554741710893521367e-03
1.653315332262439430e-02
1.344164981069818562e-02
1.641886930141002454e-02
6.961973852408416194e-03
5.144059316963147006e-03
1.655530669665712315e-02
2.309160983148299262e-02
1.168119267450242263e-02
1.532896944821343990e-02
1.155136819164791738e-02
9.641283429727471113e-03
5.638012030069653770e-03
1.247293968966761875e-02
7.165951644830998758e-03
7.696535482423769343e-03
2.338257263303299138e-02
1.378802561455156825e-02
2.419476854699604065e-02
1.235426251303249276e-02
1.172575565611826826e-02
6.831455916561751142e-03
2.707227158638771114e-02
9.261338280881324311e-03
1.080131626640867294e-02
1.256593299006518970e-02
1.441743414365818238e-02
7.677093793431119702e-03
5.988441698998475150e-03
1.216708073784862967e-02
1.261575267499035966e-02
1.150993145561075674e-02
1.476830804724539419e-02
5.018213793208559266e-03
6.719363131622540890e-03
5.691977838613571788e-03
5.343635052430106488e-03
1.958957382257963190e-02
2.528275823206698955e-02
1.149800100205526643e-02
8.574212897601417999e-03
7.375896193007298353e-03
9.638915705013791774e-03
9.683930363927289661e-03
7.790247677583651657e-03
1.389024280744251792e-02
1.052874570825063430e-02
1.462623744614038705e-02
1.641150760630186514e-02
8.689371969685681998e-03
2.289123633193538773e-02
8.809549844070511254e-03
2.171964287904484120e-02
6.733872327527134875e-03
1.069656777620025222e-02
8.057484209386307078e-03
1.578052405490336374e-02
1.792708097170424980e-02
1.689243588956356595e-02
9.798430309715560824e-03
1.609820332430502918e-02
1.206113254067697239e-02
5.842732263329533313e-03
6.332599283157727688e-03
9.150643663338542053e-03
7.165449103728954196e-03
1.157914663386677180e-02
9.433735478775786762e-03
7.691170270421890387e-03
1.509137009372525998e-02
9.760666059911106765e-03
5.893055531330989964e-03
1.287270875990149770e-02
1.099843509076731465e-02
1.308355213489346795e-02
7.845180785171049914e-03
2.094166434993838949e-02
7.593299797537037682e-03
7.793570541205000618e-03
6.618811416727894865e-03
6.159479075195439107e-03
9.934789990518897232e-03
1.939090761140657357e-02
1.060568652346283863e-02
6.902978144965393574e-03
8.683491175433580636e-03
1.520844194195162570e-02
5.553962904001551529e-03
5.766365506629365055e-03
1.000842931925464453e-02
6.573613879346018596e-03
9.980390563316995922e-03
8.168443112123240438e-03
3.904570089938179302e-03
8.030942818410581607e-03
6.739531023712368001e-03
1.747701003614749588e-02
1.043908226651511090e-02
1.034856067688181766e-02
9.515296962997948221e-03
7.904824217453473162e-03
9.183813192134139200e-03
9.083534762618512490e-03
7.376342772166444642e-03
8.306037760576440859e-03
9.416779189918653842e-03
2.008707293251114911e-02
5.094929233562381886e-03
4.369675518199728735e-03
1.257555714540226598e-02
1.221358305456383096e-02
1.261791481633605695e-02
1.531387412188796315e-02
1.113291700070595004e-02
5.540390030424400050e-03
6.612533154553516986e-03
1.563489571164199468e-02
5.115661895280057200e-03
6.112003696257203335e-03
7.290886270950655036e-03
1.338644718822953536e-02
1.744995005664985374e-02
9.525144081193521670e-03
1.386037013564114621e-02
4.075658524158950850e-03
1.220394359312299351e-02
8.601492573690420335e-03
1.500264941541713457e-02
8.131627947063027606e-03
1.432163701130345981e-02
8.188519761194336735e-03
5.107829549977847480e-03
8.895431970183274514e-03
2.254860953866825654e-02
1.472979420437318769e-02
7.509673208392570257e-03
1.193510305007379653e-02
5.265073230052098353e-03
1.147915675959156750e-02
8.093425013548266253e-03
8.780353992461260165e-03
1.022947777223659656e-02
5.815265552697144145e-03
1.727930716686713539e-02
1.105331420358503410e-02
7.843480971680758321e-03
7.460384797033527311e-03
1.641865410557889760e-02
6.846505954591014000e-03
7.971824742675027997e-03
7.516015096099448733e-03
1.823399861144943401e-02
1.636665092866147753e-02
6.170285426190851019e-03
4.585494784977520340e-03
2.053350174393733796e-02
1.298769474444126486e-02
1.056698550378205002e-02
9.997909441505513709e-03
5.592445805645868302e-03
1.242834977642117214e-02
8.984381292912410957e-03
1.143434320064483888e-02
1.643809479692865186e-02
3.865751264166953239e-03
6.641648625407788054e-03
1.070904932893686212e-02
9.336853056003936724e-03
4.894754671249861543e-03
1.250602563755644908e-02
1.382335958272562157e-02
1.376293830822664446e-02
1.185917849995028750e-02
5.932645892542983378e-03
1.825850038487749488e-02
2.389703258558420473e-02
7.417227080516242306e-03
7.219960843047907618e-03
1.354802267082457282e-02
1.734348618445482812e-02
6.476115216638538875e-03
4.754892773551700272e-03
6.507297968363168726e-03
7.149642650321033459e-03
1.582510812264161307e-02
9.509847847491087816e-03
8.409817430331568977e-03
1.840774933199531074e-02
5.275689921748501383e-03
8.946926481536913653e-03
7.376540218129886556e-03
6.091776001957565322e-03
8.143239215693733740e-03
1.953442370757473359e-02
6.819032274484070066e-03
9.965838616422710919e-03
1.270219353404560859e-02
1.598088876462240224e-02
7.636767354024758328e-03
9.688371322208578704e-03
7.546018192909769579e-03
1.749339350591455622e-02
8.496726749219609548e-03
1.399449881071530670e-02
1.574720747455756950e-02
9.415795874988976480e-03
7.058084614869287489e-03
1.360318061160907012e-02
1.809820955971014680e-02
1.161645872962350189e-02
5.916391868027186599e-03
3.051152642723038017e-02
5.486767824580176742e-03
8.886667003751258856e-03
1.067759625847083255e-02
6.264614525378483720e-03
9.260579049664209930e-03
1.180259558952770696e-02
4.400656395593459218e-03
1.343527117954614047e-02
7.083363905045887698e-03
1.325819215607179635e-02
7.839607263024239714e-03
1.113300700242685418e-02
8.535611858688885861e-03
7.469451653356181872e-03
1.075009162233027393e-02
1.531715350092124374e-02
9.954574691511789558e-03
8.859243173595354390e-03
1.227796449322816723e-02
5.768366280823317323e-03
1.119516676231111646e-02
5.801846185965233924e-03
1.505357162715547682e-02
7.575994275294258701e-03
1.292900769039979914e-02
1.815321881944361934e-02
1.429307334356588050e-02
1.522738284542368183e-02
9.756572018616281941e-03
1.245736817316001575e-02
1.054160718595323516e-02
8.286243843465690082e-03
8.657893045253519521e-03
1.965692247538963766e-02
7.582972440631310408e-03
1.039808684428268973e-02
1.453510451792820561e-02
7.369585421317488387e-03
9.854196495062986227e-03
5.611807643622835490e-03
1.003926996482370528e-02
6.403872770264642557e-03
7.176297657018862811e-03
2.062643328939294668e-02
8.240775361467889137e-03
9.935142791093674181e-03
1.962099606076198738e-02
9.344715140965612413e-03
9.863619199624983763e-03
2.436597280932017648e-02
8.631398507805808015e-03
1.615865945833501807e-02
1.243250622142030165e-02
6.805003523354453097e-03
7.001342272538982510e-03
2.536136535531592281e-02
2.449708230929123487e-02
7.448522543955987847e-03
7.446485240159293577e-03
1.156173347798001259e-02
9.441273588365087580e-03
6.371714747559867852e-03
1.662263729747386065e-02
1.229746967720729382e-02
1.314298657126328380e-02
7.565409184550168052e-03
7.817707855696806943e-03
5.326823598871764306e-03
1.495338383990807256e-02
8.412095942643462929e-03
1.169175803758980108e-02
1.459679762653682232e-02
9.099030685812969921e-03
8.064769959731743140e-03
2.136520823576600406e-02
4.760316684993692524e-03
6.728352007893883407e-03
9.520833940132025427e-03
6.215076612377299844e-03
1.459895136755220632e-02
1.096182022187468762e-02
1.202212673036878385e-02
4.196703086222962342e-03
3.853025721279215547e-03
1.997635520457263780e-02
6.457192455874636271e-03
8.539724005111703001e-03
8.903055076090172354e-03
6.044491202420921964e-03
9.200949999828430051e-03
8.150063424448931657e-03
9.052827668355556065e-03
5.035118218688843829e-03
1.055976096983006832e-02
6.900849528483723495e-03
1.104470255751674977e-02
5.144109844890434532e-03
6.572396787561563154e-03
1.193119639251806648e-02
1.048001383073255029e-02
1.698863547899969947e-02
5.835656643263844798e-03
9.938105425591377273e-03
5.819488701877732414e-03
1.058892793349456608e-02
2.295200048591009359e-02
6.371847406547312236e-03
1.746123028186592069e-02
7.110404253234075926e-03
1.769601382584620394e-02
9.305036020924757623e-03
6.799691106841965899e-03
7.255134846025939298e-03
6.168726760080271536e-03
1.297528515703605390e-02
6.051949869129748250e-03
4.614622271562766713e-03
1.379698341965135758e-02
8.732283117234925299e-03
4.748984115319788805e-03
1.295998619946254343e-02
1.512698569083600376e-02
8.304806222692863796e-03
1.546839468520179277e-02
9.233759644102326400e-03
1.201721891963783428e-02
9.827860344562077549e-03
4.940268498424562303e-03
6.354700524264688538e-03
7.081965936268456822e-03
1.380781144176913659e-02
7.291175510368216872e-03
1.030762547757211808e-02
6.332830960965497510e-03
7.325982151353849572e-03
2.346271822426446857e-02
5.891844393514963918e-03
8.445271580882466114e-03
4.599954967079645379e-03
8.738825156566584762e-03
1.486272031504903834e-02
1.960643715688611607e-02
1.293406601894317789e-02
1.120415745740930766e-02
1.038583180335633446e-02
2.635933507782193749e-02
5.553969635522192777e-03
7.723192699125707231e-03
5.684885238397920960e-03
6.712798789112325686e-03
8.482953307348250691e-03
7.895052185754532909e-03
1.662469100569712727e-02
1.294974321604951475e-02
5.629032543055949127e-03
5.209556946153636077e-03
1.633628829186524814e-02
5.856264219178652572e-03
1.945755442018414286e-02
8.173110601930360514e-03
1.022321417174703977e-02
9.677327073967694274e-03
3.984474187960025150e-03
5.082395020428356024e-03
9.846877131718549669e-03
6.469996938768077591e-03
8.763226661213416313e-03
7.947750907385791458e-03
7.461731732043123261e-03
4.376298633051601411e-03
1.331190886233626046e-02
1.758746344827032126e-02
7.203471488149865501e-03
1.880923288223985274e-02
1.059415938253903226e-02
5.796257940118814365e-03
8.896017947889328648e-03
1.608316360695200009e-02
1.618130344825835856e-02
1.378649025105017564e-02
1.110054753929252784e-02
5.650946754303447402e-03
1.058124000732584696e-02
1.674485920533009403e-02
1.300945870200900280e-02
6.362591089502338607e-03
1.093532500564724577e-02
6.848639287057768296e-03
1.206762156629514159e-02
7.393850655096864330e-03
8.417271655128040833e-03
1.017287232259899560e-02
3.730559484004915185e-03
4.541856218584700185e-03
9.752481065761915355e-03
5.577807516112850972e-03
1.484485370061140209e-02
7.030005335479767858e-03
1.089948233356430318e-02
7.164878684184207078e-03
8.264357402407081568e-03
1.064757341273426215e-02
8.101401464243098219e-03
9.968204880670173545e-03
4.943818110187120710e-03
7.271288256719652364e-03
6.265554979156612130e-03
1.073266750013721245e-02
1.151264817473099042e-02
6.589734618971205757e-03
6.185015980168070276e-03
1.273311267200100128e-02
7.300114008790899341e-03
1.502013136886050544e-02
1.253591400899237672e-02
5.029667638180028606e-03
1.503771203785554331e-02
1.005423039005743334e-02
1.081034393940511103e-02
9.099563802217849190e-03
1.110170767993825212e-02
2.284147562881713722e-02
1.000874973766525955e-02
1.595521098692577813e-02
1.219784998161198113e-02
1.581782686013218087e-02
1.180757999985889393e-02
1.612253860108553427e-02
1.641510443279154546e-02
7.479609315584217523e-03
1.352780208354844443e-02
6.466731284503222932e-03
1.445444454642619801e-02
4.075669350614763431e-03
9.692179034594926301e-03
5.043906732041286006e-03
1.093456633962468054e-02
1.214545144970008428e-02
2.649376016926228636e-02
6.396732043366929431e-03
1.182542439545553915e-02
1.172342643430545478e-02
6.598364376963208704e-03
1.369733037478176527e-02
6.606337446057761360e-03
1.807449386618029813e-02
1.614790772771080088e-02
6.247295854297341133e-03
1.277747039637415136e-02
1.182788674273001564e-02
1.423813864034352387e-02
7.622261367048248533e-03
1.784493015391300577e-02
1.634756641227028476e-02
8.274162266897177806e-03
7.211772778791875581e-03
9.164092017115838679e-03
5.666634909686353409e-03
1.399820212660527266e-02
1.150494811901561602e-02
5.817389100281270334e-03
1.397217396941706838e-02
6.817236344648818988e-03
8.350258703186032999e-03
1.707438455729854559e-02
5.791970342230794502e-03
9.074537716649374100e-03
1.163277647959956584e-02
4.670877907712285906e-03
8.847253692372936129e-03
8.226301647818953094e-03
1.226241310638228471e-02
1.176985139997248873e-02
9.839500556213898880e-03
8.761518704506225316e-03
8.594169077567406084e-03
1.167625529545346721e-02
5.899000640337026188e-03
1.611540331606504256e-02
8.150588127449507822e-03
8.751756168752976295e-03
2.482534884429596356e-02
7.473199357234392055e-03
3.966349892072878330e-03
7.108537606468033621e-03
9.236462076899995891e-03
6.434830116300751038e-03
1.846684272162842783e-02
7.324080612042422993e-03
5.328377372478394942e-03
1.952694645980898591e-02
1.852855946661166250e-02
6.707910215073902352e-03
1.317006536403371973e-02
7.217618749919055970e-03
1.180681937761222065e-02
4.376874420775128498e-03
1.216539756902473672e-02
1.441269995022164720e-02
6.805095394482893120e-03
1.003669380496176322e-02
6.183141686312917593e-03
5.710870679472347146e-03
4.571161116242771286e-03
9.338861109000276203e-03
1.494393812651513727e-02
1.335269458608677982e-02
1.787439781286035562e-02
1.008911143913005654e-02
1.599283164822620784e-02
1.483505192836787577e-02
4.854378541112864924e-03
5.600941664402270953e-03
4.556535464780768138e-03
1.039139818329604115e-02
1.309650656494865117e-02
9.557879280837434932e-03
9.508053864096028054e-03
5.590963929268182378e-03
1.008166707707064402e-02
3.204306565904433551e-02
1.511215325542769258e-02
9.929751995445011692e-03
8.618103504221822503e-03
6.875994336067962377e-03
5.313136463161041191e-03
6.593261821103757470e-03
9.546594307335157584e-03
1.236288501580503491e-02
4.560874438429848333e-03
7.027342085623132506e-03
5.870672267310331378e-03
1.174764286044573981e-02
1.408973172840995332e-02
6.874433414629542612e-03
4.769353423788152621e-03
7.672645726536407064e-03
8.828179743272953836e-03
3.678506806864813988e-02
9.467025818789144564e-03
5.366328170517697255e-03
8.766492866042373960e-03
8.286219860124222764e-03
7.524291966395278697e-03
1.077692829497255839e-02
1.113630914186678270e-02
1.367448928913683054e-02
1.466387722970093413e-02
1.412540187480605496e-02
1.416130581679742907e-02
1.583619551819652471e-02
1.164908483496739956e-02
9.221705090786930237e-03
2.040282902377737323e-02
7.939137323658047168e-03
8.940183010478540762e-03
2.067513070855838894e-02
1.134999819345489970e-02
1.448756258206102335e-02
8.823207835080153910e-03
1.215069931944082020e-02
9.849192967227905077e-03
1.799295476759305706e-02
1.394719037895768461e-02
1.146026777733008713e-02
8.942398449528324994e-03
1.574140719004323702e-02
1.230367748357129309e-02
1.556765149705704489e-02
6.385304137841807913e-03
4.407219121947718830e-03
8.232447800717268907e-03
2.201451295753273710e-02
1.845190621672642556e-02
8.911642315683141954e-03
1.399049936373481830e-02
1.028444825667629466e-02
9.235137442646946040e-03
1.867495572782525148e-02
2.169637230630365454e-02
1.093543277159777539e-02
1.419777551288015777e-02
6.664581208756163548e-03
1.707919726259326740e-02
6.455196401687128722e-03
1.523692048216293907e-02
6.313273196712889355e-03
9.535480396019820060e-03
5.458325225757242743e-03
7.483113269810048873e-03
1.033078817349920853e-02
1.345719363424652953e-02
1.091573024439638356e-02
6.410695418684401493e-03
2.002939095183492099e-02
8.682159400025398280e-03
8.779627590503628551e-03
6.614609029344326041e-03
8.156582000625254084e-03
1.143615798938998722e-02
8.455737672276149308e-03
2.028954672086442229e-02
8.038129573678474277e-03
1.687487471401417916e-02
1.067537270889748133e-02
6.469881841729618541e-03
8.672952954124056937e-03
1.342969162364609885e-02
5.660921685990420033e-03
9.280252690646586047e-03
1.588731010303670935e-02
1.008893645765908571e-02
8.547055850009139047e-03
1.744857781822454351e-02
1.074714711149093484e-02
1.661192850218389319e-02
1.407333214173311052e-02
9.520509783462773740e-03
7.630749891295322308e-03
1.753211502083462658e-02
1.876016054017604073e-02
4.521583006657854849e-03
1.108199489219234210e-02
1.061474101063389699e-02
8.646594122812290353e-03
1.645210624680725972e-02
1.315566248365901240e-02
9.759192092196533261e-03
1.183377860232017603e-02
8.597200055197604454e-03
7.989024899555110040e-03
5.740714783490184249e-03
1.115885819128621670e-02
1.514586382560602872e-02
5.718395735216453939e-03
1.229872047304441524e-02
7.242333011916702971e-03
3.707472196478139598e-03
1.144137685173156165e-02
1.222156518365954438e-02
1.985663787944150216e-02
7.146252080106455830e-03
1.093735343027111249e-02
7.974207871406851708e-03
8.048421914355952111e-03
1.317282364536366893e-02
6.238405603485410768e-03
6.894082528257174276e-03
1.131410360875293071e-02
1.092788788320107549e-02
5.765964589464962244e-03
1.495418223996206920e-02
4.432739183661321171e-03
1.331734511242104076e-02
7.295936949693671188e-03
1.663188179841368700e-02
5.387076292820505014e-03
6.812752230133477423e-03
7.661475635459838451e-03
1.588232549307988170e-02
8.807976310724757035e-03
4.692658034822398162e-03
1.333868020970984183e-02
2.311839472722067648e-02
6.496391257901977349e-03
1.230183457931845886e-02
8.337989937252375180e-03
2.091389598053540813e-02
1.857707634688490761e-02
1.670375026206367963e-02
1.287486838338210843e-02
1.079544946720617342e-02
9.758534226566674408e-03
9.692272666751045040e-03
1.063912010550578310e-02
4.713506199672698634e-03
1.063410051983171289e-02
1.432690781488424499e-02
6.966265934919438872e-03
2.067207047214928914e-02
9.855941885247618273e-03
1.750412986881313623e-02
8.550449854761612081e-03
6.601118475060696079e-03
6.485332230074729136e-03
1.153636133314943878e-02
4.653421709620261457e-03
5.751036894042323849e-03
1.145161682972101712e-02
1.625178818392768523e-02
5.263883057110458306e-03
9.531296292600082917e-03
1.435445004784902459e-02
7.976371550861989165e-03
1.158347534410975738e-02
1.232170624600687631e-02
7.268704567581171262e-03
2.301029269949723954e-02
8.214305920001529690e-03
5.764795165044391857e-03
5.636147731895362230e-03
1.556145793325214646e-02
6.803486933234729160e-03
2.121011318985328159e-02
8.942692933339227435e-03
1.543710868751727548e-02
1.310772487447381049e-02
2.123053157957450685e-02
7.707426716894215726e-03
4.072920293957002676e-03
8.901759190387364268e-03
1.345263698625547358e-02
1.087707945197052307e-02
2.143626738340232221e-02
5.590571945534106649e-03
9.367929866546196443e-03
1.845007232477184275e-02
5.688602247794477713e-03
3.796149871201433875e-03
1.285319165889611467e-02
9.838478626718705905e-03
3.921470886912830321e-03
9.932968103967267440e-03
6.260913669605811666e-03
1.919533722192099875e-02
7.935675151545905706e-03
1.671913624193293799e-02
6.765330940668403369e-03
1.108752934623671513e-02
2.168437995672328755e-02
9.151612805850698612e-03
1.134176535722151991e-02
1.329467964456006179e-02
7.476761242601208390e-03
1.268276395322645578e-02
8.099532532771179169e-03
7.344355106412270816e-03
5.263070865912442345e-03
5.236755561633567833e-03
8.952482228289494401e-03
1.427783900122191196e-02
9.469101904689457630e-03
7.284189590109811652e-03
1.404030117249926990e-02
5.482626128078778478e-03
6.417299030501822862e-03
2.102709231800625397e-02
2.665204252240130009e-02
1.226379971414192152e-02
1.011003199789416510e-02
1.864375972009530563e-02
1.611081915799204844e-02
1.313125012357426943e-02
7.416438517319920432e-03
1.045376317446019589e-02
2.082157313128979795e-02
1.548657777047213191e-02
1.886972913269925264e-02
1.051825115925857437e-02
9.643664081635522703e-03
1.289976886142200040e-02
2.831387927228433757e-02
9.911945198948541799e-03
1.186786428768579760e-02
8.609181314259754109e-03
2.093974238457023407e-02
6.631342063565105575e-03
1.378017918030966828e-02
1.058533073612691680e-02
2.596188338573839419e-02
1.179379402781034238e-02
1.094882129849903199e-02
7.323085223735605574e-03
9.837479433697541090e-03
6.790557629929898191e-03
9.036299165349610113e-03
6.401355036650067595e-03
1.318788280957811608e-02
6.295835418219048428e-03
8.118532837260111421e-03
1.250502041523412350e-02
1.050084539412798716e-02
8.675046122861768128e-03
1.205491333613666061e-02
8.154331970846374553e-03
1.203317058040509827e-02
1.352744198169784917e-02
6.588738742572691938e-03
1.672457097048856908e-02
1.058691968813088580e-02
8.863729213495898790e-03
5.532059083461503095e-03
2.863426197773948079e-02
1.184979655821427440e-02
1.793375932171752812e-02
7.131197276434086268e-03
9.703381775600044765e-03
1.141691319183709558e-02
1.075722618346006826e-02
9.167745683708369148e-03
6.330940473078789862e-03
6.566859948806734112e-03
8.817109580161812746e-03
9.797423892629926120e-03
1.401518183274935367e-02
1.300417820532195727e-02
6.591256070607061195e-03
1.548526415531611966e-02
5.611356752229176154e-03
7.391239032554361085e-03
1.751876826704041462e-02
1.839931922161114342e-02
9.154426245759494582e-03
1.379328439262509677e-02
9.854871220887139599e-03
4.434828131747613721e-03
4.684722867710848157e-03
1.012676185008106085e-02
6.270920907934948718e-03
6.884416166162360753e-03
1.004142624009093758e-02
8.597154382105641479e-03
1.028472337676839855e-02
1.144656380807308055e-02
1.102303267015094894e-02
6.787921090413422121e-03
1.426199028127809847e-02
1.290006297650915512e-02
8.084918333291387510e-03
6.948803829318295384e-03
1.998926195867943220e-02
6.183184114944794557e-03
6.854227476537757234e-03
8.384443308429679470e-03
8.917999021563366782e-03
9.018478262185353200e-03
6.920297221832748084e-03
5.993525687267022353e-03
9.888197620546214719e-03
1.247163381219877458e-02
7.729082905646327863e-03
6.109666641573149350e-03
9.378843277494816610e-03
1.346472988054904160e-02
2.658120261876008653e-02
1.315934431804604773e-02
1.140402479206950419e-02
8.333261157359562674e-03
6.161989994710473373e-03
9.552696536369384081e-03
1.165384006288547498e-02
1.725769056136823576e-02
5.997048558027612448e-03
4.965645873122840823e-03
1.571219578494023258e-02
1.331194626781662289e-02
1.036877792263854112e-02
2.264148963158964592e-02
4.608055006203632883e-03
1.316284829351507986e-02
4.114503585447582164e-03
1.574711870502461947e-02
2.259444697311512734e-02
9.942309930676049984e-03
1.210939401242763606e-02
2.748091702552141191e-02
1.686737446997053913e-02
1.046926950813737746e-02
7.932520490372263824e-03
1.273529789263026270e-02
6.555194142514101513e-03
1.008935796151679345e-02
3.856617340062912236e-02
9.736705741631218256e-03
1.271884413083742248e-02
8.528659154116022961e-03
1.265393848271902967e-02
7.945623737697688274e-03
6.740637936716958184e-03
7.171288164961163274e-03
1.158705624217665209e-02
5.519931605491496841e-03
1.445803676703636895e-02
4.858993510207084733e-03
1.105904697194232122e-02
8.408241316690856157e-03
1.166460178503630693e-02
9.873903024655674918e-03
1.166268755855195093e-02
7.424369847285426822e-03
5.038069021674508596e-03
1.123812932742110013e-02
1.448869989628769062e-02
5.241363711702641016e-03
1.517568000242193980e-02
1.435222777177144055e-02
1.200865194584587077e-02
7.010771087078441523e-03
2.405488044693759181e-02
9.175290604837354688e-03
1.856559203225321281e-02
1.247799740835791628e-02
9.438243908865233747e-03
2.151958853999386481e-02
1.129649850040537196e-02
7.126860781590592213e-03
8.008348181776182850e-03
3.297711759021782103e-03
1.226838283397403521e-02
1.131046589384818689e-02
1.322503833739693824e-02
8.157497257375913649e-03
1.687780481707229843e-02
1.598731928069321850e-02
5.967149715334448511e-03
5.820678325331996722e-03
6.710000924587843606e-03
1.836050167402728320e-02
6.319580851578970523e-03
1.392108349655236249e-02
6.320560738528294316e-03
1.062366714619612969e-02
1.491191890240985314e-02
1.382690344614177259e-02
1.139649826925644149e-02
7.257741622836433315e-03
2.058982560127701339e-02
1.160892533723527180e-02
1.911447254214425698e-02
1.170265235409493655e-02
1.211582449198936838e-02
8.890441874474698178e-03
1.284296086742892952e-02
1.045496454073248198e-02
1.101896698385787868e-02
1.282859884820381456e-02
1.629995894234852888e-02
2.042588696532139647e-02
1.020490609634016645e-02
1.395661326437729402e-02
6.063900851591501849e-03
7.176017610285839038e-03
5.747097535843907062e-03
1.493384920396925025e-02
8.512300768110348317e-03
6.403268036277682401e-03
9.624619725913798746e-03
9.785546836839516954e-03
1.871488338375058152e-02
4.224007199554245633e-03
1.104626978584838208e-02
6.054155654448977950e-03
7.780125468045686124e-03
4.292338348952220994e-03
9.049925749327661015e-03
1.202339208652799737e-02
7.659310844376343054e-03
1.393790853534425909e-02
1.096911093829835808e-02
2.177907214909611394e-02
1.120850007119882606e-02
1.151363468539508966e-02
1.402526997533324986e-02
6.230050933735482160e-03
5.602034081176577272e-03
2.705892584163041917e-02
1.035359467899433540e-02
1.755427316368116455e-02
1.208103615137580758e-02
4.507421660163197716e-03
1.445194109997490969e-02
1.079951131466433747e-02
6.510415828897917617e-03
1.492493352500633835e-02
1.138777330082839379e-02
1.530803535162668545e-02
1.274680352727894893e-02
1.965629662406566044e-02
1.267044262523670146e-02
8.927107956368291949e-03
1.001337106641107637e-02
8.283835742235585303e-03
1.039852515264955840e-02
5.206277890886687812e-03
8.961558174394647705e-03
5.521441031500506393e-03
1.245293045061193413e-02
6.603481674546989033e-03
6.851760530881899347e-03
1.340407864092973099e-02
8.120229706630685898e-03
1.014384206981428470e-02
1.617450926981606196e-02
1.777477941738027714e-02
1.794905107911558273e-02
1.161245592258292221e-02
9.645379333700476038e-03
2.440853641988625922e-02
8.378473667580222869e-03
1.139287919457256625e-02
1.092541176897648264e-02
1.084356041929567839e-02
6.546197096539448437e-03
2.008628386435769297e-02
1.708815241957256301e-02
2.466698391627347026e-02
1.048583002597641006e-02
8.487949503174061286e-03
7.759356645954386573e-03
7.024873980300061667e-03
7.685916990888370590e-03
1.257592192213854640e-02
5.919439383839331277e-03
1.129152446570705869e-02
5.655445688877865605e-03
1.111322350642413893e-02
1.717531378224805907e-02
4.844862141617831304e-03
5.029876760191992653e-03
1.562334400544905695e-02
8.010464875321568826e-03
8.123163929035044292e-03
6.771558771760555206e-03
6.794727384697645672e-03
1.156078662967913694e-02
1.173850113397596068e-02
7.282813076605327077e-03
9.635389956540701961e-03
2.368807423487890446e-02
7.383400772156404820e-03
5.059637315919909666e-03
1.249338792588831903e-02
9.072072723027433533e-03
2.372441165122014112e-02
1.007142525200307136e-02
1.090478450549464164e-02
1.584082378005616937e-02
1.194765992641435778e-02
7.720584458960107720e-03
1.148478165404247762e-02
6.077643461027779082e-03
1.165396343812003313e-02
1.032805429728088364e-02
1.299306430834459326e-02
1.880411277094225231e-02
7.548647435240063951e-03
6.700069719329015093e-03
6.633201934733049671e-03
1.543829830019019349e-02
1.572603595320700223e-02
4.012567890724645821e-03
5.438050568268215298e-03
1.021904040970030361e-02
6.276699591861909476e-03
1.096029152896325388e-02
1.657591301672837678e-02
1.055465596807173001e-02
1.522935307804501592e-02
9.811725573783951215e-03
1.162518662543852305e-02
6.573767055379892837e-03
6.996245205532962939e-03
1.443050900726708732e-02
8.463770019268460759e-03
1.256912072848719725e-02
1.185465637460035929e-02
8.775584177645522760e-03
4.528316110170897690e-03
5.083664303431911433e-03
1.426686287473381311e-02
6.548652462310171340e-03
1.756843119566032368e-02
1.176571137878801125e-02
1.304799894628395386e-02
5.888245142939361153e-03
1.011779350236680433e-02
9.274102499113581408e-03
7.416129704971545153e-03
9.534830130760655123e-03
1.009141299032881127e-02
1.059512730337894629e-02
1.680623783132103102e-02
8.679228068066077717e-03
7.448354429334784650e-03
1.757950762056308472e-02
5.815405991302900063e-03
2.048270126993808476e-02
2.131556244560393540e-02
4.747245537959108447e-03
7.312339661459185333e-03
5.837765078872523931e-03
1.104129048753115135e-02
1.010854995586831645e-02
1.058664080355558451e-02
7.480184845953573650e-03
5.485493939121760532e-03
1.446420725034521480e-02
7.964023163448286785e-03
8.935977381643717826e-03
1.694626808110681615e-02
1.301124735172371968e-02
1.291776508876905753e-02
1.507424111442495079e-02
1.054602448404714544e-02
5.584199824766345258e-03
5.607539653296745620e-03
1.530897720267501184e-02
1.062911309471126046e-02
1.231063763299021507e-02
1.386999048669299711e-02
7.267940438530671489e-03
8.206293379315084471e-03
8.758118778559554132e-03
1.088644356742565246e-02
8.663572609723411977e-03
8.722845790012130271e-03
9.956719324904520982e-03
7.947849273828785921e-03
1.052467778691544217e-02
5.987859928334861130e-03
1.649433390555506487e-02
7.928545637947157290e-03
9.341969344112247692e-03
1.436821455067053936e-02
1.684283401710826716e-02
2.106645816833997362e-02
1.372764395764880692e-02
1.072805768137860376e-02
6.788213206276724407e-03
5.787445093314992454e-03
1.167306181226108498e-02
6.576704570996414270e-03
5.233764023274980158e-03
8.463356876606660528e-03
7.785935203181834977e-03
1.028969620825745911e-02
5.864223141391704773e-03
5.966751535706002300e-03
6.137429261942670480e-03
6.195053281101921099e-03
1.367137202153341849e-02
1.014977619139827841e-02
5.209862385410075382e-03
7.463856570251037846e-03
1.961103006281035913e-02
8.515224377145852799e-03
4.951215891322452607e-03
1.131651537905400962e-02
1.548715071877502375e-02
6.139175443050646705e-03
5.852727265998279235e-03
6.465532218493092072e-03
1.589340968910763971e-02
9.397816915664172766e-03
1.294528278688785068e-02
9.263896210155050243e-03
7.270911219051939475e-03
9.516228136960789771e-03
9.712769769645463250e-03
1.933175193797620137e-02
1.474297140694417162e-02
1.090457545038025361e-02
1.469327894232657326e-02
6.149115112689207928e-03
1.049488169311514098e-02
9.309468683365428043e-03
1.201052163772594120e-02
1.757106209283716691e-02
1.201966618323343020e-02
1.063091415754037310e-02
6.246973084634787309e-03
2.171886253385936841e-02
1.427133285589178395e-02
8.407074941805191617e-03
4.982546943420844941e-03
7.784723971916155533e-03
1.223582694119957487e-02
5.242447980763491160e-03
1.005262327074969188e-02
7.489328570948577436e-03
1.684521428820745514e-02
1.051229337927314308e-02
1.265633064132505418e-02
9.006964417384154264e-03
7.609421146360621432e-03
6.577979376844380645e-03
7.316440257306672072e-03
1.223353247517937163e-02
6.521067795993863887e-03
9.219780749705485529e-03
7.503027749910568325e-03
6.264993485311045641e-03
2.019669749241164575e-02
1.302222343401466739e-02
1.107186961942108888e-02
9.142563114336614213e-03
1.751589573251679730e-02
7.119170875049069848e-03
1.838098902302356952e-02
1.163939554370245488e-02
1.988487463019581250e-02
1.045034671680508502e-02
1.045590830483724906e-02
1.465705861151802777e-02
1.044279345843958200e-02
4.802611122712027204e-03
1.184169485884372340e-02
8.901618284787459270e-03
1.331486526681367570e-02
3.476501470259677450e-03
2.318814659664937550e-02
9.210078112008432058e-03
1.246016617967495368e-02
8.151012786366821500e-03
7.455954795933372042e-03
1.319895725219530011e-02
1.511095138463682853e-02
1.125539894218128244e-02
2.012953998163730454e-02
1.042631229283668554e-02
7.972809770291208395e-03
6.677379584082207727e-03
2.257845197211878069e-02
2.396195332068480274e-02
1.167879705623845431e-02
1.097584927267807910e-02
1.364024732132354360e-02
1.332854952815632800e-02
7.249149894298531800e-03
1.483600967719997214e-02
8.044618789148277882e-03
1.656993019840933765e-02
4.756857902796660098e-03
7.326426120040294143e-03
8.130581219211965860e-03
1.082231133825347323e-02
1.144237715353246289e-02
8.312694875421548432e-03
1.953698259220553943e-02
4.789995504967572981e-03
8.046054608495193869e-03
3.193590194438739038e-02
5.628426048748609925e-03
1.070723101479364482e-02
6.451833285256812663e-03
1.457866546682135001e-02
4.125443474055124488e-03
1.093984475251436744e-02
1.434336872683295017e-02
9.277338199276881012e-03
8.933994870290690865e-03
5.551583044612093225e-03
2.614923905310758898e-02
1.609584112250550536e-02
6.322879372711367844e-03
7.011479482414388099e-03
8.071577688117627034e-03
8.701452269678968537e-03
5.420558555900445268e-03
5.477109772617644312e-03
1.674992906115362751e-02
1.125961251496130494e-02
1.412749143052126691e-02
1.589019290995299927e-02
7.049186822253528106e-03
1.034449945734503343e-02
1.663358524747386366e-02
7.241311234702739290e-03
9.649188834189545080e-03
1.149776830946324518e-02
7.251707754832588393e-03
1.028369158774814288e-02
2.244075856144098560e-02
8.801425317373925625e-03
1.168502337643876135e-02
6.653268813974272042e-03
6.300711746421053944e-03
1.302094083352130748e-02
9.760302726912993554e-03
1.517233376549398383e-02
6.685863317411937234e-03
2.517596599487712319e-02
1.382427757345983978e-02
1.684495804366910321e-02
6.985510929023159080e-03
1.297632971939642263e-02
9.602263406583743874e-03
6.750947830058716403e-03
5.970646205179955951e-03
9.167088078631386444e-03
1.462957893385286381e-02
1.055593712725810124e-02
1.007635992188628433e-02
1.233265575111563983e-02
1.004584598463153199e-02
6.933893603279652797e-03
7.262338838089363660e-03
3.820831828254373733e-03
2.097283988303077357e-02
7.297281891918913806e-03
2.253749792138586699e-02
8.513984406127586904e-03
8.907226679802225655e-03
7.499700508146968717e-03
1.820872336648509879e-02
5.078760391450571482e-03
8.264248072747141724e-03
1.408512100338134114e-02
9.431047350966236670e-03
9.365845317360723885e-03
1.558983910009668038e-02
1.082274105377825472e-02
5.938914452915107327e-03
1.078360514251217213e-02
1.010459194433112502e-02
6.760402268348801071e-03
9.972861383429445711e-03
1.524655438981801885e-02
2.853562718074870164e-02
9.973453632538960625e-03
2.113063390626327559e-02
1.688060534963206974e-02
6.200791770315746722e-03
2.114639760561580137e-02
4.440075587992263310e-03
4.542357916911812440e-03
1.276927739086448910e-02
1.288128985880208043e-02
8.935534185007991750e-03
6.241727246916187882e-03
2.292997809617020044e-02
1.173467978448848766e-02
1.593092889076767535e-02
1.020744842327148301e-02
1.640330175344261246e-02
6.474784790514272886e-03
9.393991672022525274e-03
9.869600007991271781e-03
6.709166663451889695e-03
7.914221074136373185e-03
1.125790401413646197e-02
1.320657508574037825e-02
1.336125497812590615e-02
5.680671385692058137e-03
1.036853845861407733e-02
9.004456498315141846e-03
1.660869880619755129e-02
1.171338112468366631e-02
1.162165921705963535e-02
6.792886718468244683e-03
1.241657219352785071e-02
9.810539111814751967e-03
7.914310052939738452e-03
1.169381225833134030e-02
6.166318987770703398e-03
4.743978787820112356e-03
1.381328339258687879e-02
7.236821187258961861e-03
9.269281563262433965e-03
9.135422248528245540e-03
7.056934772414300006e-03
8.199005160888254637e-03
8.520041739317385857e-03
1.616718675097952862e-02
1.771347875799640301e-02
1.109897029914770454e-02
7.280695063988345227e-03
6.927082841306453527e-03
7.044753793090239267e-03
6.326417934148627353e-03
6.613875038946070289e-03
5.316062643454571614e-03
6.024363720102031416e-03
1.170416192761728966e-02
5.960218154137886248e-03
1.210027941590547523e-02
1.065172608716348154e-02
2.151021337216263082e-02
1.468107388137527072e-02
1.584174759002133712e-02
7.061510135861245874e-03
5.439681131012099637e-03
1.663803525779222053e-02
6.840170508680921621e-03
1.074669368792360163e-02
5.399957279355458405e-03
1.930239181837853715e-02
8.241729556007829777e-03
1.781364217763821770e-02
1.910316957178325240e-02
1.149732677302981766e-02
9.921889194612983423e-03
1.806308897801426477e-02
5.992734780836644903e-03
1.042643225672585175e-02
5.360514609098092527e-03
9.441025886615500226e-03
8.398301415944515319e-03
8.989624388646139455e-03
1.243576772261697529e-02
1.754641858075607283e-02
1.013786265177298376e-02
8.223171042628788993e-03
2.101760069842223064e-02
1.304546044472049138e-02
5.582554489104032437e-03
7.837165227082632316e-03
5.753243306163136409e-03
1.104455614543402991e-02
1.411427366866702983e-02
8.570535049555409041e-03
6.686257168690435022e-03
3.718110082377939270e-03
1.454214732907818490e-02
6.825046448404017453e-03
5.688868702004075233e-03
9.552249421149199352e-03
1.322799479199146186e-02
7.233994704271151481e-03
1.349809997989991593e-02
1.008924718448181955e-02
1.529846479316186898e-02
1.038179153057501233e-02
3.426212139648365015e-03
7.487488445045127096e-03
6.591016216865730991e-03
1.316105913963042974e-02
5.957768745284542852e-03
7.901394176495071114e-03
6.585693190599621258e-03
1.762982374676704336e-02
1.416362232802646781e-02
9.266082753285814072e-03
1.006515574726148110e-02
6.501490154518826947e-03
1.560891515271183375e-02
8.911649548687297639e-03
9.847772295541453585e-03
6.865202603524199303e-03
1.285786117058862997e-02
8.297370382079114967e-03
9.683760521366482563e-03
8.804143300960774049e-03
1.743282544609908377e-02
4.667697963101116385e-03
7.299419728190847598e-03
1.163660509859631986e-02
4.308366503527730033e-03
1.147757127384563779e-02
9.390369607987147579e-03
4.515509409952802623e-03
5.361818907685721690e-03
7.152951708627483356e-03
8.469996444203355124e-03
9.467391656774591657e-03
8.557328586452471117e-03
1.963743968675599888e-02
8.812035575084449859e-03
1.584529956695677685e-02
7.313541725329133353e-03
8.874053194284466789e-03
7.389164570676711764e-03
1.851095732010658856e-02
2.542837194054238872e-02
9.721354191926557739e-03
4.968810420604851882e-03
6.628029995998734568e-03
9.858637062302067974e-03
1.207923448423051105e-02
1.208793470092500190e-02
8.142558647845151917e-03
1.137856791205848865e-02
5.715009714341462779e-03
7.432052301533337117e-03
7.502709290086698353e-03
1.704923307795636056e-02
1.342353768415778699e-02
6.003467718902764753e-03
8.102293438182818150e-03
1.208140706375172152e-02
1.203611330623139894e-02
8.096930022020193407e-03
8.092505102053820093e-03
7.372272538130344999e-03
1.379361911825427445e-02
1.401476244061371397e-02
8.052033942626695556e-03
1.432180703151587041e-02
1.312776024286958082e-02
1.644144832785671140e-02
6.773280983411095191e-03
1.382016918090209559e-02
3.235536878022584467e-02
7.383348192935112846e-03
1.456536043336446352e-02
1.407870305191514029e-02
8.420508602784483945e-03
7.333595319343156997e-03
2.229278634389165667e-02
8.652899679289002138e-03
1.359072866449263610e-02
8.966585055820550446e-03
3.383678306808716226e-03
9.215111842994528138e-03
1.197980390357600462e-02
9.893856511395777639e-03
6.843028237621000265e-03
8.814194827775879981e-03
1.840294137406107977e-02
1.728803198832689833e-02
6.433279912213074256e-03
1.666798062043411272e-02
5.410235170673597868e-03
1.145642399855288478e-02
1.494434308124768969e-02
1.883413831701604910e-02
1.349111137349926631e-02
1.845781131299146366e-02
1.806274384548909803e-02
1.500630934105124346e-02
4.714932232926141720e-03
6.026410188678549620e-03
4.747495770720657447e-03
5.667612569713830623e-03
1.368545842761327049e-02
5.700320877252716689e-03
1.362553603080183043e-02
9.076662270181477116e-03
1.302440128974609833e-02
2.032767192117387184e-02
1.340887179957058091e-02
9.135125206272619661e-03
5.529227367282060941e-03
1.036924435074183803e-02
7.771289014413300215e-03
1.583807177164537477e-02
7.191730121769301584e-03
6.779067522970074096e-03
8.858668663051879125e-03
1.404269508418943581e-02
8.216939127558196138e-03
1.782616184144837634e-02
9.705122431822432033e-03
3.766221117726242101e-03
1.173862435526312233e-02
1.745344410363234428e-02
8.570040261172615775e-03
9.164575760374063518e-03
9.969480057317311669e-03
1.026354867245338892e-02
1.378244863570750843e-02
5.020920533855351316e-03
9.567657311426660746e-03
1.307230788528821255e-02
6.774413188841040857e-03
1.111199448258470834e-02
1.364202386633210293e-02
1.350698947822208049e-02
8.111876546918132813e-03
1.016441926599797978e-02
1.324548931229954478e-02
5.436668720210867910e-03
1.011084157015368183e-02
7.006107463760635930e-03
1.346353455700417985e-02
9.187874020547217094e-03
8.288030862253756292e-03
9.837877124385314628e-03
1.498510438662586583e-02
9.797121999664383171e-03
1.127322572798795421e-02
1.458483147723332700e-02
5.795493490073656655e-03
8.000724574363352742e-03
7.619754077233421331e-03
1.568345897382995152e-02
8.513554053242430864e-03
9.232677261994056556e-03
7.479557415953574061e-03
4.038008557823161843e-03
9.339939599998164227e-03
6.331722359637077628e-03
1.052126169388982631e-02
4.901909753806520977e-03
7.381084928712216067e-03
1.105033848255738624e-02
1.039412400230519708e-02
1.217356265263435690e-02
1.101989536135264923e-02
1.584565918626253123e-02
8.432719206112163773e-03
5.769599026264947070e-03
1.342817192123967572e-02
1.500928146350882265e-02
7.818693567136729763e-03
6.186110066235558577e-03
7.963962624148600636e-03
1.288967964439408434e-02
1.045370575372627994e-02
1.557024067737980411e-02
1.257337546282099802e-02
1.385216897856917859e-02
5.005590905641811410e-03
7.278894673429305538e-03
1.147307095601752570e-02
7.176577815415139880e-03
8.722546474695490673e-03
1.135127051167975944e-02
6.878482673793625060e-03
8.322828921946141822e-03
6.591778265640442329e-03
5.426343320744323601e-03
4.003272317716514116e-03
7.532278176752030437e-03
1.046510715136547871e-02
9.739472116570481453e-03
5.770498256965904925e-03
1.692630221029807827e-02
1.056760143459155137e-02
1.049201963021737481e-02
1.816179300989437251e-02
1.503224282373999236e-02
5.746474477634585208e-03
9.967267550053452579e-03
6.401619684197278580e-03
1.049498553476144007e-02
6.960458368366757333e-03
7.760519070019361414e-03
7.533839240523065514e-03
7.344089520121405840e-03
9.445045725450226803e-03
4.913469906718294367e-03
8.378978616157167422e-03
5.885682801499170572e-03
9.515599935104687712e-03
1.622140830096599484e-02
8.413037361508135872e-03
6.915900385154064023e-03
1.517768353265282026e-02
1.098399520586125500e-02
9.552669152890554127e-03
1.035779763089953072e-02
7.144454301205773600e-03
9.848422620424780033e-03
1.279224540320155618e-02
1.033915475303054908e-02
7.495499201930585186e-03
7.003022558505052342e-03
1.450052529328937218e-02
6.532942132570171770e-03
1.276330550803417632e-02
6.401330172083186457e-03
1.408711875605127284e-02
9.215765502079318119e-03
1.261388403118157524e-02
1.361029905180067591e-02
2.230059644082605860e-02
1.283526625889042268e-02
1.037071251688050956e-02
4.331277877991352061e-03
1.217607250684129422e-02
4.440777297875300733e-03
6.401182096892118513e-03
6.966520669878770861e-03
1.319381962082574571e-02
1.306036709505801856e-02
5.974999134178215349e-03
6.024501673923239077e-03
1.055863694948911899e-02
1.809345632722716632e-02
1.024923596205720364e-02
1.232446194041717479e-02
1.345304114058796553e-02
1.331721145703101614e-02
9.023701633297905728e-03
1.187106731053527361e-02
1.089869870408290316e-02
9.554289205371853735e-03
1.737507001405978052e-02
8.854880782152982008e-03
9.111308505421180856e-03
1.021697270138926215e-02
1.712780656731606801e-02
1.534708447887194252e-02
1.066342432106056823e-02
1.083703848996985311e-02
1.218347572727902783e-02
8.837687294204950653e-03
7.795940712050244623e-03
8.099484882807535951e-03
1.503560026042289124e-02
8.659543017834732404e-03
7.974702461778854917e-03
7.128330359219474908e-03
1.505017952666091834e-02
7.850957237097397692e-03
7.056444078498331357e-03
5.946191794787205644e-03
1.172408669059424834e-02
8.284023354940503805e-03
1.538838050357351460e-02
8.944834885243307943e-03
5.746876580005828676e-03
1.239144716604650975e-02
8.388462863707386169e-03
4.032961182966468203e-03
1.123290608495982126e-02
3.735653348818387173e-03
6.715402770498020077e-03
8.904091310813712704e-03
1.959462685896023668e-02
7.411926397763529684e-03
7.032848663063065789e-03
8.647144918919444714e-03
7.728735862714375231e-03
1.280426640873453745e-02
8.776104309153270541e-03
1.024372317773734019e-02
1.112570405085571389e-02
1.568260070892758817e-02
7.170391980469527533e-03
5.784243293285720906e-03
8.322428117439906528e-03
7.787390737970949911e-03
7.568769119566218402e-03
8.323431879316953511e-03
9.283911434151465372e-03
1.899825662316729710e-02
6.241244026213464517e-03
2.225881364426203143e-02
1.373416772792554127e-02
5.278129295265205842e-03
1.147103823232385744e-02
6.301459265738633929e-03
6.705110058692164213e-03
1.215597626143479805e-02
7.533632226749184709e-03
1.012295142639481685e-02
1.675365670953321215e-02
1.235955303613588997e-02
1.195026813850786317e-02
6.701375327542901522e-03
8.988764655473022863e-03
5.934576442482539758e-03
7.761973726965145336e-03
6.760305392558806081e-03
1.017147654561813101e-02
2.158859497641581887e-02
1.022386051739051713e-02
3.686525264694457283e-03
6.426550952908732448e-03
1.493621527896233508e-02
2.416015930814424673e-02
1.058369179568041142e-02
4.621587942873576875e-03
6.147901381338966367e-03
1.056184582446955192e-02
6.544999373200198305e-03
1.818314384215077503e-02
1.525852200021746673e-02
7.707700210277164225e-03
5.797939267581015722e-03
6.118485490934078008e-03
1.956810186603698265e-02
1.776369958539189206e-02
1.017344412738339747e-02
1.023389910482367868e-02
8.018938245841282855e-03
3.884676968050115864e-03
8.563109191729459738e-03
5.499261261567279201e-03
9.414766140000054712e-03
7.873984157151441704e-03
1.195282194991713169e-02
1.012536921447195794e-02
7.755067831425765078e-03
2.040917874619934194e-02
7.953332223222388947e-03
1.111488440002167052e-02
8.731960338136893901e-03
1.317021900593003114e-02
1.435570019033415023e-02
1.361319279272563305e-02
1.435559088066718295e-02
1.276145962138660120e-02
9.161763031924818543e-03
8.669477756656612452e-03
4.592233891470818424e-03
2.275401315990125198e-02
7.833016189644168362e-03
8.919889680495188267e-03
8.661624911818740016e-03
8.861665239748383813e-03
9.098664315131075112e-03
2.649928124635608437e-02
8.956051256360394314e-03
9.002689700765583933e-03
4.709325563253736503e-03
1.838171372314669622e-02
7.738305024855519562e-03
4.581722582598689655e-03
8.262681736461762252e-03
1.335787061854702695e-02
6.748970770503523800e-03
1.321389770648886963e-02
7.728549348926796667e-03
4.069743376298016850e-03
9.007691655263839678e-03
2.846833751063717124e-02
9.803422883174234270e-03
5.200295627713361936e-03
9.897895334522611305e-03
8.026233023406386877e-03
8.296407701134451279e-03
6.243784102728738329e-03
8.434386462974063914e-03
1.177891010288041780e-02
9.708313252255742001e-03
1.127374292124382928e-02
8.248876033693838122e-03
7.499552268668332848e-03
6.961357120205979333e-03
1.232699930619532945e-02
9.217043774588994792e-03
6.210071891039704861e-03
1.761383960058434880e-02
8.351042186916788831e-03
1.747183195037167042e-02
1.439278875435728682e-02
7.111131314189157900e-03
7.953526422491205908e-03
6.820575255153207318e-03
5.605577412630664488e-03
1.120644619706077059e-02
6.134561075679264251e-03
2.935201945361224501e-02
7.965766172428841163e-03
1.303840950096746797e-02
6.865975780147327671e-03
1.401335647614697540e-02
1.253642716438843965e-02
8.478538071334933493e-03
1.286402903644221461e-02
1.811553298791438241e-02
2.702424064450862154e-02
1.167368041128332909e-02
1.343536569341986786e-02
8.409591881399461344e-03
9.894507014993298571e-03
7.207917709470184307e-03
1.148473830644422371e-02
7.375541838947370123e-03
1.514914677784738942e-02
1.899069512826949066e-02
7.395725569847035573e-03
7.779072126941799677e-03
5.010678033772615961e-03
9.930127216519188393e-03
1.692819835387249575e-02
7.489574522103165967e-03
1.246475174150475478e-02
1.301459068123943588e-02
6.567341318469854632e-03
1.324907669415553019e-02
1.049814252709482983e-02
8.172170313753560761e-03
4.387438560964175734e-03
1.763305499298421786e-02
1.081460907119391295e-02
1.986878251323692668e-02
1.165641809256198411e-02
9.709213729272546389e-03
8.016672005810793547e-03
4.530694964202447959e-03
7.998209597589170036e-03
6.766928162014726467e-03
4.239783013918181284e-03
7.631533453256168949e-03
1.102685085203024620e-02
1.569850529094370464e-02
7.322852174020256025e-03
1.051043404290755157e-02
1.433838826064617704e-02
8.262220817868521847e-03
9.052380084384640396e-03
7.621801613078507329e-03
1.071838078809249535e-02
1.702792978367953861e-02
2.042192147479000158e-02
2.215142908351246456e-02
6.806261471374071802e-03
1.751753451447399246e-02
4.549887910285783238e-03
1.733717137248225182e-02
1.253542920472725149e-02
1.168171814585540133e-02
9.324969297584246100e-03
1.139403065698676304e-02
1.639241771873695130e-02
9.113247138925802820e-03
6.744373096237437845e-03
9.441867308695445563e-03
1.611042162034691250e-02
8.593081090623368862e-03
9.564748938597392169e-03
1.275280093633818224e-02
1.599060957706002414e-02
1.594621413226723211e-02
5.965834888064043898e-03
1.103970990534146497e-02
1.303727829922334686e-02
1.245204945346804412e-02
1.126709300604859972e-02
1.259489774777534238e-02
6.314163708895748767e-03
9.607638450385144052e-03
6.925456447045609705e-03
1.665830408316972683e-02
1.255326614050804659e-02
7.534625791697958583e-03
1.348993442646194939e-02
3.891655941980883427e-03
2.237688771505500981e-02
6.932592643919480678e-03
1.075318384627982002e-02
6.779788931683779739e-03
8.146051456686625655e-03
8.916278857476931177e-03
9.124622878278346519e-03
1.092664909009180736e-02
1.080808582339520298e-02
2.722550355807513284e-02
5.317855586667306553e-03
7.453750692030408111e-03
1.619771052209929146e-02
5.847113492549337391e-03
1.214428769319136035e-02
5.870654294610129151e-03
6.871682333980609278e-03
1.373302209687088209e-02
7.201728990390499768e-03
1.454270807664416812e-02
7.649098139471763140e-03
2.199522312219158449e-02
1.146549935340423869e-02
7.478772947784479222e-03
1.536828286557246487e-02
6.717631646112861080e-03
1.027453992912040134e-02
1.658295093037723961e-02
7.368684354755061609e-03
8.842975357921370808e-03
1.517175489002105249e-02
7.065714615024962231e-03
2.687654886542568955e-02
1.225495505357966468e-02
1.286184490949042816e-02
7.575474894771916726e-03
6.069308697963050024e-03
1.311393927964609948e-02
7.178463152712224321e-03
5.861666175513542687e-03
9.574136567478939291e-03
6.882186772983755335e-03
1.373484699374556868e-02
5.156704813666519380e-03
8.939373820740965232e-03
4.500218432726678548e-03
1.179848108058316643e-02
1.411363524190487918e-02
6.050768497528731527e-03
1.218405567763152127e-02
1.048445826365471296e-02
6.482292387235084885e-03
9.683415032332495093e-03
1.023250215430310944e-02
6.522754874319596288e-03
6.111627414311194412e-03
8.553959235190613380e-03
9.138624533380929407e-03
7.425421596588859668e-03
6.482254107343407394e-03
1.163111947839745933e-02
7.139124354055577555e-03
9.169099698826390851e-03
1.135923005366373112e-02
1.783254959016746660e-02
5.607883429048916325e-03
1.900070901922516070e-02
1.179271484077697683e-02
3.147695575491212677e-02
7.043627466050090234e-03
1.387824759817424952e-02
8.012051531022704176e-03
9.623460055312381758e-03
2.511560151883326930e-02
4.174748670983950520e-03
9.488659505085856802e-03
8.380209092149797784e-03
1.335751401947738240e-02
1.021237397288414853e-02
7.197200105133462651e-03
5.925966468036761650e-03
7.157561636383509909e-03
6.470029173768022078e-03
9.824855001289118511e-03
1.078165874151259043e-02
7.579687949632906915e-03
1.981034529949102230e-02
1.304671063643566588e-02
1.119665346734704039e-02
6.503490000761113186e-03
1.086697270409551011e-02
1.482785896907339203e-02
9.599955827426672611e-03
1.184852518452917010e-02
3.472055682662066045e-02
7.461031703174814296e-03
8.588305188329569892e-03
7.561244106921074376e-03
1.203607632191153187e-02
1.046423794083694257e-02
8.709194847486044846e-03
1.281339429387812895e-02
6.043145903237539217e-03
7.014290942477535533e-03
6.621397030853000930e-03
1.317592319159423264e-02
5.953323201505004471e-03
1.627042297918898650e-02
7.952423661061662138e-03
8.114785209804081453e-03
1.030748628077286268e-02
5.521136772111706441e-03
5.869168903886019979e-03
7.151988070400279104e-03
5.440538673041932054e-03
4.797329580966580749e-03
1.536724403433131249e-02
8.178951704788798779e-03
1.082058308668552155e-02
7.514617850836438108e-03
1.641126573140753650e-02
8.965970529376353707e-03
6.228387475811142382e-03
1.522174328033235914e-02
4.463898310629978335e-03
6.059891485417435823e-03
9.832486587693209726e-03
8.125468848827007221e-03
2.110217369813211299e-02
9.610783055892522728e-03
7.216084722403051654e-03
1.237202945281356235e-02
8.318841964366637323e-03
1.036577569640048137e-02
9.778465218199089079e-03
1.283758218855253139e-02
6.107485831421313911e-03
1.388500311960494220e-02
9.421943653610870620e-03
1.314349214944455883e-02
6.023791759082203039e-03
1.246887463641864306e-02
1.393943528402896009e-02
8.357428582797723354e-03
1.116275871459180939e-02
9.966700902618410782e-03
9.899834433369246456e-03
5.958146190780779297e-03
1.157867773989425079e-02
1.735725062911963948e-02
7.285336327909011471e-03
1.475913642574780069e-02
2.227272216434410951e-02
1.978469141268364082e-02
1.764228874023822044e-02
1.293448946520555157e-02
9.979101205202440747e-03
8.939046723026745217e-03
1.334485419147096730e-02
1.449193765092538985e-02
1.115119966725832377e-02
1.670444136389992798e-02
8.620279875049902119e-03
9.684439304322733227e-03
2.071640545643434889e-02
1.627767448197904934e-02
9.183869803963587430e-03
1.745775446752937526e-02
2.034903011538441095e-02
7.783539322427130043e-03
8.595078969011555811e-03
1.003093831537900556e-02
4.529849199197218471e-03
6.922406745535747592e-03
1.473019548802741857e-02
1.623038048575646194e-02
6.512620039960689486e-03
1.014545434068449617e-02
1.221546545238551620e-02
1.351610070617723959e-02
8.312390633163193113e-03
2.299293167115387670e-02
7.847061534710788461e-03
4.993645271889739570e-03
1.350892695902842708e-02
1.056248964436590047e-02
7.784794538508745670e-03
6.926558331212929673e-03
8.347838406570943365e-03
5.678759375828153558e-03
1.212904822825665481e-02
8.518871672252365662e-03
8.917919100089292603e-03
6.365122799792134398e-03
1.413486623680144418e-02
1.009254355023015554e-02
7.077187002921328518e-03
1.000274625988058219e-02
8.898320015613855188e-03
7.709204256065994680e-03
1.272328517742792563e-02
7.025536089414342010e-03
1.241967716511667430e-02
1.282069951557315672e-02
2.089386426720619278e-02
9.719587348867514756e-03
3.509913355855192024e-03
6.624777214348169518e-03
4.713864958413452669e-03
6.089366866822971611e-03
4.386347553896686839e-03
8.520087897398522653e-03
7.974820996813848997e-03
8.718207194001464586e-03
6.582253461165220310e-03
5.737233470521626438e-03
1.332029772864004938e-02
9.725651067940811051e-03
1.028706387564395051e-02
1.831661223704387706e-02
1.986618804775330122e-02
7.480078245997738920e-03
7.745564472987236104e-03
9.014005006967501510e-03
1.855551552957893438e-02
1.066533524061136912e-02
5.828354507391886319e-03
1.666743381950420641e-02
1.821396124407144781e-02
1.587097347624714938e-02
1.453775731421783762e-02
1.322885764824137216e-02
9.181995957791205809e-03
9.942540663608346804e-03
4.508589120205705979e-03
1.521806229033090610e-02
1.484582164304377137e-02
2.549375224579214158e-02
1.217136792785610683e-02
6.376401177204457128e-03
5.782457170137117464e-03
1.472620917444286345e-02
1.683414941076688195e-02
8.490830547562043876e-03
8.165083714776390916e-03
5.526391605129177091e-03
9.640136212607208419e-03
8.864933409680435597e-03
2.156636582903629848e-02
8.534033562718720475e-03
2.871914536023646020e-02
1.694001046404744817e-02
1.314727133666301548e-02
1.024234617499354683e-02
8.265091933186998613e-03
9.160929299591044628e-03
1.679565625487842995e-02
6.079665967896534344e-03
1.140452463352964116e-02
8.582036987276667889e-03
1.192868379353813346e-02
1.178110822881798386e-02
7.066163718637501374e-03
7.686661896007895498e-03
8.967008840434475755e-03
5.753698790304634034e-03
7.457744012330709896e-03
7.892047884163658211e-03
1.196940638542991729e-02
7.589034642736980536e-03
1.546751612812438843e-02
8.112542483500139595e-03
1.409854393425551827e-02
1.161981721723462715e-02
1.795367353534891436e-02
1.388204125505755789e-02
8.340463944694127829e-03
1.625264774773547624e-02
7.738094497004552146e-03
1.621947468520824193e-02
9.667939004326869118e-03
1.706701035201893535e-02
9.532276486440859065e-03
6.015936921928525215e-03
6.516620925198965061e-03
1.762317903459614116e-02
8.003712524401553063e-03
8.888886422010015831e-03
7.060561402147361339e-03
1.350703251079430137e-02
9.809177713093683582e-03
7.414877512231906470e-03
1.005651700313828917e-02
1.336151130140498383e-02
6.315176644395907764e-03
1.230265509855365397e-02
1.077996008741213124e-02
1.387340365511180278e-02
1.231470859472411084e-02
1.498077231983168701e-02
5.410379149188287475e-03
6.452664157476945862e-03
1.293498773285233633e-02
6.194238555749174459e-03
1.478373227631282760e-02
2.322637934730000311e-02
1.680737829215196016e-02
9.955975360636455315e-03
1.078644663534152580e-02
9.632695093099706909e-03
5.253375724093171939e-03
2.020327078824468020e-02
5.755865918836518789e-03
8.514573048356175941e-03
1.150666922089201016e-02
7.516742692366173810e-03
4.628807577212291392e-03
9.357449344929276436e-03
5.466680125289501667e-03
8.502622236986679891e-03
1.698640624270720059e-02
4.074134900745666511e-03
9.094514824196318556e-03
4.184628085482801525e-03
1.024080145849238198e-02
9.605528513645992389e-03
1.056206812455490890e-02
8.181452755179577374e-03
1.541982878242714565e-02
5.919708294052771803e-03
1.226275744236757052e-02
9.769102672094449533e-03
7.971217968977631699e-03
1.388273531564642588e-02
7.627505626141520279e-03
1.658651869240301141e-02
1.073777852709054646e-02
9.150811119196690727e-03
1.264310811111099379e-02
1.749652944867697429e-02
6.500207143175652791e-03
9.053128025694846120e-03
3.238086264026252686e-02
2.479818924493423782e-02
9.294752452137258064e-03
1.167881266936430205e-02
7.429595771261867515e-03
6.925061762135737917e-03
6.517110506422644708e-03
9.759604653221063894e-03
1.544581415505457203e-02
1.185053969209445314e-02
5.422820148412845452e-03
9.158735524045101897e-03
1.553543780200804247e-02
9.657921631409986662e-03
1.918979631664403940e-02
9.231481258802872944e-03
5.600764254185880073e-03
6.871175485386406614e-03
1.431887489692916168e-02
8.420139344382706476e-03
9.752702812939176291e-03
1.237762825056637310e-02
7.560040261887740302e-03
1.698200481808320728e-02
2.560731846364790870e-02
1.344553085694571298e-02
1.476347960084515784e-02
6.112903861379213877e-03
6.091458448128876137e-03
9.911420805184100596e-03
1.276692084209018335e-02
6.635300228746676340e-03
1.114639717141017831e-02
1.911870181463871596e-02
1.609595984858955969e-02
7.533097887200628819e-03
1.533751980068555863e-02
7.749648751789912915e-03
7.657685680671576407e-03
7.659483070893200948e-03
1.349659399159961956e-02
6.478386611176677884e-03
1.551944391524675941e-02
1.190926342681775801e-02
6.464743461982345833e-03
1.595940973778623567e-02
7.114351501658540758e-03
1.658934657634483431e-02
