5 -1.83741 4.95861 -1.8005
5 -3.21998 4.91309 -3.46375
-5 4.20548 -4.54414 4.28943
-5 0.131747 -4.95458 0.0416334
-5 4.56958 -4.72893 4.90135
0.671134 1.03633 1.03002 1.18035
0.671134 1.03633 0.884695 1.17625
-0.42224 0.59754 0.671134 1.03633
-0.42224 0.59754 -1.7328 1.64088
1.64119 1.15788 1.64986 1.16948
1.64119 1.15788 1.59801 1.19639
1.17752 0.537415 1.28452 0.680596
1.17752 0.537415 0.73102 0.573462
4.90702 -1.74549 5 -1.6364
4.90702 -1.74549 4.9157 -1.76224
4.90266 -1.75061 4.90702 -1.74549
4.90266 -1.75061 3.96761 -0.916755
4.90047 -1.75317 4.90266 -1.75061
4.90047 -1.75317 4.91835 -1.76736
4.85816 -1.80281 4.90047 -1.75317
4.85816 -1.80281 4.93581 -1.80102
3.92648 -0.980555 3.96761 -0.916755
3.92648 -0.980555 4.90047 -1.75317
1.6947 -3.90415 1.68056 -3.88939
1.6947 -3.90415 1.76156 -3.77102
-2.84529 1.2386 -2.86762 1.41748
-2.84529 1.2386 -3.93782 1.25118
-2.62621 -0.516317 -2.77187 0.650494
-2.55552 -1.08256 -2.62621 -0.516317
-2.55552 -1.08256 -2.73256 -1.0162
-2.22272 -3.74845 -2.3467 -2.75528
3.11047 -2.22889 3.36232 -1.83724
4.9157 -1.76224 4.90266 -1.75061
4.9157 -1.76224 4.91835 -1.76736
4.94628 -1.78951 4.9157 -1.76224
4.94628 -1.78951 4.96009 -1.80047
4.95861 -1.8005 4.94628 -1.78951
4.95861 -1.8005 4.96009 -1.80047
1.82878 0.741435 1.82224 0.996424
0.0770041 -1.30494 0.399404 -1.11202
4.52766 -4.54477 5 -4.90719
4.74626 -3.93164 4.60902 -4.31659
4.74626 -3.93164 5 -4.41887
4.91309 -3.46375 4.74626 -3.93164
4.91309 -3.46375 5 -3.46997
-1.5461 -2.2762 -0.176517 -1.45665
2.82479 -2.67317 2.97416 -2.44087
2.82479 -2.67317 2.00529 -2.44109
2.58149 -3.05153 2.62892 -2.97778
2.58149 -3.05153 3.00069 -3.37318
-3.93782 1.25118 -4.16076 1.25375
3.2479 -2.793 2.82479 -2.67317
3.2479 -2.793 2.97416 -2.44087
3.91768 -0.973574 3.92648 -0.980555
3.91768 -0.973574 3.95909 -0.909164
-3.85827 0.347447 -4.43546 0.186439
-3.69677 -0.654772 -3.85827 0.347447
-3.69677 -0.654772 -4.81479 -0.23569
1.66316 -3.96696 1.6947 -3.90415
1.66316 -3.96696 1.68056 -3.88939
-3.2401 2.84085 -3.73391 3.23397
1.01219 -1.84746 1.63973 -1.33497
1.01219 -1.84746 1.65753 -2.34261
-0.623154 -3.183 0.143899 -2.55657
3.10361 -3.45214 4.52766 -4.54477
-2.00815 4.75643 -1.95064 4.76702
-2.00815 4.75643 -2.06022 4.89456
-3.17238 4.54204 -2.50682 4.6646
-4.54414 4.28943 -3.25576 4.52668
-4.54414 4.28943 -4.72893 4.90135
-4.21755 2.75432 -5 3.20589
-4.21755 2.75432 -4.12723 2.90882
-4.05167 2.65859 -4.21755 2.75432
-4.05167 2.65859 -4.12723 2.90882
-0.895872 1.80564 -1.77462 4.13688
4.17861 -0.589458 4.16976 -0.581555
0.572935 -1.51043 1.01219 -1.84746
0.572935 -1.51043 1.10984 -0.686897
1.66463 0.94574 1.65121 1.14894
1.66463 0.94574 1.81281 1.00483
2.90603 1.45103 2.89236 1.51524
2.90603 1.45103 2.88354 1.47592
3.1068 0.508077 2.90603 1.45103
3.1068 0.508077 3.567 0.783461
3.55945 -3.19378 3.2479 -2.793
3.14513 -3.3268 3.55945 -3.19378
3.14513 -3.3268 2.62892 -2.97778
1.61287 -3.81876 1.70287 -3.78987
1.61287 -3.81876 0.289384 -2.43776
-2.7825 -4.26745 -2.22272 -3.74845
-3.26711 -3.30605 -2.7825 -4.26745
-3.26711 -3.30605 -2.3467 -2.75528
-4.95458 0.0416334 -4.81479 -0.23569
-4.95458 0.0416334 -5 0.0289627
2.41805 1.96342 2.42472 1.98388
2.41805 1.96342 2.4334 1.97427
2.33328 1.70337 2.41805 1.96342
2.33328 1.70337 2.58636 1.80493
3.05254 3.08136 3.30289 3.34619
3.05254 3.08136 2.57528 3.29477
1.98665 0.472092 1.82878 0.741435
1.98665 0.472092 1.21243 0.534597
2.26189 0.0024874 1.98665 0.472092
2.26189 0.0024874 2.59831 0.203802
-2.73256 -1.0162 -3.69677 -0.654772
3.36232 -1.83724 4.85816 -1.80281
3.36232 -1.83724 3.91768 -0.973574
-1.7328 1.64088 -0.895872 1.80564
-1.7328 1.64088 -3.02381 2.66866
-2.86762 1.41748 -1.7328 1.64088
-2.86762 1.41748 -3.02381 2.66866
-0.0172176 0.275101 -0.42224 0.59754
-0.0172176 0.275101 0.092473 0.31884
0.77349 -0.354384 0.00528705 0.257185
0.77349 -0.354384 0.399404 -1.11202
1.13763 -0.644274 0.77349 -0.354384
3.65475 0.337423 3.567 0.783461
3.65475 0.337423 2.92065 0.396688
4.70611 0.252544 3.65475 0.337423
2.26804 -1.26922 2.59831 0.203802
1.63973 -1.33497 2.26804 -1.26922
1.6496 1.41999 1.63524 1.39091
1.6496 1.41999 1.67904 1.44081
1.8971 1.92125 1.80339 1.73146
1.8971 1.92125 1.7931 2.13273
2.42165 2.98362 2.10357 2.33942
2.42165 2.98362 2.47635 3.33901
2.57528 3.29477 2.42165 2.98362
2.57528 3.29477 2.47635 3.33901
2.78115 0.123587 2.78241 0.140174
2.78115 0.123587 2.76563 0.155131
1.3224 1.18861 1.48098 1.30075
1.3224 1.18861 1.53836 1.19471
-2.77187 0.650494 -3.85827 0.347447
-2.77187 0.650494 -2.84529 1.2386
-1.85339 4.4189 -1.95064 4.76702
-1.85339 4.4189 -1.89818 4.46469
-1.79959 4.22627 -1.85339 4.4189
-1.79959 4.22627 -1.81273 4.23799
-1.77462 4.13688 -1.79959 4.22627
-1.77462 4.13688 -1.81273 4.23799
1.03002 1.18035 1.3224 1.18861
1.03002 1.18035 1.43413 1.34253
0.884695 1.17625 1.03002 1.18035
4.23652 -4.06473 3.70194 -3.37706
4.23652 -4.06473 3.14513 -3.3268
4.9664 1.19571 5 1.63075
4.9664 1.19571 5 1.13762
-2.50682 4.6646 -2.5387 4.88539
-2.50682 4.6646 -2.32803 4.69752
3.9799 2.66668 3.98261 2.89663
3.9799 2.66668 3.63231 2.82211
3.9763 2.36273 3.9799 2.66668
3.9763 2.36273 4.23205 2.46537
4.16296 2.58482 3.9799 2.66668
4.16296 2.58482 4.23205 2.46537
4.33643 2.50726 4.16296 2.58482
4.33643 2.50726 5 2.77356
4.60902 -4.31659 4.23652 -4.06473
4.60902 -4.31659 4.52766 -4.54477
-0.746201 3.28689 -1.85339 4.4189
-0.746201 3.28689 -1.79959 4.22627
3.91152 3.01956 3.98261 2.89663
3.91152 3.01956 3.98468 3.07129
1.79079 2.22266 1.72716 2.26681
2.29245 1.8746 1.98082 2.09081
2.29245 1.8746 2.41805 1.96342
-4.43546 0.186439 -4.16076 1.25375
-4.43546 0.186439 -4.95458 0.0416334
-3.73391 3.23397 -3.87259 3.34437
-4.07481 2.99848 -3.73391 3.23397
-4.07481 2.99848 -3.87259 3.34437
-4.14058 2.95304 -4.07481 2.99848
-4.14058 2.95304 -4.38097 3.7491
4.4867 -3.43323 4.91309 -3.46375
4.4867 -3.43323 4.74626 -3.93164
3.70194 -3.37706 4.4867 -3.43323
3.70194 -3.37706 3.55945 -3.19378
-0.176517 -1.45665 -0.025955 -1.9735
-0.176517 -1.45665 0.0770041 -1.30494
1.64986 1.16948 1.67152 1.19847
1.64986 1.16948 1.64799 1.1978
1.55717 1.2328 1.48098 1.30075
1.55717 1.2328 1.53836 1.19471
1.59801 1.19639 1.55717 1.2328
1.59801 1.19639 1.64799 1.1978
1.40542 0.84238 1.64119 1.15788
1.40542 0.84238 1.66463 0.94574
1.28452 0.680596 1.40542 0.84238
1.28452 0.680596 1.21243 0.534597
0.73102 0.573462 1.35434 0.822014
3.96761 -0.916755 3.95909 -0.909164
3.96761 -0.916755 4.17861 -0.589458
4.91835 -1.76736 4.94628 -1.78951
4.91835 -1.76736 4.93581 -1.80102
4.93581 -1.80102 4.95861 -1.8005
4.93581 -1.80102 5 -1.92485
1.68056 -3.88939 1.61287 -3.81876
1.68056 -3.88939 1.70287 -3.78987
1.76156 -3.77102 3.00069 -3.37318
-2.3467 -2.75528 -2.55552 -1.08256
-2.3467 -2.75528 -1.5461 -2.2762
4.96009 -1.80047 5 -1.83212
4.96009 -1.80047 5 -1.79955
1.82193 1.00847 1.81695 1.20257
1.82193 1.00847 2.26007 1.18317
1.82224 0.996424 1.82193 1.00847
1.82224 0.996424 1.81281 1.00483
1.10984 -0.686897 2.26189 0.0024874
1.10984 -0.686897 1.13763 -0.644274
0.399404 -1.11202 1.10984 -0.686897
0.399404 -1.11202 -0.025955 -1.9735
2.97416 -2.44087 3.11047 -2.22889
1.65753 -2.34261 0.72817 -2.07941
1.65753 -2.34261 1.97308 -2.58472
1.71254 -2.35818 1.65753 -2.34261
2.00529 -2.44109 1.71254 -2.35818
2.00529 -2.44109 2.26804 -1.26922
2.62892 -2.97778 2.82479 -2.67317
2.62892 -2.97778 1.98289 -2.54098
3.00069 -3.37318 3.10361 -3.45214
3.00069 -3.37318 3.14513 -3.3268
4.16976 -0.581555 4.70611 0.252544
3.95909 -0.909164 4.16976 -0.581555
3.95909 -0.909164 2.78241 0.140174
-4.81479 -0.23569 -3.26711 -3.30605
0.289384 -2.43776 0.72817 -2.07941
0.289384 -2.43776 0.0306368 -2.16776
0.143899 -2.55657 0.289384 -2.43776
-1.95064 4.76702 -1.89197 4.77783
-1.95064 4.76702 -1.96848 4.83092
-3.25576 4.52668 -3.17238 4.54204
-4.12723 2.90882 -4.07481 2.99848
-4.12723 2.90882 -4.14058 2.95304
1.65121 1.14894 1.64986 1.16948
1.65121 1.14894 1.64119 1.15788
1.81281 1.00483 1.82193 1.00847
1.81281 1.00483 1.65121 1.14894
2.74735 2.19629 3.10116 2.4465
2.81145 1.89526 2.74735 2.19629
2.81145 1.89526 2.99399 1.96852
2.89236 1.51524 2.81145 1.89526
2.89236 1.51524 2.99399 1.96852
2.42472 1.98388 2.10357 2.33942
2.4334 1.97427 2.42472 1.98388
2.4334 1.97427 2.74735 2.19629
2.58636 1.80493 2.4334 1.97427
2.58636 1.80493 2.81145 1.89526
2.88354 1.47592 2.58636 1.80493
2.88354 1.47592 2.89236 1.51524
3.567 0.783461 4.78373 1.51155
1.70287 -3.78987 1.76156 -3.77102
1.70287 -3.78987 1.97308 -2.58472
1.21243 0.534597 1.17752 0.537415
1.21243 0.534597 0.77349 -0.354384
2.92065 0.396688 3.1068 0.508077
2.92065 0.396688 2.80261 0.406217
2.59831 0.203802 2.66578 0.244176
2.59831 0.203802 2.6171 0.28759
-3.02381 2.66866 -3.2401 2.84085
-3.02381 2.66866 -3.24267 4.42182
0.092473 0.31884 0.73102 0.573462
0.092473 0.31884 1.3224 1.18861
0.00528705 0.257185 -0.0172176 0.275101
0.00528705 0.257185 0.092473 0.31884
1.63524 1.39091 1.55717 1.2328
1.63524 1.39091 1.63404 1.40899
2.01613 1.6792 2.29245 1.8746
2.01613 1.6792 1.8971 1.92125
1.67904 1.44081 1.8085 1.53236
1.67904 1.44081 1.8095 1.49317
1.65514 1.43122 1.6496 1.41999
1.65514 1.43122 1.67904 1.44081
1.80339 1.73146 1.65514 1.43122
1.80339 1.73146 1.7931 2.13273
1.72716 2.26681 1.55419 2.61853
1.72716 2.26681 1.57022 2.3757
1.7931 2.13273 1.72716 2.26681
1.7931 2.13273 1.79079 2.22266
1.98082 2.09081 1.8971 1.92125
1.98082 2.09081 1.79079 2.22266
2.10357 2.33942 1.98082 2.09081
2.78241 0.140174 2.79624 0.322238
2.78241 0.140174 2.76563 0.155131
2.26007 1.18317 2.05848 1.59309
2.63552 0.419707 2.26007 1.18317
2.63552 0.419707 2.45237 0.434493
2.7091 0.270095 2.64322 0.404062
2.7091 0.270095 2.79624 0.322238
2.76563 0.155131 2.7091 0.270095
2.76563 0.155131 2.66578 0.244176
1.48098 1.30075 1.63404 1.40899
1.48098 1.30075 1.43413 1.34253
1.53836 1.19471 1.59801 1.19639
1.53836 1.19471 1.35434 0.822014
-1.89818 4.46469 -2.00815 4.75643
-1.81273 4.23799 -2.32803 4.69752
-1.81273 4.23799 -1.89818 4.46469
1.63316 1.4224 1.65514 1.43122
1.63316 1.4224 1.57022 2.3757
1.43413 1.34253 1.63316 1.4224
1.43413 1.34253 -0.746201 3.28689
-2.32803 4.69752 -2.00815 4.75643
-2.32803 4.69752 -2.5387 4.88539
3.98261 2.89663 3.98468 3.07129
3.98261 2.89663 4.16296 2.58482
3.63231 2.82211 3.22611 3.00375
3.63231 2.82211 3.91152 3.01956
4.23205 2.46537 4.33643 2.50726
4.23205 2.46537 4.78373 1.51155
3.98468 3.07129 5 3.7893
-3.87259 3.34437 -4.38097 3.7491
-3.87259 3.34437 -3.24267 4.42182
-4.38097 3.7491 -4.54414 4.28943
-0.025955 -1.9735 0.0306368 -2.16776
-0.025955 -1.9735 -0.623154 -3.183
1.67152 1.19847 1.81695 1.20257
1.64799 1.1978 1.63524 1.39091
1.64799 1.1978 1.67152 1.19847
1.35434 0.822014 1.40542 0.84238
1.35434 0.822014 1.28452 0.680596
1.8085 1.53236 1.80339 1.73146
1.8085 1.53236 2.01613 1.6792
1.8095 1.49317 1.8085 1.53236
1.8095 1.49317 2.05848 1.59309
1.81695 1.20257 1.8095 1.49317
0.72817 -2.07941 1.01219 -1.84746
1.97308 -2.58472 2.58149 -3.05153
1.97308 -2.58472 1.98289 -2.54098
1.98289 -2.54098 1.71254 -2.35818
1.98289 -2.54098 2.00529 -2.44109
0.0306368 -2.16776 0.143899 -2.55657
-1.89197 4.77783 -1.96848 4.83092
-1.96848 4.83092 -2.06022 4.89456
3.10116 2.4465 3.63231 2.82211
3.10116 2.4465 3.22611 3.00375
2.99399 1.96852 3.9763 2.36273
2.99399 1.96852 3.10116 2.4465
4.78373 1.51155 5 1.64096
4.78373 1.51155 4.9664 1.19571
2.64652 0.418819 2.63552 0.419707
2.64652 0.418819 2.88354 1.47592
2.80261 0.406217 2.64652 0.418819
2.66578 0.244176 2.7091 0.270095
2.66578 0.244176 2.6171 0.28759
2.64322 0.404062 2.64652 0.418819
2.64322 0.404062 2.63552 0.419707
2.6171 0.28759 2.64322 0.404062
2.6171 0.28759 2.45237 0.434493
-3.24267 4.42182 -3.25576 4.52668
-3.24267 4.42182 -3.17238 4.54204
1.63404 1.40899 1.63316 1.4224
1.63404 1.40899 1.6496 1.41999
1.57022 2.3757 -1.89197 4.77783
1.57022 2.3757 1.55419 2.61853
2.79624 0.322238 2.80261 0.406217
2.79624 0.322238 2.92065 0.396688
2.05848 1.59309 2.01613 1.6792
2.05848 1.59309 2.33328 1.70337
2.45237 0.434493 1.98665 0.472092
2.45237 0.434493 1.82224 0.996424
3.22611 3.00375 3.05254 3.08136
3.22611 3.00375 3.30289 3.34619
