128.402	0.000832754
140.41	0.000761535
153.542	0
167.901	0.000636847
183.604	0.00116476
200.774	0.00159772
219.551	0.000974054
240.084	0.00133612
262.537	0.00081457
287.09	0.00111736
313.939	0.000340599
343.299	0.000934411
375.405	0.000854497
410.513	0.000260472
448.905	0.000476392
490.887	0.000871299
536.795	0.000597587
586.997	0.00036432
641.894	0.000499743
701.925	0.000304669
767.57	0.000139306
839.354	0.000127392
917.852	0.000116497
1003.69	0.000106534
1097.56	0.000292269
1200.2	0.000178182
1312.45	8.14717e-05
1435.19	0
1569.41	0.000136264
1716.18	0.000124611
1876.68	0.000227907
2052.19	0.000156312
2244.12	0
2453.99	0
2683.49	3.98463e-05
2934.46	0.000109316
3208.89	3.33222e-05
3508.99	3.04724e-05
3837.16	0.000111465
4196.01	5.09661e-05
4588.43	6.9911e-05
5017.55	0
5486.8	1.94881e-05
5999.93	3.56428e-05
6561.05	3.25946e-05
7174.65	2.9807e-05
7845.64	1.36289e-05
8579.37	0
9381.73	0
10259.1	1.04227e-05
11218.6	0
12267.7	8.71613e-06
13415	7.9707e-06
14669.6	0
16041.6	6.66564e-06
17541.8	0
19182.3	1.11485e-05
20976.3	0
22938	0
25083.2	0
27429	0
29994.2	0
32799.4	3.26004e-06
35866.8	2.98123e-06
39221.1	0
42889.1	2.49311e-06
46900.2	0
51286.4	0
56082.7	0
61327.7	1.74354e-06
67063.1	0
73335	0
80193.4	1.33337e-06
87693.2	0
95894.4	0
104863	0
114669	0
125393	0
137120	0
149944	0
163967	0
179302	0
196070	0
214407	0
234459	0
256386	0
280363	0
306583	0
335255	0
366609	0
400895	0
438387	0
479385	0
524218	2.03975e-07
573244	1.8653e-07
626854	0
685479	0
749586	0
819688	0
896347	0
