119.302	0.00136329
126.637	0
134.423	0.00120993
142.688	0
151.461	0
160.773	0
170.658	0.00190606
181.151	0
192.289	0.000845824
204.112	0.00159366
216.662	0.00150135
229.983	0
244.123	0.00133246
259.133	0
275.066	0.000591287
291.978	0.000557038
309.93	0.00104955
328.986	0.00148313
349.214	0.000465741
370.685	0.00131629
393.476	0.000826698
417.669	0.000389407
443.349	0
470.608	0.00138241
499.543	0.000651167
530.257	0.000920174
562.859	0
597.467	0.000816663
634.201	0.000256453
673.195	0
714.586	0.000682813
758.522	0.000428842
805.159	0
854.664	0
907.212	0.000537833
962.992	0.000168893
1022.2	0.000477332
1085.05	0.000299789
1151.76	0.000141212
1222.58	0
1297.75	0.000125327
1377.54	0
1462.24	0
1552.14	0
1647.57	9.87166e-05
1748.87	9.29986e-05
1856.4	8.76119e-05
1970.54	8.25371e-05
2091.7	0.000311025
2220.31	0.000146505
2356.82	6.90094e-05
2501.73	0
2655.55	0.000122493
2818.82	5.76989e-05
2992.13	5.43568e-05
3176.1	0
3371.38	9.64844e-05
3578.67	4.54478e-05
3798.7	8.56307e-05
4032.27	0
4280.19	7.5998e-05
4543.35	0
4822.7	0
5119.22	3.17711e-05
5433.97	2.99308e-05
5768.07	2.81971e-05
6122.72	0
6499.17	5.00504e-05
6898.77	2.35756e-05
7322.94	4.44201e-05
7773.18	0
8251.11	0
8758.43	1.85699e-05
9296.93	1.74943e-05
9868.55	1.64809e-05
10475.3	1.55263e-05
11119.4	0
11803	0
12528.7	2.59632e-05
13299.1	1.22296e-05
14116.8	3.45638e-05
14984.7	1.08539e-05
15906	0
16884	0
17922.1	0
19024	0
20193.7	0
21435.3	0
22753.3	7.14811e-06
24152.2	0
25637.2	6.34401e-06
27213.5	0
28886.7	0
30662.8	1.06085e-05
32548.1	0
34549.3	0
36673.5	0
38928.4	0
41321.9	3.936e-06
43862.5	0
