215.021	0.000804377
227.453	0
240.603	0.000718849
254.514	0
269.23	0.00128483
284.796	0.00182191
301.262	0
318.681	0.00054273
337.106	0.00102613
356.597	0.00145507
377.214	0.00183405
399.024	0
422.095	0.00122928
446.499	0.000774727
472.315	0.000366191
499.623	0
528.51	0.00065451
559.067	0.000618736
591.391	0.000584918
625.584	0.000552948
661.754	0.000522725
700.015	0.000247077
740.488	0.000233572
783.301	0.000220806
828.59	0.000208737
876.497	0.000197328
927.174	0.000559628
980.781	0.000352693
1037.49	0.000166708
1097.47	0.000157596
1160.93	0.000148982
1228.05	0.000281679
1299.05	0.000133141
1374.16	0.000251729
1453.61	0.000118985
1537.65	0.000449926
1626.56	0.000319
1720.6	0.000100522
1820.08	0.000190055
1925.32	8.98334e-05
2036.63	0.000169847
2154.39	0.000240845
2278.95	7.58936e-05
2410.71	7.17455e-05
2550.09	0.000203472
2697.53	0.000128234
2853.5	0
3018.48	5.72995e-05
3193	0.000162503
3377.61	0.000204828
3572.9	4.84082e-05
3779.48	4.57623e-05
3998	4.3261e-05
4229.15	0
4473.67	0
4732.33	3.65481e-05
5005.94	3.45505e-05
5295.37	3.2662e-05
5601.54	3.08768e-05
5925.41	0
6268	0
6630.4	0
7013.75	2.46598e-05
7419.27	0
7848.24	0
8302.01	0
8782.01	0
9289.76	3.72362e-05
9826.88	0
10395	0
10996.1	1.5729e-05
11631.8	0
12304.4	1.40566e-05
13015.8	0
13768.3	1.2562e-05
14564.4	0
15406.4	0
16297.2	1.06127e-05
17239.5	0
18236.2	0
19290.6	0
20405.9	0
21585.7	8.01258e-06
22833.8	0
24154	0
25550.5	6.76924e-06
27027.8	0
28590.4	0
30243.5	0
31992.1	0
33841.8	0
35798.4	0
37868.2	0
40057.7	0
42373.7	0
44823.7	0
47415.3	0
50156.7	0
53056.7	3.25986e-06
56124.3	0
