166.267	0.000729671
179.972	0.000674107
194.806	0
210.863	0.0011507
228.244	0
247.057	0
267.421	0.000907333
289.464	0
313.324	0.000774408
339.15	0.00143087
367.105	0.000991435
397.364	0.00122125
430.117	0.000564126
465.57	0.000521168
503.946	0.000240741
545.484	0.000444816
590.446	0.000616416
639.115	0.000759301
691.795	0.00105222
748.817	0.000324031
810.54	0.000748391
877.35	0.00013828
949.666	0.00012775
1027.94	0
1112.67	0.000327104
1204.39	0.000100732
1303.66	0
1411.12	8.59745e-05
1527.43	0.000158855
1653.33	0
1789.61	0.000203374
1937.12	6.26291e-05
2096.79	0.000231439
2269.62	5.34539e-05
2456.7	9.87667e-05
2659.2	9.12456e-05
2878.39	8.42973e-05
3115.64	3.8939e-05
3372.45	0.000179869
3650.43	6.64689e-05
3951.33	0
4277.02	5.67311e-05
4629.56	0
5011.16	0
5424.21	0
5871.31	4.13264e-05
6355.26	1.90897e-05
6879.11	0
7446.13	4.88792e-05
8059.88	0
8724.23	0
9443.34	1.28472e-05
10221.7	0
11064.3	0
11976.3	0
12963.4	9.35866e-06
14031.9	8.646e-06
15188.5	7.98761e-06
16440.5	7.37935e-06
17795.6	6.81741e-06
19262.5	0
20850.2	0
22568.8	5.37557e-06
24429.1	0
26442.7	0
28622.3	0
30981.5	0
33535.2	0
36299.4	3.34221e-06
39291.4	3.0877e-06
42530.1	2.85257e-06
46035.7	2.63535e-06
49830.2	0
53937.6	0
58383.4	0
63195.8	0
68404.8	0
74043.2	0
80146.3	0
86752.5	0
93903.2	0
101643	1.19359e-06
110021	0
119090	1.01873e-06
128906	0
139532	0
151033	0
163482	0
176957	0
191543	0
207331	0
224421	0
242919	0
262942	0
284615	0
308075	0
333469	0
360956	0
390708	0
422913	0
