189.877	0.00222333
203.37	0.00138388
217.822	0.000646029
233.302	0.00241266
249.881	0
267.638	0.00157735
286.657	0.00294539
307.028	0.000916655
328.847	0.00171167
352.216	0
377.245	0.000373019
404.054	0.00104481
432.767	0.000325162
463.521	0
496.46	0.000283446
531.74	0.000793919
569.528	0.00123541
610	0.000692063
653.349	0.000215382
699.778	0.000603275
749.506	0
802.769	0.000525878
859.816	0.000490987
920.918	0.000152804
986.361	0.000285331
1056.46	0.000266399
1131.53	0.000248724
1211.94	0.000116111
1298.07	0.000108407
1390.31	0.000101215
1489.11	9.44991e-05
1594.93	8.82292e-05
1708.27	0.000494252
1829.67	0
1959.69	7.1807e-05
2098.95	6.70428e-05
2248.11	0.000125189
2407.87	5.84415e-05
2578.98	5.4564e-05
2762.25	0.000101888
2958.55	0
3168.79	8.88159e-05
3393.98	4.14616e-05
3635.16	7.74213e-05
3893.49	0
4170.17	0.000101233
4466.52	0
4783.93	5.88302e-05
5123.89	0
5488.01	5.12826e-05
5878	4.788e-05
6295.71	0
6743.11	0
7222.3	1.9484e-05
7735.54	1.81913e-05
8285.25	0
8874.03	0
9504.65	1.48053e-05
10180.1	0
10903.5	1.29059e-05
11678.3	0
12508.2	0
13397.1	1.05037e-05
14349.2	0
15368.9	0
16461	0
17630.8	0
18883.7	0
20225.7	0
21663	0
23202.4	0
24851.2	0
26617.2	0
28508.8	0
30534.7	0
32704.6	4.30275e-06
35028.7	0
37517.9	0
40184.1	0
43039.7	0
46098.2	0
49374.1	0
52882.8	0
56640.9	0
60665.9	2.31958e-06
64977.1	0
69594.6	0
74540.2	0
79837.3	0
85510.8	0
91587.4	0
98095.9	0
105067	0
112533	0
120530	0
129096	0
138270	0
148096	0
158620	0
169892	0
