131.682	0.000838082
143.614	0.00230535
156.627	0.00140921
170.819	0.00193819
186.297	0.000592386
203.178	0.0016295
221.589	0.0024902
241.668	0.00136998
263.566	0.000418719
287.448	0.00115179
313.494	0.000352032
341.901	0.00096835
372.881	0.000295965
406.669	0.000542751
443.519	0
483.707	0.00114077
527.537	0.000418397
575.338	0.000383635
627.471	0.000351761
684.328	0.000161268
746.337	0.000443607
813.964	0.000271167
887.719	0.000124319
968.158	0.000341969
1055.89	0.000209038
1151.56	9.5835e-05
1255.91	0.000263618
1369.71	0.000322287
1493.82	0
1629.18	6.77396e-05
1776.8	0.000124223
1937.81	0.000113902
2113.4	0.000104439
2304.9	0
2513.75	8.78051e-05
2741.52	0
2989.94	7.38208e-05
3260.87	3.38437e-05
3556.34	3.10319e-05
3878.59	0
4230.04	2.60896e-05
4613.34	4.78439e-05
5031.36	2.19344e-05
5487.27	4.0224e-05
5984.48	0
6526.75	1.69089e-05
7118.16	3.1008e-05
7763.15	2.84317e-05
8466.59	1.30348e-05
9233.77	1.19518e-05
10070.5	0
10983	0
11978.2	0
13063.5	8.44793e-06
14247.3	0
15538.3	7.10247e-06
16946.2	6.51237e-06
18481.8	1.19426e-05
20156.4	0
21982.9	0
23974.8	0
26147.2	0
28516.5	7.74009e-06
31100.4	0
33918.5	0
36991.9	0
40343.9	0
43999.5	0
47986.4	0
52334.6	4.21747e-06
57076.8	0
62248.7	0
67889.2	0
74040.8	0
80749.8	0
88066.8	0
96046.7	0
104750	0
114241	9.66024e-07
124593	0
135883	0
148196	0
161624	0
176269	0
192241	0
209661	0
228659	0
249378	0
271975	0
296619	0
323496	0
352809	0
384778	0
419644	0
457669	0
499140	0
544368	0
593694	0
647491	1.70443e-07
706161	0
