157.923	0.000765907
170.98	0.00141484
185.115	0
200.42	0.00120701
216.99	0.00055742
234.93	0.00154456
254.353	0
275.381	0
298.149	0.00121706
322.798	0.00112412
349.486	0.000692185
378.38	0.000639329
409.663	0.000885762
443.532	0.000818123
480.201	0.00100753
519.902	0.000930595
562.886	0.000429766
609.422	0.000595422
659.807	0.000549954
714.357	0.000507959
773.417	0.00015639
837.36	0
906.589	0.000133417
981.542	0.000123229
1062.69	0.000113819
1150.55	0.000105128
1245.67	9.70998e-05
1348.66	8.9685e-05
1460.16	8.28365e-05
1580.88	0.000306044
1711.58	7.06683e-05
1853.09	0.000130544
2006.29	0
2172.16	0.000111368
2351.75	0.000102864
2546.18	9.50086e-05
2756.69	4.38768e-05
2984.6	4.05262e-05
3231.35	7.48631e-05
3498.51	0
3787.75	9.57993e-05
4100.9	8.84838e-05
4439.95	2.72423e-05
4807.02	0
5204.45	2.32406e-05
5634.73	0
6100.58	1.98267e-05
6604.95	1.83127e-05
7151.02	3.38286e-05
7742.24	0
8382.33	2.88594e-05
9075.35	1.33278e-05
9825.66	1.23101e-05
10638	2.27401e-05
11517.5	0
12469.7	0
13500.7	1.79183e-05
14616.8	8.27501e-06
15825.3	0
17133.7	7.05947e-06
18550.2	1.30408e-05
20083.9	0
21744.3	0
23542	0
25488.4	0
27595.7	0
29877.1	4.0484e-06
32347.3	3.73925e-06
35021.6	3.45371e-06
37917	0
41051.8	2.94639e-06
44445.8	0
48120.4	0
52098.8	0
56406.1	0
61069.5	0
66118.5	1.82936e-06
71584.9	0
77503.2	0
83910.8	0
90848.2	0
98359.1	0
106491	0
115295	0
124827	0
135148	8.94981e-07
146321	0
158418	0
171515	0
185696	0
201048	0
217670	0
235666	0
255150	0
276245	0
299083	0
323810	0
350581	0
379566	3.18666e-07
410947	0
