148.169	0.000864515
159.736	0
172.206	0
185.65	0.000689976
200.143	0.000640012
215.768	0
232.612	0.0022027
250.772	0
270.349	0.00142143
291.454	0.000878998
314.208	0
338.737	0.000756303
365.181	0.00175384
393.69	0.000325367
424.425	0
457.559	0.000839853
493.279	0.000779035
531.788	0.000722622
573.304	0.000670293
618.06	0.000621754
666.311	0.000384487
718.328	0.000356645
774.407	0.000330818
834.863	0.000153431
900.039	0.000284641
970.303	0.000264029
1046.05	0.000367364
1127.71	0
1215.75	0.000421447
1310.66	0.000293196
1412.98	0.00018131
1523.29	8.40902e-05
1642.21	0.000312003
1770.42	0.000144705
1908.63	0.000134226
2057.63	0.000124506
2218.27	0
2391.44	0.000107127
2578.13	9.93695e-05
2779.4	0
2996.39	8.5499e-05
3230.31	7.93076e-05
3482.49	0
3754.36	0
4047.45	3.1648e-05
4363.43	0
4704.07	2.72304e-05
5071.31	5.05171e-05
5467.21	2.34295e-05
5894.02	4.34657e-05
6354.16	2.01591e-05
6850.21	1.86993e-05
7384.99	3.46903e-05
7961.52	1.60891e-05
8583.06	0
9253.12	0
9975.49	0
10754.3	1.1911e-05
11593.8	0
12498.9	0
13474.7	1.90125e-05
14526.6	0
15660.7	8.17934e-06
16883.3	0
18201.3	0
19622.2	0
21154.1	0
22805.5	0
24585.9	0
26505.3	0
28574.5	0
30805.2	0
33210.1	0
35802.8	3.57777e-06
38597.8	0
41611.1	3.07836e-06
44859.5	0
48361.6	0
52137.1	0
56207.3	0
60595.3	0
65325.8	0
70425.7	0
75923.6	1.68714e-06
81850.8	0
88240.7	0
95129.5	0
102556	0
110562	0
119194	0
128499	0
138530	0
149345	8.57704e-07
161004	0
173574	0
187124	6.84541e-07
201732	6.3497e-07
217481	0
234459	0
252763	0
