113.094	0.000828058
125.171	0.00149633
138.537	0.000675984
153.33	0
169.703	0.000551839
187.824	0.000997195
207.88	0.00225246
230.078	0.00244218
254.647	0.00110328
281.838	0.00199367
311.934	0.00120088
345.243	0.000542509
382.108	0.000980336
422.911	0.000885753
468.07	0.00100037
518.051	0.000361542
573.37	0.00032666
634.596	0.000442716
702.359	0.000266669
777.359	0.000361411
860.367	0.000217695
952.238	0
1053.92	8.88574e-05
1166.46	0.000160569
1291.02	0.000145077
1428.87	0.000262161
1581.45	5.92168e-05
1750.32	5.35036e-05
1937.23	9.66832e-05
2144.09	0.00017471
2373.04	3.94636e-05
2626.44	3.56562e-05
2906.89	0
3217.3	2.91079e-05
3560.85	2.62995e-05
3941.08	0
4361.92	0
4827.69	1.93982e-05
5343.21	5.258e-05
5913.76	3.16714e-05
6545.25	0
7244.16	1.29275e-05
8017.71	3.50407e-05
8873.86	1.05533e-05
9821.43	0
10870.2	8.61519e-06
12030.9	7.784e-06
13315.6	7.033e-06
14737.5	0
16311.2	0
18052.9	0
19980.6	0
22114.2	0
24475.6	3.8262e-06
27089.2	3.45705e-06
29981.8	0
33183.3	0
36726.7	0
40648.5	0
44989	0
49793.1	0
55110.1	0
60994.8	0
67508	2.77445e-06
74716.6	0
82695	0
91525.4	0
101299	0
112116	0
124087	0
137338	0
152003	0
168234	0
186199	0
206081	0
228087	0
252443	0
279399	0
309234	0
342255	0
378801	0
419250	0
464019	0
513568	0
568408	0
629103	0
696280	0
770631	0
852920	0
943997	0
1.0448e+06	0
1.15636e+06	0
1.27984e+06	0
1.41651e+06	0
1.56777e+06	0
1.73517e+06	0
1.92046e+06	0
2.12553e+06	0
2.3525e+06	0
2.60371e+06	0
