   5.0236800e+01   1.0000007e-02
   5.4578400e+01   0.0000000e+00
   5.9295200e+01   0.0000000e+00
   6.4419700e+01   0.0000000e+00
   6.9987000e+01   0.0000000e+00
   7.6035500e+01   0.0000000e+00
   8.2606700e+01   0.0000000e+00
   8.9745800e+01   0.0000000e+00
   9.7501900e+01   0.0000000e+00
   1.0592800e+02   1.0000464e-02
   1.1508300e+02   0.0000000e+00
   1.2502900e+02   0.0000000e+00
   1.3583400e+02   9.9998672e-03
   1.4757300e+02   0.0000000e+00
   1.6032700e+02   1.0000083e-02
   1.7418300e+02   1.9999566e-02
   1.8923600e+02   0.0000000e+00
   2.0559000e+02   0.0000000e+00
   2.2335800e+02   9.9998805e-03
   2.4266100e+02   1.0000247e-02
   2.6363300e+02   1.0000057e-02
   2.8641700e+02   3.0000141e-02
   3.1117000e+02   9.9999516e-03
   3.3806200e+02   3.9999626e-02
   3.6727800e+02   2.9999816e-02
   3.9901900e+02   9.9999117e-03
   4.3350300e+02   4.0000631e-02
   4.7096800e+02   0.0000000e+00
   5.1167000e+02   2.9999998e-02
   5.5589000e+02   1.0000086e-02
   6.0393200e+02   1.9999836e-02
   6.5612500e+02   0.0000000e+00
   7.1283000e+02   1.9999739e-02
   7.7443400e+02   3.0000121e-02
   8.4136300e+02   1.0000001e-02
   9.1407600e+02   0.0000000e+00
   9.9307300e+02   2.0000695e-02
   1.0789000e+03   1.9999700e-02
   1.1721400e+03   4.0000230e-02
   1.2734400e+03   1.9999276e-02
   1.3834900e+03   3.0001189e-02
   1.5030600e+03   3.0000405e-02
   1.6329600e+03   1.9999385e-02
   1.7740800e+03   1.9999827e-02
   1.9274000e+03   1.9999893e-02
   2.0939700e+03   2.0000261e-02
   2.2749400e+03   0.0000000e+00
   2.4715500e+03   9.9996217e-03
   2.6851400e+03   5.0000576e-02
   2.9172000e+03   3.9999520e-02
   3.1693100e+03   1.0000317e-02
   3.4432200e+03   9.9999291e-03
   3.7407900e+03   1.0000006e-02
   4.0640800e+03   1.0000045e-02
   4.4153100e+03   2.9999743e-02
   4.7968900e+03   1.9999991e-02
   5.2114500e+03   2.0000063e-02
   5.6618400e+03   1.9999910e-02
   6.1511500e+03   0.0000000e+00
   6.6827500e+03   9.9999896e-03
   7.2602900e+03   1.0000081e-02
   7.8877500e+03   9.9999729e-03
   8.5694300e+03   9.9999646e-03
   9.3100200e+03   0.0000000e+00
   1.0114600e+04   0.0000000e+00
   1.0988800e+04   0.0000000e+00
   1.1938400e+04   4.0001854e-02
   1.2970200e+04   2.9999431e-02
   1.4091100e+04   0.0000000e+00
   1.5308900e+04   0.0000000e+00
   1.6631900e+04   0.0000000e+00
   1.8069300e+04   0.0000000e+00
   1.9630900e+04   0.0000000e+00
   2.1327500e+04   0.0000000e+00
   2.3170600e+04   0.0000000e+00
   2.5173100e+04   0.0000000e+00
   2.7348700e+04   9.9998031e-03
   2.9712200e+04   0.0000000e+00
   3.2280000e+04   0.0000000e+00
   3.5069700e+04   1.0000242e-02
   3.8100600e+04   9.9998311e-03
   4.1393300e+04   0.0000000e+00
   4.4970600e+04   1.0000042e-02
   4.8857100e+04   0.0000000e+00
   5.3079500e+04   0.0000000e+00
   5.7666800e+04   0.0000000e+00
   6.2650500e+04   0.0000000e+00
   6.8064900e+04   0.0000000e+00
   7.3947300e+04   0.0000000e+00
   8.0338000e+04   0.0000000e+00
   8.7281100e+04   0.0000000e+00
   9.4824200e+04   0.0000000e+00
   1.0301900e+05   0.0000000e+00
   1.1192200e+05   0.0000000e+00
   1.2159500e+05   0.0000000e+00
   1.3210400e+05   0.0000000e+00
   1.4352000e+05   0.0000000e+00
   1.5592400e+05   0.0000000e+00
   1.6939900e+05   1.0000042e-02
