   9.0350100e+01   1.0000045e-02
   9.7867800e+01   0.0000000e+00
   1.0601100e+02   0.0000000e+00
   1.1483200e+02   0.0000000e+00
   1.2438600e+02   0.0000000e+00
   1.3473600e+02   1.0000145e-02
   1.4594700e+02   0.0000000e+00
   1.5809100e+02   9.9999470e-03
   1.7124500e+02   9.9996026e-03
   1.8549300e+02   0.0000000e+00
   2.0092700e+02   0.0000000e+00
   2.1764600e+02   2.9999369e-02
   2.3575500e+02   0.0000000e+00
   2.5537100e+02   5.0001447e-02
   2.7662000e+02   3.9999276e-02
   2.9963600e+02   4.0000901e-02
   3.2456800e+02   1.0000025e-02
   3.5157400e+02   3.9999967e-02
   3.8082700e+02   1.9999979e-02
   4.1251400e+02   9.9998344e-03
   4.4683700e+02   5.0000779e-02
   4.8401700e+02   0.0000000e+00
   5.2429000e+02   9.9999731e-03
   5.6791400e+02   4.0000180e-02
   6.1516800e+02   9.9998599e-03
   6.6635300e+02   1.0000060e-02
   7.2179800e+02   2.0000035e-02
   7.8185600e+02   5.9999966e-02
   8.4691100e+02   2.0000016e-02
   9.1737900e+02   5.9999754e-02
   9.9371000e+02   0.0000000e+00
   1.0763900e+03   9.9997322e-03
   1.1659500e+03   2.0001158e-02
   1.2629700e+03   2.0000624e-02
   1.3680600e+03   1.9999931e-02
   1.4818900e+03   1.9999753e-02
   1.6051900e+03   1.9999809e-02
   1.7387500e+03   1.9999470e-02
   1.8834200e+03   3.0001536e-02
   2.0401400e+03   0.0000000e+00
   2.2098900e+03   9.9996964e-03
   2.3937600e+03   1.0000230e-02
   2.5929400e+03   2.0000198e-02
   2.8086900e+03   9.9995951e-03
   3.0423800e+03   0.0000000e+00
   3.2955300e+03   2.0000164e-02
   3.5697400e+03   0.0000000e+00
   3.8667600e+03   0.0000000e+00
   4.1885000e+03   1.0000076e-02
   4.5370100e+03   1.9999686e-02
   4.9145100e+03   2.0000155e-02
   5.3234300e+03   9.9999906e-03
   5.7663700e+03   9.9998791e-03
   6.2461600e+03   1.0000036e-02
   6.7658800e+03   0.0000000e+00
   7.3288400e+03   0.0000000e+00
   7.9386500e+03   0.0000000e+00
   8.5991900e+03   0.0000000e+00
   9.3146900e+03   0.0000000e+00
   1.0089700e+04   0.0000000e+00
   1.0929300e+04   0.0000000e+00
   1.1838600e+04   0.0000000e+00
   1.2823700e+04   1.9999848e-02
   1.3890700e+04   0.0000000e+00
   1.5046500e+04   0.0000000e+00
   1.6298400e+04   2.0001102e-02
   1.7654600e+04   0.0000000e+00
   1.9123500e+04   0.0000000e+00
   2.0714700e+04   0.0000000e+00
   2.2438300e+04   0.0000000e+00
   2.4305300e+04   9.9997679e-03
   2.6327600e+04   0.0000000e+00
   2.8518300e+04   1.0000041e-02
   3.0891200e+04   0.0000000e+00
   3.3461500e+04   0.0000000e+00
   3.6245700e+04   0.0000000e+00
   3.9261500e+04   0.0000000e+00
   4.2528300e+04   0.0000000e+00
   4.6066900e+04   1.0000136e-02
   4.9900000e+04   0.0000000e+00
   5.4051900e+04   0.0000000e+00
   5.8549400e+04   9.9998846e-03
   6.3421000e+04   1.0000157e-02
   6.8698100e+04   9.9998562e-03
   7.4414100e+04   0.0000000e+00
   8.0605800e+04   0.0000000e+00
   8.7312700e+04   1.0000055e-02
   9.4577700e+04   0.0000000e+00
   1.0244700e+05   0.0000000e+00
   1.1097100e+05   0.0000000e+00
   1.2020500e+05   0.0000000e+00
   1.3020700e+05   0.0000000e+00
   1.4104000e+05   0.0000000e+00
   1.5277600e+05   0.0000000e+00
   1.6548800e+05   9.9995848e-03
   1.7925700e+05   0.0000000e+00
   1.9417300e+05   0.0000000e+00
   2.1032900e+05   0.0000000e+00
   2.2782900e+05   1.0000121e-02
