   2.2433800e+02   3.0000042e-02
   2.5001000e+02   0.0000000e+00
   2.7862000e+02   1.9999568e-02
   3.1050300e+02   1.0000194e-02
   3.4603600e+02   9.9998809e-03
   3.8563400e+02   2.0000069e-02
   4.2976400e+02   2.0000080e-02
   4.7894400e+02   1.9999732e-02
   5.3375100e+02   4.0000315e-02
   5.9483100e+02   9.9999487e-03
   6.6290000e+02   3.0000110e-02
   7.3875900e+02   9.9999492e-03
   8.2329800e+02   2.0000031e-02
   9.1751200e+02   1.0000283e-02
   1.0225100e+03   3.9999986e-02
   1.1395200e+03   9.9999978e-03
   1.2699200e+03   2.9999570e-02
   1.4152400e+03   9.9998619e-03
   1.5771900e+03   1.0000265e-02
   1.7576800e+03   3.0000232e-02
   1.9588200e+03   3.9998895e-02
   2.1829700e+03   3.0000432e-02
   2.4327800e+03   4.9999401e-02
   2.7111700e+03   9.9999470e-03
   3.0214200e+03   2.0000280e-02
   3.3671800e+03   1.9999919e-02
   3.7525000e+03   1.0000118e-02
   4.1819200e+03   2.9999677e-02
   4.6604700e+03   2.0000033e-02
   5.1937900e+03   3.0000054e-02
   5.7881400e+03   1.9999894e-02
   6.4505000e+03   0.0000000e+00
   7.1886600e+03   0.0000000e+00
   8.0112900e+03   4.0000050e-02
   8.9280600e+03   1.9999999e-02
   9.9497400e+03   9.9997106e-03
   1.1088300e+04   2.0000148e-02
   1.2357200e+04   0.0000000e+00
   1.3771300e+04   9.9999207e-03
   1.5347200e+04   0.0000000e+00
   1.7103500e+04   9.9998632e-03
   1.9060700e+04   9.9999950e-03
   2.1241900e+04   2.9999961e-02
   2.3672700e+04   0.0000000e+00
   2.6381700e+04   2.0000181e-02
   2.9400700e+04   9.9998379e-03
   3.2765100e+04   0.0000000e+00
   3.6514600e+04   0.0000000e+00
   4.0693100e+04   0.0000000e+00
   4.5349800e+04   1.0000048e-02
   5.0539400e+04   0.0000000e+00
   5.6322800e+04   2.0000088e-02
   6.2768100e+04   0.0000000e+00
   6.9950900e+04   0.0000000e+00
   7.7955700e+04   0.0000000e+00
   8.6876500e+04   2.0000016e-02
   9.6818200e+04   0.0000000e+00
   1.0789800e+05   9.9998353e-03
   1.2024500e+05   2.9999690e-02
   1.3400500e+05   0.0000000e+00
   1.4934000e+05   0.0000000e+00
   1.6642900e+05   0.0000000e+00
   1.8547500e+05   0.0000000e+00
   2.0669900e+05   0.0000000e+00
   2.3035300e+05   0.0000000e+00
   2.5671300e+05   2.0000126e-02
   2.8609000e+05   0.0000000e+00
   3.1882800e+05   0.0000000e+00
   3.5531300e+05   9.9999611e-03
   3.9597300e+05   1.9999980e-02
   4.4128600e+05   0.0000000e+00
   4.9178500e+05   0.0000000e+00
   5.4806200e+05   0.0000000e+00
   6.1077900e+05   0.0000000e+00
   6.8067300e+05   0.0000000e+00
   7.5856600e+05   0.0000000e+00
   8.4537200e+05   0.0000000e+00
   9.4211200e+05   0.0000000e+00
   1.0499200e+06   0.0000000e+00
   1.1700700e+06   0.0000000e+00
   1.3039700e+06   0.0000000e+00
   1.4531800e+06   0.0000000e+00
   1.6194800e+06   0.0000000e+00
   1.8048000e+06   0.0000000e+00
   2.0113300e+06   0.0000000e+00
   2.2415000e+06   0.0000000e+00
   2.4980000e+06   0.0000000e+00
   2.7838600e+06   0.0000000e+00
   3.1024300e+06   0.0000000e+00
   3.4574600e+06   0.0000000e+00
   3.8531100e+06   1.0000028e-02
   4.2940400e+06   0.0000000e+00
   4.7854300e+06   0.0000000e+00
   5.3330400e+06   0.0000000e+00
   5.9433300e+06   0.0000000e+00
   6.6234500e+06   0.0000000e+00
   7.3814000e+06   0.0000000e+00
   8.2260900e+06   0.0000000e+00
   9.1674300e+06   9.9999975e-03
