   1.9584500e+02   9.9996051e-03
   2.0905000e+02   0.0000000e+00
   2.2314600e+02   9.9997070e-03
   2.3819200e+02   1.9999960e-02
   2.5425300e+02   1.0000027e-02
   2.7139700e+02   2.0000070e-02
   2.8969700e+02   1.0000060e-02
   3.0923100e+02   0.0000000e+00
   3.3008200e+02   1.0000003e-02
   3.5233900e+02   2.0000197e-02
   3.7609700e+02   2.0000240e-02
   4.0145700e+02   9.9997488e-03
   4.2852600e+02   0.0000000e+00
   4.5742100e+02   2.0000453e-02
   4.8826500e+02   1.9999998e-02
   5.2118800e+02   0.0000000e+00
   5.5633100e+02   9.9998364e-03
   5.9384300e+02   3.9999956e-02
   6.3388500e+02   0.0000000e+00
   6.7662700e+02   2.9999970e-02
   7.2225100e+02   0.0000000e+00
   7.7095200e+02   2.9999862e-02
   8.2293600e+02   4.0000410e-02
   8.7842600e+02   1.9999999e-02
   9.3765700e+02   9.9997290e-03
   1.0008800e+03   0.0000000e+00
   1.0683700e+03   3.0000554e-02
   1.1404100e+03   9.9991600e-03
   1.2173000e+03   0.0000000e+00
   1.2993900e+03   9.9993673e-03
   1.3870000e+03   3.0002086e-02
   1.4805300e+03   0.0000000e+00
   1.5803500e+03   3.0002439e-02
   1.6869200e+03   2.9998243e-02
   1.8006600e+03   4.0001212e-02
   1.9220800e+03   9.9997546e-03
   2.0516800e+03   9.9998516e-03
   2.1900200e+03   0.0000000e+00
   2.3376900e+03   0.0000000e+00
   2.4953200e+03   0.0000000e+00
   2.6635800e+03   1.9999897e-02
   2.8431800e+03   0.0000000e+00
   3.0348900e+03   2.0000143e-02
   3.2395300e+03   1.0000140e-02
   3.4579700e+03   2.9999298e-02
   3.6911300e+03   1.0000077e-02
   3.9400200e+03   4.0000072e-02
   4.2056900e+03   2.0000412e-02
   4.4892800e+03   0.0000000e+00
   4.7919800e+03   3.0000303e-02
   5.1151000e+03   1.9999751e-02
   5.4600000e+03   2.9999959e-02
   5.8281600e+03   2.0000244e-02
   6.2211500e+03   0.0000000e+00
   6.6406300e+03   0.0000000e+00
   7.0884000e+03   0.0000000e+00
   7.5663600e+03   0.0000000e+00
   8.0765500e+03   0.0000000e+00
   8.6211400e+03   0.0000000e+00
   9.2024500e+03   1.0000015e-02
   9.8229600e+03   2.9999631e-02
   1.0485300e+04   9.9998787e-03
   1.1192300e+04   0.0000000e+00
   1.1947000e+04   0.0000000e+00
   1.2752600e+04   0.0000000e+00
   1.3612500e+04   0.0000000e+00
   1.4530300e+04   0.0000000e+00
   1.5510100e+04   9.9997723e-03
   1.6555900e+04   0.0000000e+00
   1.7672300e+04   9.9998595e-03
   1.8863900e+04   9.9994870e-03
   2.0135800e+04   1.0000496e-02
   2.1493600e+04   0.0000000e+00
   2.2942900e+04   0.0000000e+00
   2.4489900e+04   0.0000000e+00
   2.6141200e+04   1.9999341e-02
   2.7903800e+04   0.0000000e+00
   2.9785400e+04   0.0000000e+00
   3.1793700e+04   0.0000000e+00
   3.3937600e+04   0.0000000e+00
   3.6225900e+04   0.0000000e+00
   3.8668600e+04   1.0000109e-02
   4.1276000e+04   9.9997061e-03
   4.4059100e+04   0.0000000e+00
   4.7030000e+04   9.9997785e-03
   5.0201100e+04   0.0000000e+00
   5.3586100e+04   0.0000000e+00
   5.7199400e+04   0.0000000e+00
   6.1056300e+04   0.0000000e+00
   6.5173200e+04   0.0000000e+00
   6.9567700e+04   0.0000000e+00
   7.4258600e+04   1.0000079e-02
   7.9265800e+04   0.0000000e+00
   8.4610500e+04   0.0000000e+00
   9.0315700e+04   0.0000000e+00
   9.6405600e+04   9.9998253e-03
   1.0290600e+05   1.0000279e-02
   1.0984500e+05   1.0000413e-02
   1.1725200e+05   0.0000000e+00
