   2.7468500e+02   1.9999995e-02
   2.9420900e+02   1.0000160e-02
   3.1512100e+02   9.9999903e-03
   3.3751900e+02   9.9999916e-03
   3.6150900e+02   1.9999857e-02
   3.8720400e+02   0.0000000e+00
   4.1472500e+02   1.0000117e-02
   4.4420300e+02   3.0000096e-02
   4.7577600e+02   9.9999913e-03
   5.0959300e+02   0.0000000e+00
   5.4581400e+02   9.9999544e-03
   5.8460900e+02   9.9998628e-03
   6.2616100e+02   1.9999973e-02
   6.7066700e+02   5.0000586e-02
   7.1833700e+02   4.0000267e-02
   7.6939500e+02   9.9998820e-03
   8.2408100e+02   1.0000046e-02
   8.8265500e+02   3.9999982e-02
   9.4539200e+02   3.0000816e-02
   1.0125900e+03   3.9998695e-02
   1.0845600e+03   0.0000000e+00
   1.1616500e+03   2.0000683e-02
   1.2442200e+03   9.9993107e-03
   1.3326500e+03   1.9999654e-02
   1.4273700e+03   3.0001722e-02
   1.5288300e+03   1.9998982e-02
   1.6374900e+03   2.0000108e-02
   1.7538800e+03   2.9999554e-02
   1.8785400e+03   3.0001654e-02
   2.0120700e+03   0.0000000e+00
   2.1550800e+03   2.0000253e-02
   2.3082600e+03   0.0000000e+00
   2.4723200e+03   1.0000179e-02
   2.6480500e+03   1.0000147e-02
   2.8362700e+03   2.9999213e-02
   3.0378600e+03   2.0000559e-02
   3.2537900e+03   9.9999298e-03
   3.4850600e+03   1.0000028e-02
   3.7327700e+03   1.9999545e-02
   3.9980800e+03   1.0000209e-02
   4.2822600e+03   4.9999469e-02
   4.5866300e+03   0.0000000e+00
   4.9126400e+03   0.0000000e+00
   5.2618200e+03   9.9998194e-03
   5.6358100e+03   9.9999990e-03
   6.0363900e+03   0.0000000e+00
   6.4654500e+03   9.9998202e-03
   6.9249900e+03   1.0000138e-02
   7.4172100e+03   1.9999743e-02
   7.9444000e+03   0.0000000e+00
   8.5090700e+03   1.0000110e-02
   9.1138800e+03   9.9999342e-03
   9.7616700e+03   0.0000000e+00
   1.0455500e+04   0.0000000e+00
   1.1198700e+04   1.9998102e-02
   1.1994600e+04   0.0000000e+00
   1.2847200e+04   1.9998990e-02
   1.3760300e+04   1.0000486e-02
   1.4738400e+04   0.0000000e+00
   1.5785900e+04   1.0000649e-02
   1.6908000e+04   0.0000000e+00
   1.8109800e+04   1.0000012e-02
   1.9397000e+04   0.0000000e+00
   2.0775600e+04   0.0000000e+00
   2.2252300e+04   1.0000362e-02
   2.3834000e+04   1.9999195e-02
   2.5528000e+04   0.0000000e+00
   2.7342500e+04   9.9997841e-03
   2.9285900e+04   0.0000000e+00
   3.1367500e+04   9.9998649e-03
   3.3597000e+04   0.0000000e+00
   3.5985000e+04   1.0000256e-02
   3.8542800e+04   1.9999802e-02
   4.1282300e+04   0.0000000e+00
   4.4216600e+04   9.9999810e-03
   4.7359400e+04   0.0000000e+00
   5.0725600e+04   0.0000000e+00
   5.4331000e+04   0.0000000e+00
   5.8192700e+04   0.0000000e+00
   6.2328900e+04   0.0000000e+00
   6.6759100e+04   0.0000000e+00
   7.1504200e+04   0.0000000e+00
   7.6586500e+04   0.0000000e+00
   8.2030100e+04   0.0000000e+00
   8.7860600e+04   0.0000000e+00
   9.4105600e+04   0.0000000e+00
   1.0079400e+05   0.0000000e+00
   1.0795900e+05   0.0000000e+00
   1.1563200e+05   0.0000000e+00
   1.2385100e+05   0.0000000e+00
   1.3265400e+05   0.0000000e+00
   1.4208300e+05   0.0000000e+00
   1.5218200e+05   0.0000000e+00
   1.6299800e+05   0.0000000e+00
   1.7458400e+05   0.0000000e+00
   1.8699300e+05   0.0000000e+00
   2.0028400e+05   0.0000000e+00
   2.1451900e+05   0.0000000e+00
   2.2976700e+05   9.9998306e-03
