   1.9520000e+02   1.0000329e-02
   2.0668700e+02   0.0000000e+00
   2.1884900e+02   0.0000000e+00
   2.3172800e+02   0.0000000e+00
   2.4536400e+02   9.9996433e-03
   2.5980200e+02   0.0000000e+00
   2.7509000e+02   0.0000000e+00
   2.9127800e+02   0.0000000e+00
   3.0841900e+02   1.0000008e-02
   3.2656800e+02   1.0000008e-02
   3.4578500e+02   9.9996145e-03
   3.6613200e+02   2.0000764e-02
   3.8767800e+02   0.0000000e+00
   4.1049100e+02   1.9999640e-02
   4.3464600e+02   1.0000044e-02
   4.6022300e+02   2.0000030e-02
   4.8730500e+02   1.9999579e-02
   5.1598000e+02   2.9999980e-02
   5.4634300e+02   2.0000161e-02
   5.7849300e+02   2.0000220e-02
   6.1253500e+02   1.0000036e-02
   6.4858000e+02   2.0000053e-02
   6.8674600e+02   2.9999429e-02
   7.2715700e+02   2.0000089e-02
   7.6994700e+02   4.0000213e-02
   8.1525500e+02   1.0000036e-02
   8.6322900e+02   0.0000000e+00
   9.1402600e+02   4.9999896e-02
   9.6781200e+02   0.0000000e+00
   1.0247600e+03   2.0002475e-02
   1.0850700e+03   1.9999672e-02
   1.1489200e+03   0.0000000e+00
   1.2165200e+03   1.0000479e-02
   1.2881100e+03   3.0000276e-02
   1.3639100e+03   9.9999947e-03
   1.4441700e+03   0.0000000e+00
   1.5291500e+03   0.0000000e+00
   1.6191400e+03   2.0000320e-02
   1.7144200e+03   2.9998383e-02
   1.8153000e+03   1.9999588e-02
   1.9221200e+03   2.0000336e-02
   2.0352300e+03   9.9996846e-03
   2.1549900e+03   1.0000683e-02
   2.2818100e+03   9.9997314e-03
   2.4160800e+03   1.9999338e-02
   2.5582500e+03   1.0000570e-02
   2.7088000e+03   1.0000007e-02
   2.8682000e+03   1.0000012e-02
   3.0369800e+03   1.9999794e-02
   3.2156900e+03   1.0000105e-02
   3.4049200e+03   0.0000000e+00
   3.6052800e+03   1.9999635e-02
   3.8174300e+03   0.0000000e+00
   4.0420700e+03   2.0000244e-02
   4.2799300e+03   9.9998554e-03
   4.5317800e+03   0.0000000e+00
   4.7984600e+03   0.0000000e+00
   5.0808200e+03   0.0000000e+00
   5.3798100e+03   0.0000000e+00
   5.6963800e+03   2.0000271e-02
   6.0315900e+03   0.0000000e+00
   6.3865200e+03   9.9998155e-03
   6.7623300e+03   3.0000617e-02
   7.1602700e+03   0.0000000e+00
   7.5816100e+03   1.0000185e-02
   8.0277600e+03   0.0000000e+00
   8.5001500e+03   1.0000098e-02
   9.0003500e+03   1.0000050e-02
   9.5299800e+03   1.0000430e-02
   1.0090800e+04   0.0000000e+00
   1.0684600e+04   9.9994106e-03
   1.1313300e+04   9.9994797e-03
   1.1979000e+04   0.0000000e+00
   1.2683900e+04   0.0000000e+00
   1.3430300e+04   9.9998240e-03
   1.4220600e+04   0.0000000e+00
   1.5057500e+04   0.0000000e+00
   1.5943500e+04   0.0000000e+00
   1.6881700e+04   9.9998624e-03
   1.7875100e+04   0.0000000e+00
   1.8927000e+04   4.0001236e-02
   2.0040800e+04   0.0000000e+00
   2.1220100e+04   9.9999767e-03
   2.2468800e+04   0.0000000e+00
   2.3791000e+04   2.0000120e-02
   2.5191000e+04   0.0000000e+00
   2.6673300e+04   1.0000000e-02
   2.8242900e+04   0.0000000e+00
   2.9904900e+04   0.0000000e+00
   3.1664700e+04   1.9999731e-02
   3.3528000e+04   0.0000000e+00
   3.5500900e+04   1.0000167e-02
   3.7590000e+04   1.0000032e-02
   3.9802000e+04   0.0000000e+00
   4.2144200e+04   0.0000000e+00
   4.4624100e+04   0.0000000e+00
   4.7250100e+04   0.0000000e+00
   5.0030500e+04   0.0000000e+00
   5.2974600e+04   0.0000000e+00
