   1.2167400e+02   1.0000794e-02
   1.3315100e+02   0.0000000e+00
   1.4570900e+02   1.0000011e-02
   1.5945200e+02   0.0000000e+00
   1.7449100e+02   0.0000000e+00
   1.9094900e+02   2.0000105e-02
   2.0895900e+02   9.9997012e-03
   2.2866700e+02   0.0000000e+00
   2.5023500e+02   2.0000288e-02
   2.7383700e+02   0.0000000e+00
   2.9966400e+02   3.0000258e-02
   3.2792800e+02   1.0000164e-02
   3.5885800e+02   9.9998007e-03
   3.9270400e+02   0.0000000e+00
   4.2974300e+02   1.0000099e-02
   4.7027600e+02   0.0000000e+00
   5.1463100e+02   1.0000005e-02
   5.6317000e+02   9.9999658e-03
   6.1628700e+02   9.9999947e-03
   6.7441400e+02   3.0000257e-02
   7.3802400e+02   1.9999988e-02
   8.0763300e+02   2.9999911e-02
   8.8380700e+02   6.0000058e-02
   9.6716600e+02   0.0000000e+00
   1.0583900e+03   9.9994685e-03
   1.1582100e+03   0.0000000e+00
   1.2674500e+03   0.0000000e+00
   1.3870000e+03   2.9998003e-02
   1.5178100e+03   1.0000184e-02
   1.6609700e+03   1.0000031e-02
   1.8176300e+03   7.0001866e-02
   1.9890700e+03   1.9999473e-02
   2.1766700e+03   3.0000078e-02
   2.3819700e+03   3.9999590e-02
   2.6066300e+03   1.0000306e-02
   2.8524900e+03   9.9999747e-03
   3.1215300e+03   9.9997829e-03
   3.4159400e+03   3.0000464e-02
   3.7381300e+03   9.9999077e-03
   4.0907000e+03   4.0000154e-02
   4.4765300e+03   3.0000209e-02
   4.8987500e+03   4.0000004e-02
   5.3607900e+03   9.9998535e-03
   5.8664000e+03   2.0000109e-02
   6.4197100e+03   1.0000075e-02
   7.0252100e+03   0.0000000e+00
   7.6878100e+03   1.9999998e-02
   8.4129100e+03   3.0000032e-02
   9.2064000e+03   0.0000000e+00
   1.0074700e+04   0.0000000e+00
   1.1025000e+04   9.9995070e-03
   1.2064800e+04   0.0000000e+00
   1.3202700e+04   3.0001020e-02
   1.4448000e+04   9.9999559e-03
   1.5810700e+04   9.9997784e-03
   1.7301900e+04   1.0000104e-02
   1.8933800e+04   9.9999978e-03
   2.0719600e+04   2.9999510e-02
   2.2673800e+04   1.0000222e-02
   2.4812400e+04   0.0000000e+00
   2.7152600e+04   0.0000000e+00
   2.9713600e+04   2.0000503e-02
   3.2516200e+04   0.0000000e+00
   3.5583000e+04   0.0000000e+00
   3.8939100e+04   1.0000101e-02
   4.2611800e+04   1.0000083e-02
   4.6630900e+04   9.9999160e-03
   5.1029000e+04   0.0000000e+00
   5.5841900e+04   0.0000000e+00
   6.1108800e+04   0.0000000e+00
   6.6872500e+04   0.0000000e+00
   7.3179800e+04   0.0000000e+00
   8.0082000e+04   0.0000000e+00
   8.7635100e+04   2.0000107e-02
   9.5900700e+04   0.0000000e+00
   1.0494600e+05   0.0000000e+00
   1.1484400e+05   0.0000000e+00
   1.2567600e+05   0.0000000e+00
   1.3753000e+05   0.0000000e+00
   1.5050100e+05   0.0000000e+00
   1.6469600e+05   0.0000000e+00
   1.8023000e+05   0.0000000e+00
   1.9722900e+05   0.0000000e+00
   2.1583100e+05   0.0000000e+00
   2.3618800e+05   9.9996518e-03
   2.5846400e+05   0.0000000e+00
   2.8284200e+05   0.0000000e+00
   3.0951900e+05   0.0000000e+00
   3.3871300e+05   0.0000000e+00
   3.7065900e+05   0.0000000e+00
   4.0561900e+05   0.0000000e+00
   4.4387600e+05   0.0000000e+00
   4.8574200e+05   0.0000000e+00
   5.3155600e+05   0.0000000e+00
   5.8169200e+05   0.0000000e+00
   6.3655500e+05   0.0000000e+00
   6.9659400e+05   0.0000000e+00
   7.6229600e+05   0.0000000e+00
   8.3419400e+05   0.0000000e+00
