   1.6979900e+02   1.9999586e-02
   1.8362500e+02   0.0000000e+00
   1.9857700e+02   1.0000256e-02
   2.1474700e+02   0.0000000e+00
   2.3223300e+02   0.0000000e+00
   2.5114300e+02   1.0000050e-02
   2.7159300e+02   0.0000000e+00
   2.9370800e+02   1.0000069e-02
   3.1762400e+02   0.0000000e+00
   3.4348700e+02   9.9999244e-03
   3.7145600e+02   0.0000000e+00
   4.0170300e+02   1.0000134e-02
   4.3441300e+02   2.0000000e-02
   4.6978600e+02   3.9999632e-02
   5.0803900e+02   2.9999867e-02
   5.4940700e+02   3.0000230e-02
   5.9414400e+02   9.9998909e-03
   6.4252300e+02   4.0000073e-02
   6.9484200e+02   9.9999988e-03
   7.5142100e+02   5.9999848e-02
   8.1260700e+02   3.0000297e-02
   8.7877600e+02   9.9999510e-03
   9.5033200e+02   2.9998135e-02
   1.0277100e+03   2.0001408e-02
   1.1114000e+03   2.0000409e-02
   1.2019000e+03   9.9992369e-03
   1.2997600e+03   1.0000366e-02
   1.4056000e+03   1.9999336e-02
   1.5200500e+03   0.0000000e+00
   1.6438300e+03   1.9999599e-02
   1.7776800e+03   2.9999727e-02
   1.9224300e+03   1.0000104e-02
   2.0789700e+03   4.9998541e-02
   2.2482500e+03   1.0000052e-02
   2.4313200e+03   2.0000336e-02
   2.6293000e+03   2.0000323e-02
   2.8434000e+03   2.0000024e-02
   3.0749300e+03   2.9999780e-02
   3.3253100e+03   9.9999693e-03
   3.5960800e+03   1.0000037e-02
   3.8889000e+03   9.9999328e-03
   4.2055600e+03   2.0000176e-02
   4.5480100e+03   0.0000000e+00
   4.9183400e+03   0.0000000e+00
   5.3188300e+03   9.9998316e-03
   5.7519200e+03   4.0000578e-02
   6.2202900e+03   1.9999963e-02
   6.7267900e+03   9.9999249e-03
   7.2745300e+03   0.0000000e+00
   7.8668700e+03   1.0000030e-02
   8.5074500e+03   1.0000048e-02
   9.2001900e+03   0.0000000e+00
   9.9493400e+03   1.0000129e-02
   1.0759500e+04   0.0000000e+00
   1.1635600e+04   2.0000967e-02
   1.2583100e+04   1.9999987e-02
   1.3607700e+04   1.9999400e-02
   1.4715700e+04   1.9999036e-02
   1.5913900e+04   1.0000551e-02
   1.7209800e+04   0.0000000e+00
   1.8611100e+04   0.0000000e+00
   2.0126600e+04   0.0000000e+00
   2.1765400e+04   2.0000051e-02
   2.3537700e+04   9.9999372e-03
   2.5454300e+04   0.0000000e+00
   2.7527000e+04   0.0000000e+00
   2.9768400e+04   0.0000000e+00
   3.2192400e+04   0.0000000e+00
   3.4813700e+04   0.0000000e+00
   3.7648500e+04   9.9999565e-03
   4.0714100e+04   0.0000000e+00
   4.4029400e+04   0.0000000e+00
   4.7614600e+04   9.9999326e-03
   5.1491700e+04   0.0000000e+00
   5.5684500e+04   0.0000000e+00
   6.0218800e+04   0.0000000e+00
   6.5122200e+04   0.0000000e+00
   7.0424900e+04   0.0000000e+00
   7.6159400e+04   0.0000000e+00
   8.2360900e+04   0.0000000e+00
   8.9067300e+04   0.0000000e+00
   9.6319800e+04   1.0000158e-02
   1.0416300e+05   0.0000000e+00
   1.1264500e+05   0.0000000e+00
   1.2181700e+05   0.0000000e+00
   1.3173600e+05   0.0000000e+00
   1.4246300e+05   0.0000000e+00
   1.5406300e+05   0.0000000e+00
   1.6660800e+05   0.0000000e+00
   1.8017500e+05   0.0000000e+00
   1.9484600e+05   0.0000000e+00
   2.1071200e+05   9.9996143e-03
   2.2786900e+05   0.0000000e+00
   2.4642400e+05   0.0000000e+00
   2.6649000e+05   0.0000000e+00
   2.8818900e+05   0.0000000e+00
   3.1165600e+05   0.0000000e+00
   3.3703300e+05   0.0000000e+00
   3.6447700e+05   9.9998834e-03
