   1.6988300e+02   1.9999440e-02
   1.8581500e+02   2.0000445e-02
   2.0324200e+02   0.0000000e+00
   2.2230300e+02   2.0000321e-02
   2.4315200e+02   2.9998715e-02
   2.6595500e+02   1.0000148e-02
   2.9089800e+02   1.0000053e-02
   3.1818000e+02   4.9999307e-02
   3.4802000e+02   2.0000552e-02
   3.8066000e+02   3.9999708e-02
   4.1636000e+02   1.9999839e-02
   4.5540800e+02   3.9999623e-02
   4.9811800e+02   9.9999802e-03
   5.4483400e+02   2.0000268e-02
   5.9593200e+02   1.9999823e-02
   6.5182100e+02   4.9999962e-02
   7.1295200e+02   2.9999938e-02
   7.7981600e+02   6.9999922e-02
   8.5295100e+02   2.0000020e-02
   9.3294500e+02   9.9998910e-03
   1.0204400e+03   1.9999577e-02
   1.1161400e+03   2.0000475e-02
   1.2208200e+03   1.0000464e-02
   1.3353200e+03   2.9999347e-02
   1.4605500e+03   1.0000184e-02
   1.5975300e+03   9.9997359e-03
   1.7473500e+03   2.0000571e-02
   1.9112300e+03   1.9999599e-02
   2.0904700e+03   9.9997655e-03
   2.2865200e+03   2.0000786e-02
   2.5009700e+03   9.9998751e-03
   2.7355200e+03   1.9999945e-02
   2.9920700e+03   3.0000015e-02
   3.2726800e+03   1.0000056e-02
   3.5796100e+03   3.9999511e-02
   3.9153200e+03   0.0000000e+00
   4.2825200e+03   0.0000000e+00
   4.6841600e+03   2.9999753e-02
   5.1234600e+03   0.0000000e+00
   5.6039600e+03   4.0000187e-02
   6.1295300e+03   1.0000035e-02
   6.7043900e+03   0.0000000e+00
   7.3331600e+03   1.9999961e-02
   8.0209000e+03   0.0000000e+00
   8.7731400e+03   1.0000025e-02
   9.5959300e+03   0.0000000e+00
   1.0495900e+04   9.9994053e-03
   1.1480200e+04   0.0000000e+00
   1.2556900e+04   0.0000000e+00
   1.3734600e+04   1.0000036e-02
   1.5022700e+04   2.0000040e-02
   1.6431600e+04   0.0000000e+00
   1.7972600e+04   0.0000000e+00
   1.9658100e+04   0.0000000e+00
   2.1501800e+04   0.0000000e+00
   2.3518300e+04   0.0000000e+00
   2.5724000e+04   0.0000000e+00
   2.8136500e+04   0.0000000e+00
   3.0775300e+04   0.0000000e+00
   3.3661600e+04   0.0000000e+00
   3.6818500e+04   0.0000000e+00
   4.0271500e+04   1.0000098e-02
   4.4048400e+04   0.0000000e+00
   4.8179500e+04   0.0000000e+00
   5.2698000e+04   0.0000000e+00
   5.7640300e+04   0.0000000e+00
   6.3046100e+04   9.9998539e-03
   6.8958800e+04   9.9999980e-03
   7.5426100e+04   0.0000000e+00
   8.2500000e+04   0.0000000e+00
   9.0237200e+04   1.0000017e-02
   9.8700100e+04   0.0000000e+00
   1.0795700e+05   0.0000000e+00
   1.1808100e+05   0.0000000e+00
   1.2915600e+05   1.0000105e-02
   1.4126900e+05   0.0000000e+00
   1.5451700e+05   0.0000000e+00
   1.6900900e+05   0.0000000e+00
   1.8485900e+05   0.0000000e+00
   2.0219600e+05   0.0000000e+00
   2.2115900e+05   0.0000000e+00
   2.4190100e+05   0.0000000e+00
   2.6458700e+05   0.0000000e+00
   2.8940200e+05   0.0000000e+00
   3.1654300e+05   0.0000000e+00
   3.4623000e+05   0.0000000e+00
   3.7870200e+05   0.0000000e+00
   4.1421800e+05   0.0000000e+00
   4.5306500e+05   0.0000000e+00
   4.9555600e+05   0.0000000e+00
   5.4203200e+05   0.0000000e+00
   5.9286600e+05   0.0000000e+00
   6.4846800e+05   0.0000000e+00
   7.0928500e+05   0.0000000e+00
   7.7580500e+05   0.0000000e+00
   8.4856400e+05   0.0000000e+00
   9.2814700e+05   0.0000000e+00
   1.0151900e+06   0.0000000e+00
   1.1104000e+06   1.0000085e-02
