   1.2515800e+02   9.9998166e-03
   1.3468100e+02   0.0000000e+00
   1.4492900e+02   0.0000000e+00
   1.5595700e+02   9.9994545e-03
   1.6782300e+02   0.0000000e+00
   1.8059300e+02   1.9999751e-02
   1.9433400e+02   1.0000167e-02
   2.0912100e+02   1.0000071e-02
   2.2503300e+02   2.9998943e-02
   2.4215500e+02   0.0000000e+00
   2.6058100e+02   9.9997871e-03
   2.8040800e+02   1.9999918e-02
   3.0174400e+02   3.0000684e-02
   3.2470400e+02   0.0000000e+00
   3.4941000e+02   3.0000771e-02
   3.7599700e+02   3.9999387e-02
   4.0460600e+02   2.9999756e-02
   4.3539200e+02   2.0000143e-02
   4.6852100e+02   4.0000726e-02
   5.0417100e+02   4.0000057e-02
   5.4253300e+02   3.0000017e-02
   5.8381400e+02   9.9999697e-03
   6.2823600e+02   4.9999936e-02
   6.7603800e+02   2.9999791e-02
   7.2747700e+02   3.9999794e-02
   7.8283000e+02   4.0000594e-02
   8.4239600e+02   0.0000000e+00
   9.0649300e+02   0.0000000e+00
   9.7546800e+02   3.9999572e-02
   1.0496900e+03   9.9999636e-03
   1.1295600e+03   2.0000565e-02
   1.2155100e+03   1.0000296e-02
   1.3080000e+03   9.9995706e-03
   1.4075200e+03   3.0000745e-02
   1.5146200e+03   1.9998865e-02
   1.6298600e+03   4.0001535e-02
   1.7538800e+03   0.0000000e+00
   1.8873300e+03   0.0000000e+00
   2.0309400e+03   0.0000000e+00
   2.1854700e+03   1.9999865e-02
   2.3517600e+03   1.9999587e-02
   2.5307000e+03   0.0000000e+00
   2.7232600e+03   2.0000812e-02
   2.9304800e+03   1.9999250e-02
   3.1534500e+03   0.0000000e+00
   3.3934000e+03   9.9999311e-03
   3.6516000e+03   2.0000115e-02
   3.9294500e+03   0.0000000e+00
   4.2284400e+03   1.0000001e-02
   4.5501800e+03   1.9999987e-02
   4.8964000e+03   0.0000000e+00
   5.2689600e+03   0.0000000e+00
   5.6698800e+03   0.0000000e+00
   6.1012900e+03   1.0000131e-02
   6.5655400e+03   0.0000000e+00
   7.0651000e+03   1.0000009e-02
   7.6026800e+03   0.0000000e+00
   8.1811700e+03   0.0000000e+00
   8.8036700e+03   9.9999380e-03
   9.4735300e+03   0.0000000e+00
   1.0194400e+04   0.0000000e+00
   1.0970100e+04   9.9999564e-03
   1.1804800e+04   0.0000000e+00
   1.2703000e+04   0.0000000e+00
   1.3669500e+04   0.0000000e+00
   1.4709600e+04   1.0000464e-02
   1.5828900e+04   0.0000000e+00
   1.7033300e+04   0.0000000e+00
   1.8329400e+04   0.0000000e+00
   1.9724000e+04   0.0000000e+00
   2.1224800e+04   0.0000000e+00
   2.2839800e+04   0.0000000e+00
   2.4577700e+04   1.0000004e-02
   2.6447800e+04   0.0000000e+00
   2.8460200e+04   0.0000000e+00
   3.0625700e+04   1.0000040e-02
   3.2956000e+04   0.0000000e+00
   3.5463600e+04   0.0000000e+00
   3.8162000e+04   9.9999072e-03
   4.1065700e+04   1.0000102e-02
   4.4190400e+04   0.0000000e+00
   4.7552800e+04   1.0000113e-02
   5.1171100e+04   0.0000000e+00
   5.5064600e+04   0.0000000e+00
   5.9254500e+04   0.0000000e+00
   6.3763100e+04   0.0000000e+00
   6.8614800e+04   0.0000000e+00
   7.3835700e+04   0.0000000e+00
   7.9453800e+04   0.0000000e+00
   8.5499400e+04   0.0000000e+00
   9.2005000e+04   0.0000000e+00
   9.9005600e+04   1.0000136e-02
   1.0653900e+05   0.0000000e+00
   1.1464500e+05   1.0000845e-02
   1.2336900e+05   0.0000000e+00
   1.3275600e+05   0.0000000e+00
   1.4285700e+05   0.0000000e+00
   1.5372700e+05   0.0000000e+00
   1.6542400e+05   0.0000000e+00
