   1.6622200e+02   9.9996571e-03
   1.7839300e+02   0.0000000e+00
   1.9145600e+02   9.9998929e-03
   2.0547500e+02   1.0000204e-02
   2.2052100e+02   9.9997564e-03
   2.3666800e+02   1.0000138e-02
   2.5399800e+02   1.0000143e-02
   2.7259700e+02   1.9999321e-02
   2.9255700e+02   9.9999181e-03
   3.1397900e+02   0.0000000e+00
   3.3697000e+02   0.0000000e+00
   3.6164500e+02   1.9999987e-02
   3.8812600e+02   2.9999868e-02
   4.1654600e+02   1.9999933e-02
   4.4704700e+02   4.9999221e-02
   4.7978100e+02   2.0000331e-02
   5.1491300e+02   0.0000000e+00
   5.5261700e+02   1.9999656e-02
   5.9308100e+02   2.0000114e-02
   6.3650900e+02   2.0000145e-02
   6.8311700e+02   0.0000000e+00
   7.3313700e+02   0.0000000e+00
   7.8682000e+02   0.0000000e+00
   8.4443400e+02   4.0000139e-02
   9.0626700e+02   0.0000000e+00
   9.7262700e+02   0.0000000e+00
   1.0438500e+03   0.0000000e+00
   1.1202800e+03   1.9999652e-02
   1.2023100e+03   2.0000487e-02
   1.2903500e+03   3.0001709e-02
   1.3848400e+03   2.9999089e-02
   1.4862400e+03   1.0000171e-02
   1.5950700e+03   2.9998212e-02
   1.7118600e+03   1.0000059e-02
   1.8372100e+03   0.0000000e+00
   1.9717400e+03   1.0000105e-02
   2.1161200e+03   0.0000000e+00
   2.2710700e+03   2.0000402e-02
   2.4373700e+03   1.9999527e-02
   2.6158400e+03   1.9999841e-02
   2.8073800e+03   2.0000255e-02
   3.0129500e+03   9.9999986e-03
   3.2335700e+03   0.0000000e+00
   3.4703400e+03   2.0000616e-02
   3.7244600e+03   9.9996757e-03
   3.9971700e+03   2.0000093e-02
   4.2898600e+03   9.9999788e-03
   4.6039800e+03   0.0000000e+00
   4.9411100e+03   1.9999617e-02
   5.3029100e+03   1.0000006e-02
   5.6912100e+03   3.0000529e-02
   6.1079500e+03   9.9998392e-03
   6.5551900e+03   0.0000000e+00
   7.0351900e+03   1.9999847e-02
   7.5503300e+03   3.0000274e-02
   8.1032000e+03   0.0000000e+00
   8.6965500e+03   9.9998954e-03
   9.3333400e+03   2.0001047e-02
   1.0016800e+04   9.9991023e-03
   1.0750200e+04   0.0000000e+00
   1.1537400e+04   1.9999711e-02
   1.2382200e+04   1.0000266e-02
   1.3288900e+04   1.0000354e-02
   1.4262000e+04   9.9998513e-03
   1.5306300e+04   1.0000136e-02
   1.6427100e+04   0.0000000e+00
   1.7629900e+04   0.0000000e+00
   1.8920800e+04   4.0001186e-02
   2.0306300e+04   0.0000000e+00
   2.1793200e+04   2.0000161e-02
   2.3389000e+04   0.0000000e+00
   2.5101600e+04   0.0000000e+00
   2.6939700e+04   0.0000000e+00
   2.8912300e+04   2.0000286e-02
   3.1029400e+04   9.9995946e-03
   3.3301400e+04   0.0000000e+00
   3.5739900e+04   0.0000000e+00
   3.8356900e+04   0.0000000e+00
   4.1165600e+04   0.0000000e+00
   4.4179900e+04   9.9999350e-03
   4.7414900e+04   0.0000000e+00
   5.0886800e+04   0.0000000e+00
   5.4612900e+04   0.0000000e+00
   5.8611900e+04   0.0000000e+00
   6.2903700e+04   0.0000000e+00
   6.7509700e+04   0.0000000e+00
   7.2453100e+04   0.0000000e+00
   7.7758300e+04   0.0000000e+00
   8.3452100e+04   0.0000000e+00
   8.9562800e+04   0.0000000e+00
   9.6120900e+04   0.0000000e+00
   1.0315900e+05   0.0000000e+00
   1.1071300e+05   1.0000228e-02
   1.1882000e+05   0.0000000e+00
   1.2752000e+05   1.0000531e-02
   1.3685800e+05   9.9997354e-03
   1.4687900e+05   0.0000000e+00
   1.5763400e+05   0.0000000e+00
   1.6917700e+05   0.0000000e+00
