   1.3193500e+02   1.9999611e-02
   1.4772400e+02   2.0000253e-02
   1.6540300e+02   2.0000472e-02
   1.8519800e+02   3.9999118e-02
   2.0736100e+02   2.0000108e-02
   2.3217700e+02   2.0000224e-02
   2.5996300e+02   4.0000035e-02
   2.9107400e+02   4.9999679e-02
   3.2590800e+02   1.0000018e-02
   3.6491100e+02   2.9999631e-02
   4.0858100e+02   6.0000042e-02
   4.5747800e+02   3.0000262e-02
   5.1222700e+02   0.0000000e+00
   5.7352700e+02   1.0000068e-02
   6.4216400e+02   0.0000000e+00
   7.1901500e+02   1.9999818e-02
   8.0506200e+02   1.0000040e-02
   9.0140800e+02   1.9999361e-02
   1.0092800e+03   2.0000771e-02
   1.1300700e+03   2.9999883e-02
   1.2653100e+03   2.0000572e-02
   1.4167400e+03   2.9998747e-02
   1.5862800e+03   7.0000842e-02
   1.7761200e+03   5.0000701e-02
   1.9886800e+03   0.0000000e+00
   2.2266700e+03   3.0000318e-02
   2.4931500e+03   9.9997741e-03
   2.7915100e+03   0.0000000e+00
   3.1255900e+03   1.9999818e-02
   3.4996400e+03   2.0000079e-02
   3.9184600e+03   0.0000000e+00
   4.3874000e+03   2.0000008e-02
   4.9124600e+03   3.0000184e-02
   5.5003600e+03   0.0000000e+00
   6.1586100e+03   2.9999995e-02
   6.8956400e+03   9.9999721e-03
   7.7208700e+03   2.0000165e-02
   8.6448700e+03   9.9999881e-03
   9.6794400e+03   1.9999549e-02
   1.0837800e+04   1.9999870e-02
   1.2134800e+04   0.0000000e+00
   1.3587100e+04   0.0000000e+00
   1.5213100e+04   0.0000000e+00
   1.7033700e+04   0.0000000e+00
   1.9072200e+04   1.0000180e-02
   2.1354700e+04   0.0000000e+00
   2.3910300e+04   0.0000000e+00
   2.6771700e+04   0.0000000e+00
   2.9975600e+04   0.0000000e+00
   3.3563000e+04   0.0000000e+00
   3.7579600e+04   9.9999264e-03
   4.2076900e+04   1.0000097e-02
   4.7112500e+04   2.9999654e-02
   5.2750600e+04   0.0000000e+00
   5.9063600e+04   1.0000019e-02
   6.6132000e+04   9.9999555e-03
   7.4046300e+04   0.0000000e+00
   8.2907800e+04   0.0000000e+00
   9.2829700e+04   9.9999475e-03
   1.0393900e+05   0.0000000e+00
   1.1637800e+05   0.0000000e+00
   1.3030500e+05   0.0000000e+00
   1.4590000e+05   0.0000000e+00
   1.6336000e+05   0.0000000e+00
   1.8291000e+05   0.0000000e+00
   2.0480000e+05   9.9998436e-03
   2.2930900e+05   0.0000000e+00
   2.5675200e+05   0.0000000e+00
   2.8747900e+05   0.0000000e+00
   3.2188200e+05   0.0000000e+00
   3.6040400e+05   9.9999655e-03
   4.0353500e+05   0.0000000e+00
   4.5182800e+05   0.0000000e+00
   5.0590000e+05   0.0000000e+00
   5.6644300e+05   0.0000000e+00
   6.3423200e+05   0.0000000e+00
   7.1013400e+05   0.0000000e+00
   7.9511900e+05   0.0000000e+00
   8.9027400e+05   0.0000000e+00
   9.9681800e+05   0.0000000e+00
   1.1161100e+06   0.0000000e+00
   1.2496800e+06   0.0000000e+00
   1.3992400e+06   0.0000000e+00
   1.5666900e+06   0.0000000e+00
   1.7541800e+06   0.0000000e+00
   1.9641100e+06   0.0000000e+00
   2.1991700e+06   0.0000000e+00
   2.4623500e+06   0.0000000e+00
   2.7570400e+06   0.0000000e+00
   3.0869800e+06   0.0000000e+00
   3.4564200e+06   0.0000000e+00
   3.8700600e+06   0.0000000e+00
   4.3332100e+06   0.0000000e+00
   4.8517800e+06   0.0000000e+00
   5.4324200e+06   0.0000000e+00
   6.0825400e+06   0.0000000e+00
   6.8104700e+06   0.0000000e+00
   7.6255100e+06   0.0000000e+00
   8.5380900e+06   9.9999726e-03
