   1.0377200e+02   9.9999796e-03
   1.1780700e+02   0.0000000e+00
   1.3374000e+02   0.0000000e+00
   1.5182800e+02   2.0000392e-02
   1.7236300e+02   1.0000055e-02
   1.9567500e+02   1.0000091e-02
   2.2214000e+02   3.9999981e-02
   2.5218400e+02   3.9999325e-02
   2.8629100e+02   1.0000124e-02
   3.2501200e+02   1.9999820e-02
   3.6896900e+02   2.0000174e-02
   4.1887200e+02   4.0000108e-02
   4.7552400e+02   5.9999141e-02
   5.3983700e+02   1.0000080e-02
   6.1285000e+02   2.9999955e-02
   6.9573700e+02   9.9999705e-03
   7.8983400e+02   5.0000041e-02
   8.9665800e+02   4.0000114e-02
   1.0179300e+03   9.9997293e-03
   1.1556000e+03   4.0001546e-02
   1.3119000e+03   0.0000000e+00
   1.4893300e+03   1.0000012e-02
   1.6907600e+03   0.0000000e+00
   1.9194300e+03   3.9999947e-02
   2.1790300e+03   5.9999714e-02
   2.4737400e+03   4.0001046e-02
   2.8083200e+03   4.9999885e-02
   3.1881400e+03   9.9999860e-03
   3.6193300e+03   2.0000057e-02
   4.1088400e+03   9.9998903e-03
   4.6645500e+03   3.0000300e-02
   5.2954300e+03   1.9999749e-02
   6.0116200e+03   4.0000280e-02
   6.8246900e+03   2.0000029e-02
   7.7477200e+03   2.0000066e-02
   8.7955900e+03   0.0000000e+00
   9.9851800e+03   0.0000000e+00
   1.1335700e+04   1.9999596e-02
   1.2868800e+04   2.0000086e-02
   1.4609300e+04   0.0000000e+00
   1.6585200e+04   1.9999816e-02
   1.8828300e+04   1.0000004e-02
   2.1374800e+04   9.9999700e-03
   2.4265700e+04   0.0000000e+00
   2.7547600e+04   3.0000179e-02
   3.1273400e+04   0.0000000e+00
   3.5503100e+04   0.0000000e+00
   4.0304800e+04   0.0000000e+00
   4.5756000e+04   9.9999593e-03
   5.1944400e+04   0.0000000e+00
   5.8969800e+04   0.0000000e+00
   6.6945400e+04   2.0000043e-02
   7.5999700e+04   0.0000000e+00
   8.6278500e+04   0.0000000e+00
   9.7947600e+04   0.0000000e+00
   1.1119500e+05   0.0000000e+00
   1.2623400e+05   0.0000000e+00
   1.4330700e+05   0.0000000e+00
   1.6268900e+05   0.0000000e+00
   1.8469200e+05   0.0000000e+00
   2.0967200e+05   0.0000000e+00
   2.3802900e+05   0.0000000e+00
   2.7022300e+05   9.9999170e-03
   3.0677000e+05   0.0000000e+00
   3.4826000e+05   0.0000000e+00
   3.9536200e+05   0.0000000e+00
   4.4883400e+05   0.0000000e+00
   5.0953800e+05   0.0000000e+00
   5.7845200e+05   0.0000000e+00
   6.5668700e+05   0.0000000e+00
   7.4550300e+05   0.0000000e+00
   8.4633200e+05   0.0000000e+00
   9.6079700e+05   0.0000000e+00
   1.0907400e+06   0.0000000e+00
   1.2382600e+06   0.0000000e+00
   1.4057400e+06   0.0000000e+00
   1.5958600e+06   0.0000000e+00
   1.8117000e+06   0.0000000e+00
   2.0567300e+06   0.0000000e+00
   2.3349000e+06   0.0000000e+00
   2.6506900e+06   0.0000000e+00
   3.0092000e+06   0.0000000e+00
   3.4161900e+06   0.0000000e+00
   3.8782200e+06   0.0000000e+00
   4.4027400e+06   0.0000000e+00
   4.9982100e+06   0.0000000e+00
   5.6742100e+06   0.0000000e+00
   6.4416400e+06   0.0000000e+00
   7.3128600e+06   0.0000000e+00
   8.3019200e+06   0.0000000e+00
   9.4247400e+06   0.0000000e+00
   1.0699400e+07   0.0000000e+00
   1.2146500e+07   0.0000000e+00
   1.3789300e+07   0.0000000e+00
   1.5654300e+07   0.0000000e+00
   1.7771500e+07   0.0000000e+00
   2.0175100e+07   0.0000000e+00
   2.2903700e+07   0.0000000e+00
   2.6001400e+07   1.0000123e-02
