   1.9156800e+02   2.0000416e-02
   2.0676600e+02   0.0000000e+00
   2.2316900e+02   1.0000209e-02
   2.4087400e+02   0.0000000e+00
   2.5998300e+02   0.0000000e+00
   2.8060800e+02   0.0000000e+00
   3.0287000e+02   0.0000000e+00
   3.2689700e+02   0.0000000e+00
   3.5283100e+02   9.9999807e-03
   3.8082200e+02   0.0000000e+00
   4.1103400e+02   9.9998628e-03
   4.4364200e+02   0.0000000e+00
   4.7883700e+02   1.0000113e-02
   5.1682500e+02   0.0000000e+00
   5.5782600e+02   1.0000032e-02
   6.0208000e+02   0.0000000e+00
   6.4984500e+02   9.9999809e-03
   7.0139900e+02   1.0000006e-02
   7.5704300e+02   2.9999812e-02
   8.1710100e+02   3.0000020e-02
   8.8192400e+02   1.9999845e-02
   9.5188900e+02   3.0001926e-02
   1.0274100e+03   9.9991535e-03
   1.1089100e+03   4.0003098e-02
   1.1968900e+03   3.9999017e-02
   1.2918400e+03   1.9998972e-02
   1.3943200e+03   2.0000760e-02
   1.5049400e+03   9.9999154e-03
   1.6243300e+03   1.9999587e-02
   1.7531900e+03   2.0000586e-02
   1.8922800e+03   2.0000037e-02
   2.0424000e+03   8.0000368e-02
   2.2044300e+03   4.9999066e-02
   2.3793100e+03   2.0000255e-02
   2.5680700e+03   1.9999807e-02
   2.7718000e+03   2.9999373e-02
   2.9916900e+03   3.0000013e-02
   3.2290300e+03   0.0000000e+00
   3.4852000e+03   9.9999797e-03
   3.7616900e+03   1.0000151e-02
   4.0601200e+03   3.9999989e-02
   4.3822200e+03   9.9999089e-03
   4.7298700e+03   2.0000330e-02
   5.1051100e+03   2.9999808e-02
   5.5101100e+03   0.0000000e+00
   5.9472400e+03   0.0000000e+00
   6.4190500e+03   9.9999459e-03
   6.9282900e+03   0.0000000e+00
   7.4779400e+03   9.9998907e-03
   8.0711800e+03   9.9999774e-03
   8.7114900e+03   2.0000101e-02
   9.4026000e+03   9.9995354e-03
   1.0148500e+04   0.0000000e+00
   1.0953600e+04   2.0000383e-02
   1.1822600e+04   3.0002493e-02
   1.2760600e+04   0.0000000e+00
   1.3772900e+04   9.9996172e-03
   1.4865500e+04   0.0000000e+00
   1.6044800e+04   0.0000000e+00
   1.7317700e+04   1.0000261e-02
   1.8691600e+04   0.0000000e+00
   2.0174400e+04   0.0000000e+00
   2.1774900e+04   3.0000629e-02
   2.3502400e+04   9.9999288e-03
   2.5366900e+04   0.0000000e+00
   2.7379400e+04   0.0000000e+00
   2.9551400e+04   0.0000000e+00
   3.1895800e+04   2.0000104e-02
   3.4426200e+04   1.0000261e-02
   3.7157400e+04   0.0000000e+00
   4.0105100e+04   0.0000000e+00
   4.3286800e+04   0.0000000e+00
   4.6720900e+04   9.9999887e-03
   5.0427400e+04   0.0000000e+00
   5.4427900e+04   9.9999541e-03
   5.8745800e+04   0.0000000e+00
   6.3406300e+04   0.0000000e+00
   6.8436500e+04   0.0000000e+00
   7.3865800e+04   0.0000000e+00
   7.9725700e+04   0.0000000e+00
   8.6050600e+04   9.9999450e-03
   9.2877200e+04   0.0000000e+00
   1.0024500e+05   0.0000000e+00
   1.0819800e+05   0.0000000e+00
   1.1678200e+05   0.0000000e+00
   1.2604700e+05   0.0000000e+00
   1.3604600e+05   1.0000071e-02
   1.4683900e+05   0.0000000e+00
   1.5848800e+05   0.0000000e+00
   1.7106200e+05   0.0000000e+00
   1.8463200e+05   0.0000000e+00
   1.9928000e+05   0.0000000e+00
   2.1508900e+05   0.0000000e+00
   2.3215300e+05   0.0000000e+00
   2.5057000e+05   0.0000000e+00
   2.7044900e+05   0.0000000e+00
   2.9190400e+05   0.0000000e+00
   3.1506200e+05   0.0000000e+00
   3.4005600e+05   1.0000151e-02
