   6.9645700e+01   1.0000081e-02
   7.7228700e+01   0.0000000e+00
   8.5637300e+01   0.0000000e+00
   9.4961400e+01   1.0000306e-02
   1.0530100e+02   0.0000000e+00
   1.1676600e+02   0.0000000e+00
   1.2947900e+02   0.0000000e+00
   1.4357600e+02   0.0000000e+00
   1.5920900e+02   9.9997246e-03
   1.7654300e+02   0.0000000e+00
   1.9576500e+02   0.0000000e+00
   2.1708000e+02   9.9998267e-03
   2.4071500e+02   2.0000140e-02
   2.6692400e+02   1.0000200e-02
   2.9598700e+02   9.9997923e-03
   3.2821300e+02   3.0000443e-02
   3.6394900e+02   2.9999735e-02
   4.0357500e+02   2.0000098e-02
   4.4751600e+02   6.9999797e-02
   4.9624100e+02   9.9999805e-03
   5.5027100e+02   1.0000019e-02
   6.1018400e+02   2.9999973e-02
   6.7662000e+02   2.0000079e-02
   7.5029000e+02   2.9999754e-02
   8.3198000e+02   1.9999990e-02
   9.2256500e+02   1.9999403e-02
   1.0230100e+03   2.0000966e-02
   1.1344000e+03   3.9999331e-02
   1.2579100e+03   6.0000122e-02
   1.3948700e+03   6.9999161e-02
   1.5467400e+03   3.0000389e-02
   1.7151500e+03   1.9999667e-02
   1.9018900e+03   2.0000408e-02
   2.1089700e+03   3.9999574e-02
   2.3385900e+03   0.0000000e+00
   2.5932100e+03   1.0000131e-02
   2.8755600e+03   5.0000473e-02
   3.1886500e+03   9.9998152e-03
   3.5358200e+03   0.0000000e+00
   3.9208000e+03   9.9999409e-03
   4.3476900e+03   1.9999930e-02
   4.8210600e+03   0.0000000e+00
   5.3459800e+03   3.9999745e-02
   5.9280400e+03   2.0000056e-02
   6.5734800e+03   0.0000000e+00
   7.2891900e+03   0.0000000e+00
   8.0828300e+03   1.0000008e-02
   8.9628800e+03   1.0000033e-02
   9.9387500e+03   1.0000289e-02
   1.1020900e+04   1.9999333e-02
   1.2220800e+04   2.0000249e-02
   1.3551400e+04   0.0000000e+00
   1.5026900e+04   1.9999850e-02
   1.6663000e+04   0.0000000e+00
   1.8477200e+04   0.0000000e+00
   2.0489000e+04   9.9999179e-03
   2.2719800e+04   0.0000000e+00
   2.5193500e+04   0.0000000e+00
   2.7936500e+04   0.0000000e+00
   3.0978200e+04   0.0000000e+00
   3.4351100e+04   0.0000000e+00
   3.8091200e+04   0.0000000e+00
   4.2238600e+04   0.0000000e+00
   4.6837400e+04   0.0000000e+00
   5.1937000e+04   2.0000194e-02
   5.7591900e+04   0.0000000e+00
   6.3862400e+04   0.0000000e+00
   7.0815700e+04   0.0000000e+00
   7.8526000e+04   0.0000000e+00
   8.7075900e+04   0.0000000e+00
   9.6556600e+04   0.0000000e+00
   1.0707000e+05   0.0000000e+00
   1.1872700e+05   0.0000000e+00
   1.3165400e+05   0.0000000e+00
   1.4598800e+05   0.0000000e+00
   1.6188300e+05   1.0000182e-02
   1.7950900e+05   0.0000000e+00
   1.9905400e+05   0.0000000e+00
   2.2072700e+05   9.9998113e-03
   2.4475900e+05   0.0000000e+00
   2.7140800e+05   0.0000000e+00
   3.0095900e+05   0.0000000e+00
   3.3372700e+05   0.0000000e+00
   3.7006300e+05   0.0000000e+00
   4.1035500e+05   0.0000000e+00
   4.5503400e+05   0.0000000e+00
   5.0457700e+05   0.0000000e+00
   5.5951500e+05   0.0000000e+00
   6.2043400e+05   0.0000000e+00
   6.8798600e+05   0.0000000e+00
   7.6289400e+05   1.0000038e-02
   8.4595700e+05   9.9999484e-03
   9.3806300e+05   0.0000000e+00
   1.0402000e+06   0.0000000e+00
   1.1534500e+06   0.0000000e+00
   1.2790400e+06   0.0000000e+00
   1.4183000e+06   0.0000000e+00
   1.5727200e+06   0.0000000e+00
   1.7439600e+06   0.0000000e+00
