   2.3451400e+02   9.9998513e-03
   2.5240900e+02   1.0000099e-02
   2.7167000e+02   0.0000000e+00
   2.9240000e+02   0.0000000e+00
   3.1471300e+02   0.0000000e+00
   3.3872800e+02   9.9997649e-03
   3.6457500e+02   1.0000010e-02
   3.9239500e+02   1.0000034e-02
   4.2233800e+02   2.0000149e-02
   4.5456600e+02   0.0000000e+00
   4.8925300e+02   2.0000048e-02
   5.2658700e+02   2.0000124e-02
   5.6677000e+02   9.9999905e-03
   6.1001900e+02   2.9999806e-02
   6.5656800e+02   2.0000267e-02
   7.0667000e+02   9.9998823e-03
   7.6059400e+02   5.9999557e-02
   8.1863300e+02   2.0000262e-02
   8.8110200e+02   2.9999988e-02
   9.4833700e+02   1.9999252e-02
   1.0207000e+03   4.0001188e-02
   1.0985900e+03   9.9998292e-03
   1.1824200e+03   3.0000573e-02
   1.2726500e+03   9.9997080e-03
   1.3697600e+03   2.0001188e-02
   1.4742900e+03   1.0000012e-02
   1.5867900e+03   1.9999268e-02
   1.7078700e+03   9.9996751e-03
   1.8381900e+03   2.0000117e-02
   1.9784600e+03   0.0000000e+00
   2.1294400e+03   9.9998133e-03
   2.2919300e+03   1.9999721e-02
   2.4668200e+03   2.0000124e-02
   2.6550600e+03   9.9998903e-03
   2.8576600e+03   9.9998827e-03
   3.0757200e+03   3.0000867e-02
   3.3104300e+03   0.0000000e+00
   3.5630400e+03   0.0000000e+00
   3.8349300e+03   9.9998109e-03
   4.1275600e+03   2.0000249e-02
   4.4425300e+03   0.0000000e+00
   4.7815300e+03   3.0000086e-02
   5.1464000e+03   9.9999674e-03
   5.5391100e+03   1.0000059e-02
   5.9617900e+03   1.9999906e-02
   6.4167200e+03   1.0000073e-02
   6.9063700e+03   2.9999939e-02
   7.4333800e+03   2.9999699e-02
   8.0006000e+03   0.0000000e+00
   8.6111100e+03   2.0000087e-02
   9.2682100e+03   1.0000020e-02
   9.9754500e+03   2.0001159e-02
   1.0736700e+04   2.9996646e-02
   1.1555900e+04   2.0002021e-02
   1.2437800e+04   0.0000000e+00
   1.3386900e+04   9.9997699e-03
   1.4408400e+04   1.0000238e-02
   1.5507900e+04   0.0000000e+00
   1.6691200e+04   0.0000000e+00
   1.7964900e+04   0.0000000e+00
   1.9335800e+04   1.9999047e-02
   2.0811200e+04   0.0000000e+00
   2.2399300e+04   0.0000000e+00
   2.4108500e+04   1.0000149e-02
   2.5948200e+04   1.0000218e-02
   2.7928300e+04   1.9999521e-02
   3.0059400e+04   0.0000000e+00
   3.2353200e+04   9.9999732e-03
   3.4822000e+04   0.0000000e+00
   3.7479200e+04   2.0000266e-02
   4.0339200e+04   0.0000000e+00
   4.3417400e+04   0.0000000e+00
   4.6730500e+04   9.9999960e-03
   5.0296400e+04   0.0000000e+00
   5.4134400e+04   0.0000000e+00
   5.8265300e+04   1.9999981e-02
   6.2711400e+04   0.0000000e+00
   6.7496700e+04   0.0000000e+00
   7.2647300e+04   0.0000000e+00
   7.8190800e+04   0.0000000e+00
   8.4157400e+04   0.0000000e+00
   9.0579300e+04   0.0000000e+00
   9.7491200e+04   0.0000000e+00
   1.0493100e+05   0.0000000e+00
   1.1293800e+05   0.0000000e+00
   1.2155600e+05   0.0000000e+00
   1.3083100e+05   0.0000000e+00
   1.4081500e+05   0.0000000e+00
   1.5156000e+05   0.0000000e+00
   1.6312500e+05   0.0000000e+00
   1.7557300e+05   0.0000000e+00
   1.8897100e+05   0.0000000e+00
   2.0339100e+05   0.0000000e+00
   2.1891100e+05   0.0000000e+00
   2.3561600e+05   0.0000000e+00
   2.5359500e+05   0.0000000e+00
   2.7294600e+05   0.0000000e+00
   2.9377400e+05   0.0000000e+00
   3.1619200e+05   1.0000018e-02
