   8.3989500e+01   1.9999846e-02
   9.0899700e+01   1.0000053e-02
   9.8378500e+01   0.0000000e+00
   1.0647300e+02   9.9999780e-03
   1.1523300e+02   9.9992196e-03
   1.2471300e+02   0.0000000e+00
   1.3497400e+02   0.0000000e+00
   1.4607900e+02   0.0000000e+00
   1.5809800e+02   1.0000355e-02
   1.7110600e+02   9.9994843e-03
   1.8518300e+02   1.9999992e-02
   2.0041900e+02   0.0000000e+00
   2.1690900e+02   1.9999834e-02
   2.3475500e+02   0.0000000e+00
   2.5406900e+02   1.0000202e-02
   2.7497300e+02   9.9997958e-03
   2.9759600e+02   0.0000000e+00
   3.2208100e+02   3.0000915e-02
   3.4858100e+02   2.9999381e-02
   3.7726000e+02   9.9999588e-03
   4.0829900e+02   2.0000063e-02
   4.4189200e+02   1.0000066e-02
   4.7824900e+02   3.9999996e-02
   5.1759700e+02   1.9999832e-02
   5.6018200e+02   9.9999764e-03
   6.0627100e+02   2.9999980e-02
   6.5615200e+02   1.0000019e-02
   7.1013700e+02   1.0000073e-02
   7.6856400e+02   1.0000078e-02
   8.3179800e+02   0.0000000e+00
   9.0023400e+02   1.0000008e-02
   9.7430100e+02   9.9997551e-03
   1.0544600e+03   1.0000478e-02
   1.1412200e+03   0.0000000e+00
   1.2351100e+03   2.0000239e-02
   1.3367300e+03   4.0000166e-02
   1.4467100e+03   2.0000254e-02
   1.5657400e+03   1.9999820e-02
   1.6945600e+03   0.0000000e+00
   1.8339800e+03   9.9999481e-03
   1.9848700e+03   3.0000864e-02
   2.1481800e+03   0.0000000e+00
   2.3249200e+03   9.9998506e-03
   2.5162000e+03   1.9999933e-02
   2.7232200e+03   4.9999222e-02
   2.9472700e+03   2.0000211e-02
   3.1897600e+03   1.0000066e-02
   3.4522000e+03   9.9999862e-03
   3.7362300e+03   1.0000029e-02
   4.0436300e+03   1.9999992e-02
   4.3763200e+03   1.9999893e-02
   4.7363800e+03   2.0000177e-02
   5.1260700e+03   1.9999628e-02
   5.5478100e+03   0.0000000e+00
   6.0042600e+03   9.9999926e-03
   6.4982600e+03   0.0000000e+00
   7.0329100e+03   0.0000000e+00
   7.6115400e+03   0.0000000e+00
   8.2377800e+03   3.0000269e-02
   8.9155500e+03   9.9998581e-03
   9.6490700e+03   1.0000660e-02
   1.0443000e+04   9.9988931e-03
   1.1302100e+04   1.0000145e-02
   1.2232000e+04   0.0000000e+00
   1.3238400e+04   1.0000065e-02
   1.4327600e+04   0.0000000e+00
   1.5506400e+04   0.0000000e+00
   1.6782200e+04   1.0000292e-02
   1.8163000e+04   0.0000000e+00
   1.9657300e+04   1.0000562e-02
   2.1274700e+04   9.9995689e-03
   2.3025000e+04   2.0000128e-02
   2.4919400e+04   0.0000000e+00
   2.6969700e+04   9.9998501e-03
   2.9188600e+04   2.0000052e-02
   3.1590100e+04   1.0000089e-02
   3.4189200e+04   0.0000000e+00
   3.7002100e+04   0.0000000e+00
   4.0046400e+04   0.0000000e+00
   4.3341300e+04   9.9999960e-03
   4.6907200e+04   1.0000025e-02
   5.0766500e+04   9.9999693e-03
   5.4943300e+04   0.0000000e+00
   5.9463700e+04   0.0000000e+00
   6.4356100e+04   0.0000000e+00
   6.9651000e+04   0.0000000e+00
   7.5381600e+04   0.0000000e+00
   8.1583600e+04   9.9999845e-03
   8.8295900e+04   1.0000085e-02
   9.5560500e+04   0.0000000e+00
   1.0342300e+05   0.0000000e+00
   1.1193200e+05   0.0000000e+00
   1.2114100e+05   0.0000000e+00
   1.3110800e+05   0.0000000e+00
   1.4189500e+05   0.0000000e+00
   1.5356900e+05   1.0000047e-02
   1.6620400e+05   0.0000000e+00
   1.7987900e+05   0.0000000e+00
   1.9467800e+05   1.9999787e-02
