   1.2852300e+02   1.0000045e-02
   1.4405500e+02   0.0000000e+00
   1.6146400e+02   9.9995683e-03
   1.8097600e+02   0.0000000e+00
   2.0284700e+02   0.0000000e+00
   2.2736100e+02   0.0000000e+00
   2.5483800e+02   9.9999707e-03
   2.8563500e+02   0.0000000e+00
   3.2015400e+02   1.0000115e-02
   3.5884500e+02   9.9999394e-03
   4.0221100e+02   9.9999667e-03
   4.5081800e+02   9.9999331e-03
   5.0529900e+02   3.9999834e-02
   5.6636400e+02   2.9999991e-02
   6.3480900e+02   1.0000061e-02
   7.1152600e+02   2.0000035e-02
   7.9751400e+02   1.9999895e-02
   8.9389300e+02   5.0000081e-02
   1.0019200e+03   9.9998519e-03
   1.1230000e+03   2.0000785e-02
   1.2587200e+03   1.9999271e-02
   1.4108300e+03   4.0000323e-02
   1.5813300e+03   4.9999213e-02
   1.7724300e+03   4.0000351e-02
   1.9866300e+03   2.0000505e-02
   2.2267200e+03   4.9998537e-02
   2.4958100e+03   2.0000121e-02
   2.7974300e+03   2.0000052e-02
   3.1355000e+03   1.9999777e-02
   3.5144200e+03   4.0000257e-02
   3.9391400e+03   5.0000484e-02
   4.4151900e+03   9.9999022e-03
   4.9487600e+03   0.0000000e+00
   5.5468200e+03   9.9999829e-03
   6.2171500e+03   2.9999954e-02
   6.9684900e+03   1.9999983e-02
   7.8106300e+03   9.9999713e-03
   8.7545400e+03   9.9999635e-03
   9.8125200e+03   1.0000324e-02
   1.0998400e+04   9.9996301e-03
   1.2327500e+04   3.0000401e-02
   1.3817300e+04   0.0000000e+00
   1.5487100e+04   2.9999876e-02
   1.7358700e+04   0.0000000e+00
   1.9456500e+04   2.9999766e-02
   2.1807800e+04   0.0000000e+00
   2.4443300e+04   0.0000000e+00
   2.7397300e+04   9.9998451e-03
   3.0708200e+04   2.0000120e-02
   3.4419300e+04   3.0000283e-02
   3.8578900e+04   9.9999062e-03
   4.3241100e+04   0.0000000e+00
   4.8466800e+04   1.9999995e-02
   5.4324000e+04   9.9999393e-03
   6.0889000e+04   9.9999920e-03
   6.8247400e+04   0.0000000e+00
   7.6495100e+04   9.9999448e-03
   8.5739500e+04   0.0000000e+00
   9.6101100e+04   0.0000000e+00
   1.0771500e+05   9.9997505e-03
   1.2073200e+05   1.0000365e-02
   1.3532300e+05   0.0000000e+00
   1.5167600e+05   0.0000000e+00
   1.7000700e+05   0.0000000e+00
   1.9055200e+05   0.0000000e+00
   2.1358000e+05   0.0000000e+00
   2.3939100e+05   9.9998859e-03
   2.6832100e+05   0.0000000e+00
   3.0074800e+05   0.0000000e+00
   3.3709300e+05   0.0000000e+00
   3.7783100e+05   0.0000000e+00
   4.2349100e+05   0.0000000e+00
   4.7467000e+05   0.0000000e+00
   5.3203400e+05   0.0000000e+00
   5.9633000e+05   0.0000000e+00
   6.6839700e+05   0.0000000e+00
   7.4917200e+05   0.0000000e+00
   8.3970900e+05   0.0000000e+00
   9.4118800e+05   0.0000000e+00
   1.0549300e+06   0.0000000e+00
   1.1824200e+06   0.0000000e+00
   1.3253100e+06   0.0000000e+00
   1.4854800e+06   0.0000000e+00
   1.6650000e+06   0.0000000e+00
   1.8662100e+06   0.0000000e+00
   2.0917400e+06   0.0000000e+00
   2.3445300e+06   0.0000000e+00
   2.6278600e+06   0.0000000e+00
   2.9454400e+06   0.0000000e+00
   3.3014000e+06   0.0000000e+00
   3.7003700e+06   0.0000000e+00
   4.1475600e+06   0.0000000e+00
   4.6487900e+06   0.0000000e+00
   5.2105900e+06   0.0000000e+00
   5.8402900e+06   0.0000000e+00
   6.5460900e+06   0.0000000e+00
   7.3371800e+06   0.0000000e+00
   8.2238800e+06   0.0000000e+00
   9.2177300e+06   1.0000086e-02
