   1.4969300e+02   9.9996845e-03
   1.6271600e+02   0.0000000e+00
   1.7687300e+02   0.0000000e+00
   1.9226100e+02   0.0000000e+00
   2.0898800e+02   0.0000000e+00
   2.2717000e+02   1.9999982e-02
   2.4693400e+02   0.0000000e+00
   2.6841700e+02   1.0000175e-02
   2.9177000e+02   9.9998999e-03
   3.1715400e+02   0.0000000e+00
   3.4474700e+02   9.9999061e-03
   3.7474000e+02   1.0000057e-02
   4.0734300e+02   0.0000000e+00
   4.4278200e+02   1.0000147e-02
   4.8130500e+02   2.0000027e-02
   5.2317900e+02   9.9999939e-03
   5.6869600e+02   9.9999944e-03
   6.1817300e+02   9.9998778e-03
   6.7195400e+02   2.0000093e-02
   7.3041500e+02   5.0000114e-02
   7.9396200e+02   1.9999837e-02
   8.6303700e+02   3.9999957e-02
   9.3812200e+02   3.0000165e-02
   1.0197400e+03   3.0000491e-02
   1.1084600e+03   3.0000941e-02
   1.2049000e+03   9.9993249e-03
   1.3097200e+03   2.0000504e-02
   1.4236700e+03   3.9999720e-02
   1.5475300e+03   4.0001005e-02
   1.6821700e+03   9.9999784e-03
   1.8285200e+03   1.9999697e-02
   1.9876000e+03   1.9999581e-02
   2.1605200e+03   1.0000117e-02
   2.3484900e+03   2.9999897e-02
   2.5528100e+03   4.0000432e-02
   2.7749100e+03   0.0000000e+00
   3.0163300e+03   1.9999710e-02
   3.2787500e+03   3.0000509e-02
   3.5640100e+03   9.9999125e-03
   3.8740800e+03   2.0000075e-02
   4.2111300e+03   9.9999226e-03
   4.5775000e+03   1.0000057e-02
   4.9757500e+03   1.9999778e-02
   5.4086400e+03   0.0000000e+00
   5.8792000e+03   1.0000081e-02
   6.3907000e+03   0.0000000e+00
   6.9467000e+03   1.9999993e-02
   7.5510700e+03   0.0000000e+00
   8.2080200e+03   0.0000000e+00
   8.9221200e+03   0.0000000e+00
   9.6983600e+03   1.9999338e-02
   1.0542100e+04   2.0000555e-02
   1.1459300e+04   2.0000618e-02
   1.2456300e+04   9.9999284e-03
   1.3540000e+04   4.0000286e-02
   1.4718000e+04   0.0000000e+00
   1.5998400e+04   1.0000133e-02
   1.7390300e+04   0.0000000e+00
   1.8903300e+04   0.0000000e+00
   2.0547900e+04   3.0000109e-02
   2.2335600e+04   9.9999015e-03
   2.4278800e+04   0.0000000e+00
   2.6391100e+04   0.0000000e+00
   2.8687200e+04   0.0000000e+00
   3.1183000e+04   0.0000000e+00
   3.3895900e+04   0.0000000e+00
   3.6844900e+04   9.9998778e-03
   4.0050400e+04   0.0000000e+00
   4.3534900e+04   0.0000000e+00
   4.7322400e+04   9.9999830e-03
   5.1439500e+04   1.0000013e-02
   5.5914800e+04   0.0000000e+00
   6.0779500e+04   0.0000000e+00
   6.6067400e+04   1.9999933e-02
   7.1815300e+04   0.0000000e+00
   7.8063300e+04   0.0000000e+00
   8.4854900e+04   0.0000000e+00
   9.2237300e+04   0.0000000e+00
   1.0026200e+05   2.0000182e-02
   1.0898500e+05   0.0000000e+00
   1.1846700e+05   0.0000000e+00
   1.2877400e+05   0.0000000e+00
   1.3997700e+05   0.0000000e+00
   1.5215500e+05   0.0000000e+00
   1.6539300e+05   0.0000000e+00
   1.7978200e+05   9.9998544e-03
   1.9542300e+05   0.0000000e+00
   2.1242500e+05   0.0000000e+00
   2.3090700e+05   0.0000000e+00
   2.5099600e+05   0.0000000e+00
   2.7283200e+05   0.0000000e+00
   2.9656900e+05   0.0000000e+00
   3.2237100e+05   0.0000000e+00
   3.5041800e+05   9.9997738e-03
   3.8090400e+05   0.0000000e+00
   4.1404300e+05   0.0000000e+00
   4.5006600e+05   0.0000000e+00
   4.8922200e+05   0.0000000e+00
   5.3178400e+05   1.0000026e-02
