   1.2201900e+02   9.9997002e-03
   1.3247100e+02   2.0000623e-02
   1.4381900e+02   0.0000000e+00
   1.5613900e+02   0.0000000e+00
   1.6951400e+02   1.0000148e-02
   1.8403500e+02   0.0000000e+00
   1.9979900e+02   9.9999693e-03
   2.1691400e+02   0.0000000e+00
   2.3549500e+02   2.0000138e-02
   2.5566800e+02   1.0000062e-02
   2.7756900e+02   0.0000000e+00
   3.0134600e+02   0.0000000e+00
   3.2716000e+02   1.0000021e-02
   3.5518500e+02   9.9998152e-03
   3.8561000e+02   0.0000000e+00
   4.1864200e+02   2.0000309e-02
   4.5450400e+02   1.9999804e-02
   4.9343700e+02   4.0000507e-02
   5.3570600e+02   1.9999895e-02
   5.8159500e+02   9.9999700e-03
   6.3141500e+02   4.0000131e-02
   6.8550300e+02   4.9999933e-02
   7.4422400e+02   3.9999864e-02
   8.0797500e+02   1.9999915e-02
   8.7718700e+02   1.9999979e-02
   9.5232800e+02   6.0003153e-02
   1.0339100e+03   2.9998017e-02
   1.1224700e+03   2.9999281e-02
   1.2186200e+03   0.0000000e+00
   1.3230100e+03   6.9999294e-02
   1.4363400e+03   3.0000228e-02
   1.5593800e+03   4.0000397e-02
   1.6929600e+03   0.0000000e+00
   1.8379800e+03   1.0000374e-02
   1.9954300e+03   9.9999520e-03
   2.1663600e+03   0.0000000e+00
   2.3519300e+03   3.0000092e-02
   2.5534000e+03   0.0000000e+00
   2.7721300e+03   0.0000000e+00
   3.0095900e+03   0.0000000e+00
   3.2674000e+03   0.0000000e+00
   3.5472900e+03   3.9999219e-02
   3.8511500e+03   0.0000000e+00
   4.1810500e+03   0.0000000e+00
   4.5392000e+03   3.0000445e-02
   4.9280400e+03   0.0000000e+00
   5.3501800e+03   1.9999845e-02
   5.8084800e+03   1.0000162e-02
   6.3060500e+03   0.0000000e+00
   6.8462300e+03   2.0000104e-02
   7.4326900e+03   9.9999168e-03
   8.0693800e+03   9.9999553e-03
   8.7606100e+03   0.0000000e+00
   9.5110600e+03   2.0000238e-02
   1.0325800e+04   0.0000000e+00
   1.1210300e+04   1.0000084e-02
   1.2170600e+04   9.9995245e-03
   1.3213100e+04   1.0000393e-02
   1.4345000e+04   1.9999826e-02
   1.5573800e+04   3.0000574e-02
   1.6907900e+04   0.0000000e+00
   1.8356200e+04   1.0000502e-02
   1.9928700e+04   0.0000000e+00
   2.1635800e+04   0.0000000e+00
   2.3489100e+04   0.0000000e+00
   2.5501200e+04   0.0000000e+00
   2.7685700e+04   0.0000000e+00
   3.0057300e+04   0.0000000e+00
   3.2632000e+04   1.0000348e-02
   3.5427400e+04   0.0000000e+00
   3.8462100e+04   0.0000000e+00
   4.1756800e+04   0.0000000e+00
   4.5333800e+04   0.0000000e+00
   4.9217100e+04   0.0000000e+00
   5.3433100e+04   0.0000000e+00
   5.8010300e+04   0.0000000e+00
   6.2979500e+04   9.9999866e-03
   6.8374400e+04   0.0000000e+00
   7.4231500e+04   9.9998824e-03
   8.0590200e+04   0.0000000e+00
   8.7493700e+04   9.9999369e-03
   9.4988500e+04   0.0000000e+00
   1.0312500e+05   0.0000000e+00
   1.1195900e+05   0.0000000e+00
   1.2155000e+05   0.0000000e+00
   1.3196200e+05   0.0000000e+00
   1.4326600e+05   0.0000000e+00
   1.5553800e+05   0.0000000e+00
   1.6886200e+05   0.0000000e+00
   1.8332700e+05   9.9999931e-03
   1.9903100e+05   0.0000000e+00
   2.1608000e+05   0.0000000e+00
   2.3459000e+05   0.0000000e+00
   2.5468500e+05   0.0000000e+00
   2.7650200e+05   0.0000000e+00
   3.0018700e+05   0.0000000e+00
   3.2590200e+05   0.0000000e+00
   3.5381900e+05   0.0000000e+00
   3.8412700e+05   0.0000000e+00
