   2.2478100e+02   1.0000184e-02
   2.3735700e+02   9.9997509e-03
   2.5063600e+02   1.9999579e-02
   2.6465800e+02   1.0000159e-02
   2.7946500e+02   0.0000000e+00
   2.9510000e+02   1.0000057e-02
   3.1161000e+02   1.0000247e-02
   3.2904400e+02   0.0000000e+00
   3.4745300e+02   1.9999175e-02
   3.6689100e+02   1.0000303e-02
   3.8741800e+02   2.0000194e-02
   4.0909300e+02   0.0000000e+00
   4.3198000e+02   1.0000042e-02
   4.5614800e+02   9.9999865e-03
   4.8166800e+02   0.0000000e+00
   5.0861600e+02   9.9998553e-03
   5.3707100e+02   0.0000000e+00
   5.6711800e+02   0.0000000e+00
   5.9884700e+02   9.9998414e-03
   6.3235000e+02   4.0000136e-02
   6.6772800e+02   1.0000214e-02
   7.0508600e+02   1.9999866e-02
   7.4453300e+02   4.9999795e-02
   7.8618700e+02   3.0000233e-02
   8.3017200e+02   9.9998872e-03
   8.7661700e+02   0.0000000e+00
   9.2566100e+02   2.0000111e-02
   9.7744900e+02   2.9997723e-02
   1.0321300e+03   1.0000914e-02
   1.0898800e+03   0.0000000e+00
   1.1508500e+03   2.0001079e-02
   1.2152400e+03   3.0000520e-02
   1.2832300e+03   9.9996291e-03
   1.3550200e+03   1.0000097e-02
   1.4308300e+03   9.9999261e-03
   1.5108800e+03   6.0000746e-02
   1.5954100e+03   0.0000000e+00
   1.6846700e+03   9.9998308e-03
   1.7789200e+03   0.0000000e+00
   1.8784400e+03   1.0000675e-02
   1.9835400e+03   3.9999026e-02
   2.0945100e+03   9.9999068e-03
   2.2116900e+03   2.0000467e-02
   2.3354300e+03   1.0000024e-02
   2.4660900e+03   1.0000024e-02
   2.6040600e+03   0.0000000e+00
   2.7497500e+03   0.0000000e+00
   2.9035900e+03   9.9996115e-03
   3.0660300e+03   1.0000319e-02
   3.2375700e+03   0.0000000e+00
   3.4187000e+03   9.9997231e-03
   3.6099600e+03   1.0000201e-02
   3.8119300e+03   2.9999284e-02
   4.0251900e+03   2.0000282e-02
   4.2503900e+03   2.0000359e-02
   4.4881900e+03   0.0000000e+00
   4.7392900e+03   9.9997021e-03
   5.0044300e+03   1.0000291e-02
   5.2844200e+03   0.0000000e+00
   5.5800600e+03   0.0000000e+00
   5.8922500e+03   9.9999327e-03
   6.2219000e+03   1.0000147e-02
   6.5700000e+03   0.0000000e+00
   6.9375700e+03   9.9998978e-03
   7.3257000e+03   0.0000000e+00
   7.7355500e+03   1.0000031e-02
   8.1683300e+03   3.9999832e-02
   8.6253200e+03   1.0000043e-02
   9.1078800e+03   0.0000000e+00
   9.6174400e+03   0.0000000e+00
   1.0155500e+04   0.0000000e+00
   1.0723700e+04   0.0000000e+00
   1.1323600e+04   9.9996708e-03
   1.1957100e+04   0.0000000e+00
   1.2626100e+04   1.0000152e-02
   1.3332500e+04   0.0000000e+00
   1.4078400e+04   1.0000718e-02
   1.4866100e+04   0.0000000e+00
   1.5697800e+04   1.9999073e-02
   1.6576000e+04   2.0000587e-02
   1.7503400e+04   0.0000000e+00
   1.8482600e+04   0.0000000e+00
   1.9516700e+04   2.0000114e-02
   2.0608600e+04   0.0000000e+00
   2.1761600e+04   0.0000000e+00
   2.2979000e+04   0.0000000e+00
   2.4264600e+04   2.0001114e-02
   2.5622200e+04   0.0000000e+00
   2.7055700e+04   0.0000000e+00
   2.8569300e+04   0.0000000e+00
   3.0167700e+04   0.0000000e+00
   3.1855500e+04   0.0000000e+00
   3.3637700e+04   0.0000000e+00
   3.5519600e+04   0.0000000e+00
   3.7506800e+04   0.0000000e+00
   3.9605200e+04   3.0000159e-02
   4.1821000e+04   0.0000000e+00
   4.4160700e+04   0.0000000e+00
   4.6631400e+04   0.0000000e+00
