   2.4621500e+02   9.9998034e-03
   2.6569200e+02   0.0000000e+00
   2.8671100e+02   1.0000053e-02
   3.0939200e+02   1.9999918e-02
   3.3386700e+02   9.9998913e-03
   3.6027800e+02   2.0000292e-02
   3.8877900e+02   1.9999884e-02
   4.1953400e+02   0.0000000e+00
   4.5272200e+02   9.9998491e-03
   4.8853500e+02   2.0000170e-02
   5.2718200e+02   3.0000064e-02
   5.6888600e+02   3.9999971e-02
   6.1388900e+02   6.0000072e-02
   6.6245200e+02   3.0000133e-02
   7.1485700e+02   2.9999832e-02
   7.7140700e+02   5.0000075e-02
   8.3243100e+02   4.0000415e-02
   8.9828300e+02   9.9999185e-03
   9.6934300e+02   2.0001273e-02
   1.0460300e+03   9.9990463e-03
   1.1287700e+03   0.0000000e+00
   1.2180700e+03   1.0000241e-02
   1.3144300e+03   2.9999790e-02
   1.4184100e+03   2.9998353e-02
   1.5306100e+03   1.9999631e-02
   1.6516900e+03   3.0002093e-02
   1.7823600e+03   1.9999009e-02
   1.9233500e+03   9.9999218e-03
   2.0755000e+03   1.0000156e-02
   2.2396900e+03   3.0000649e-02
   2.4168700e+03   3.9999625e-02
   2.6080600e+03   4.0000703e-02
   2.8143800e+03   0.0000000e+00
   3.0370100e+03   2.0000020e-02
   3.2772600e+03   1.0000177e-02
   3.5365200e+03   3.9999525e-02
   3.8162800e+03   1.0000136e-02
   4.1181800e+03   0.0000000e+00
   4.4439600e+03   1.0000016e-02
   4.7955100e+03   0.0000000e+00
   5.1748600e+03   3.0000066e-02
   5.5842300e+03   1.0000165e-02
   6.0259900e+03   0.0000000e+00
   6.5026900e+03   1.0000028e-02
   7.0171000e+03   9.9999600e-03
   7.5722000e+03   0.0000000e+00
   8.1712100e+03   0.0000000e+00
   8.8176200e+03   0.0000000e+00
   9.5151500e+03   0.0000000e+00
   1.0267900e+04   1.9998476e-02
   1.1080100e+04   0.0000000e+00
   1.1956700e+04   0.0000000e+00
   1.2902500e+04   0.0000000e+00
   1.3923200e+04   0.0000000e+00
   1.5024600e+04   1.0000369e-02
   1.6213200e+04   0.0000000e+00
   1.7495800e+04   9.9997045e-03
   1.8879800e+04   0.0000000e+00
   2.0373300e+04   1.0000131e-02
   2.1985000e+04   0.0000000e+00
   2.3724200e+04   1.9999429e-02
   2.5600900e+04   0.0000000e+00
   2.7626100e+04   0.0000000e+00
   2.9811600e+04   0.0000000e+00
   3.2169900e+04   0.0000000e+00
   3.4714800e+04   0.0000000e+00
   3.7461000e+04   0.0000000e+00
   4.0424400e+04   0.0000000e+00
   4.3622200e+04   0.0000000e+00
   4.7073100e+04   0.0000000e+00
   5.0796900e+04   0.0000000e+00
   5.4815300e+04   0.0000000e+00
   5.9151600e+04   9.9999449e-03
   6.3830900e+04   2.0000060e-02
   6.8880400e+04   9.9999303e-03
   7.4329300e+04   0.0000000e+00
   8.0209300e+04   1.0000099e-02
   8.6554500e+04   0.0000000e+00
   9.3401600e+04   0.0000000e+00
   1.0079000e+05   0.0000000e+00
   1.0876400e+05   0.0000000e+00
   1.1736800e+05   0.0000000e+00
   1.2665200e+05   0.0000000e+00
   1.3667100e+05   0.0000000e+00
   1.4748300e+05   0.0000000e+00
   1.5915000e+05   0.0000000e+00
   1.7174000e+05   0.0000000e+00
   1.8532600e+05   9.9995860e-03
   1.9998600e+05   0.0000000e+00
   2.1580700e+05   0.0000000e+00
   2.3287800e+05   0.0000000e+00
   2.5130100e+05   0.0000000e+00
   2.7118100e+05   0.0000000e+00
   2.9263300e+05   0.0000000e+00
   3.1578200e+05   0.0000000e+00
   3.4076300e+05   0.0000000e+00
   3.6772000e+05   0.0000000e+00
   3.9680900e+05   0.0000000e+00
   4.2820000e+05   9.9997838e-03
