   1.3236600e+02   2.0000142e-02
   1.4346800e+02   0.0000000e+00
   1.5550100e+02   0.0000000e+00
   1.6854400e+02   9.9998912e-03
   1.8268000e+02   0.0000000e+00
   1.9800200e+02   2.9998407e-02
   2.1460800e+02   0.0000000e+00
   2.3260800e+02   1.0000299e-02
   2.5211800e+02   9.9996608e-03
   2.7326300e+02   1.0000317e-02
   2.9618300e+02   2.9999234e-02
   3.2102400e+02   1.9999944e-02
   3.4794900e+02   1.0000219e-02
   3.7713300e+02   2.9999979e-02
   4.0876400e+02   3.0000008e-02
   4.4304800e+02   2.9999613e-02
   4.8020700e+02   3.9999868e-02
   5.2048300e+02   9.9999527e-03
   5.6413700e+02   2.0000189e-02
   6.1145300e+02   2.9999960e-02
   6.6273700e+02   0.0000000e+00
   7.1832200e+02   1.0000084e-02
   7.7857000e+02   3.9999711e-02
   8.4387000e+02   4.0000328e-02
   9.1464800e+02   1.9999846e-02
   9.9136100e+02   2.0000245e-02
   1.0745100e+03   9.9998053e-03
   1.1646300e+03   9.9999900e-03
   1.2623100e+03   9.9997073e-03
   1.3681800e+03   2.0001176e-02
   1.4829400e+03   1.9998820e-02
   1.6073100e+03   2.0000142e-02
   1.7421200e+03   1.0000263e-02
   1.8882400e+03   1.9999755e-02
   2.0466100e+03   2.0000622e-02
   2.2182700e+03   1.9999817e-02
   2.4043200e+03   9.9997025e-03
   2.6059700e+03   1.0000036e-02
   2.8245400e+03   0.0000000e+00
   3.0614400e+03   4.9999795e-02
   3.3182100e+03   1.0000124e-02
   3.5965200e+03   1.0000029e-02
   3.8981700e+03   2.0000055e-02
   4.2251200e+03   9.9999670e-03
   4.5794900e+03   0.0000000e+00
   4.9635800e+03   2.0000115e-02
   5.3798900e+03   1.0000114e-02
   5.8311200e+03   2.9999994e-02
   6.3201900e+03   0.0000000e+00
   6.8502700e+03   0.0000000e+00
   7.4248200e+03   0.0000000e+00
   8.0475600e+03   0.0000000e+00
   8.7225300e+03   2.0000007e-02
   9.4541100e+03   0.0000000e+00
   1.0247000e+04   0.0000000e+00
   1.1106500e+04   9.9996525e-03
   1.2038000e+04   0.0000000e+00
   1.3047700e+04   0.0000000e+00
   1.4142000e+04   9.9997837e-03
   1.5328100e+04   0.0000000e+00
   1.6613800e+04   1.9999470e-02
   1.8007200e+04   0.0000000e+00
   1.9517500e+04   0.0000000e+00
   2.1154500e+04   1.0000132e-02
   2.2928800e+04   0.0000000e+00
   2.4851800e+04   1.0000076e-02
   2.6936200e+04   0.0000000e+00
   2.9195400e+04   1.0000026e-02
   3.1644100e+04   0.0000000e+00
   3.4298200e+04   0.0000000e+00
   3.7174900e+04   9.9998536e-03
   4.0292800e+04   1.0000143e-02
   4.3672300e+04   0.0000000e+00
   4.7335200e+04   0.0000000e+00
   5.1305300e+04   1.9999991e-02
   5.5608400e+04   9.9999891e-03
   6.0272400e+04   0.0000000e+00
   6.5327600e+04   1.0000033e-02
   7.0806800e+04   1.9999879e-02
   7.6745500e+04   0.0000000e+00
   8.3182300e+04   0.0000000e+00
   9.0159100e+04   0.0000000e+00
   9.7720900e+04   0.0000000e+00
   1.0591700e+05   0.0000000e+00
   1.1480100e+05   0.0000000e+00
   1.2442900e+05   0.0000000e+00
   1.3486500e+05   1.0000464e-02
   1.4617700e+05   0.0000000e+00
   1.5843700e+05   0.0000000e+00
   1.7172500e+05   0.0000000e+00
   1.8612800e+05   0.0000000e+00
   2.0174000e+05   0.0000000e+00
   2.1866000e+05   0.0000000e+00
   2.3699900e+05   0.0000000e+00
   2.5687700e+05   0.0000000e+00
   2.7842200e+05   0.0000000e+00
   3.0177400e+05   0.0000000e+00
   3.2708500e+05   0.0000000e+00
   3.5451800e+05   9.9999010e-03
