   1.0288600e+02   1.0000659e-02
   1.1107400e+02   0.0000000e+00
   1.1991300e+02   0.0000000e+00
   1.2945500e+02   0.0000000e+00
   1.3975700e+02   3.0001261e-02
   1.5087900e+02   0.0000000e+00
   1.6288500e+02   9.9999886e-03
   1.7584700e+02   0.0000000e+00
   1.8984100e+02   2.9999934e-02
   2.0494800e+02   9.9998470e-03
   2.2125700e+02   9.9999485e-03
   2.3886400e+02   1.9999837e-02
   2.5787200e+02   3.0000266e-02
   2.7839300e+02   2.0000122e-02
   3.0054700e+02   1.0000080e-02
   3.2446400e+02   9.9999827e-03
   3.5028400e+02   1.0000100e-02
   3.7815900e+02   2.0000018e-02
   4.0825200e+02   9.9997910e-03
   4.4073900e+02   2.0000028e-02
   4.7581200e+02   9.9999960e-03
   5.1367600e+02   1.9999931e-02
   5.5455300e+02   9.9999904e-03
   5.9868300e+02   4.0000176e-02
   6.4632500e+02   2.9999995e-02
   6.9775800e+02   0.0000000e+00
   7.5328400e+02   2.0000170e-02
   8.1322900e+02   2.0000041e-02
   8.7794400e+02   2.9999741e-02
   9.4780800e+02   2.9999101e-02
   1.0232300e+03   2.0000918e-02
   1.1046600e+03   0.0000000e+00
   1.1925700e+03   4.9999204e-02
   1.2874700e+03   0.0000000e+00
   1.3899200e+03   2.0000611e-02
   1.5005300e+03   5.9995873e-02
   1.6199300e+03   1.0000737e-02
   1.7488500e+03   9.9993557e-03
   1.8880100e+03   1.0000415e-02
   2.0382600e+03   2.0000071e-02
   2.2004600e+03   2.0000364e-02
   2.3755700e+03   9.9999135e-03
   2.5646100e+03   0.0000000e+00
   2.7686900e+03   0.0000000e+00
   2.9890200e+03   2.0000101e-02
   3.2268800e+03   1.9999439e-02
   3.4836600e+03   0.0000000e+00
   3.7608900e+03   0.0000000e+00
   4.0601700e+03   1.0000042e-02
   4.3832700e+03   0.0000000e+00
   4.7320800e+03   0.0000000e+00
   5.1086400e+03   1.0000152e-02
   5.5151800e+03   0.0000000e+00
   5.9540600e+03   0.0000000e+00
   6.4278700e+03   0.0000000e+00
   6.9393900e+03   3.0000014e-02
   7.4916100e+03   1.9999856e-02
   8.0877700e+03   3.0000207e-02
   8.7313800e+03   9.9999884e-03
   9.4262000e+03   9.9998081e-03
   1.0176300e+04   0.0000000e+00
   1.0986100e+04   0.0000000e+00
   1.1860400e+04   9.9997498e-03
   1.2804200e+04   0.0000000e+00
   1.3823100e+04   0.0000000e+00
   1.4923100e+04   0.0000000e+00
   1.6110700e+04   1.9999200e-02
   1.7392700e+04   0.0000000e+00
   1.8776800e+04   1.9999867e-02
   2.0271000e+04   0.0000000e+00
   2.1884100e+04   3.0000298e-02
   2.3625600e+04   0.0000000e+00
   2.5505700e+04   0.0000000e+00
   2.7535400e+04   1.0000001e-02
   2.9726600e+04   0.0000000e+00
   3.2092100e+04   0.0000000e+00
   3.4645900e+04   1.0000222e-02
   3.7403000e+04   0.0000000e+00
   4.0379400e+04   0.0000000e+00
   4.3592700e+04   0.0000000e+00
   4.7061700e+04   0.0000000e+00
   5.0806800e+04   0.0000000e+00
   5.4849900e+04   9.9999314e-03
   5.9214700e+04   0.0000000e+00
   6.3926900e+04   0.0000000e+00
   6.9014000e+04   1.0000053e-02
   7.4506000e+04   9.9999700e-03
   8.0435000e+04   0.0000000e+00
   8.6835800e+04   0.0000000e+00
   9.3746000e+04   0.0000000e+00
   1.0120600e+05   1.0000330e-02
   1.0926000e+05   0.0000000e+00
   1.1795400e+05   0.0000000e+00
   1.2734100e+05   0.0000000e+00
   1.3747400e+05   0.0000000e+00
   1.4841400e+05   0.0000000e+00
   1.6022500e+05   0.0000000e+00
   1.7297500e+05   0.0000000e+00
   1.8674000e+05   9.9997844e-03
