   1.9211400e+02   2.0000553e-02
   2.1253300e+02   1.9999506e-02
   2.3512100e+02   0.0000000e+00
   2.6011100e+02   2.9999801e-02
   2.8775600e+02   9.9998458e-03
   3.1833900e+02   1.0000011e-02
   3.5217300e+02   3.0000033e-02
   3.8960300e+02   1.9999940e-02
   4.3101100e+02   9.9999673e-03
   4.7682000e+02   4.0000145e-02
   5.2749800e+02   1.9999991e-02
   5.8356200e+02   2.0000123e-02
   6.4558500e+02   2.9999756e-02
   7.1419900e+02   9.9999882e-03
   7.9010600e+02   4.0000148e-02
   8.7408100e+02   3.0000104e-02
   9.6698100e+02   2.9998682e-02
   1.0697500e+03   2.0000626e-02
   1.1834500e+03   2.9999914e-02
   1.3092300e+03   5.0000491e-02
   1.4483800e+03   2.0000347e-02
   1.6023200e+03   1.0000067e-02
   1.7726200e+03   2.0000167e-02
   1.9610200e+03   2.9999766e-02
   2.1694400e+03   3.9999284e-02
   2.4000100e+03   0.0000000e+00
   2.6550900e+03   9.9999952e-03
   2.9372800e+03   1.9999843e-02
   3.2494600e+03   5.0001287e-02
   3.5948300e+03   1.9999580e-02
   3.9768900e+03   2.0000203e-02
   4.3995700e+03   2.0000047e-02
   4.8671700e+03   9.9998882e-03
   5.3844600e+03   0.0000000e+00
   5.9567400e+03   2.0000009e-02
   6.5898400e+03   9.9998856e-03
   7.2902200e+03   1.0000033e-02
   8.0650500e+03   0.0000000e+00
   8.9222300e+03   0.0000000e+00
   9.8705000e+03   1.0000336e-02
   1.0919600e+04   9.9994599e-03
   1.2080100e+04   9.9999248e-03
   1.3364000e+04   0.0000000e+00
   1.4784400e+04   0.0000000e+00
   1.6355700e+04   1.0000389e-02
   1.8094100e+04   0.0000000e+00
   2.0017200e+04   2.9998893e-02
   2.2144600e+04   0.0000000e+00
   2.4498200e+04   1.0000232e-02
   2.7102000e+04   9.9997407e-03
   2.9982400e+04   2.0000526e-02
   3.3169100e+04   2.0000014e-02
   3.6694400e+04   0.0000000e+00
   4.0594300e+04   2.0000080e-02
   4.4908800e+04   9.9999123e-03
   4.9681800e+04   0.0000000e+00
   5.4962200e+04   0.0000000e+00
   6.0803700e+04   1.0000047e-02
   6.7266100e+04   0.0000000e+00
   7.4415300e+04   0.0000000e+00
   8.2324400e+04   9.9999178e-03
   9.1074000e+04   0.0000000e+00
   1.0075400e+05   0.0000000e+00
   1.1146200e+05   0.0000000e+00
   1.2330900e+05   0.0000000e+00
   1.3641400e+05   0.0000000e+00
   1.5091300e+05   0.0000000e+00
   1.6695200e+05   0.0000000e+00
   1.8469600e+05   0.0000000e+00
   2.0432600e+05   0.0000000e+00
   2.2604200e+05   0.0000000e+00
   2.5006700e+05   0.0000000e+00
   2.7664500e+05   0.0000000e+00
   3.0604700e+05   1.0000148e-02
   3.3857500e+05   0.0000000e+00
   3.7455900e+05   0.0000000e+00
   4.1436900e+05   9.9999426e-03
   4.5840900e+05   0.0000000e+00
   5.0713000e+05   0.0000000e+00
   5.6102900e+05   0.0000000e+00
   6.2065700e+05   0.0000000e+00
   6.8662200e+05   0.0000000e+00
   7.5959800e+05   0.0000000e+00
   8.4033000e+05   0.0000000e+00
   9.2964300e+05   0.0000000e+00
   1.0284500e+06   0.0000000e+00
   1.1377500e+06   0.0000000e+00
   1.2586800e+06   0.0000000e+00
   1.3924500e+06   0.0000000e+00
   1.5404500e+06   0.0000000e+00
   1.7041700e+06   0.0000000e+00
   1.8852900e+06   1.0000285e-02
   2.0856700e+06   0.0000000e+00
   2.3073400e+06   0.0000000e+00
   2.5525700e+06   0.0000000e+00
   2.8238600e+06   0.0000000e+00
   3.1239900e+06   0.0000000e+00
   3.4560200e+06   0.0000000e+00
   3.8233300e+06   1.0000154e-02
