   1.3987800e+02   2.9999821e-02
   1.5473300e+02   2.0000276e-02
   1.7116600e+02   1.0000063e-02
   1.8934400e+02   9.9998089e-03
   2.0945200e+02   1.0000035e-02
   2.3169600e+02   1.9999806e-02
   2.5630200e+02   1.0000220e-02
   2.8352200e+02   9.9999525e-03
   3.1363200e+02   2.0000088e-02
   3.4694000e+02   1.9999908e-02
   3.8378500e+02   3.9999860e-02
   4.2454300e+02   5.0000130e-02
   4.6963000e+02   1.0000037e-02
   5.1950500e+02   0.0000000e+00
   5.7467600e+02   2.0000042e-02
   6.3570700e+02   2.0000186e-02
   7.0322000e+02   9.9999945e-03
   7.7790200e+02   6.0000318e-02
   8.6051600e+02   0.0000000e+00
   9.5190300e+02   0.0000000e+00
   1.0530000e+03   3.9996896e-02
   1.1648200e+03   1.0000407e-02
   1.2885300e+03   2.9999433e-02
   1.4253700e+03   2.0000628e-02
   1.5767500e+03   2.9999840e-02
   1.7442000e+03   9.9997527e-03
   1.9294300e+03   2.0000323e-02
   2.1343400e+03   5.0000455e-02
   2.3610100e+03   3.0000038e-02
   2.6117500e+03   3.0000062e-02
   2.8891200e+03   2.9999448e-02
   3.1959400e+03   2.9999941e-02
   3.5353500e+03   1.0000114e-02
   3.9108100e+03   0.0000000e+00
   4.3261400e+03   4.0000179e-02
   4.7855800e+03   9.9999843e-03
   5.2938100e+03   1.9999815e-02
   5.8560100e+03   1.0000002e-02
   6.4779200e+03   5.0000107e-02
   7.1658800e+03   1.0000031e-02
   7.9269000e+03   9.9999648e-03
   8.7687400e+03   1.0000042e-02
   9.6999900e+03   0.0000000e+00
   1.0730100e+04   2.0001006e-02
   1.1869700e+04   0.0000000e+00
   1.3130200e+04   2.0000895e-02
   1.4524700e+04   9.9998115e-03
   1.6067200e+04   0.0000000e+00
   1.7773600e+04   9.9996730e-03
   1.9661100e+04   9.9999122e-03
   2.1749100e+04   0.0000000e+00
   2.4058900e+04   0.0000000e+00
   2.6614000e+04   1.9999889e-02
   2.9440400e+04   1.0000055e-02
   3.2567000e+04   0.0000000e+00
   3.6025600e+04   0.0000000e+00
   3.9851500e+04   0.0000000e+00
   4.4083800e+04   0.0000000e+00
   4.8765500e+04   0.0000000e+00
   5.3944400e+04   0.0000000e+00
   5.9673400e+04   0.0000000e+00
   6.6010700e+04   0.0000000e+00
   7.3021100e+04   0.0000000e+00
   8.0775900e+04   1.0000043e-02
   8.9354400e+04   0.0000000e+00
   9.8843900e+04   0.0000000e+00
   1.0934100e+05   0.0000000e+00
   1.2095300e+05   1.0000547e-02
   1.3379900e+05   0.0000000e+00
   1.4800800e+05   0.0000000e+00
   1.6372700e+05   0.0000000e+00
   1.8111400e+05   0.0000000e+00
   2.0034900e+05   0.0000000e+00
   2.2162600e+05   0.0000000e+00
   2.4516300e+05   0.0000000e+00
   2.7119900e+05   0.0000000e+00
   3.0000100e+05   0.0000000e+00
   3.3186100e+05   0.0000000e+00
   3.6710500e+05   0.0000000e+00
   4.0609100e+05   0.0000000e+00
   4.4921800e+05   0.0000000e+00
   4.9692600e+05   0.0000000e+00
   5.4969900e+05   0.0000000e+00
   6.0807800e+05   0.0000000e+00
   6.7265600e+05   0.0000000e+00
   7.4409200e+05   0.0000000e+00
   8.2311500e+05   0.0000000e+00
   9.1053000e+05   0.0000000e+00
   1.0072300e+06   0.0000000e+00
   1.1142000e+06   0.0000000e+00
   1.2325300e+06   0.0000000e+00
   1.3634200e+06   0.0000000e+00
   1.5082200e+06   0.0000000e+00
   1.6683900e+06   0.0000000e+00
   1.8455700e+06   0.0000000e+00
   2.0415700e+06   0.0000000e+00
   2.2583900e+06   0.0000000e+00
   2.4982300e+06   0.0000000e+00
   2.7635500e+06   9.9999967e-03
