   1.7047200e+02   9.9997393e-03
   1.8405600e+02   0.0000000e+00
   1.9872300e+02   1.0000244e-02
   2.1455900e+02   0.0000000e+00
   2.3165600e+02   1.0000040e-02
   2.5011600e+02   0.0000000e+00
   2.7004700e+02   9.9999223e-03
   2.9156600e+02   1.0000007e-02
   3.1480000e+02   2.0000466e-02
   3.3988600e+02   1.9999719e-02
   3.6697000e+02   0.0000000e+00
   3.9621300e+02   3.0000096e-02
   4.2778600e+02   2.0000119e-02
   4.6187500e+02   3.9999674e-02
   4.9868000e+02   9.9999485e-03
   5.3841800e+02   1.0000040e-02
   5.8132300e+02   2.9999562e-02
   6.2764600e+02   2.9999947e-02
   6.7766100e+02   3.0000202e-02
   7.3166200e+02   1.0000069e-02
   7.8996600e+02   2.9999668e-02
   8.5291500e+02   3.9999962e-02
   9.2088100e+02   4.0000015e-02
   9.9426300e+02   2.9999066e-02
   1.0734900e+03   2.0001590e-02
   1.1590400e+03   3.0000098e-02
   1.2514000e+03   2.0000043e-02
   1.3511200e+03   0.0000000e+00
   1.4587800e+03   2.0000812e-02
   1.5750300e+03   3.0000279e-02
   1.7005400e+03   1.0000001e-02
   1.8360500e+03   1.9998917e-02
   1.9823500e+03   1.0000180e-02
   2.1403200e+03   3.0000822e-02
   2.3108800e+03   3.9998707e-02
   2.4950200e+03   0.0000000e+00
   2.6938400e+03   1.0000316e-02
   2.9085100e+03   1.0000041e-02
   3.1402800e+03   2.9999074e-02
   3.3905100e+03   6.0000223e-02
   3.6606900e+03   0.0000000e+00
   3.9524000e+03   0.0000000e+00
   4.2673500e+03   1.0000246e-02
   4.6074100e+03   9.9997555e-03
   4.9745500e+03   0.0000000e+00
   5.3709600e+03   0.0000000e+00
   5.7989500e+03   0.0000000e+00
   6.2610500e+03   1.0000154e-02
   6.7599800e+03   2.0000003e-02
   7.2986600e+03   9.9999141e-03
   7.8802600e+03   1.9999956e-02
   8.5082100e+03   0.0000000e+00
   9.1862100e+03   0.0000000e+00
   9.9182200e+03   0.0000000e+00
   1.0708600e+04   0.0000000e+00
   1.1561900e+04   0.0000000e+00
   1.2483200e+04   1.0000525e-02
   1.3478000e+04   0.0000000e+00
   1.4552000e+04   9.9999961e-03
   1.5711600e+04   0.0000000e+00
   1.6963600e+04   0.0000000e+00
   1.8315400e+04   2.0000112e-02
   1.9774900e+04   2.0000054e-02
   2.1350700e+04   0.0000000e+00
   2.3052000e+04   0.0000000e+00
   2.4889000e+04   0.0000000e+00
   2.6872300e+04   0.0000000e+00
   2.9013600e+04   0.0000000e+00
   3.1325700e+04   0.0000000e+00
   3.3821900e+04   0.0000000e+00
   3.6517000e+04   0.0000000e+00
   3.9427000e+04   0.0000000e+00
   4.2568800e+04   0.0000000e+00
   4.5960900e+04   0.0000000e+00
   4.9623400e+04   0.0000000e+00
   5.3577700e+04   0.0000000e+00
   5.7847200e+04   0.0000000e+00
   6.2456800e+04   1.0000037e-02
   6.7433800e+04   0.0000000e+00
   7.2807400e+04   0.0000000e+00
   7.8609100e+04   0.0000000e+00
   8.4873200e+04   0.0000000e+00
   9.1636500e+04   0.0000000e+00
   9.8938700e+04   0.0000000e+00
   1.0682300e+05   0.0000000e+00
   1.1533500e+05   1.0000359e-02
   1.2452600e+05   0.0000000e+00
   1.3444900e+05   4.0000826e-02
   1.4516300e+05   9.9995327e-03
   1.5673000e+05   0.0000000e+00
   1.6922000e+05   0.0000000e+00
   1.8270400e+05   0.0000000e+00
   1.9726300e+05   0.0000000e+00
   2.1298200e+05   0.0000000e+00
   2.2995400e+05   0.0000000e+00
   2.4827900e+05   0.0000000e+00
   2.6806300e+05   0.0000000e+00
   2.8942400e+05   0.0000000e+00
   3.1248700e+05   0.0000000e+00
