   1.3279100e+02   2.0001007e-02
   1.4493800e+02   9.9996888e-03
   1.5819500e+02   9.9999565e-03
   1.7266500e+02   0.0000000e+00
   1.8845900e+02   9.9998328e-03
   2.0569700e+02   9.9999655e-03
   2.2451200e+02   0.0000000e+00
   2.4504800e+02   1.0000228e-02
   2.6746300e+02   2.0000211e-02
   2.9192800e+02   9.9997922e-03
   3.1863000e+02   3.0000114e-02
   3.4777500e+02   0.0000000e+00
   3.7958600e+02   4.0000328e-02
   4.1430700e+02   9.9998828e-03
   4.5220300e+02   2.0000045e-02
   4.9356600e+02   9.9999293e-03
   5.3871200e+02   2.0000044e-02
   5.8798800e+02   2.9999942e-02
   6.4177100e+02   2.0000112e-02
   7.0047400e+02   1.9999947e-02
   7.6454600e+02   3.0000068e-02
   8.3447900e+02   1.9999877e-02
   9.1080800e+02   4.0000341e-02
   9.9412000e+02   1.9999599e-02
   1.0850500e+03   1.0000033e-02
   1.1843000e+03   1.0000224e-02
   1.2926300e+03   3.9997918e-02
   1.4108600e+03   2.0001332e-02
   1.5399200e+03   3.9998442e-02
   1.6807700e+03   1.0000018e-02
   1.8345100e+03   9.9998732e-03
   2.0023100e+03   4.9999767e-02
   2.1854600e+03   1.0000318e-02
   2.3853700e+03   4.0000118e-02
   2.6035600e+03   9.9997129e-03
   2.8417000e+03   0.0000000e+00
   3.1016300e+03   2.0000335e-02
   3.3853400e+03   2.0000258e-02
   3.6950000e+03   9.9999833e-03
   4.0329800e+03   0.0000000e+00
   4.4018700e+03   0.0000000e+00
   4.8045100e+03   9.9998244e-03
   5.2439700e+03   1.0000112e-02
   5.7236400e+03   1.0000033e-02
   6.2471800e+03   2.0000107e-02
   6.8186100e+03   0.0000000e+00
   7.4423000e+03   1.0000081e-02
   8.1230500e+03   0.0000000e+00
   8.8660600e+03   1.9999899e-02
   9.6770300e+03   1.0000208e-02
   1.0562200e+04   1.9999623e-02
   1.1528300e+04   3.0000314e-02
   1.2582800e+04   1.9999189e-02
   1.3733700e+04   1.0000625e-02
   1.4990000e+04   9.9998025e-03
   1.6361100e+04   0.0000000e+00
   1.7857600e+04   0.0000000e+00
   1.9491100e+04   0.0000000e+00
   2.1273900e+04   9.9999023e-03
   2.3219800e+04   1.9999896e-02
   2.5343700e+04   0.0000000e+00
   2.7661900e+04   0.0000000e+00
   3.0192200e+04   9.9997536e-03
   3.2953800e+04   0.0000000e+00
   3.5968100e+04   0.0000000e+00
   3.9258100e+04   9.9999383e-03
   4.2849000e+04   1.0000036e-02
   4.6768400e+04   0.0000000e+00
   5.1046300e+04   0.0000000e+00
   5.5715500e+04   0.0000000e+00
   6.0811700e+04   0.0000000e+00
   6.6374200e+04   0.0000000e+00
   7.2445400e+04   0.0000000e+00
   7.9072000e+04   0.0000000e+00
   8.6304600e+04   0.0000000e+00
   9.4198900e+04   0.0000000e+00
   1.0281500e+05   0.0000000e+00
   1.1222000e+05   0.0000000e+00
   1.2248400e+05   0.0000000e+00
   1.3368800e+05   0.0000000e+00
   1.4591600e+05   0.0000000e+00
   1.5926300e+05   0.0000000e+00
   1.7383100e+05   0.0000000e+00
   1.8973100e+05   1.0000194e-02
   2.0708600e+05   0.0000000e+00
   2.2602800e+05   0.0000000e+00
   2.4670300e+05   1.0000078e-02
   2.6926900e+05   0.0000000e+00
   2.9389900e+05   0.0000000e+00
   3.2078100e+05   0.0000000e+00
   3.5012300e+05   0.0000000e+00
   3.8214900e+05   9.9999963e-03
   4.1710400e+05   9.9999063e-03
   4.5525600e+05   0.0000000e+00
   4.9689800e+05   0.0000000e+00
   5.4235000e+05   0.0000000e+00
   5.9195800e+05   0.0000000e+00
   6.4610400e+05   0.0000000e+00
   7.0520300e+05   1.0000017e-02
