   1.5782800e+02   2.0000410e-02
   1.7272300e+02   0.0000000e+00
   1.8902400e+02   0.0000000e+00
   2.0686200e+02   0.0000000e+00
   2.2638400e+02   0.0000000e+00
   2.4774900e+02   1.0000077e-02
   2.7113000e+02   9.9998858e-03
   2.9671700e+02   1.9999952e-02
   3.2471900e+02   1.0000107e-02
   3.5536400e+02   0.0000000e+00
   3.8890100e+02   1.9999623e-02
   4.2560200e+02   0.0000000e+00
   4.6576800e+02   1.9999613e-02
   5.0972300e+02   0.0000000e+00
   5.5782700e+02   2.0000087e-02
   6.1047100e+02   2.0000006e-02
   6.6808300e+02   2.0000025e-02
   7.3113200e+02   1.0000025e-02
   8.0013100e+02   2.0000070e-02
   8.7564200e+02   3.0000041e-02
   9.5827900e+02   5.9996990e-02
   1.0487100e+03   1.9999957e-02
   1.1476800e+03   2.9999920e-02
   1.2559900e+03   3.0002000e-02
   1.3745300e+03   2.9998161e-02
   1.5042400e+03   2.9999981e-02
   1.6462000e+03   3.0000482e-02
   1.8015600e+03   1.0000083e-02
   1.9715800e+03   0.0000000e+00
   2.1576400e+03   3.0001012e-02
   2.3612700e+03   2.0000024e-02
   2.5841100e+03   1.0000011e-02
   2.8279800e+03   1.9999667e-02
   3.0948600e+03   2.9999970e-02
   3.3869300e+03   3.0000515e-02
   3.7065700e+03   3.0000037e-02
   4.0563700e+03   3.9999817e-02
   4.4391800e+03   5.0000070e-02
   4.8581200e+03   9.9999184e-03
   5.3165900e+03   2.9999888e-02
   5.8183300e+03   9.9999722e-03
   6.3674200e+03   3.0000390e-02
   6.9683400e+03   3.9999868e-02
   7.6259600e+03   0.0000000e+00
   8.3456400e+03   5.0000476e-02
   9.1332500e+03   0.0000000e+00
   9.9951800e+03   0.0000000e+00
   1.0938500e+04   9.9990969e-03
   1.1970700e+04   1.0000764e-02
   1.3100500e+04   0.0000000e+00
   1.4336800e+04   9.9999689e-03
   1.5689800e+04   0.0000000e+00
   1.7170500e+04   1.9999625e-02
   1.8790900e+04   0.0000000e+00
   2.0564300e+04   0.0000000e+00
   2.2505000e+04   0.0000000e+00
   2.4628800e+04   0.0000000e+00
   2.6953100e+04   0.0000000e+00
   2.9496800e+04   0.0000000e+00
   3.2280500e+04   0.0000000e+00
   3.5326900e+04   0.0000000e+00
   3.8660800e+04   9.9999183e-03
   4.2309300e+04   0.0000000e+00
   4.6302100e+04   0.0000000e+00
   5.0671800e+04   0.0000000e+00
   5.5453900e+04   0.0000000e+00
   6.0687200e+04   0.0000000e+00
   6.6414400e+04   0.0000000e+00
   7.2682100e+04   0.0000000e+00
   7.9541400e+04   0.0000000e+00
   8.7047900e+04   0.0000000e+00
   9.5262900e+04   0.0000000e+00
   1.0425300e+05   0.0000000e+00
   1.1409200e+05   0.0000000e+00
   1.2485900e+05   9.9997490e-03
   1.3664200e+05   0.0000000e+00
   1.4953800e+05   0.0000000e+00
   1.6365000e+05   9.9999282e-03
   1.7909400e+05   1.0000220e-02
   1.9599600e+05   0.0000000e+00
   2.1449200e+05   0.0000000e+00
   2.3473500e+05   0.0000000e+00
   2.5688700e+05   0.0000000e+00
   2.8113000e+05   0.0000000e+00
   3.0766100e+05   0.0000000e+00
   3.3669600e+05   0.0000000e+00
   3.6847100e+05   0.0000000e+00
   4.0324500e+05   0.0000000e+00
   4.4130000e+05   0.0000000e+00
   4.8294700e+05   0.0000000e+00
   5.2852400e+05   0.0000000e+00
   5.7840300e+05   0.0000000e+00
   6.3298800e+05   0.0000000e+00
   6.9272500e+05   0.0000000e+00
   7.5810000e+05   0.0000000e+00
   8.2964400e+05   0.0000000e+00
   9.0794000e+05   0.0000000e+00
   9.9362400e+05   0.0000000e+00
   1.0874000e+06   9.9999290e-03
