   1.1990000e+02   1.9999161e-02
   1.3336500e+02   1.0000122e-02
   1.4834300e+02   0.0000000e+00
   1.6500300e+02   1.0000032e-02
   1.8353400e+02   1.9999906e-02
   2.0414600e+02   0.0000000e+00
   2.2707300e+02   2.0000148e-02
   2.5257500e+02   0.0000000e+00
   2.8094100e+02   9.9998370e-03
   3.1249200e+02   3.0000048e-02
   3.4758700e+02   0.0000000e+00
   3.8662400e+02   1.9999816e-02
   4.3004400e+02   2.0000077e-02
   4.7834100e+02   5.0000176e-02
   5.3206200e+02   1.9999963e-02
   5.9181600e+02   2.9999656e-02
   6.5828000e+02   6.0000627e-02
   7.3221000e+02   1.9999974e-02
   8.1444200e+02   2.9999895e-02
   9.0590900e+02   1.0000143e-02
   1.0076500e+03   5.9997093e-02
   1.1208100e+03   2.0000821e-02
   1.2466900e+03   3.9999597e-02
   1.3867000e+03   4.0001196e-02
   1.5424400e+03   9.9996615e-03
   1.7156600e+03   0.0000000e+00
   1.9083400e+03   5.0000213e-02
   2.1226600e+03   1.0000055e-02
   2.3610500e+03   1.9999879e-02
   2.6262100e+03   9.9999702e-03
   2.9211500e+03   1.0000164e-02
   3.2492200e+03   1.0000030e-02
   3.6141300e+03   1.9999986e-02
   4.0200200e+03   3.9999610e-02
   4.4714900e+03   3.0000133e-02
   4.9736700e+03   3.9999589e-02
   5.5322400e+03   1.0000047e-02
   6.1535500e+03   1.0000072e-02
   6.8446400e+03   9.9998882e-03
   7.6133300e+03   2.0000092e-02
   8.4683600e+03   1.0000005e-02
   9.4194100e+03   1.0000266e-02
   1.0477300e+04   0.0000000e+00
   1.1653900e+04   0.0000000e+00
   1.2962800e+04   0.0000000e+00
   1.4418600e+04   1.9999974e-02
   1.6037900e+04   9.9996712e-03
   1.7839000e+04   2.0000600e-02
   1.9842500e+04   1.9999645e-02
   2.2070900e+04   0.0000000e+00
   2.4549600e+04   0.0000000e+00
   2.7306700e+04   0.0000000e+00
   3.0373400e+04   0.0000000e+00
   3.3784500e+04   1.0000181e-02
   3.7578800e+04   0.0000000e+00
   4.1799100e+04   9.9999856e-03
   4.6493400e+04   0.0000000e+00
   5.1715000e+04   0.0000000e+00
   5.7522900e+04   0.0000000e+00
   6.3983100e+04   9.9999794e-03
   7.1168800e+04   0.0000000e+00
   7.9161500e+04   0.0000000e+00
   8.8051900e+04   0.0000000e+00
   9.7940700e+04   0.0000000e+00
   1.0894000e+05   0.0000000e+00
   1.2117500e+05   1.0000193e-02
   1.3478400e+05   0.0000000e+00
   1.4992100e+05   0.0000000e+00
   1.6675800e+05   0.0000000e+00
   1.8548600e+05   0.0000000e+00
   2.0631700e+05   1.0000117e-02
   2.2948800e+05   0.0000000e+00
   2.5526100e+05   0.0000000e+00
   2.8392800e+05   0.0000000e+00
   3.1581500e+05   9.9999543e-03
   3.5128300e+05   0.0000000e+00
   3.9073500e+05   0.0000000e+00
   4.3461700e+05   0.0000000e+00
   4.8342700e+05   0.0000000e+00
   5.3771900e+05   0.0000000e+00
   5.9810900e+05   0.0000000e+00
   6.6528000e+05   0.0000000e+00
   7.3999500e+05   0.0000000e+00
   8.2310200e+05   0.0000000e+00
   9.1554200e+05   0.0000000e+00
   1.0183600e+06   0.0000000e+00
   1.1327300e+06   0.0000000e+00
   1.2599500e+06   0.0000000e+00
   1.4014500e+06   0.0000000e+00
   1.5588400e+06   0.0000000e+00
   1.7339000e+06   0.0000000e+00
   1.9286300e+06   0.0000000e+00
   2.1452300e+06   0.0000000e+00
   2.3861600e+06   0.0000000e+00
   2.6541400e+06   0.0000000e+00
   2.9522100e+06   0.0000000e+00
   3.2837700e+06   0.0000000e+00
   3.6525600e+06   0.0000000e+00
   4.0627600e+06   1.0000106e-02
