   1.4777100e+02   1.0000536e-02
   1.5830400e+02   9.9998747e-03
   1.6958700e+02   0.0000000e+00
   1.8167400e+02   0.0000000e+00
   1.9462300e+02   1.0000131e-02
   2.0849500e+02   9.9996506e-03
   2.2335500e+02   1.0000180e-02
   2.3927500e+02   3.0001109e-02
   2.5633000e+02   0.0000000e+00
   2.7460000e+02   0.0000000e+00
   2.9417200e+02   9.9999171e-03
   3.1513900e+02   9.9997270e-03
   3.3760000e+02   4.0000647e-02
   3.6166300e+02   1.0000137e-02
   3.8744100e+02   2.0000053e-02
   4.1505600e+02   1.9999883e-02
   4.4463900e+02   9.9997781e-03
   4.7633000e+02   1.0000131e-02
   5.1028100e+02   1.9999790e-02
   5.4665100e+02   0.0000000e+00
   5.8561400e+02   0.0000000e+00
   6.2735400e+02   2.0000080e-02
   6.7206900e+02   1.0000022e-02
   7.1997100e+02   1.0000000e-02
   7.7128700e+02   1.9999782e-02
   8.2626000e+02   2.0000018e-02
   8.8515200e+02   3.0000241e-02
   9.4824200e+02   5.0001400e-02
   1.0158300e+03   9.9995260e-03
   1.0882300e+03   3.0002369e-02
   1.1658000e+03   2.9999146e-02
   1.2488900e+03   3.9997890e-02
   1.3379000e+03   0.0000000e+00
   1.4332600e+03   0.0000000e+00
   1.5354200e+03   9.9993413e-03
   1.6448500e+03   0.0000000e+00
   1.7620900e+03   0.0000000e+00
   1.8876900e+03   1.9999236e-02
   2.0222300e+03   2.0000722e-02
   2.1663700e+03   9.9994690e-03
   2.3207700e+03   2.0000767e-02
   2.4861900e+03   2.9999428e-02
   2.6633900e+03   0.0000000e+00
   2.8532300e+03   0.0000000e+00
   3.0565900e+03   0.0000000e+00
   3.2744500e+03   0.0000000e+00
   3.5078400e+03   9.9999249e-03
   3.7578600e+03   9.9999135e-03
   4.0257000e+03   9.9999122e-03
   4.3126300e+03   2.0000392e-02
   4.6200200e+03   1.9999823e-02
   4.9493100e+03   0.0000000e+00
   5.3020700e+03   5.0000516e-02
   5.6799800e+03   0.0000000e+00
   6.0848200e+03   1.0000081e-02
   6.5185200e+03   1.0000033e-02
   6.9831300e+03   9.9998916e-03
   7.4808500e+03   1.0000006e-02
   8.0140500e+03   0.0000000e+00
   8.5852600e+03   2.9999683e-02
   9.1971700e+03   9.9999790e-03
   9.8527000e+03   0.0000000e+00
   1.0555000e+04   1.9999820e-02
   1.1307300e+04   9.9996878e-03
   1.2113200e+04   1.0000330e-02
   1.2976600e+04   0.0000000e+00
   1.3901500e+04   0.0000000e+00
   1.4892300e+04   0.0000000e+00
   1.5953800e+04   1.9999883e-02
   1.7090900e+04   2.9998636e-02
   1.8309000e+04   0.0000000e+00
   1.9614000e+04   1.0000062e-02
   2.1012000e+04   0.0000000e+00
   2.2509600e+04   1.0000129e-02
   2.4114000e+04   0.0000000e+00
   2.5832700e+04   0.0000000e+00
   2.7674000e+04   9.9996538e-03
   2.9646400e+04   1.0000203e-02
   3.1759500e+04   0.0000000e+00
   3.4023200e+04   0.0000000e+00
   3.6448200e+04   9.9997895e-03
   3.9046000e+04   0.0000000e+00
   4.1829000e+04   0.0000000e+00
   4.4810400e+04   1.0000101e-02
   4.8004300e+04   0.0000000e+00
   5.1425800e+04   1.0000054e-02
   5.5091200e+04   9.9999115e-03
   5.9017800e+04   0.0000000e+00
   6.3224300e+04   0.0000000e+00
   6.7730700e+04   0.0000000e+00
   7.2558200e+04   0.0000000e+00
   7.7729800e+04   0.0000000e+00
   8.3270000e+04   0.0000000e+00
   8.9205100e+04   0.0000000e+00
   9.5563200e+04   0.0000000e+00
   1.0237400e+05   0.0000000e+00
   1.0967100e+05   0.0000000e+00
   1.1748800e+05   0.0000000e+00
   1.2586200e+05   2.0000306e-02
